1294
   0    0     15.818      1.933     10.652 4
  -1   -2      4.502     -6.100     12.591 4
  -1   -2     15.215      7.976     13.729 4
   1    1      0.715     10.683     10.637 4
  -1    3     12.798     -8.868     11.977 4
   7    5     -6.205     -1.941      8.825 4
   3    4     25.676     -6.697     15.230 4
  -1   -2    -12.328     14.928     10.963 4
  -1   -2    -16.289      1.803     12.841 4
  -1   -2     -5.233      1.397      4.246 4
  -1   -2      8.453      1.406     14.031 4
   6 1318      6.690    -10.095      1.483 4
  -1    8     11.493     11.494      9.725 4
  -1   -2    -18.192      2.167      6.258 4
  -1   -2     -0.326      2.474     12.949 4
  -1   -2      0.825     -1.168      9.100 4
  22   12     15.797     -3.301      4.551 4
  -1   23     -1.989      9.751      7.291 4
  -1   -2     18.008      0.501     -4.807 4
  -1   -2     18.111      6.281     -2.025 4
  -1   -2      1.072     12.847     -4.627 4
  -1   -2      0.760      8.635      3.902 4
  -1   -2     -6.433      7.964     -0.194 4
  -1   -2     -6.438     -3.898     -7.049 4
  -1   -2     -2.614     13.662     11.249 4
 457 1347     -9.600      9.003      7.218 4
  -1   -2     -8.585     10.833      2.136 4
  -1   -2     18.668      1.932      5.645 4
  -1    2     -9.274     -1.698      8.146 4
  -1   -2      0.008     -2.599      0.010 4
  -1   -2      6.901     -0.821      2.303 4
  -1   -2     -3.506      2.196     11.779 4
  -1   -2      9.140     -7.744      3.457 4
  -1   -2     12.989     -2.268     -8.409 4
  -1   58      5.416      4.304      3.769 4
  -1    6      5.990     11.364     13.209 4
  -1   -2     -9.058     -3.708     14.762 4
  -1   -2     24.133     -2.184      7.940 4
  -1   -2    -14.848      6.371      5.068 4
  -1   -2    -14.957     -2.040      5.630 4
  -1   -2    -12.878     -1.098      5.681 4
  -1   -2     19.087     12.649      7.575 4
  -1   -2     -8.105      2.688      0.654 4
  -1   26      4.906     -6.138     12.182 4
  61 1321      4.621      0.522     14.092 4
  27  112     20.435      7.498     -7.320 4
 216 1337      3.997     -9.343     13.384 4
  -1   -2      1.669     -5.020     13.518 4
  -1   -2      6.780      6.405     -1.472 4
  -1   -2      0.644      2.792      6.271 4
 533 1350     19.229     11.835     -4.554 4
  -1   -2    -12.055     -1.628      9.293 4
  -1   -2     -1.929      1.035     12.440 4
  49 1319      6.960     -9.561      6.271 4
  98 1323     -2.015     13.204      7.560 4
  -1   -2    -10.035      1.960     11.544 4
  -1   -2    -14.815      0.182     12.854 4
  -1   43      7.316     17.882     15.094 4
  -1   -2     18.267     -0.274     14.317 4
  -1   -2     -4.455      4.604      9.048 4
  -1   -2     27.181     -3.373     11.028 4
  -1   -2     18.446      1.787      0.043 4
  -1   -2     22.174     -2.977      2.791 4
  -1   -2    -13.005     -0.909     -0.615 4
  -1   -2     -6.787     -0.092      3.037 4
  -1   -2      0.723     -3.374      7.181 4
  -1   -2     10.018     13.247      9.447 4
  -1   77     18.537      4.923      2.802 4
  -1   -2     10.876      9.022     -0.741 4
  -1   -2     13.632     13.767      5.481 4
  -1   -2     11.837      5.338     10.723 4
  -1   -2     19.320     -2.175      6.407 4
  -1   -2    -13.972     12.326      8.166 4
  -1   -2      9.328      4.884      8.126 4
  -1   -2     -3.722     -1.861      7.799 4
  -1   32     13.377      9.629     -8.029 4
  -1   -2     23.438     10.088     15.182 4
  -1   -2      4.991      9.354      3.387 4
  -1   37    -12.463     12.980     13.410 4
  -1   -2      2.798     -1.834      7.695 4
  -1   -2    -12.951     -3.297     -1.520 4
  -1   -2      9.797      1.790     -6.561 4
  -1   -2    -11.893      8.085      4.365 4
  -1   -2     12.442      5.877     -1.793 4
  -1   -2     26.489     12.946     14.571 4
  -1   -2      7.358     -3.359     11.946 4
  54 1320     21.404     10.659      4.180 4
  -1   -2     14.600      5.564      7.770 4
  -1   -2      0.606      8.288      2.132 4
  -1   -2      2.065      5.671     11.067 4
  -1   -2      2.143     10.355     -7.690 4
  -1   -2      6.200      7.105     13.739 4
  -1   -2     -4.823     13.566      6.559 4
  -1   -2      0.717      0.856      9.169 4
  -1   -2     11.377     11.454      6.184 4
  -1   -2     10.572      0.717     10.779 4
  -1   -2     16.283     -5.904     12.755 4
  89  204     17.037     -1.909      9.501 4
  -1   -2      6.499     -2.104     14.147 4
  -1   -2     14.225      5.751     -0.945 4
  -1   -2      1.185      1.386     -5.764 4
  -1   -2    -16.501     -0.548      6.242 4
  -1   -2      3.486     11.302      2.442 4
  -1   -2    -12.825     -3.278     14.821 4
 157 1330     10.862     -6.686     11.229 4
 102 1324      6.993     13.984      9.338 4
  -1   -2    -21.562      0.384     14.106 4
  -1   -2     -8.426     13.832     -1.412 4
  -1   -2    -11.259      9.967      3.274 4
  -1   -2     22.734     -6.234      0.030 4
 206 1336     14.740      3.266      9.710 4
  -1   -2     23.528     12.124     12.922 4
 263  117    -14.378      5.309     -5.374 4
  -1   -2     24.238     -3.820      2.147 4
  -1   -2     13.898     11.741      8.146 4
  -1   -2     23.076      7.220     -0.551 4
  -1   -2      5.448     12.020     -7.005 4
 163 1331      7.997     -1.459     12.957 4
 359 1342     15.553     10.742     10.055 4
  71 1322      1.899      9.578     12.239 4
  -1   -2     18.163     -4.846      8.705 4
  -1   -2      6.327    -14.780     12.876 4
  -1   -2     25.798      2.299      9.524 4
  -1   -2     -1.249      2.453     -8.423 4
  -1   -2     12.391      2.618     -0.297 4
  -1   -2      4.884     -3.306      5.232 4
  -1   -2     17.950     14.770     -2.970 4
  -1   -2     17.174     -1.012      8.930 4
 103  164    -10.429     10.086      8.840 4
  -1   -2     18.902     16.082      2.395 4
  -1   -2      7.706      6.442      1.278 4
  -1   -2      8.890      3.081     13.988 4
  -1   -2    -16.700      6.279      6.814 4
  -1   -2     16.882      6.958     -0.707 4
  -1   -2     -0.290      4.836     -2.584 4
  -1   -2      4.617     11.176     -8.108 4
  -1   -2    -15.664     -1.109     -1.310 4
  -1   -2      9.996      1.754      6.123 4
  -1   -2      6.017      9.879      7.936 4
  -1   -2     17.040     -3.799     -9.096 4
  -1  182     -7.252      2.239      6.304 4
  -1   -2      9.336      9.702      5.419 4
  -1   -2     -8.554     -5.443     14.697 4
  -1   -2     18.804      2.185     -7.287 4
  -1   -2      9.891     -5.024     -7.642 4
  -1   -2      7.334     14.291     -0.985 4
  -1   -2    -19.202     -2.900      8.775 4
  -1   -2      9.108      8.893     -1.427 4
 182 1333     -3.776     14.152     13.362 4
  -1   -2      2.656     -3.265     -4.387 4
  -1   -2     22.301     -6.195     14.866 4
  -1   -2    -10.556     -2.295     11.703 4
  -1   -2    -19.020     -3.958      4.848 4
  -1   -2     -7.220     -3.281     14.720 4
  -1   -2     13.942      7.520     -3.315 4
  -1   -2     24.525      9.454      7.385 4
  -1   -2      1.593      9.335      3.429 4
  -1   -2     -8.263     -2.446     10.223 4
  -1   -2     22.597      6.738     14.761 4
  -1   -2     12.804      5.037      7.005 4
  -1   -2     -6.431     -4.737     12.196 4
  -1   -2     -8.042     10.644     -9.318 4
  -1  120    -16.037     14.483      6.669 4
  -1   -2     11.330      0.643     12.054 4
 189 1334     -9.607     13.981     -0.050 4
  -1   -2     15.326      9.914     13.254 4
  -1   -2     21.106     -4.081      9.153 4
  -1   -2    -10.043      4.027     11.597 4
  -1  187     21.978     -0.904      9.166 4
  -1   -2     -3.766     18.007     15.192 4
  -1   -2    -12.193      2.132     14.554 4
  -1   -2     -7.221      7.915     -8.415 4
  -1   -2      5.572      1.410     -9.661 4
  -1   -2     13.520     14.948      0.610 4
  -1  114     12.542      5.998     -9.253 4
  -1   -2     18.503     -4.856      3.867 4
  -1   -2     16.259     -8.612     -1.215 4
  -1   -2     -2.279     12.663     13.587 4
  -1   -2     17.456     -8.792     13.363 4
  -1   -2      5.333      4.294      8.447 4
 131 1326     13.807     14.574     12.349 4
 133 1327     12.543     11.737      8.063 4
  -1   -2     -5.302     10.327     13.754 4
  -1   -2     17.165      8.305     -2.200 4
  -1   -2     -9.291      6.532      4.072 4
  -1   -2     -0.351     -1.019      0.293 4
  -1   -2    -14.014     -2.050     -0.902 4
  -1   -2     -2.388      3.834     13.356 4
  -1   -2     -0.686     -0.900     11.424 4
  -1   -2      5.301      7.077     11.518 4
  -1   -2     19.442     -6.698      2.566 4
  -1   -2    -15.706      3.772     -7.177 4
  -1   -2    -10.304      9.028     -4.621 4
  -1   -2      5.347      1.487      0.883 4
 271 1339      2.339      5.036      4.556 4
  -1   -2     10.463      1.472      2.956 4
 170 1332     16.698      0.907     -2.860 4
  -1   -2      7.988     12.153     10.265 4
  -1   -2     -0.155      0.288      0.069 4
  -1   -2    -10.488     -4.428      3.681 4
  -1   -2     17.005    -10.561      8.235 4
  -1   -2      8.393     -5.738     10.653 4
  -1   -2     -2.475      9.814      0.164 4
  -1   -2      0.077      0.475     10.004 4
  -1   -2     13.446     12.035     15.284 4
  -1   -2      2.051     15.328      2.086 4
 378 1343      8.497      3.398      3.411 4
  -1   -2    -13.550      7.210     -0.317 4
  -1  274    -11.995     -8.394     12.792 4
  -1   -2     -3.271     -0.399      7.406 4
  -1   -2     22.816      3.377     14.708 4
  -1   -2     16.782     12.808     -5.430 4
  -1   -2      7.942      8.900      3.702 4
  -1   -2     -0.587     14.614     -1.011 4
  -1   -2      8.604     -7.004     14.712 4
  -1   -2     12.139      9.837     -4.155 4
  -1   -2      8.223     10.604      1.408 4
  -1   -2     16.624     17.538     13.483 4
  -1   -2     -9.639      0.290     10.442 4
  -1   -2     14.763      1.580     -1.911 4
  -1   -2     -6.338     14.302      5.726 4
 151 1329     20.569      6.480      6.862 4
  -1   -2      8.816     -3.488     13.116 4
  -1   -2     16.721      5.312     10.396 4
  -1   -2    -15.761      6.117      2.504 4
  -1   -2      6.428      8.143      2.717 4
  -1   -2     15.310      9.959      7.727 4
  -1  184    -16.831      9.250     -0.786 4
  -1   -2      9.651     -4.445      3.972 4
  -1   -2      4.863      3.579      8.075 4
  -1  249     -7.716     13.503      5.135 4
  -1   -2      0.526     -0.711      4.251 4
  -1   -2      5.507     -0.423      8.270 4
 191 1335     -4.934     -4.233     10.861 4
  -1   -2      7.868      1.663      6.690 4
 220  270     -2.635     10.215      3.840 4
  -1   -2     10.485     -3.565     13.108 4
  -1   -2      0.159     -1.481      7.060 4
  -1   -2    -14.487      9.579     -1.175 4
  -1   -2     24.204     -7.999      7.201 4
  -1   -2      0.656     15.082      7.193 4
  -1   -2     23.343     -0.749      3.682 4
  -1   -2     23.633     -0.468      9.358 4
 357 1341     24.971     10.795      4.907 4
 139 1328     23.772      3.307      3.248 4
  -1   -2     22.630      5.813      5.360 4
  -1   -2      5.367      9.308     -9.721 4
  -1   -2     20.121      5.584      1.731 4
  -1   -2    -10.307      5.048     -3.205 4
  -1   -2     20.639      4.505      2.600 4
  -1   -2    -17.755     -7.391     10.227 4
  -1   -2     19.258     -3.998     13.100 4
  -1   -2     13.675     16.939      8.655 4
  -1   -2      2.966      2.280     12.335 4
  -1   -2      8.609     -3.933      9.547 4
  -1   -2     24.230      7.241      3.371 4
  -1   -2      1.008      3.478     -9.151 4
  -1   -2     21.069     11.543     12.563 4
  -1   -2     22.736     -0.791     13.436 4
  -1   -2     10.294      2.009     13.270 4
  -1   -2    -12.407     -7.306     12.672 4
  -1   -2      6.933     -3.109      6.912 4
  -1   -2     25.599      4.752      9.740 4
  -1   -2    -16.921     -3.324      4.763 4
  -1   -2     -3.398      8.235     -8.388 4
  -1   -2     10.119      4.787      8.029 4
  -1   -2    -12.446     -0.186      1.507 4
  -1   -2      4.989     -2.145      9.717 4
  -1   -2     -3.357      5.122      5.266 4
  -1   -2      3.215     12.312      8.263 4
  -1   -2    -13.323     -0.649     10.927 4
  -1   -2     -8.260     -5.608      9.434 4
  -1   -2      9.314     -2.346      4.568 4
  -1   -2     -8.989     -3.753     -2.001 4
  -1   -2     19.778      7.823     12.955 4
  -1  263     22.710     13.791     13.733 4
  -1   -2     13.269     -8.055      6.078 4
  -1   -2    -14.482     -7.347      3.406 4
  -1   -2    -14.471      1.550     -6.420 4
  -1   -2     -6.395     -9.854     -6.743 4
 261 1338     -4.301     -2.920      1.273 4
  -1   -2     17.264     -4.816      7.664 4
  -1   -2    -12.013     -6.466      1.068 4
  -1   -2     -4.213     -0.686      9.723 4
  -1   -2     24.893      3.060      4.458 4
  -1   -2     24.210      8.337     14.816 4
  -1   -2     14.034      8.568      5.708 4
  -1   -2     14.086      8.852      6.699 4
  -1   -2     -1.760     -6.923      7.370 4
  -1   -2    -14.583     11.003     -9.329 4
  -1   -2     20.692      2.079      8.023 4
  -1   -2     20.912     16.860      8.679 4
  -1   -2     -0.469      0.792     -9.401 4
  -1   -2      5.046     -3.899      1.284 4
  -1   -2      7.216     11.573     14.093 4
  -1   -2      2.528      7.981     15.138 4
  -1   -2     18.477     10.571     -4.277 4
  -1   -2    -21.280      1.850     13.461 4
  -1   -2    -19.412     10.403      8.003 4
  -1   -2     10.368      7.630     -2.960 4
  -1   -2     16.109      6.047      5.207 4
  -1   -2     20.663     -4.372     13.661 4
  -1   -2     12.974     11.685     10.225 4
  -1   -2    -15.146     12.497     10.105 4
  -1   -2      4.034      0.079      1.977 4
  -1   -2    -18.822      7.001     12.058 4
 481  536      5.795     -5.842      9.786 4
  -1   -2    -16.049      1.626      7.752 4
  -1   -2     13.363     14.328     -2.857 4
  -1   -2    -10.891     -0.336      0.609 4
 308 1340      0.820    -21.219     14.818 4
  -1   -2     -1.463     -0.197      8.342 4
  -1   -2    -16.247      4.091     -4.358 4
  -1   -2    -15.484     15.336      9.668 4
  -1   -2     15.948      7.681      6.332 4
  -1   -2     -8.057     -7.231      8.720 4
  -1   -2    -12.647     -0.573     14.428 4
  -1   -2      3.124      0.218      0.731 4
  -1   -2     13.350     10.096      2.157 4
 825 1356     -2.162     15.560     14.850 4
  -1   -2     -6.282     -2.166     12.706 4
  -1   -2      2.454      2.993     12.480 4
  -1   -2    -16.672     11.888     12.059 4
  -1   -2    -10.772     10.377     -1.729 4
  -1   -2     -3.168      3.627     -2.536 4
  -1   -2     23.560      0.459      7.884 4
  -1   -2      9.506      2.992     13.954 4
  -1  134     28.613      0.053     14.638 4
  -1   -2     15.366      7.989      9.438 4
  -1   -2    -20.444     -4.498      9.953 4
  -1   -2     22.974      3.796      4.542 4
  -1   -2     21.206      6.934      7.141 4
  -1   -2      8.793      6.611     -1.633 4
  -1   -2      0.301      7.163     -4.746 4
  -1   -2     19.683     -2.027     14.926 4
  -1   -2     -6.289     12.990      6.527 4
  -1   -2     22.853      9.280     13.489 4
  -1   -2      6.651      7.308      1.619 4
  -1   -2      1.264      4.878     -3.628 4
  -1   -2     -9.962      1.628      9.030 4
  -1   -2      6.604     -0.577     -7.454 4
  -1   -2      3.688      8.776     14.458 4
  -1   -2     19.407     15.546      6.698 4
 389 1344    -16.312     -2.009     10.928 4
  -1   -2     10.431      6.076      6.865 4
  -1   -2     24.150     13.692     11.834 4
  -1   -2     -4.827    -12.981     -0.166 4
  -1   -2      4.185      8.723      9.221 4
 520 1230     26.760      9.076     15.160 4
  -1   -2      8.683     -2.364     12.499 4
  -1   -2     13.042     16.304     12.487 4
  -1   -2     -1.883     -4.606     -2.940 4
  -1   -2     -2.438      5.935     -0.814 4
  -1   -2    -17.003      5.533     -4.600 4
  -1   -2      4.576      6.905     -3.346 4
  -1   -2     24.093     -2.973     10.434 4
  -1   -2     18.859     -0.562     -6.896 4
  -1   -2    -10.880      0.192     10.995 4
  -1   -2     12.306     -3.567     13.022 4
  -1   -2     17.025     -7.539      7.203 4
  -1   -2     13.912     15.376     11.855 4
  -1   -2     -5.770     -2.072     10.239 4
  -1   -2     -8.397     10.799     13.495 4
  -1  189     -3.509      8.740     11.112 4
  -1   -2      1.216     10.881     -6.644 4
  -1   -2     -2.154     -6.626     -9.039 4
  -1   -2     13.921     16.942      7.036 4
  -1   -2     20.097      4.256     -3.302 4
  -1   -2     20.873     -3.308      5.937 4
  -1   -2      8.220     15.595     14.289 4
  -1   -2      3.185     -0.645     -6.086 4
 438  246      5.547     -8.110     -3.148 4
  -1   -2     -5.092    -12.825      5.862 4
  -1   -2     -0.117     10.309     -0.936 4
  -1   -2    -17.740     -1.418     11.800 4
  -1   -2      4.404     14.156      0.835 4
  -1   -2     24.068      1.835      4.416 4
  -1   -2    -11.728     10.180      1.248 4
  -1   -2    -13.298      2.142     12.244 4
  -1   -2     -9.522     13.953      4.367 4
  -1   -2      9.475     -5.661      8.527 4
  -1   -2     15.971     16.188      9.359 4
  -1   -2      0.591     -8.834     -8.629 4
  -1   -2     -6.068     15.553      6.507 4
  -1   -2     19.873     -3.692     13.540 4
  -1   -2     17.070     14.190     10.776 4
  -1   -2     -1.548     17.022     12.965 4
  -1   -2     14.207    -12.581     -6.932 4
  -1   -2      1.031     -1.990      9.207 4
  -1   -2     18.287     -9.751      2.446 4
  -1   -2     20.807      9.639      3.766 4
  -1   -2     24.337     -3.257     13.558 4
  -1   -2     27.552      0.130     10.245 4
  -1   -2      3.385      0.014      6.874 4
  -1   -2    -20.967     -7.480     12.603 4
  -1   -2     -9.123     -0.754      3.768 4
  -1   -2     -0.648     11.396     -4.414 4
  -1   -2     24.460     -4.269     14.768 4
  -1   -2     -1.936     14.301     14.957 4
  -1   -2     17.386     -8.816      3.723 4
  -1   -2      5.383    -12.875      2.806 4
  -1   -2    -13.833     -7.293     -0.735 4
  -1 1049     28.175     11.266     12.896 4
  -1   -2      1.677      7.253     13.821 4
  -1   -2     24.165      6.886     12.714 4
  -1   -2     13.852     13.848      7.707 4
  -1   -2     17.636     -5.816      0.547 4
  -1   -2     20.856      5.832     -8.980 4
  -1   -2    -15.922     -1.273     -5.066 4
  -1   -2     12.772    -10.714      5.405 4
  -1   -2     23.935     12.047      7.121 4
  -1   -2     21.466     -0.805      3.839 4
  -1   -2     -4.148      8.036     -3.229 4
  -1   -2    -10.765     -8.450      1.037 4
  -1   -2      6.403      6.106      9.874 4
  -1   -2     12.626    -18.005      7.225 4
  -1   -2     15.981      8.828     -9.506 4
  -1   -2     -9.261     -6.746      7.663 4
  -1   -2     -4.371    -12.880      3.307 4
  -1   -2      3.430     -7.923      2.054 4
  -1   -2     24.927      0.615     10.025 4
  -1   -2     21.388      6.918     13.730 4
  -1   -2    -15.949     14.149      8.360 4
  -1   -2      5.434      2.723      1.000 4
 450 1345    -11.523      4.347     12.056 4
  -1   -2    -11.810      5.160      4.738 4
  -1   -2     19.408      7.052      0.922 4
  -1   -2      0.257    -10.298      3.053 4
  -1   -2     -2.929      4.221      6.249 4
 555  576     -6.002      5.667      0.398 4
  -1   -2      8.962     -0.661     -2.243 4
  -1   -2     -6.740      2.959     13.629 4
  -1  432    -13.246     17.430      4.851 4
  -1   -2     11.065     -2.801      5.092 4
  -1   -2     -9.605     16.271     15.193 4
  -1  423     -4.780     13.269      2.495 4
  -1   -2      4.790      6.126      1.255 4
  -1   -2      5.419      0.509     10.638 4
  -1   -2    -22.649     -5.889     13.890 4
  -1   -2     -7.495      1.772      2.139 4
  -1   -2     -2.755      0.313      4.406 4
  -1   -2      6.321     10.481      4.515 4
  -1   -2    -12.240     12.051      9.422 4
  -1   -2     16.812    -16.728      9.729 4
  -1   -2     -6.703    -10.717      7.122 4
 454 1346      8.354     13.796     -5.715 4
  -1   93     16.133      2.681     13.471 4
  -1  547     21.653     13.877     10.149 4
  -1   -2     -0.645     -9.379     14.069 4
  -1   11      8.982      9.550      0.223 4
  -1   -2     -9.478      5.981      0.854 4
  -1   -2     14.003      5.706     13.896 4
  -1  434     -3.068     12.254      6.443 4
  -1   -2     19.864      3.739     10.607 4
  -1   -2    -12.244     12.084      7.689 4
  -1   -2      0.915     10.148      2.969 4
  -1   -2     -3.930     13.221     11.244 4
  -1   -2    -12.595     11.847     11.195 4
  -1   -2     20.510     11.428      8.284 4
  -1   -2     -2.306     12.279      7.080 4
  -1   -2      7.638      7.197     -9.581 4
  -1   -2     -3.240      6.762     14.462 4
  -1   -2     -4.919     -2.059     -8.776 4
  -1   -2     13.365      0.761      0.443 4
  -1   -2     19.834     -6.355     13.301 4
  -1   -2     -6.911      1.918     12.874 4
  -1   -2     -3.044    -14.282     11.987 4
  -1  453    -13.108     14.024     10.296 4
  -1   -2    -17.065      3.596     14.678 4
  -1   -2     -6.679     -2.485      0.687 4
  -1   -2     15.013     -1.025     -2.318 4
  -1   -2     -4.431     -3.285      4.876 4
 114 1325     25.607     -5.143      5.879 4
  -1   -2     24.930     11.718     13.233 4
  -1  452    -11.226      8.032      4.514 4
  -1   -2      2.177     -5.348     -6.723 4
  -1   75    -11.305     -4.253      8.773 4
  -1   -2     18.670      4.194     10.446 4
  -1   -2    -11.051      4.362      7.626 4
  -1   -2      5.089     13.537      7.622 4
  -1   -2    -15.998     11.875     11.370 4
  -1   -2      2.391     -7.746     -2.032 4
  -1  535      3.482     16.087      2.989 4
  -1   -2    -19.113      4.884      9.243 4
  -1   -2    -10.872      8.279     11.188 4
  -1   -2     22.603      1.244     11.604 4
  -1   -2     16.301     -3.622      4.202 4
  -1   -2     14.281     -5.972      6.947 4
  -1   -2      3.487     -6.101      1.256 4
  -1   -2     -9.299     -5.391      7.055 4
  -1   -2     22.439     10.558      3.671 4
  -1   -2     -3.604      1.866     -1.877 4
  -1   -2    -21.339     -0.721     10.184 4
  -1   -2     -3.867     -1.088      5.259 4
  -1   -2     26.668    -12.607     14.711 4
  -1   -2      2.582      7.655     12.650 4
  -1   -2    -10.650     -5.767     13.904 4
 503 1349     19.614    -15.484     11.360 4
  -1   -2     16.277      6.800     14.793 4
  -1   -2      1.296      4.742     10.813 4
  -1   -2     -4.215     -6.698     14.512 4
  -1   -2    -15.736      9.504     13.341 4
  -1   -2     11.691      8.024     10.343 4
  -1   -2      5.801     -2.090      4.722 4
  -1  421    -10.301      2.917     -3.776 4
  -1   -2     12.628     -6.388      7.730 4
  -1   -2    -14.301      8.173      0.506 4
  -1   -2    -19.067     -6.329     13.801 4
  -1   -2     -5.519     -0.185     -3.779 4
  -1   -2    -14.788     -1.714      6.548 4
  -1   -2    -10.077      6.373     -7.635 4
  -1   -2    -16.425    -10.712     11.664 4
  -1   -2     -3.517     -7.203      5.576 4
  -1   -2    -12.395      0.213     14.515 4
  -1   -2     12.913      3.064      7.291 4
  -1   -2    -13.294     10.603      4.800 4
  -1   -2     -5.105     14.877      5.125 4
  -1   -2     -5.266      9.364     -5.427 4
  -1   -2     -9.822      6.826     -4.736 4
  -1   -2    -12.038     -6.247     11.574 4
  -1   -2     -2.557      1.138      1.312 4
  -1   -2     22.612     10.479     -2.712 4
  -1   -2    -10.418      7.183      8.590 4
  -1   -2     21.037     10.816      7.632 4
  -1   -2      6.790      4.335      9.041 4
  -1   -2      7.078     10.127     14.161 4
  -1   -2      3.772      1.416      4.865 4
  -1   -2     -2.416      5.251      9.028 4
  -1   -2     12.005      1.641     10.659 4
  -1   -2      3.126     -3.083      2.452 4
  -1   -2    -14.858     -0.861      9.771 4
  -1   -2      1.790     -6.725     -5.383 4
  -1   -2    -19.748     -3.249     11.450 4
  -1   -2      9.245      0.777     -1.669 4
  -1  658      6.560     -8.579      3.339 4
  -1   -2     -4.350      8.506      4.828 4
  -1   -2     27.818      4.258     10.260 4
  -1   -2     25.422      3.160     14.867 4
  -1   -2     -0.799     14.854      2.206 4
  -1   -2     -3.993     -2.369     13.304 4
 500 1348      1.439     11.054     11.354 4
 884 1357    -18.119     11.676      5.646 4
  -1   -2    -17.932     12.293     11.596 4
  -1   -2     -1.970      8.276      5.951 4
  -1   -2     12.966      4.546      6.676 4
  -1   -2    -10.579      4.285     -7.670 4
  -1   -2    -17.281     -0.555     12.464 4
  -1   -2     19.780    -10.206     -4.663 4
  -1   -2      7.766     -8.975     11.308 4
 547 1351    -17.119     11.090     -3.698 4
  -1   -2    -14.812      7.855     -3.775 4
  -1  451     22.744     17.477     14.973 4
  -1  558     -7.749     16.614      8.584 4
  -1   -2     -4.187      8.453     -5.188 4
  -1   -2     25.974      9.304     14.377 4
  -1   -2     22.305      4.989      5.568 4
  -1   -2    -13.743      0.218      8.211 4
  -1   -2     21.926      3.500     14.227 4
  -1   -2      0.806     12.997      7.632 4
  -1   -2     15.717    -10.816      4.257 4
  -1   -2     -0.032     15.779     10.130 4
 652 1354    -13.355     12.211     12.092 4
  -1   -2      4.651     -1.742     -3.913 4
  -1   -2     17.096     18.043      8.669 4
  -1   -2     18.417     13.025     -3.921 4
  -1   -2     23.688      5.515     13.569 4
  -1   -2     12.256     -3.231      7.366 4
  -1   -2     -3.581      3.490     11.188 4
  -1   -2     12.138     -4.755     13.833 4
  -1   -2    -12.890     -2.479      3.167 4
  -1   -2    -10.979     12.931     -4.285 4
  -1   -2     16.692      3.355     10.044 4
  -1   -2      4.520      4.186     10.328 4
  -1   -2     -4.194     -4.300      8.296 4
  -1   -2     17.838      1.731      2.426 4
  -1   -2     19.853      0.786      1.193 4
  -1   -2     10.691     -8.155     11.584 4
  -1   -2    -20.435     -9.614     13.556 4
  -1   -2     17.426    -10.213      1.371 4
  -1   -2    -14.002     12.322      4.879 4
  -1   -2      4.234     -1.130      8.877 4
  -1   -2     -2.512     -7.859     -3.961 4
  -1   -2     13.979     -1.020     -7.898 4
  -1   -2     11.705     12.523      9.395 4
  -1   -2     18.209      0.881     -9.488 4
  -1   -2     -8.457      2.568     14.384 4
  -1   -2     11.500     -2.232     -5.852 4
  -1   -2    -21.242      2.092     11.724 4
  -1   -2     15.569      4.548      3.559 4
  -1   -2     25.976     -6.165      7.615 4
  -1   -2     -9.799     16.230     11.843 4
  -1   -2      6.035     -1.746     -8.610 4
  -1   -2      6.200      9.875     -3.040 4
  -1   -2     12.697      1.810      6.981 4
  -1   -2      7.489     -4.757     -2.633 4
  -1   -2      5.366      0.070     -3.322 4
  -1   -2     19.106      6.861     13.672 4
  -1   -2     23.193     -7.622      7.209 4
  -1   -2     -5.730      8.420     12.118 4
  -1   -2      6.974     -2.592     -0.363 4
  -1   -2     -1.490      3.435     10.066 4
  -1   -2     15.857      5.124      3.698 4
  -1   -2     -7.922     11.400     -8.650 4
  -1   -2    -18.966     -1.500      9.165 4
  -1   -2     -2.310     -4.372      2.572 4
  -1   -2    -20.608     -0.415      6.171 4
  -1   -2     11.625     -0.714      6.845 4
  -1   -2    -15.235      2.020     11.452 4
  -1   -2      6.337     13.943     -3.200 4
  -1   -2      3.107     -7.549     14.736 4
  -1   -2     18.485     -0.985      3.709 4
  -1   -2    -11.287      3.388     11.334 4
  -1   -2    -17.891     10.503     10.421 4
  -1   -2    -12.912     -9.119     12.227 4
 661 1355     17.283     12.727     11.303 4
  -1   -2      2.161     -9.651      2.073 4
  -1   -2      2.543      9.330      3.169 4
  -1   -2     23.515     13.281      5.527 4
  -1   -2    -12.246      2.874     -7.008 4
  -1   -2    -10.194     -0.975     -7.895 4
  -1   -2     11.094     13.447     -4.505 4
  -1   -2     25.993     -5.878      9.319 4
  -1   -2      8.101     -8.593     13.815 4
  -1   -2    -17.597      7.748     11.871 4
  -1   -2     14.981     -5.031     -2.646 4
  -1   -2     -2.465     -1.821      6.470 4
  -1   -2     21.173      7.735     14.554 4
  -1   -2     20.019      5.007     -9.416 4
  -1   -2     10.101      6.867     14.991 4
  -1   -2     18.409      6.323     10.090 4
  -1   -2    -12.989      0.477      7.463 4
 604 1352     -7.602     -8.385      8.328 4
  -1   -2     -8.620     -5.463     12.533 4
  -1   -2     17.360    -13.332     -1.679 4
  -1   -2    -17.188      6.444      7.901 4
  -1   -2     -2.626     15.110      8.580 4
  -1   -2     -7.693    -10.520     -8.006 4
  -1   -2    -16.840     -9.845      4.253 4
  -1   -2     11.438     -0.225     -7.318 4
  -1   -2      4.983     -7.933     12.693 4
  -1   -2     -4.703     -3.058      3.710 4
  -1   -2    -13.861     -9.597      8.951 4
  -1   -2    -11.864     15.214      9.862 4
  -1   -2     22.843     13.338     -6.664 4
  -1   -2     26.080     -2.017      3.482 4
  -1   -2     13.321    -10.242     -2.206 4
  -1   -2    -11.172     -4.086     10.594 4
 611 1353     17.160     -5.811      2.272 4
  -1   -2     21.426      6.518     -2.709 4
  -1   -2    -16.950      1.489     11.877 4
  -1   -2     26.232     -0.168      8.748 4
  -1   -2     -3.516      9.787      8.238 4
  -1   -2     -8.724     -1.880     13.951 4
  -1   -2     19.386      8.002      7.432 4
  -1   -2     16.060     -3.819      9.643 4
  -1   -2    -14.399     -1.661     12.099 4
  -1   -2     14.414     -4.051     12.661 4
  -1   -2     -0.894      1.617      6.305 4
  -1   -2     21.752     17.084      2.388 4
  -1   -2      7.966     12.394      6.684 4
  -1   -2     15.294     -5.131     -0.721 4
  -1   -2     -6.161     12.308     -1.127 4
  -1   -2     -3.599     -4.460     14.254 4
  -1   -2      9.295     17.186     13.967 4
  -1   -2     -3.262      0.651      8.789 4
  -1   -2     -7.142      2.910     -6.260 4
  -1   -2      2.259      2.772     -8.592 4
  -1   -2     24.345     17.287      6.725 4
  -1   -2    -19.717      5.112      7.063 4
  -1   -2     -5.363     -7.730     -2.025 4
  -1   -2      4.527     11.567     -9.344 4
  -1   -2      1.309     -0.233     14.392 4
  -1   -2     -5.659      3.786     14.214 4
  -1  518    -14.402      9.660      9.013 4
  -1   -2      1.782     -2.548     -7.392 4
  -1   -2      6.672     13.384     -0.793 4
  -1   -2    -15.126      7.512     -9.076 4
  -1   -2     -9.509      7.097      1.229 4
  -1   -2     11.230     -6.285      5.757 4
  -1   -2      1.922      8.079      9.825 4
  -1   -2     25.614      7.810      2.150 4
  -1   -2    -20.502     -7.082      7.913 4
  -1   -2     -1.278      5.532     -1.102 4
  -1   -2     -2.206      7.999      9.540 4
  -1   -2     21.922    -11.525      6.167 4
  -1   -2    -20.781     -5.610     15.109 4
  -1   -2     10.564     10.477     12.603 4
  -1   -2     14.743     -4.255      5.375 4
  -1   -2     -4.481      7.193     -6.665 4
  -1   -2     23.959    -11.551     14.075 4
  -1   -2     20.270      6.978     13.300 4
  -1   -2     -0.624      3.790     -5.596 4
  -1   -2     16.849     11.321    -10.080 4
  -1   -2    -17.778     11.194     10.799 4
  -1   -2    -18.153     11.955     -4.010 4
  -1   -2     10.741      9.336      5.277 4
  -1   -2    -18.010      4.829     -1.463 4
  -1   -2     -9.539     17.895      6.542 4
  -1   -2      9.377     13.612      5.221 4
  -1   -2    -11.073     -1.027     -3.470 4
  -1   -2    -18.043      4.979      9.307 4
  -1   -2     21.932      8.049      6.161 4
  -1   -2    -14.559     -7.472     12.140 4
  -1   -2     12.215     16.259      9.471 4
  -1   -2     -1.608     -8.331     12.447 4
  -1   -2     11.969      7.048     13.525 4
  -1   -2      7.496      2.522     13.189 4
  -1   -2     23.003     -8.349      1.464 4
  -1   -2     20.129     -8.205      2.228 4
  -1   -2     25.191      3.853      5.211 4
  -1   -2     26.362     -8.079     15.203 4
  -1   -2     24.405     -4.597      8.438 4
  -1   -2     -3.317      6.516     -5.914 4
  -1   -2    -14.242     -2.579     -7.484 4
  -1   -2      2.150      4.930     14.250 4
  -1   -2    -16.160     -2.812      2.924 4
  -1   -2     -4.209    -10.070     12.858 4
  -1   -2     -3.287      1.294     10.416 4
  -1   -2     -1.951     15.092     10.367 4
  -1   -2      1.415     -9.801      3.805 4
  -1   -2    -15.017      3.885      1.050 4
  -1   -2      9.232     -8.919      9.529 4
  -1   -2      5.643     16.227      6.505 4
  -1   -2     12.250     -3.540      4.424 4
  -1   -2     26.122     -1.224      9.313 4
  -1   -2     -5.619     13.089      4.532 4
  -1   -2     17.644     -4.226      2.562 4
  -1   -2      6.375    -10.172     13.092 4
  -1   -2    -15.472     11.043     -0.111 4
1002 1360     19.311     -3.190      4.147 4
  -1   -2     -2.569     -8.298     15.111 4
  -1   -2    -17.073      4.457     -5.404 4
  -1   -2    -19.780    -13.277     10.981 4
  -1   -2     -6.163      2.465     -6.818 4
  -1   -2     23.351     -0.136     14.241 4
  -1   -2     -3.946     -5.074      8.809 4
  -1   -2     19.775      4.644      8.179 4
  -1   -2     13.731      8.303      2.490 4
  -1   -2    -18.168     14.100      4.487 4
  -1   -2     23.089     -3.135     14.413 4
  -1   -2     12.010     -2.732     11.425 4
  -1   -2    -11.873     -7.639     -3.218 4
  -1   -2    -19.552      9.227      7.566 4
  -1   -2     20.839      6.298     -6.292 4
  -1   -2      9.314     -1.700     -1.272 4
  -1   -2      8.737      4.895     10.561 4
  -1   -2     13.010     -9.880      6.088 4
  -1   -2    -10.879    -10.354      8.191 4
  -1   -2    -14.546    -12.796     12.580 4
  -1   -2     -7.065     14.584     11.472 4
 741  747     -2.615    -11.346      1.940 4
  -1   -2     -6.279     -3.916     -0.525 4
  -1   -2     24.370      6.228      2.414 4
  -1   -2      3.689    -10.399      0.525 4
  -1   -2    -10.247     -2.853     -1.315 4
  -1   -2     23.882      7.833      9.868 4
  -1   -2     24.369     13.560     13.418 4
  -1   -2      9.411     -0.142      3.974 4
  -1  617     -5.752     -9.082      4.468 4
  -1   -2     21.122     -5.946     -0.058 4
  -1   -2     25.510    -12.780      7.686 4
  -1   -2      8.933      6.629     13.747 4
  -1   -2     20.725      5.783     13.133 4
  -1   -2      1.416      3.441     13.024 4
  -1   -2      9.737     -2.528     14.684 4
  -1   -2    -17.192      4.217     12.293 4
  -1   -2      1.362     17.775      6.252 4
  -1   -2     25.707      4.090      4.218 4
  -1   -2    -20.155      3.291     14.543 4
  -1   -2     25.508      3.333      8.277 4
  -1   -2     -9.848     -8.831      1.224 4
  -1   -2      1.913     12.485      3.086 4
  -1   -2     -6.463     -1.111      3.424 4
  -1   -2      7.419     14.358      4.681 4
  -1   -2      0.573      6.333      1.604 4
  -1   -2    -10.194      2.299      1.346 4
  -1   -2      9.450     15.471      0.695 4
  -1   -2      3.296     -2.312      9.143 4
  -1   -2      8.980    -16.422      6.742 4
  -1   -2      8.138      8.527      6.284 4
  -1   -2    -18.456     12.356      7.509 4
  -1   -2     14.694    -17.753     11.398 4
  -1   -2    -19.930      9.628      9.884 4
  -1   -2     19.649      1.588     10.991 4
  -1   -2     15.134     16.838      4.629 4
  -1   -2     -8.718    -14.921      1.310 4
  -1   -2     21.833      0.780      0.930 4
  -1   -2      6.888    -12.116      9.507 4
  -1   -2     -1.158     14.308     15.032 4
  -1   -2    -12.157     12.532     -4.928 4
  -1   -2     -2.773     -0.874     13.342 4
  -1   -2     22.660     -2.677     10.706 4
  -1   -2    -19.327      7.714      7.278 4
  -1   -2     -2.166      4.373     -1.988 4
  -1   -2     19.178     -0.914     10.039 4
  -1   -2    -19.251      2.104     12.372 4
  -1   -2     23.252      9.103     -3.522 4
  -1   -2     11.888     -5.346      8.169 4
  -1   -2      0.559      0.495      4.655 4
  -1   -2     25.387     -7.074      7.478 4
  -1   -2     -0.833      4.376      1.360 4
  -1   -2    -18.806     -4.411     15.262 4
  -1   -2     -2.748      5.306     -7.470 4
  -1   -2    -19.381      7.610     11.729 4
  -1   -2     15.714     -7.774      8.854 4
  -1   -2     10.005      7.251     12.320 4
  -1   -2     18.844     17.192      6.134 4
  -1   -2    -11.326     -1.503      8.586 4
  -1   -2     21.792     15.983      1.191 4
  -1   -2    -19.228     -0.642     10.772 4
  -1   -2     20.683     10.204     -0.437 4
  -1   -2    -15.799      7.424     -5.655 4
  -1   -2      8.724      9.040     14.895 4
  -1   -2     -9.250     -9.711      5.705 4
  -1   -2     17.434      7.720      2.484 4
  -1   -2     17.676     -7.408      5.106 4
  -1   -2    -11.404    -12.541      4.068 4
  -1   -2    -11.036     11.759      8.671 4
  -1   -2      9.296     16.402     13.688 4
  -1   -2     27.951      3.465     11.065 4
  -1   -2      4.189      7.320      1.658 4
  -1   -2     11.952    -10.471     -9.390 4
  -1   -2      1.644     -1.014     14.804 4
  -1   -2     -2.272     14.358     10.537 4
  -1   -2     -2.584     14.628      6.607 4
  -1   -2      9.432     -5.617     10.823 4
  -1   -2      2.483      6.916      2.750 4
  -1   -2     -0.997      0.900      9.875 4
  -1   -2      3.735     -6.975     -1.162 4
  -1   -2    -16.014     -3.948      8.729 4
  -1   -2      4.729      8.292     11.239 4
  -1   -2     12.727     15.766      6.097 4
  -1   -2     19.264     -4.701      9.055 4
  -1   -2     13.814     16.314     13.894 4
  -1   -2     17.968      0.431      4.188 4
  -1   -2     24.144      4.953     -2.034 4
  -1   -2     -4.579     13.060      6.410 4
  -1   -2     -7.460      0.686      9.576 4
  -1   -2     15.743      1.860     14.676 4
  -1   -2    -20.430      2.511     14.172 4
  -1   -2      2.506      9.010      2.030 4
  -1   -2     28.258      5.734     10.712 4
  -1   -2      3.106      3.414      7.185 4
  -1   -2    -11.964      9.416     -7.344 4
  -1   -2    -14.411     -6.618     14.222 4
  -1   -2     20.668     13.252      6.397 4
  -1   -2     18.242     13.722     -4.632 4
  -1   -2     -8.828     -6.093     14.654 4
  -1   -2    -20.661      2.845     14.986 4
  -1   -2    -20.839      0.843     13.422 4
  -1   -2     19.460      0.453     14.262 4
  -1   -2     13.820      4.952      4.947 4
  -1   -2     21.724    -16.824      4.069 4
  -1   -2     21.235      7.146     14.883 4
  -1   -2     28.389      2.579     12.080 4
  -1   -2    -13.058     12.593      1.086 4
  -1   -2    -17.734      9.874     12.474 4
  -1   -2      4.331    -18.411     10.736 4
  -1   -2     -3.037      1.288      8.374 4
  -1   -2      7.245      7.847     -2.447 4
  -1   -2    -18.352      8.938     13.085 4
  -1   -2     14.057      1.922     14.737 4
  -1   -2     19.747      9.770     14.349 4
  -1   -2      4.315     -8.096     15.282 4
  -1   -2     -8.934     -5.035     14.780 4
  -1   -2    -13.474    -17.360      4.796 4
  -1   -2    -10.417     -6.784      5.775 4
  -1   -2    -16.259      1.458      2.596 4
  -1   -2    -11.798      0.759      4.513 4
  -1   -2     21.369     14.664      6.591 4
  -1   -2    -15.493     -1.644      5.292 4
  -1   -2      8.490     15.915      7.756 4
  -1   -2     28.069      3.839      8.349 4
  -1   -2      9.417     17.530     10.585 4
  -1   -2     19.430      3.455     13.534 4
  -1   -2    -13.395      8.032     -3.866 4
  -1   -2     -7.478     16.776      4.653 4
  -1   -2     -9.278     17.263     11.815 4
  -1   -2      6.287     -3.684      2.584 4
  -1   -2     -6.617     -1.296     13.881 4
  -1   -2      9.987    -16.966     -1.801 4
  -1   -2     -3.174     -2.802     13.261 4
  -1   -2      5.639     -9.546      5.825 4
  -1   -2     26.469     10.084      1.619 4
  -1   -2     27.881     -5.577     12.188 4
  -1   -2     16.540     12.541      5.511 4
  -1   -2      0.330     11.768      9.893 4
 982 1359    -14.614     16.640      9.463 4
  -1   -2    -19.909     -7.146     12.921 4
  -1   -2     -7.002     11.961     13.479 4
  -1   -2     -7.506     -9.078     10.577 4
  -1   -2     23.066     -0.758     10.943 4
  -1   -2     10.528     10.014      9.553 4
  -1   -2     -1.258     -7.514      3.096 4
  -1   -2    -14.630      4.465      1.335 4
  -1   -2     23.154     -4.096     14.456 4
  -1   -2      7.439      1.982     13.233 4
  -1   -2      7.807      5.275     -2.698 4
  -1   -2      4.685     -2.087     14.145 4
  -1   -2      6.163     12.094     12.661 4
  -1   -2     20.204     -4.995      0.508 4
  -1   -2     -0.217     16.363     11.729 4
  -1   -2     -5.240    -11.190      7.599 4
  -1   -2     -9.139     -0.956     -1.823 4
  -1   -2     -6.160    -16.173     14.105 4
  -1  926     17.482    -16.946     13.957 4
  -1   -2    -12.976     12.212      6.754 4
  -1   -2    -10.268     11.409     14.266 4
  -1   -2     14.764     15.226      5.225 4
  -1   -2     19.907     -7.302     14.321 4
  -1   -2     21.422     -8.539      2.750 4
  -1   -2     14.493     17.531      9.860 4
  -1   -2    -16.161      9.101     13.645 4
  -1   -2     19.881      6.179     -1.346 4
  -1   -2     16.459     14.187     10.169 4
  -1   -2     12.586     -0.777     11.756 4
  -1   -2     10.499     12.446     14.832 4
  -1   -2     -1.995    -10.883     13.216 4
  -1   -2     20.292     11.238     13.318 4
  -1   -2    -11.608     15.997      9.205 4
  -1   -2    -18.822    -10.091     11.647 4
  -1   -2      7.243    -11.853     -6.839 4
  -1   -2     -6.407      5.582     -1.742 4
  -1   -2      6.735     -0.308      0.075 4
 943 1358     -8.744    -10.063      9.888 4
  -1   -2      0.869      8.762      7.311 4
  -1   -2     -4.573      1.335     12.826 4
  -1   -2     -6.626     16.343     13.625 4
  -1   -2      8.226     -3.932     12.983 4
  -1   -2    -15.384     14.013     11.169 4
  -1   -2    -18.178     -8.294     14.176 4
  -1   -2    -11.570     -9.698      3.530 4
  -1   -2      9.912     -5.319      0.512 4
  -1   -2    -11.494     17.229     13.021 4
  -1   -2    -21.064      4.653     15.138 4
  -1   -2      7.550    -12.945    -10.048 4
  -1   -2    -14.709      0.770     14.121 4
  -1   -2    -11.556     13.270      4.677 4
  -1   -2     12.930     -6.869     -3.910 4
  -1   -2      5.582     -6.871     -2.397 4
  -1   -2      2.897     -6.177     12.236 4
  -1   -2     26.047      8.921     14.157 4
  -1   -2    -14.663    -13.443     11.355 4
  -1   -2     -0.083    -12.598      6.544 4
  -1   -2    -17.429    -11.869      2.017 4
  -1   -2     13.221    -12.777     11.846 4
  -1  933     -1.589    -17.841      6.075 4
  -1   -2     -5.465    -13.568      6.580 4
  -1   -2     16.274      8.362     12.107 4
  -1   -2     -5.835    -15.675      5.326 4
  -1   -2     -1.253     -3.290     -2.891 4
  -1   -2     -8.266     -9.587     -9.867 4
  -1   -2      6.305     12.194     -0.186 4
  -1   -2    -10.366     12.672      0.306 4
  -1   -2     23.654     -1.468      9.788 4
  -1   -2     -0.064      5.036     12.735 4
  -1   -2     23.941     11.056     11.962 4
  -1   -2      5.137     12.624     10.145 4
  -1   -2     11.406      7.458     -9.320 4
  -1   -2      2.276      7.220      6.139 4
  -1   -2      5.361    -11.245      8.204 4
  -1   -2     10.993      8.591     -6.860 4
  -1   -2     27.019     -6.156     15.089 4
  -1   -2      6.043    -15.066     12.031 4
  -1   -2     -3.713     16.869      5.481 4
  -1   -2      8.034      0.446     14.122 4
  -1   -2     10.913     11.031      4.370 4
  -1   -2     18.229      0.937     12.933 4
  -1   -2     -6.904     -8.307      1.761 4
  -1   -2     18.222     12.029     -7.122 4
  -1   -2      6.088      2.897      2.500 4
  -1   -2     20.575     16.940      7.217 4
  -1   -2     10.307     11.762     14.095 4
  -1   -2     21.414      0.808      3.623 4
  -1   -2     18.706      1.513      9.496 4
  -1   -2      0.319     12.554     10.015 4
  -1   -2     22.643      7.180      2.819 4
  -1   -2    -15.390     -4.869     12.571 4
  -1   -2     17.573     15.953      1.539 4
  -1   -2     -3.264      3.769      6.391 4
  -1   -2    -15.779    -10.005     15.025 4
  -1   -2     18.912     -9.376     -6.483 4
  -1   -2     16.707    -11.588     -8.924 4
  -1   -2     -3.825      2.708     11.570 4
  -1   -2     -0.278     -7.184      1.798 4
  -1   -2    -18.375     -6.928     13.771 4
  -1   -2      6.514     -9.989     -2.971 4
  -1   -2    -21.866      4.604     12.646 4
  -1   -2     -4.743     14.594     13.383 4
  -1   -2     -5.597     11.733     11.399 4
  -1   -2      9.216      3.620     -5.493 4
  -1   -2      2.782    -13.554     11.184 4
  -1   -2     -1.391      8.228      6.583 4
  -1   -2     11.427     15.654      9.899 4
  -1   -2      3.791     -1.528     14.185 4
  -1  228      0.650      5.793     12.957 4
  -1   -2      7.457      7.979      6.192 4
  -1   -2     13.218     10.836     -8.002 4
  -1   -2     15.665      6.697     -3.310 4
  -1   -2     23.587      2.543      7.689 4
  -1   -2    -20.659     -1.813     15.140 4
  -1   -2     23.803     14.941     14.740 4
1067 1361     27.753    -14.133     14.765 4
  -1   -2     -1.275     -9.048      2.931 4
  -1   -2     13.131     11.533     -3.285 4
  -1   -2     -6.179     -7.645     -1.052 4
  -1   -2     19.057    -11.713      7.104 4
  -1   -2     -1.312      7.330      0.353 4
  -1   -2      8.183     -0.411     11.798 4
  -1   -2      6.607     14.978     10.309 4
  -1   -2     15.307     -9.300      9.103 4
  -1   -2      3.286     -9.112      5.561 4
  -1   -2    -13.942      1.051      8.708 4
  -1   -2     -8.196     -3.201     -6.204 4
  -1   -2     -6.156    -13.059      6.541 4
  -1   -2     28.155      7.276     15.055 4
  -1   -2    -19.742     -8.943      7.698 4
  -1   -2      3.131      5.190      2.143 4
  -1   -2     -1.721    -12.775      6.460 4
  -1   -2    -14.719     -9.808     11.198 4
  -1   -2     -3.069     -2.503     -0.266 4
  -1   -2      0.358     11.155      5.338 4
  -1   -2     19.983    -17.164     11.612 4
  -1   -2      7.605    -10.094     -8.319 4
  -1   -2     -4.995     14.098      2.892 4
  -1   -2    -11.895     13.844      4.765 4
  -1   -2     -1.635      8.080      2.586 4
  -1   -2      6.448      2.022     14.545 4
  -1   -2     -7.678     -3.890      7.182 4
  -1   -2     23.362    -14.087     15.037 4
  -1   -2     13.329     12.217      1.085 4
  -1   -2    -11.886      7.196     -1.792 4
  -1   -2     15.113    -17.288      7.080 4
  -1   -2     -2.266     -2.604      9.908 4
  -1   -2     -3.684     -7.844     14.336 4
  -1   -2     -4.049     -7.438     10.010 4
  -1   -2    -16.927     -6.080     12.347 4
  -1   -2     -4.741      7.839     10.724 4
  -1   -2     19.356     11.641      9.376 4
  -1   -2     13.659      2.014     11.079 4
  -1   -2    -19.894    -10.716      6.052 4
  -1   -2     27.193      2.741     14.697 4
  -1   -2     15.045      2.852      6.133 4
  -1   -2     23.907     10.792      9.188 4
  -1   -2     14.027     16.528     10.528 4
  -1   -2     25.185     -2.414      1.872 4
  -1   -2     -6.229     14.770      2.620 4
  -1   -2     25.360     13.329     -0.314 4
  -1   -2     -5.688    -11.358     -6.780 4
  -1   -2     -3.503    -17.436      9.646 4
  -1   -2    -12.158    -20.384     12.299 4
  -1   -2    -11.438      5.081      4.263 4
  -1   -2      5.550     15.059      9.692 4
  -1   -2     23.512     11.910     13.950 4
  -1   -2    -10.528      1.532     -3.019 4
  -1   -2     20.353    -12.544      7.378 4
  -1   -2     27.654      1.377      7.116 4
  -1   -2     21.922     -1.626     10.064 4
  -1   -2      3.108    -12.055      2.378 4
1003 1063     -5.701     15.984     14.307 4
  -1   -2      4.632     12.396     12.598 4
  -1   -2     24.707     -8.350     13.161 4
  -1   -2     -9.471    -11.582      4.305 4
  -1   -2     20.225     -3.296      4.680 4
  -1   -2     -2.972      1.596      3.804 4
  -1   -2    -14.601     -1.521     -9.998 4
  -1   -2    -13.627      3.082     -4.985 4
  -1   -2     -9.821    -17.979     13.495 4
  -1   -2     23.107     13.019      0.200 4
  -1   -2     26.225     -9.863     11.412 4
  -1   -2     -1.378      1.994      2.872 4
  -1   -2    -13.428     -5.589      1.906 4
  -1   -2     11.679     -7.725     10.555 4
  -1   -2    -19.155      2.341     13.880 4
  -1   -2      5.832    -18.243      5.278 4
  -1   -2    -18.098     -5.096      2.744 4
  -1   -2      1.803     17.241     13.043 4
  -1   -2     -2.862      9.895     13.054 4
  -1   -2    -11.306      9.168      2.025 4
  -1   -2     -2.175      9.732     -7.741 4
  -1   -2     19.222     13.245     14.162 4
  -1   -2     19.472     -5.500     -6.662 4
  -1   -2     15.272     14.032     -2.436 4
  -1   -2     18.819    -14.591     10.045 4
  -1   -2      3.532     15.717     13.222 4
  -1   -2     -5.323     17.477      8.116 4
  -1   -2     21.101      0.608      0.319 4
  -1   -2     -3.271     13.973     14.660 4
  -1   -2     11.734     -7.643      6.221 4
  -1   -2      8.931     -3.966     -5.670 4
  -1   -2     14.216    -15.776      3.390 4
  -1   -2     24.030    -10.176     12.720 4
  -1   -2      7.278     -1.738      3.111 4
  -1   -2     20.794     -1.954     -5.272 4
  -1   -2     16.228     -5.253     11.076 4
  -1   -2    -12.341     17.415     11.941 4
  -1   -2    -12.843     -9.833     -9.001 4
  -1   -2    -14.019     13.416     14.572 4
  -1   -2    -18.498    -11.994     13.202 4
  -1   -2      9.509      1.141      3.910 4
  -1   -2     27.743      5.139     14.578 4
  -1   -2     17.208    -10.443      3.942 4
  -1   -2      7.139      2.837      1.941 4
  -1   -2    -22.514     -5.056     12.063 4
  -1   -2     10.094     17.846      9.810 4
  -1   -2     18.691    -17.232      7.350 4
  -1   -2     11.822    -10.995      5.872 4
  -1   -2    -15.225     16.391     13.879 4
  -1   -2      9.873     -8.349     12.981 4
  -1   -2     25.301      1.464     14.801 4
  -1   -2     -9.326     18.983     13.634 4
  -1   -2     20.884    -14.375      9.496 4
  -1   -2     15.376    -11.412      7.800 4
  -1   -2     21.979     12.778      6.260 4
  -1   -2     -7.858    -12.963     -4.034 4
  -1   -2     13.203     11.310      8.382 4
  -1   -2     19.760    -10.090     12.572 4
  -1   -2     10.861      5.313     11.291 4
  -1   -2     16.603     16.438      1.817 4
  -1   -2    -17.424     19.370      6.520 4
  -1   -2      0.829      6.038     -1.003 4
  -1   -2     21.730    -11.154     -1.119 4
  -1   -2    -17.934     13.655     11.405 4
  -1   -2     12.783     10.840     15.228 4
  -1   -2     19.189     -9.753      1.902 4
  -1   -2      9.757     16.157     13.646 4
  -1   -2      8.815    -18.544      8.315 4
  -1   -2    -14.181     -7.579      8.086 4
  -1   -2     16.426     -0.665     -1.209 4
  -1   -2     19.402    -11.185     12.407 4
  -1   -2     12.636     -4.423     13.654 4
  -1   -2      8.123      3.034     13.747 4
  -1   -2     -8.065     18.710     14.953 4
  -1   -2      9.168     -3.517      2.317 4
  -1   -2     10.747     17.318     10.040 4
  -1   -2    -11.160     12.631     -1.368 4
  -1   -2     -6.734     12.209     14.589 4
  -1   -2      7.255     -6.155     13.813 4
  -1   -2     22.768      2.891     10.308 4
  -1   -2     -4.326      2.746      6.490 4
  -1   -2     -2.050      9.768      8.910 4
  -1   -2     26.840     10.327     14.492 4
  -1   -2     13.240    -12.113      7.563 4
  -1   -2    -11.263     16.778     11.127 4
  -1   -2      3.315      7.636     10.676 4
  -1   -2    -11.899     15.682     14.949 4
  -1   -2      8.482    -13.198     -5.795 4
  -1   -2    -10.393     10.625     11.956 4
  -1   -2     22.737      9.193      9.712 4
  -1   -2     10.288     14.543      8.597 4
  -1   -2     19.198      8.288      6.039 4
  -1   -2     -8.204    -16.435      4.280 4
  -1   -2     -2.995     15.944     14.105 4
  -1   -2    -13.527    -10.916     11.825 4
  -1   -2     25.104     -1.525      3.788 4
  -1   -2     18.737     -0.508     13.323 4
  -1   -2     18.495     15.698      4.290 4
  -1   -2     25.101    -18.977     15.036 4
  -1   -2     23.994     -0.361     14.157 4
  -1   -2    -20.032    -14.966     13.129 4
  -1   -2     -7.450    -12.292      1.623 4
  -1   -2     25.393      5.153      4.986 4
  -1   -2      5.474    -13.353     14.961 4
  -1   -2     11.779     11.293     -4.449 4
  -1   -2     23.729     -1.056     12.309 4
  -1   -2    -11.905    -10.896     14.763 4
  -1   -2      6.935    -12.392      1.361 4
  -1   -2     -6.772      1.231     -7.598 4
  -1   -2      5.827     -8.121      0.800 4
  -1   -2    -14.168      3.811     14.616 4
  -1   -2    -18.096    -11.736     10.485 4
  -1   -2      5.018    -11.947      9.202 4
  -1   -2     25.703     11.012     -1.305 4
  -1   -2     28.775     -5.700     13.379 4
  -1   -2     -6.588    -10.832      3.063 4
  -1   -2     -2.768    -12.819      3.397 4
  -1   -2     -0.264     14.419      1.579 4
  -1   -2     11.623     -4.209     -0.713 4
  -1   -2      1.513     13.436     14.107 4
  -1   -2     11.564     -0.963     14.364 4
  -1   -2     -4.860     15.522      7.691 4
  -1   -2     -6.435     -9.000      7.010 4
  -1   -2     -8.521     17.064     12.185 4
  -1   -2     24.688      1.549      0.840 4
  -1   -2     23.043      7.349      0.557 4
  -1   -2      2.592     -1.268     -5.744 4
  -1  760     -2.245     17.438      9.578 4
  -1   -2    -18.878    -10.680     -3.455 4
  -1   -2      5.644     -9.511     13.274 4
  -1   -2     -4.938    -18.227     13.998 4
  -1   -2      7.906    -12.412     -2.403 4
  -1   -2    -18.083     12.392     14.873 4
  -1   -2    -10.685     -6.338      8.502 4
  -1   -2     24.585      7.551     12.969 4
  -1   -2     12.252    -10.109      6.517 4
  -1   -2     -1.841     -1.381     10.772 4
  -1   -2     26.281     11.958      7.277 4
  -1   -2     10.604    -15.993      1.341 4
  -1   -2     24.793      3.279     13.337 4
  -1   -2     -7.178     11.500     10.890 4
  -1   -2      1.999    -15.278     -4.045 4
  -1   -2     -9.145    -11.301      6.580 4
  -1   -2     26.735      3.327     14.453 4
  -1   -2    -14.761    -11.401      2.088 4
  -1   -2     11.618     14.964     12.082 4
  -1 1190     25.058     23.687      9.713 4
  -1   -2     -1.588     24.720     12.065 4
  -1   -2     27.187     14.575     14.195 4
  -1   -2     28.812    -13.832     10.903 4
  -1   -2     27.166     -7.010     14.952 4
  -1 1192     23.324    -19.219     12.730 4
  -1   -2    -26.043    -14.155     10.874 4
  -1   -2     23.156     20.377      9.546 4
  -1   -2    -14.606    -18.732     12.529 4
  -1   -2     30.296    -14.655     15.228 4
  -1   -2    -11.612    -20.978     -7.799 4
  -1   -2     29.282    -11.515     13.359 4
  -1 1205     -2.570    -25.410      4.769 4
  -1   -2    -19.413    -21.558     13.546 4
  -1   -2      3.281    -16.988     13.035 4
  -1   -2     14.943    -15.832     13.349 4
  -1   -2     13.499    -20.464     15.299 4
  -1   -2     23.700    -12.156     13.152 4
  -1   -2     28.005      1.453     14.846 4
1230 1363     27.400     12.655     14.375 4
  -1   -2      6.901     28.957     -9.001 4
  -1   -2     22.325    -18.568     10.908 4
  -1   -2     12.724    -18.428      9.097 4
1196 1362     -5.673    -24.268     -6.041 4
  -1   -2     -0.367    -20.365     -9.276 4
  -1   -2     18.886    -18.882     14.501 4
  -1   -2     20.903     20.955     15.269 4
  -1   -2      1.512    -13.471     15.436 4
  -1   -2    -20.968    -10.707      6.559 4
  -1   -2      2.406    -19.143     14.794 4
  -1   -2     11.184    -28.324     -7.035 4
  -1   -2      4.756    -16.341     14.669 4
  -1 1224      4.068    -29.085     -2.587 4
  -1   -2     21.817     16.086     15.112 4
  -1   -2    -17.748    -10.890      8.591 4
  -1   -2     21.435    -19.775     15.409 4
  -1   -2    -17.264    -15.435     13.558 4
  -1   -2     12.416    -16.685     13.835 4
  -1 1191    -25.937    -10.884     15.116 4
  -1   -2     14.488    -20.947      6.827 4
  -1   -2     -6.341    -21.329     12.081 4
  -1   -2    -25.552    -11.386     13.514 4
  -1   -2     12.177    -12.926     12.966 4
  -1   -2     -0.398    -17.408      9.355 4
  -1   -2     26.014    -16.687     15.265 4
  -1   -2    -13.216    -22.068     13.037 4
  -1   -2     10.433    -15.143     -2.729 4
  -1   -2     15.108    -14.958     14.861 4
  -1   -2     28.177    -25.035     10.361 4
  -1   -2    -11.949    -10.416     11.323 4
  -1   -2     18.750     20.481     13.318 4
  -1   -2     -6.756    -22.980      4.264 4
  -1   -2     20.692    -16.418     14.341 4
  -1   -2      2.278     25.440      3.791 4
  -1   -2     20.480    -18.907     14.197 4
  -1   -2    -20.899      6.709     14.843 4
  -1   -2    -10.747    -18.500     13.175 4
  -1   -2     -9.915    -22.169      4.032 4
  -1   -2      7.284     34.125     -8.756 4
  -1   -2    -23.536    -11.961     12.793 4
  -1   -2      0.278    -22.716     13.576 4
1253 1364     30.800     -2.490     13.390 4
  -1   -2      4.180    -23.770     -0.994 4
  -1   -2     24.708    -18.305     14.683 4
  -1   -2     16.862    -15.644     11.264 4
  -1   -2      9.574    -17.883     10.290 4
  -1 1255     24.888    -17.792     12.431 4
  -1   -2     23.327    -16.473     13.227 4
  -1   -2     19.632    -12.071     15.312 4
  -1   -2      9.351    -20.959     14.297 4
  -1   -2     -1.316    -20.329     13.069 4
  -1   -2    -10.008     30.548     -2.647 4
  -1   -2      6.312     26.195     13.204 4
  -1   -2    -20.178     -8.464     13.436 4
  -1   -2     14.475    -20.811     15.089 4
  -1   -2     -6.959    -21.381     15.438 4
  -1   -2     25.255     20.750     14.137 4
  -1   -2    -19.552    -16.573     11.587 4
  -1   -2     13.275    -18.460     10.573 4
  -1   -2    -18.745    -13.915     11.441 4
  -1   -2     -3.694    -15.028      7.040 4
  -1   -2    -15.060    -20.520      7.404 4
  -1   -2     19.738     16.649     14.665 4
  -1   -2     -6.379    -16.357      8.011 4
  -1   -2    -13.480    -16.050     12.836 4
  -1   -2    -17.702    -16.176     10.781 4
  -1   -2     17.914    -19.266      9.777 4
  -1   -2    -18.374     13.759     13.338 4
  -1   -2     19.824    -24.702     14.799 4
