1454
   0    0    -11.139      4.513     12.115 4
  -1   -2     15.956      1.870     10.495 4
  18    2     -9.124     -1.527      8.079 4
  -1   -2     -0.311      9.585      7.018 4
   7   -2    -11.815      5.221      4.587 4
   2   11     12.955     -8.880     11.769 4
  -1   -2      9.388      2.643     12.797 4
   4   -2    -10.756      7.576      9.719 4
  -1   -2    -11.194     13.877     11.065 4
  -1    5     -2.216     -0.179      2.832 4
  -1   -2      9.757      3.324      5.460 4
  -1   -2     20.958      0.054     -6.683 4
  -1   29     -9.032      9.120      6.550 4
   6   -2     -5.997     -1.873      8.700 4
  25   38     -3.500      3.568     11.017 4
  -1   85     20.520     -0.712     11.246 4
  -1   -2    -12.728     -1.013      5.644 4
  -1   -2      5.502      1.531    -10.084 4
  19   -2     16.495      3.624     -7.940 4
  -1   -2     22.203     -2.528      9.114 4
  -1   12      1.029     -1.063      8.818 4
  -1    9     -2.286     14.913      7.321 4
  -1   -2     12.733      8.381     -9.155 4
  -1  105     17.261      7.202     -6.868 4
  -1   22     10.125      0.070      0.086 4
   9   26      8.453      5.780     11.330 4
  -1   -2      2.543     -1.358      8.472 4
  -1   53     18.832     -6.135     11.137 4
  24 1369      1.136      9.095     -6.106 4
  -1   65    -14.807     -2.041      5.577 4
  -1   36     19.888     12.653     10.980 4
  -1   -2    -11.265     -1.296     10.695 4
  -1   -2      3.416      2.318      3.163 4
  57   28      4.961     -6.136     12.230 4
  -1   -2     -4.090      8.064      1.222 4
  -1   -2      8.940      9.479     -0.070 4
 318   94     -1.362      3.762      2.872 4
  -1   -2     13.903      2.181     -0.268 4
  -1   -2      6.366     13.319     -4.707 4
  -1   -2     -7.475      1.899      2.134 4
  -1   93      2.747     -5.460     -9.045 4
  -1   -2     14.384     -3.021     -0.883 4
 253   23     -3.396     -0.136      8.065 4
 117  819     13.017      4.284      7.116 4
  -1   -2      9.643      4.226      2.685 4
  -1   54     17.044      6.761     -1.225 4
  73   74    -15.897     14.546      6.260 4
  -1   -2     13.258      3.719     -2.820 4
  -1   -2     20.366      3.904     -2.040 4
  -1   -2    -10.532     13.847      5.177 4
  -1   -2      0.896      6.446     -7.123 4
  -1   -2     11.339     14.167      2.507 4
 116 1379     10.372      3.383     11.516 4
  -1   -2     -9.481      4.021      5.418 4
  -1   -2     -1.480      3.350     10.300 4
  -1   -2     20.555     -4.344     -1.256 4
  -1   -2     -6.689     -0.037      2.795 4
  -1   -2     -3.724     11.591      8.600 4
  81   46     11.051     -6.721     11.318 4
  85 1144      1.294      0.293      3.262 4
  -1   -2    -15.522     -1.044     -1.519 4
  -1 1373     -9.820      1.907     11.438 4
  -1   -2    -11.895      7.052     -4.374 4
  -1   -2    -17.585     -8.694      8.018 4
  -1   -2     -6.065      2.929     -7.455 4
  -1   -2      0.157      3.301      7.468 4
  -1   -2     17.095      4.324     -6.766 4
  -1   -2     11.383      5.457    -10.124 4
 152   91    -11.586      6.834      2.064 4
  -1   -2      6.016      9.940     -6.356 4
  -1   -2     26.051     -1.981      3.416 4
  -1  471     10.930     10.436      5.418 4
  -1   -2      1.612      9.473      5.153 4
 639   -2      0.600     -2.373     11.190 4
  -1   -2     -0.336      9.000      4.730 4
  -1   -2      3.283     14.113     -0.844 4
  -1  965    -14.765     -0.888      9.741 4
  -1   -2     12.544      1.616     -6.060 4
  -1   -2     17.625     13.062      0.165 4
 140  199     -0.333     -7.978     -7.059 4
  -1   -2    -11.652     -2.217     -5.164 4
  76 1376     18.058     10.476     -0.320 4
 119   89      7.074     -9.508      6.033 4
  40 1372      6.663     -0.029      9.029 4
  -1   -2    -18.018      7.601      3.832 4
  -1   -2     23.681     -6.726      1.343 4
 157 1381     23.582      4.769      8.017 4
  62   -2     10.476      3.532      8.372 4
 141 1097     12.716      3.035      7.433 4
  -1   -2      2.515      8.846      4.559 4
  -1  226    -11.300     -5.526      9.489 4
  -1   83     16.882     -1.887      9.378 4
  -1   -2     13.313      4.684     -9.300 4
  39   -2     21.288     10.670      4.185 4
  -1   -2     -9.003      7.815     -0.482 4
  -1   -2     10.891      7.915      2.811 4
 175   -2     13.707     13.730      5.385 4
  -1   -2     -7.503     -4.978     11.166 4
  -1   -2    -14.765      6.363      5.073 4
  -1  249      1.885      8.509      0.071 4
  -1   -2     -5.310     12.850      8.881 4
  -1  972     25.820     -5.492      9.757 4
 111   -2     10.318     -5.280     10.366 4
  -1   -2    -10.365     -2.157      2.079 4
  -1   -2      0.993      3.226     -8.728 4
  -1  365      8.124      9.968     12.034 4
  -1   -2     -1.506     16.888     11.845 4
  -1   -2      3.917      3.820     -9.208 4
  -1   -2    -19.835     -1.110      8.370 4
 772  799      2.521      7.313     12.081 4
 103  521     11.474     10.817     11.023 4
  -1   -2      7.990     10.351     -8.698 4
 872  749      4.814      7.919     10.312 4
  -1   -2     -3.685     -0.096      4.109 4
  -1   -2     13.446      9.620     -8.493 4
 716   -2      0.831     10.350     11.561 4
  61 1375    -10.348     10.907      6.252 4
  -1   -2     18.390     -0.338     -3.606 4
  -1   -2     13.140      7.485      4.012 4
  -1   -2    -12.208     14.462      9.371 4
  -1   -2      8.858     -3.609      1.583 4
  -1   -2     12.682     11.780     11.317 4
  -1   -2    -11.878      8.061      4.695 4
  -1   -2     10.283      4.720      7.925 4
  -1   -2    -14.381      2.027      0.060 4
 151   -2    -14.882     -8.286      5.542 4
  -1   -2      8.358     -5.794     10.719 4
  -1   -2     -3.196     13.691     11.995 4
 770   -2     -2.256     -6.139      9.528 4
  -1   -2    -16.065     12.658     -4.166 4
1008   -2     -2.885     14.973     11.282 4
  -1   -2    -12.357      9.514      3.786 4
  -1   -2     24.228     -2.190      7.685 4
  -1   -2     25.293      3.176      8.509 4
  -1   -2     19.851     10.417     10.675 4
  95  244      5.950      9.894      8.146 4
  -1   -2    -17.302      6.036      5.514 4
  -1   -2     16.090      2.524      8.664 4
 314   -2     -0.086     -3.871     10.316 4
  -1   -2     16.061     -3.487      3.888 4
  -1   -2     13.812      5.126      7.600 4
  -1   -2     14.671      2.775     -4.377 4
  -1  172    -12.027     11.775      1.565 4
  -1   -2    -10.814     -4.523      4.649 4
 337  727     -1.935      0.339      9.787 4
  -1   -2     18.936      7.599     -0.096 4
  -1   -2    -17.884     -7.473     12.352 4
  -1   -2     -0.537     -0.692     10.893 4
 822   -2     -1.857     15.301      4.092 4
  -1  679     -3.670      3.786      7.059 4
  -1   -2     19.328      3.637      5.077 4
 236 1387      5.788      7.418     -7.626 4
  -1   -2      7.431     14.268      4.664 4
 182 1382     19.710    -13.144     -0.049 4
 246   -2     12.339     10.882      2.054 4
  -1   -2      2.371     12.076      9.868 4
  -1  162      2.919     -2.227     12.478 4
  -1   -2    -15.216      0.558      4.618 4
  -1   -2     15.804     -1.635     -0.042 4
 399 1394     23.684      3.340      3.135 4
  -1   -2    -15.188      0.646     10.560 4
  -1   -2      9.236     -6.466     -4.438 4
 685  228     18.292     11.398     10.791 4
  -1   -2     20.236      2.645     -4.534 4
  -1   -2     11.659      2.912     -0.621 4
  -1   -2    -10.976      4.453    -11.332 4
 212 1386     24.152     10.777     11.253 4
 443  129      6.694     11.927      9.597 4
  -1   -2     -2.637      3.851     -5.198 4
  -1   -2     18.035     10.274      3.649 4
 796  905      0.157      7.386     12.277 4
  -1   -2      8.674     -3.278     -5.632 4
  -1   -2      9.745      1.647      8.609 4
  -1   -2      4.747      4.045     10.646 4
  -1   -2     11.982     -3.275     -2.154 4
  -1   -2    -10.667      0.616     10.944 4
  -1   -2    -14.088     -0.633     -6.971 4
  -1   -2     23.457      0.166     10.981 4
 943  499     14.665     -5.292      5.526 4
  -1   -2     14.215      3.950      3.175 4
  -1   -2      5.314      1.658     11.947 4
  -1   -2    -19.904      6.592      8.012 4
  -1   -2     11.111     11.957     11.787 4
  -1   -2     15.451    -10.907      4.567 4
  -1   -2     -4.649      3.948     11.218 4
  -1 1167      7.342     14.360      8.427 4
 168 1217     13.443     11.894      8.999 4
  -1   -2     22.593      7.718      4.523 4
  -1   -2     12.204     -6.553      6.288 4
  -1   -2     -8.106      7.236      1.623 4
  -1   -2     -7.460     -1.626      3.303 4
  -1   -2     13.897     -2.063     -6.435 4
  -1   -2      3.454     10.450      7.700 4
  -1   -2     14.357      5.831     -5.971 4
 775  925     -7.987      8.411     -8.840 4
  -1   -2     -6.004     -2.311      2.587 4
  -1   -2     -1.083     -0.277      2.701 4
  -1   -2    -11.362     12.987      9.004 4
 238   -2     -4.664     -9.156     -1.921 4
  -1   -2     -8.504      7.863     -2.841 4
  -1   -2     14.992      5.609      5.156 4
  -1   16    -12.176      1.213      8.954 4
 266   -2     11.731     16.444      8.290 4
  -1   -2    -12.138     -0.203      1.138 4
  -1   -2    -14.289      5.560    -11.692 4
 245   -2     -8.730      6.067      4.592 4
  -1  587     -8.988     -5.584     -4.621 4
  -1   -2    -11.806      6.791    -11.034 4
  -1   -2     16.221      3.285    -10.620 4
 185   -2     23.616      5.610      7.631 4
  -1   -2      7.648     12.788     -8.538 4
  94  156      5.693      0.559     10.520 4
  26  703      7.394      4.740      9.910 4
  -1   -2    -14.095     -2.343     -7.843 4
  -1   -2      3.015     -6.432     11.568 4
  -1   -2    -17.990     -2.473      4.953 4
  -1  339     16.319     11.847      7.619 4
 269   -2     -3.130      8.407     10.701 4
  -1   -2     15.685     -5.439     -4.720 4
  -1   47     -2.419     10.180      8.762 4
 449  236     11.896     -5.152     11.509 4
  -1   -2      2.181     15.970      7.655 4
  -1   -2    -15.307      6.573     -2.583 4
  -1   -2     -7.689     -3.326      1.386 4
 599  702     21.274     13.379     11.713 4
  -1   -2     20.010     11.024      4.530 4
  -1   -2     -0.125      4.833     10.786 4
  -1   -2     25.715     -4.922     10.346 4
  -1   -2     -4.625     10.887     -6.010 4
 279   -2     26.346     -0.228      8.293 4
  -1   -2     -5.651     14.300      5.251 4
  -1   -2      8.296     -6.644     11.183 4
  -1   -2    -16.712      9.742      0.040 4
 187  185     13.529     -7.046      3.680 4
 206 1384      5.283      9.311     -9.965 4
  -1   -2      3.474     -3.590     10.938 4
  -1   -2      3.143     -2.956      2.514 4
  -1   -2     15.099     -4.822     10.335 4
  -1  221     -4.146      8.404     -4.809 4
  -1 1152     -7.259     -6.618     11.181 4
 650   -2     25.671      4.681      9.586 4
 252 1388     -3.304      5.667      1.913 4
  -1   -2      2.748     10.746     -0.163 4
 134   -2      7.575      9.666     -1.310 4
  -1  369     20.262     -6.623     -1.826 4
  -1  208     18.528     -2.267      1.350 4
  -1   -2    -13.355     13.272      2.404 4
  -1   -2      9.776      5.421    -10.784 4
 431  971    -16.706      4.917     -4.122 4
  -1   -2     12.954      0.177    -12.372 4
  -1   -2    -10.284     11.000      1.238 4
  -1   -2     14.235      2.015      9.579 4
  -1   -2     12.453     -3.200      6.978 4
  30  691     -3.490     -2.820      6.751 4
  -1   -2    -15.304      7.800      2.266 4
1064  407    -10.745      8.150      4.542 4
  -1   -2     12.044     -2.807     11.482 4
  -1   -2     -6.860     -9.999     12.676 4
 268 1389    -13.654     -8.269     10.042 4
  -1   -2     13.059    -11.117     -7.198 4
  -1  342     15.851      2.904      1.902 4
  -1   79      7.187     13.789     -0.455 4
  -1   -2     -3.797     10.540     -2.929 4
  -1   -2     24.112      1.840      4.221 4
 275  225     -7.814     -6.421      9.778 4
  -1   -2      5.049      0.068     10.612 4
  -1   -2    -19.395      3.923      6.171 4
  -1   -2      8.657      6.809      3.139 4
  -1   -2      8.121      4.117      4.862 4
  -1   -2      5.929      5.288      3.718 4
  -1   -2      4.656      3.740      6.108 4
  -1   -2     17.139      0.971      2.386 4
 142   -2     -5.843      4.987     -7.223 4
  -1   -2      2.462    -12.793      4.295 4
  -1   -2     -0.799      2.398     -3.788 4
 211  233    -19.777      3.496      8.975 4
  -1   -2      5.398     -3.390     11.230 4
 160   -2     -6.609     -3.472      9.156 4
  -1   -2      2.545      9.351     -3.468 4
  -1   -2    -12.396     -2.274      5.251 4
  -1   -2    -13.236     -2.942     -1.980 4
  -1  171     12.353      9.094      5.020 4
  -1  132     16.425      3.307      1.634 4
  -1   -2    -17.409      5.727      1.130 4
  -1   -2     -5.007      6.612     -5.094 4
  -1   -2     10.074     -2.001      7.633 4
  -1  260     12.068      4.033      8.938 4
  -1  331    -15.869     14.006      7.690 4
  -1  382     22.284     -0.868      3.972 4
  -1   -2      6.468     -2.428     -2.634 4
  97   -2      3.330     16.018      3.376 4
  -1   -2     18.163      7.241      5.666 4
  -1   -2     10.313     -3.155      2.600 4
  -1  214    -15.609     11.807     10.808 4
  -1   -2     21.991      7.777      8.997 4
  -1   -2     23.198     -0.983     11.135 4
  -1   -2      8.738     -3.952      9.438 4
  -1  609     25.045     -3.522     11.503 4
 955  196     18.462     -0.085     12.156 4
  -1  219     12.441      2.378    -11.784 4
 493 1399     11.424      0.583      9.231 4
  -1   -2     10.237      6.152     -3.973 4
 494  789    -17.712     10.150     11.720 4
  -1   -2    -11.749     10.215      0.307 4
 311 1392     22.833      7.274     -0.549 4
 274   90     -6.112     -4.541     11.645 4
  -1   -2     12.481     -8.640      3.663 4
  -1   -2     12.955      0.197     10.239 4
  -1   -2    -10.412      3.094     11.963 4
  -1   -2    -16.288     -2.144     10.915 4
 247  324    -19.188     -2.862      9.448 4
  -1   -2     -2.283     -3.351     -3.615 4
  -1   -2    -19.103    -10.966     10.563 4
  -1   -2    -11.274     -4.309      8.987 4
  -1   -2      1.207     -8.670      8.279 4
 229  304     21.845     -6.468     11.714 4
  -1   -2      2.657     -3.144     -4.791 4
  -1   -2     22.031     -1.209      8.191 4
  -1   -2    -11.897      2.505     11.402 4
  -1   -2    -19.951      1.490      6.427 4
  -1   -2     14.842      7.313     -8.619 4
 979 1143     -0.904     -0.357      8.582 4
 538  787     27.960      3.973      9.866 4
  -1   -2    -15.732      1.973     11.621 4
  45   -2     24.732     -1.003     10.239 4
  -1   -2     10.766     13.530     -4.341 4
  -1   -2      5.011     -2.101      5.406 4
  -1   -2     10.145     -4.796      8.812 4
  -1   -2    -13.516     11.595      6.478 4
  -1   -2     10.629     -6.861    -10.017 4
  -1   -2     -7.808     -2.201     -0.961 4
  -1   -2      3.416     10.094      9.112 4
  -1   -2     13.161     17.706      9.863 4
  -1   -2    -14.613     -2.413     10.613 4
  -1   -2     -6.625      0.263      7.452 4
 154   -2     17.996     14.295     -0.872 4
  -1   -2     20.648      3.920     -7.272 4
  -1  404     10.857      5.219      8.556 4
 289  443     17.820     -2.019     10.510 4
 304 1391     -6.944     15.525      4.808 4
  -1   -2     21.096      2.001     -1.316 4
  -1   -2      1.531     -0.350     -7.669 4
  -1   -2     21.985    -16.559      3.272 4
  -1   -2     16.697     13.522     -0.314 4
  -1   -2    -20.663      1.862     12.195 4
  -1   -2      3.147     -2.396      3.189 4
  -1   -2     -0.000      5.739      3.031 4
  -1   -2     16.250     -8.454     -1.438 4
  -1   -2     -3.181     14.091     10.574 4
 438 1397     18.706      9.619     11.295 4
 852  740    -17.339    -10.688      9.591 4
  -1   -2     12.635      7.089     10.029 4
  -1   -2    -12.331      2.147      3.686 4
  -1   -2     20.622     -6.519      3.644 4
  -1   -2    -16.837      6.488      8.252 4
  -1   -2     -1.780     -2.970      5.904 4
  -1   -2     -6.447     -0.387      4.374 4
  -1  379    -17.292      7.922     12.088 4
  -1   -2     18.424     15.606      3.613 4
 324   -2    -19.462     -8.827     12.008 4
  -1   -2     -2.277      5.971     -1.118 4
  -1   -2     -0.185    -10.865      1.852 4
  14  576    -14.775     -1.357      6.467 4
1044  572     -4.552     -0.830     10.206 4
  -1   -2    -15.249      5.827      1.095 4
  -1  289    -13.514      7.075     -1.049 4
  -1   -2     20.342      7.514     -7.646 4
  -1   -2     16.377      6.798      4.453 4
  -1   -2      4.685    -11.791      6.596 4
  -1   -2     -5.704      6.169    -10.527 4
  -1   -2      0.137     15.216      1.827 4
  -1   -2     21.945      1.365     11.226 4
  -1   -2     13.758      1.163     -1.362 4
  -1   -2     22.876     -4.024      0.446 4
 409   -2     20.945    -10.306      7.145 4
  -1   -2     12.310      9.726     -4.417 4
  -1   -2      0.861      4.783     -6.965 4
  -1   -2     10.805     -6.930      4.592 4
 250   76     16.754     -6.069      4.473 4
  -1   -2     11.090     13.221      6.485 4
 179  350     -7.959     15.947     11.090 4
  -1   -2     -3.764      8.950     10.331 4
  -1   -2     18.285     10.636     -4.424 4
  -1   -2    -12.580     -8.022      7.870 4
  -1   -2    -20.568     -7.381     12.024 4
  -1   -2     -5.769      5.952     -0.084 4
  -1   -2    -11.016      0.943      4.957 4
  -1  423     11.500     -4.338     10.978 4
  -1   -2    -16.530     14.635      3.345 4
 348   -2     -5.873     -1.973     12.548 4
 656  240     -6.679     -0.596      8.787 4
  -1   -2     -6.329     -8.769      7.248 4
 587   -2     -2.102     14.099      4.447 4
 520   -2     22.037     -4.974      8.339 4
  -1   -2      3.902     -6.360      1.843 4
  -1   -2     17.441      4.504     12.134 4
 133   -2     25.483      7.320      8.875 4
  -1   -2     -1.624      8.097      5.143 4
  -1   -2     11.413      3.961      3.752 4
  -1   -2     -9.802      9.191      9.422 4
  -1   -2     -1.423      4.582      6.339 4
  -1   -2     18.782      3.997     12.574 4
  -1   -2    -11.902     13.742     -1.859 4
  -1   -2     -3.180     -9.344     10.420 4
  -1   -2     24.539     -0.046     10.194 4
  -1   -2    -17.579      0.574     10.382 4
 147   -2      7.791      2.412     12.220 4
  -1   -2     -9.988     -6.347      7.460 4
  -1   -2      3.115     -4.244      8.598 4
 531  437     24.253     -8.388     10.520 4
  -1   -2    -14.593     -1.485      0.848 4
  -1  255      0.043      1.217     11.294 4
  -1   -2     19.181     -2.259     -3.695 4
  -1   -2    -17.633      5.551      8.931 4
  -1   -2     10.919     -0.997      6.390 4
  -1   -2    -14.836     -2.851      4.609 4
  -1   -2     -2.871      4.117     11.996 4
  -1   -2      3.686      6.155     11.016 4
  -1 1310     23.007     12.607     11.157 4
  -1   -2     -2.150     -7.468      8.551 4
  -1   -2     -1.894      4.336     -0.048 4
  -1   -2     20.905      4.336      2.574 4
  -1   -2    -14.364      6.982     -6.604 4
  -1   -2     -9.712      1.287      8.518 4
  -1   -2     20.202     -8.053      2.365 4
  -1   -2     11.505      4.421      0.013 4
  -1   -2     19.328     -6.450      1.818 4
  -1   -2     24.257     -7.985      7.020 4
  -1   -2     -6.785     15.319     11.799 4
  -1   -2     22.195     16.164      8.831 4
  -1   -2    -16.476      1.414     -4.626 4
  -1   -2     22.686     -6.840      3.369 4
  -1   -2     20.744    -10.265     10.341 4
  -1   -2    -11.571    -10.968      6.923 4
  -1   -2     12.521     14.056      3.009 4
  -1  950      5.752     -1.687     11.286 4
  -1   -2     15.673     15.570      3.753 4
  -1   -2    -16.335     11.421      2.405 4
  -1   -2     12.066      5.477      6.195 4
  -1   -2     15.944     -6.268     11.219 4
  -1   -2     19.262      4.641      6.661 4
  -1   -2     12.318     -3.593      4.021 4
  -1   -2      7.525     -3.333     11.862 4
  -1 1395     19.632     16.200     11.384 4
  -1   -2    -16.830     -2.039      5.192 4
  -1   -2     -3.444     -6.506     10.072 4
 552   -2     17.661     13.016      6.755 4
 594 1403      9.179    -11.163     -6.392 4
  -1   -2      4.891     -1.589     -3.340 4
  -1   -2      7.864     -2.015    -11.962 4
  -1  270     23.963     10.148      6.768 4
  -1  384    -10.850     -1.864      6.299 4
  -1   -2     -2.577     -2.603     -9.956 4
  -1   -2     -0.021      4.710     -7.702 4
  -1   -2     15.605     -3.399     11.410 4
  -1   -2     19.230     -9.169      0.566 4
1050  868    -11.368     15.279     10.033 4
 811   -2      5.529     15.124      9.905 4
 210  502     23.354     -2.228      8.629 4
 542 1238     -6.140    -14.490      9.113 4
  -1   -2      8.041     -9.833      1.501 4
  -1   -2      1.613     -4.395      3.891 4
  -1   -2     24.339     -4.561      8.390 4
  -1   -2      8.744     13.960     12.236 4
  -1   -2     10.164     -7.070      7.932 4
  -1   -2    -10.827     -7.915     -2.549 4
  -1   -2      7.211     -0.547     -2.307 4
 802   -2     -5.124     12.380      8.504 4
  -1   -2     18.745     -7.450     -3.099 4
  -1   -2     12.040     -3.060     -6.401 4
  -1 1140     15.305     17.720     12.180 4
 188   -2     -6.670     14.414     10.968 4
  -1   -2     13.638     -3.051      9.533 4
  -1   -2     16.452     10.854    -11.677 4
  -1   -2    -16.799     -1.127     10.979 4
  -1   -2     -8.564      7.433     -1.679 4
  -1   -2      7.173      9.330     -4.749 4
  -1   -2     10.893     -0.674     -8.797 4
  -1   -2     20.604      6.109     11.363 4
  -1   -2    -12.405      8.188    -10.777 4
  -1   -2     19.952      2.417      0.195 4
  -1   -2     17.793     -3.912     10.912 4
  -1   -2      0.699      5.032     -2.370 4
  -1   -2      2.224      5.032      9.779 4
  -1   -2     20.205      7.009      5.683 4
  -1   -2     -9.674     -7.262      8.449 4
  -1   -2     20.438     -3.432      7.141 4
  -1   -2     11.198      0.365      5.574 4
  -1   -2     21.608      7.824     -4.104 4
 479  518     -6.345    -11.616     -6.410 4
  -1   -2      8.021      4.440     11.323 4
  -1  456     19.927      3.191      7.755 4
  -1   -2     20.681     -6.837     -5.978 4
  -1  481     -9.453    -10.782      3.021 4
 991  989     23.278      7.836      5.535 4
  -1   -2     -6.318    -10.343      6.175 4
 807  532      0.140      2.079      3.051 4
 791   -2      7.590      9.324      4.934 4
  -1   -2     -4.630     14.014      1.908 4
  -1   -2     17.802      8.481     -4.722 4
  -1   -2     -0.035      8.997      9.967 4
  -1   -2     20.842     -2.842     10.929 4
  -1   -2     -5.440      5.414      6.919 4
  -1  102      1.240      3.601      8.388 4
 280  642      6.024      6.934      2.399 4
  -1   -2     23.334     -0.725      3.555 4
1090  399     26.408     -3.250     11.474 4
 525  495     -6.019    -13.767     -2.589 4
  -1  161      5.106      9.221      7.752 4
  -1   -2     15.598      4.082     -2.944 4
  -1   -2    -10.137     -4.853     -9.520 4
  -1   -2     18.942      7.874     -2.275 4
  -1   -2      8.323     -2.243     12.049 4
  -1   -2      2.050     -5.341     -1.728 4
 149  700     22.865     -2.547     11.997 4
  -1   -2     -0.874    -12.294      9.043 4
  -1   -2     -0.619      0.804     -9.390 4
  -1   -2     17.159     16.820      5.116 4
 496  614     24.646      8.939      5.625 4
 386   -2     20.936     16.591      3.242 4
  -1   -2      8.139      7.494     -0.045 4
 514  531    -13.669     16.104      8.031 4
  -1   -2     -8.669     -0.268      8.769 4
  -1   -2      5.978     13.986      0.906 4
  -1   -2     -7.063     -5.734      4.466 4
  -1   -2     13.253    -14.044     -1.381 4
  -1   -2     25.870      1.740      8.018 4
  -1   -2     22.035     -2.422      0.876 4
  -1   -2      9.002    -12.896     -3.793 4
  -1   -2     23.117      5.723     11.206 4
 205  705      9.787      0.982     11.145 4
  -1   -2     11.096      5.403     11.316 4
  -1   -2     14.829     -8.919    -10.073 4
  -1   -2    -19.914     -2.938      9.626 4
  -1   -2     -2.963      4.093      1.930 4
  -1   -2      5.394     13.610     10.392 4
1148  551     21.999     14.497      9.186 4
  -1   -2     -6.798     -3.886      4.344 4
  -1   -2     21.354      9.651      6.559 4
  -1   -2    -17.516     -1.490     12.125 4
  -1   49     11.802     15.305      1.043 4
  -1   -2     -9.708      3.402      9.782 4
  -1   -2      7.250     12.908     -0.998 4
  -1   -2      4.067      0.662      8.905 4
 820 1022     18.953     16.672      3.858 4
  -1   -2     -7.466     13.384      4.525 4
  -1   -2      1.594     -9.898      3.492 4
  -1   -2    -12.908      1.552      0.272 4
  -1   -2     16.111      3.272      7.717 4
  -1   -2     26.049     -5.936      9.333 4
  -1   -2     25.532      4.260      6.831 4
  -1  111      0.651     -4.180      9.511 4
  -1   -2     14.288    -13.213      9.419 4
 897   -2     18.209     -5.726      2.487 4
  -1   -2      1.545      8.090     11.602 4
  -1   -2    -13.537     -7.186     -1.522 4
  -1   -2    -14.478     -2.406     -0.827 4
 106   -2     19.057     13.311      7.935 4
  -1  577     -9.893    -10.657      8.456 4
  -1   -2     17.950      0.746      8.252 4
  -1   -2     24.520      1.469      1.493 4
  -1   -2      9.436    -13.191     -7.026 4
 975  555     11.868     -7.562     11.091 4
  -1   -2      7.820    -10.654      5.112 4
 720  341      0.595      2.510      7.544 4
  -1   -2     14.649     12.124      2.523 4
  -1   -2     19.148      4.435     -1.518 4
  -1   -2      7.517     -4.843      5.769 4
  -1   -2      3.262     -3.148      9.301 4
  -1   -2     21.941     15.259      2.379 4
  -1   -2     26.946      1.094      7.562 4
  -1  327     17.392     -1.824      7.681 4
  -1   -2     13.927     -4.792     -9.395 4
  -1   -2     23.642      2.514      8.125 4
1122   -2    -16.624     13.109     12.013 4
  -1   -2     -3.241      6.907     -5.876 4
  -1   -2     19.651    -17.219     11.476 4
  -1   -2     18.025     -8.909      4.441 4
  -1   -2     -5.542     -4.505     -4.414 4
  -1   -2     -2.465     -6.636      5.563 4
  -1   -2     13.909     16.647      7.512 4
  -1   -2    -10.515     -4.395      7.891 4
  -1   -2     17.914     11.993      8.550 4
  -1   -2     21.604     10.715      1.592 4
  -1   -2     -3.002     -3.297      9.679 4
  -1  545      9.307      9.800      7.330 4
  -1   -2      2.722      6.833      5.026 4
1007  689     16.265     15.624      7.220 4
  -1   -2     -9.263     13.414     -1.952 4
  -1   -2     -1.091     -2.307      9.463 4
  -1   -2      2.388     -7.080     -3.807 4
  -1   -2     25.407      5.170      4.821 4
1100 1023     17.900     -9.090      9.123 4
  -1   -2      7.641     15.738      8.037 4
  -1  582    -12.076     -6.598      3.468 4
 729   -2      3.348      2.174      7.611 4
  -1   -2     20.148     11.272      0.063 4
  -1   -2      4.579     10.147     -3.120 4
  -1   -2     21.454     -4.050      8.851 4
  -1   -2     -4.210     15.722      3.682 4
  -1   -2     -8.896     -4.782      7.976 4
  -1   -2    -16.884    -12.860      9.060 4
  -1   -2    -14.619     -8.719     12.229 4
  -1   -2      7.013     12.187     11.643 4
  -1   -2    -15.375      7.743     -6.016 4
  -1   -2    -19.247      6.595     10.109 4
  -1   -2     -6.151    -10.452     -2.845 4
  -1   -2     20.069    -12.534      3.334 4
  -1   -2     11.369      6.930      2.065 4
  -1   -2     11.524      1.475      5.064 4
  -1   -2     -1.576     -8.061     -0.891 4
  -1   -2    -19.279     -1.034     11.627 4
 809  687     -9.918     -8.546      1.573 4
 506  562     -5.469    -13.329      6.721 4
  -1   -2    -11.408      0.922    -11.676 4
  -1   -2      2.383     -1.655     11.860 4
  -1   -2     -9.455      2.046     -8.558 4
  -1   -2     10.298     -9.231     10.670 4
  -1   -2     14.825     -5.832     11.665 4
 244   -2    -12.957      0.394      7.668 4
  -1   -2      5.902    -12.683      7.432 4
  -1  323     22.084     -0.733      8.529 4
  -1   -2    -16.862     -9.289      2.853 4
  -1  581    -14.830     -9.765     10.499 4
 398   -2     14.244     -9.304      9.528 4
  -1   -2     13.133     10.687      9.783 4
  -1   -2      0.312     12.008      7.628 4
  -1  541     11.829      8.035     10.327 4
  -1   -2    -12.566      1.372      5.172 4
  -1   -2    -10.718     -2.629      8.744 4
  -1   -2     12.208     13.795     -4.016 4
  -1   -2    -12.069    -14.125      2.692 4
 604  669     18.060     -7.912      7.709 4
  -1   -2     26.392      3.620      9.061 4
  -1   -2    -15.638     13.085      6.812 4
  -1   -2      4.360      1.403     12.240 4
  -1   -2    -19.784     -2.687     11.915 4
  -1   -2      2.136     -5.169     10.420 4
  -1   -2     10.432     10.012      9.790 4
  -1   -2     -5.140     -0.176      3.535 4
  -1   -2     21.608      4.925     11.053 4
  -1   -2     10.775      2.982      0.721 4
 377   -2     -3.117    -11.269      9.776 4
  -1   -2      1.187    -11.198      3.313 4
  -1   -2     -1.874     -9.617      6.593 4
  -1   -2     24.412      5.099      7.105 4
 474  325     13.213     17.060      8.151 4
  -1   -2     -4.974    -13.227     -3.267 4
  -1   -2      6.589     -8.602      2.824 4
  -1   -2    -15.068    -10.338     -0.323 4
  -1   -2     -3.973      8.338      4.252 4
  -1   -2      6.520     -1.215    -12.079 4
  -1   -2     24.636     -6.532      9.815 4
  -1   -2     -4.129     -3.010      4.615 4
 433  287     21.084     10.644      6.145 4
 209 1074     17.558     -1.902     -4.999 4
  -1   -2      5.764     -9.210     12.133 4
1133  397      4.155    -12.668      6.446 4
  -1   -2      7.755     -3.319     10.266 4
  -1   -2     20.515     14.726     11.077 4
  -1   -2     18.616     -6.275     -0.051 4
 262  598     18.782      5.314      7.349 4
  -1   -2     21.624     -6.672      6.774 4
  -1 1246     23.593      8.438     11.228 4
  -1   -2     16.234      8.478      5.818 4
  -1  936     17.042      8.417      0.031 4
  -1   -2     19.845     -1.863      0.686 4
  -1   -2      1.024      2.369      0.018 4
  -1  543    -10.652    -12.479      3.626 4
  -1   -2     14.678     -0.784      8.428 4
  -1   -2      6.983      7.498      9.694 4
  -1   -2     23.386     13.877      6.770 4
 565 1402     21.783      5.965      3.998 4
  -1   -2     13.274     -5.869      4.574 4
  -1   -2     10.301     -0.535      9.122 4
  -1   -2     -4.257     -4.175     10.487 4
 945  165    -13.038     -0.562     10.836 4
  -1  622      4.647      1.954      7.017 4
  -1   -2      7.697      6.169     -1.206 4
  -1  724     21.850    -15.128     11.118 4
  -1   -2     16.296     -6.424      5.824 4
  -1   -2     16.589     17.894      7.972 4
  -1   -2     -8.377     -8.185    -10.713 4
  -1   -2     19.808     11.294      8.470 4
  -1   -2      7.867     -8.699     10.319 4
  -1   -2     18.030     11.482     -2.779 4
  -1   -2    -20.614     -6.079     10.613 4
  -1   -2      7.429     10.449     -5.500 4
  -1   -2      6.226      5.341      4.793 4
  -1   -2      9.370     -3.777      7.455 4
  -1  698     19.252      3.948    -10.143 4
  -1   -2     -5.638     -9.627     11.711 4
  -1   -2     15.907      2.672     -4.108 4
  -1   -2      5.273      7.653      7.269 4
  -1   -2     11.387     -3.931      5.743 4
  -1   -2    -14.629    -11.213     -0.140 4
  -1   -2     -4.719    -14.141     -2.373 4
  -1   -2     15.990      9.483     -8.332 4
  -1   -2     13.959      2.436      6.230 4
 649 1042      5.918    -10.993      8.180 4
  -1   -2     23.218      6.903     10.136 4
  -1   -2      8.843    -13.088     -1.608 4
 394   -2     16.179     14.065     11.141 4
  -1   -2      7.315    -13.834     10.147 4
  -1   -2     -1.266     -5.728      1.082 4
  -1   -2    -15.239      2.875    -10.826 4
  -1   -2      4.799     -1.798     -4.911 4
  -1   -2     16.785    -14.384     -2.888 4
  -1   -2     -5.959     13.357     10.310 4
  -1   -2      7.582     -6.485      2.696 4
  -1   -2     -9.970    -14.309      3.720 4
  -1   -2    -18.106    -10.984     11.110 4
  -1   -2    -13.684    -14.529      8.622 4
  -1   -2     12.763     -4.837     -7.488 4
  -1   -2     16.427     12.295     11.511 4
  -1   -2    -13.291     -6.375      8.649 4
  -1   -2     -0.648      3.609      4.925 4
  -1   -2     26.390      9.069     11.603 4
  -1   -2     -3.308     -3.171      1.171 4
  -1   -2     -9.977     -9.752      3.347 4
  -1   -2     13.596     12.634     11.935 4
  -1   -2     19.057    -10.994     12.314 4
 690   -2     22.901      6.325      1.982 4
  -1   -2     25.483     14.583      9.787 4
  -1   -2    -12.293     14.613      1.152 4
 730  154     -5.318     15.821      4.873 4
  -1   -2     13.595     15.418     12.381 4
  -1   -2     27.325      2.617      8.177 4
  -1   -2     16.732     11.691    -10.774 4
  -1   -2     18.045    -12.944      9.614 4
  -1  128     21.956     11.565      7.761 4
  -1   -2     -2.794      3.629     -8.815 4
  -1   -2     21.787      4.186      7.485 4
  -1   -2     13.594     13.833      2.149 4
  -1   -2      1.811    -18.082      9.920 4
  -1   -2     17.844     13.831     10.252 4
  -1   -2     13.549     -3.589      3.673 4
  -1   -2      0.044    -12.881      3.567 4
  -1  834    -10.816     16.434      8.047 4
  -1   -2     -7.555     -8.184      0.363 4
  -1   -2     25.154    -10.889      7.830 4
  -1   -2    -18.226    -11.432      6.673 4
  -1   -2     -6.059     -7.936      0.673 4
  -1   -2      6.811     12.206     -2.325 4
  -1  310     12.728      4.129     12.103 4
  -1   -2     -2.571     15.437      2.259 4
 482  685     24.241      4.422      6.548 4
  -1   -2      8.661     -4.112     -3.632 4
 993   -2    -12.351      5.795      2.790 4
  -1   -2     22.841     -8.800     -1.602 4
  -1   -2     17.656      9.246    -11.764 4
  -1   -2     18.306    -10.306     -4.290 4
  -1  765    -21.453     -3.386      9.231 4
  -1   -2      4.552     13.135     10.015 4
  -1   -2      7.709      0.179    -10.688 4
  -1   -2     29.764      4.732     10.982 4
  -1   -2      7.907      9.699      8.713 4
  -1   -2     24.011    -14.016     11.376 4
  -1   -2     -9.875      5.497      8.759 4
  -1   -2    -18.907     -7.534      1.383 4
  -1   -2     -2.400     15.159     10.516 4
  -1   -2    -19.361     13.281      3.215 4
  -1   -2    -16.958      0.931      7.899 4
  -1   -2    -10.041     12.494      8.630 4
1048 1409     27.336      0.181     10.589 4
  -1   -2    -12.534     11.136      0.596 4
  -1   -2     -3.839     12.689      5.430 4
  -1   -2     -1.018      0.553     10.565 4
  -1   -2    -11.838     13.486      4.096 4
  -1   -2     21.824      9.882     12.028 4
  -1   -2      9.369     12.323     12.533 4
  -1   -2     16.319    -16.001     11.997 4
 766   -2    -12.270     11.976      8.384 4
  -1   -2     -0.206     11.739      4.048 4
  -1   -2     18.891      3.659    -11.947 4
  -1   -2     10.743     -4.815      6.578 4
  -1  360    -17.222     11.320     10.176 4
  -1   -2     -6.094     16.048     11.375 4
  -1   -2     -4.949      2.962     11.874 4
  -1 1304    -14.335     -7.184      3.517 4
  -1   -2     21.529     12.578     10.271 4
 856 1407      1.166     13.622     -9.886 4
  -1   -2     -5.322      8.862     10.040 4
 524   -2    -18.383     -4.490      1.406 4
 803   -2    -10.208     12.461      9.989 4
  -1   -2     19.763    -15.389     10.952 4
  -1   -2    -11.206     16.543     11.948 4
  -1   -2     28.030      0.849      7.716 4
 735   -2    -14.953     13.656     11.846 4
  -1   -2      2.649      8.376     11.935 4
  -1   -2      8.481     15.814     10.191 4
1157   -2      8.490      4.348     11.524 4
  -1   -2     -0.264     11.663      8.068 4
  -1   -2     -1.590      6.797     11.142 4
  -1   -2      0.010      7.280     10.424 4
  -1   -2     -7.996      4.663      0.796 4
  -1   -2      0.110    -10.420     -8.787 4
  -1   -2    -17.758     -6.678      1.261 4
  -1   -2     19.692     -4.541     -3.469 4
  -1   -2      1.726      9.830      0.546 4
  -1   -2     25.846     -9.815      2.055 4
 259  806    -16.848      2.738     10.945 4
  -1   -2    -20.215     -0.409      6.054 4
  -1   -2      8.815     12.825      8.662 4
  -1   -2      6.837      0.413     10.484 4
  -1   -2     28.457      5.371      9.430 4
 788 1406     -3.490    -17.413      9.994 4
  -1   -2    -20.997     -0.395     10.813 4
 826  916      0.008     16.651     12.209 4
  -1   -2      7.921    -10.415     10.424 4
  -1   -2     26.439      6.533      3.043 4
  -1   -2      3.650      9.179      8.659 4
 780 1405    -16.298     -4.526     -9.100 4
  -1   -2     -1.573     19.365      8.674 4
  -1  231      5.726      9.644     12.067 4
  -1   -2     -2.293      9.636      2.571 4
  -1   -2     -5.054      5.669      7.650 4
 617 1041     -3.999     16.159      6.854 4
  -1  678     22.333     10.469     11.633 4
  -1   -2    -17.678     11.609     -5.307 4
  -1   -2     -8.318     12.684    -11.576 4
  -1  633    -19.419      0.223     10.632 4
  -1   -2      4.105     13.781      8.555 4
  -1  818    -12.240      6.145      6.370 4
  -1   -2     20.985      2.685      7.089 4
  -1  728     18.250     18.664      9.874 4
  -1   -2     -0.739     -3.178     11.412 4
  -1   -2     -8.266     10.480      7.250 4
 743  953     25.838     13.100      9.283 4
  -1   -2     20.335     15.294     -2.829 4
  -1   -2     16.238      6.685      8.432 4
  -1   -2     25.430     -1.287      6.093 4
  -1  717      0.417     -4.294     12.558 4
  -1   -2      6.456      5.898      0.104 4
  -1  585     25.559      9.976      6.262 4
  -1   -2     18.045      9.418      9.525 4
  -1   -2     12.131     -3.537      0.464 4
  -1  771    -19.968      1.598      7.690 4
  -1  372    -17.919     13.181     11.975 4
  -1   -2    -19.871    -14.702      9.669 4
  -1   -2    -16.099     11.327      6.254 4
 301  256    -18.333      5.251     10.274 4
  -1   -2    -14.242      9.618      9.181 4
  -1   -2     -9.556     10.593      7.152 4
  -1   -2     -2.334      4.074      7.820 4
  -1   -2    -15.053      2.353      5.200 4
  -1   -2      4.797     13.444      5.948 4
 789   -2     -2.719     -1.094     10.137 4
  -1   -2      0.038      0.020      6.164 4
  -1   -2     24.254     -4.530     10.586 4
  -1   -2     -4.958    -14.867      7.925 4
  -1   -2     21.373     17.411      6.959 4
  -1   -2     -7.065     11.863     10.308 4
  -1   -2      2.571     -0.973      7.368 4
  -1 1096     15.545    -18.483      9.542 4
  -1   -2      3.001     18.442     10.161 4
  -1   -2     20.488     -0.296      3.925 4
 902  798     25.106     -8.662      0.646 4
  -1   -2     21.864     -3.870      0.461 4
  -1   -2    -19.996     -4.175     11.601 4
  -1  355     -4.527      7.803     10.473 4
  36   -2     -1.810     14.772      6.524 4
  -1   -2    -11.861     -6.682     11.472 4
  -1   -2     -0.478     10.112      1.074 4
  -1   -2      0.502     14.640     12.021 4
  -1   97    -10.551      4.624      8.568 4
  -1   -2     -1.346     11.145     -6.573 4
  -1  528      5.684     -5.824     10.394 4
  -1   -2     -3.089     11.427     10.111 4
  -1   -2     -9.955      4.955      3.634 4
  -1   -2      6.352     -3.101      4.600 4
 892  942     -6.139    -14.150      2.767 4
  -1   -2     13.059     -7.207      5.896 4
  -1  414    -10.061      6.462     -0.629 4
  -1   -2      1.644     14.286     11.310 4
  -1   -2     20.184      8.238     12.462 4
  -1   -2      6.526      5.755      9.069 4
  -1   -2    -15.837     15.184     12.760 4
  -1   -2    -18.235      6.663      9.794 4
 684 1130     -9.468    -14.655     -2.153 4
  -1   -2    -12.557     13.295      5.410 4
  -1   -2    -17.168      0.936      3.984 4
  -1   -2     -6.186      3.239     12.258 4
  -1   -2      4.692     12.648      9.859 4
  -1   -2     -5.920      8.968      1.457 4
  -1   -2      1.085    -13.239      8.111 4
  -1   -2     13.378     17.829      7.980 4
1084  828     -5.270     12.728      1.108 4
  -1   -2     25.335      7.318     -0.557 4
  -1   -2     23.163      4.891     11.653 4
  -1   -2      1.866      9.608     -0.766 4
 420 1396     14.704      5.915     -1.064 4
  -1   -2     15.793     -9.759     11.318 4
  -1   -2     21.995      3.774    -10.619 4
  -1   -2      7.300     -1.287      9.349 4
  -1   -2     20.537     17.402      3.502 4
  -1   -2     -1.903     12.901      9.042 4
  -1   -2    -11.856      8.720      2.814 4
  -1   -2    -17.095      2.429     -3.601 4
  -1  472    -12.963     16.016     10.167 4
  -1   -2     15.109      4.948     12.352 4
  -1   -2      1.636     -8.477      5.693 4
 436   -2     -4.819     16.943     12.212 4
  -1   -2    -13.040      2.490     11.059 4
  -1   -2     14.509    -20.845      7.317 4
  -1   -2    -15.478    -12.373     11.780 4
 810   -2    -10.399     16.992     11.996 4
  -1   -2     17.275     16.048      2.057 4
  -1   -2     17.870      2.664      7.576 4
  -1  996     -2.793      0.957      8.975 4
 982  748     -0.115     16.080     11.277 4
  -1   -2     14.792    -13.199     -6.946 4
  -1   -2    -15.193     -0.550      5.100 4
  -1   -2     14.990    -13.583     -4.831 4
  -1   -2      0.310      7.305     -2.198 4
 778 1031     27.584     12.015     12.057 4
  -1   -2    -11.555      1.084      3.667 4
  -1   -2     -8.482     -3.627      2.331 4
  -1   -2      4.377      6.770     12.578 4
  43   -2     -9.923     -2.757     11.073 4
  -1   -2     -2.293     -2.857      3.446 4
 574   -2      6.726      2.404      3.447 4
  -1   -2     13.796     16.170      4.449 4
  -1   -2     -4.417    -13.230      7.747 4
  -1   -2     24.418      9.878     -5.171 4
  -1   -2    -12.847     12.475      8.499 4
  -1   -2    -19.174     -4.992     10.846 4
  -1   -2     28.676     -6.312     10.571 4
  -1   -2     22.012      8.245     -0.878 4
  -1   -2    -16.758     -6.170      9.188 4
  -1   -2     -8.254     17.861     10.623 4
  -1   -2     11.804     -9.833     10.740 4
  -1   -2      3.561      7.037      8.047 4
  -1  665     15.962      4.716      4.028 4
  -1   -2     22.544     -2.612      6.610 4
  -1   -2      6.486     -7.337     -1.197 4
  -1   -2      8.964     13.966      4.998 4
  -1   -2      4.169      1.155     -1.303 4
  -1   -2     21.663      2.574      9.033 4
  -1   -2      3.432    -13.326     12.655 4
  -1   -2    -19.311      7.753     11.768 4
  -1  726    -14.307     -5.105     11.134 4
  -1   -2      5.133     -8.497      3.140 4
  -1   -2     -2.286      2.459      6.926 4
  -1   -2      6.539     10.440     12.079 4
  -1  224     26.695     -6.184     11.552 4
  -1   -2     -7.299     16.608      4.308 4
  -1   -2     -7.084     -3.547      6.918 4
  -1   -2      7.780     10.724     12.500 4
  -1   -2     -7.293     16.668     -2.079 4
 507   -2     20.650     -5.722      8.919 4
  -1   -2     28.878     10.538     10.520 4
  -1   -2     15.919     -7.814      6.333 4
  -1   -2     27.854      6.871      8.159 4
  -1   -2     17.786     11.954      2.306 4
  -1 1018     25.442     12.211     12.560 4
  -1   -2    -15.967      8.128    -10.300 4
  -1   -2      8.817     -7.996     12.027 4
  -1   -2      5.585     -7.230    -12.226 4
  -1   -2    -19.088    -15.859     10.420 4
  -1   -2    -16.080     -7.372     -4.901 4
 926 1147     -7.930     -6.857     11.789 4
  -1   -2     22.431    -12.462      0.785 4
  -1   -2      4.675     15.965     11.382 4
  -1  371      7.891      5.351      7.886 4
  -1   -2     19.985     16.989     12.222 4
 925   -2    -17.277     14.530     11.430 4
  -1   -2     16.328    -17.137      3.918 4
  -1   -2      7.223     14.855     10.358 4
  -1   -2      2.297      7.910     -0.491 4
  -1   -2     11.869    -18.324      6.511 4
  -1   -2      5.004     -8.360     -1.523 4
  -1   -2     13.026    -14.598      0.666 4
  -1   -2     18.522     16.274      8.274 4
  -1   -2     -6.977     -2.171      6.951 4
  -1   -2      9.631    -10.253     10.312 4
  -1  393     19.234     14.753      5.771 4
  -1   -2     27.470     -3.996      8.994 4
  -1   -2     -7.576     10.081      7.031 4
  -1   -2     -2.742      6.368     -3.507 4
  -1  321     19.568     -4.722      9.128 4
  -1   -2    -14.887     -4.451      0.528 4
  -1   -2     -0.487     -2.478      2.899 4
  -1 1127    -15.032     15.468      9.067 4
  -1   -2     25.161     -2.213     10.993 4
  -1   -2     18.485      8.334     11.359 4
 899   -2    -18.212      7.193     11.968 4
  -1   -2      3.614     -0.496      6.901 4
  -1   -2     -0.334     17.758      9.829 4
  -1   -2     20.980     -5.005      6.778 4
  -1   -2      6.455    -10.567     -5.369 4
  -1 1118     24.405     15.381     10.166 4
  -1   -2      8.044    -12.911      6.299 4
  -1   -2      2.525    -16.029     12.535 4
  -1   -2      0.777     11.401      1.873 4
  -1   -2      1.121    -11.036     -0.023 4
  -1   -2     28.243      5.794     12.378 4
  -1   -2      4.921     10.202      7.577 4
 288  646     -6.440     -9.904     11.963 4
  -1   -2      6.961      0.916      1.641 4
  -1   -2    -12.417     13.069     10.282 4
  -1   -2    -10.188     16.186     10.955 4
  -1   -2     -3.880     -1.365     10.353 4
  -1   -2     -1.252     -6.967      6.658 4
 535  595     25.300     10.997     11.654 4
  -1   -2      6.437      2.951      7.688 4
  -1   -2    -17.133     10.122     11.823 4
  -1   -2      5.260     10.975     10.460 4
  -1   -2    -20.642     -8.483      3.722 4
  -1 1091      9.121     17.557     10.813 4
  -1   -2      1.755      1.965     10.998 4
  -1   -2     18.000     10.504     12.177 4
  -1   -2    -10.768     18.802     10.050 4
  -1   -2     -8.862     -7.500      1.281 4
  -1   -2     14.482     13.687     11.183 4
  -1   -2     -4.262    -11.356     -3.689 4
  -1   -2     21.246    -13.804      1.348 4
  -1   -2     -4.364     14.707     12.626 4
  -1   -2     13.788    -15.814     11.458 4
  -1   -2    -11.089    -10.899     -1.866 4
  -1 1163     -3.325     16.378     11.262 4
  -1   -2     -2.687     11.895      5.977 4
  -1   -2    -19.414      9.260      7.632 4
  -1   -2     26.563      2.697     11.044 4
  -1   -2      4.666      2.337     -1.986 4
  -1   -2      6.420      7.721      9.083 4
  -1  775     -1.882     14.679     11.142 4
  -1   -2      0.949    -14.881      4.450 4
  -1   -2     -4.318     -9.323    -11.653 4
 478 1098    -11.039     -9.558     10.462 4
  -1   -2     -5.476     -8.647    -12.328 4
  -1   -2     -1.028     11.189      9.082 4
  -1   -2     14.727     -7.239    -10.124 4
  -1  845    -17.006     13.297      9.967 4
  -1   -2     -8.145      5.778      2.057 4
  -1   -2      1.633     -8.878      2.902 4
  -1   -2    -17.357      0.112      2.842 4
 646  751     12.497     15.287     11.532 4
  -1   -2     20.781     -6.536     12.393 4
 349   -2     -0.555     14.852      2.402 4
 642 1037     10.435     14.214      8.665 4
  -1   -2      0.006      6.384      7.361 4
  -1   -2     14.511     -9.952      4.640 4
  -1   -2      5.294      6.804      4.003 4
  -1   -2    -10.407     -7.341     11.435 4
 486   -2     -7.921     -6.174     11.313 4
  -1 1364      8.832      6.817     11.342 4
  -1   -2     17.080      0.136     10.132 4
  -1   -2     -1.094    -10.356     11.747 4
  -1   -2     25.102     15.039      0.842 4
  -1   -2      7.589     -9.345      7.803 4
  -1   -2    -14.600      7.382      0.024 4
  -1   -2      3.856    -16.349     -0.964 4
  -1   -2    -11.438     11.529      2.988 4
  -1   -2      8.474      0.413     10.561 4
 611   -2     -2.497      9.483      5.161 4
  -1   -2     12.243      8.045      6.992 4
 703 1185     18.740    -18.129     10.101 4
  -1   -2     21.674     -1.137     12.299 4
  -1 1123     -5.895     -4.349      7.084 4
  -1   -2    -17.548     -4.051     11.834 4
  -1   -2      4.932      5.363      7.169 4
 330   -2     19.510     -8.753      5.580 4
  -1   -2      1.085     -7.858     12.368 4
 976  850     -4.453     14.478      9.558 4
  -1   -2     25.265     12.110      3.075 4
  -1   -2     -5.228    -15.676     11.143 4
 659  563     17.462    -10.290      2.714 4
  -1   -2    -19.204    -10.900      6.436 4
  -1 1119      1.042      6.519     11.175 4
  -1   -2      3.221     -1.494     -3.571 4
 171   -2      8.624      8.661      3.076 4
  -1   -2    -15.688     -8.420      8.669 4
  -1   -2     13.715     -1.028      8.625 4
  -1   -2     -7.301     10.545     11.085 4
  -1   -2    -19.315      9.894     10.922 4
  -1   -2     11.655    -17.483     11.954 4
  -1   -2     13.890      8.796     -0.928 4
  -1   -2     -9.264      8.399     10.239 4
  -1   -2     -7.723    -16.917      3.273 4
  -1   -2     24.294      9.596      7.593 4
  -1   -2      3.330     -8.436     11.406 4
  -1   -2    -12.025    -18.510      6.310 4
 299 1014    -10.009      5.561      2.310 4
  -1   -2    -12.401      8.913     -2.946 4
  -1   -2     10.589     -1.813     -2.694 4
  -1   -2     25.750     16.342     10.824 4
  -1   -2     -7.677    -20.432     10.243 4
  -1   -2     22.767     15.464      7.270 4
  -1   -2     -2.832     -3.699      7.785 4
  -1   -2     -5.138    -10.048      8.129 4
  -1  230     -1.028     11.845      8.962 4
  -1   -2     24.970     -3.712      8.720 4
  -1   -2     -9.485     -5.953      4.807 4
 824 1032     22.982    -10.492      6.861 4
  -1   -2     26.805     10.269      5.333 4
  -1   -2     20.549      4.483     10.717 4
  -1   -2    -17.005    -20.442      7.046 4
  -1   -2     23.839     16.078      2.900 4
 752  611    -15.175    -13.514      3.645 4
  -1   -2    -19.201     12.166      9.312 4
  -1   -2     -3.851    -20.176     12.201 4
  -1   -2      9.179     -2.256      7.758 4
  -1   -2     25.648      6.611     12.494 4
  -1   -2      2.968     -9.750     10.820 4
  -1   -2    -15.627     15.936      9.539 4
  -1   -2      8.760    -18.326      8.736 4
  -1   -2     -3.543     -8.649     -8.900 4
  -1   -2     19.776     -2.264      2.569 4
  -1   -2      8.977     -0.843      0.858 4
  -1   -2    -13.473     11.881     11.548 4
  -1   -2     10.867    -15.246     -0.827 4
  -1   -2      1.742     -6.727     10.155 4
 561   -2    -15.569    -11.641      7.895 4
  -1   -2     16.585     -4.024     11.721 4
  -1   -2     10.748      4.208     12.354 4
  -1   -2     17.930     17.950     12.344 4
  -1   -2      0.182    -16.573      0.519 4
1081  993    -10.166     14.906     11.443 4
  -1   -2    -13.926     15.332     -6.261 4
  -1   -2      0.093     -2.784      5.104 4
  -1   -2     -7.197    -14.202      9.795 4
  -1   -2     -2.671     -3.587     11.522 4
1124  851      6.533    -13.021      9.121 4
  -1  600     17.539     -5.791      8.073 4
  -1   -2     -5.431     -2.846     10.978 4
  -1   -2     19.926     -0.247     11.648 4
  -1   -2     25.902      4.912      7.580 4
  -1   -2      4.225     -7.670      5.238 4
  -1   -2      2.530     14.917      3.524 4
1120 1181     25.719     15.559     10.830 4
  -1   -2     -4.946     17.875      9.243 4
  -1   -2     22.618     12.013     -3.727 4
  -1   -2     13.036    -10.648     11.544 4
  -1   -2      0.664     15.445     12.114 4
  -1   -2     16.166     -9.372      5.084 4
  -1   -2      9.372      2.049     -5.383 4
  -1   -2    -16.527    -15.946     11.147 4
  -1   -2     20.453     -5.233     11.384 4
  -1   -2     21.841     -5.615     10.227 4
  -1   -2     -9.553      8.231     -4.142 4
  -1   -2     26.081     -3.954      3.634 4
  -1   -2     -0.636      0.218     10.855 4
  -1   -2     21.382     10.232      8.816 4
  -1  990      5.681    -17.636      6.459 4
  -1   -2     -6.869    -10.149      1.893 4
  -1   -2     13.757      4.312      8.997 4
  -1   -2    -16.498    -10.978     -2.986 4
  -1   -2    -17.890    -12.801     11.868 4
  -1   -2     17.181     -0.855     11.001 4
  -1   -2     24.355     -1.546      4.039 4
  -1   -2     11.643      8.801      1.305 4
 610 1404     -9.635     13.398      1.826 4
  -1   -2     13.434    -18.621      9.788 4
  -1   -2     -1.320      4.030      5.122 4
  -1   -2      8.922     -3.058      2.432 4
  -1   -2     24.261     12.257     -1.319 4
  -1   -2     -0.564     -7.894     11.270 4
  -1   -2     18.040      8.580      5.858 4
1142   -2     -0.971      8.879      8.803 4
  -1   -2      1.451     -3.541      9.970 4
  -1   -2      5.334     11.464      6.337 4
  -1   -2     -0.543    -13.536      5.554 4
  -1   -2     -2.641     -4.713      1.546 4
  -1   -2      2.721      1.421      7.202 4
  -1   -2      7.439     10.292      4.718 4
  -1   -2    -18.579    -10.867      0.066 4
 602   -2     14.816      9.200      6.868 4
  -1   -2    -11.904      3.049      0.409 4
  -1   -2      0.946     11.438      5.018 4
  -1   -2     14.661      7.203      5.709 4
  -1   -2      6.251     -1.166     11.224 4
  -1   -2     11.757     -8.521      3.363 4
  -1   -2     -3.996    -16.713      3.455 4
  -1   -2      5.642     -3.224      9.829 4
  -1   -2     26.106      9.917     10.462 4
  -1   -2     14.827     -3.497      4.630 4
  -1   -2     18.647     -3.991      6.236 4
  -1   -2     -2.253     -5.586     -9.773 4
  -1   -2     -2.130     -4.254      1.057 4
 951   -2     18.862     15.771     10.407 4
  -1   -2     11.212     11.083     -0.153 4
  -1   -2     13.603     -4.314     10.547 4
  -1   -2     24.879     23.261     10.916 4
  -1   -2     24.329    -22.919      9.512 4
  -1   -2     22.932     20.123     10.377 4
  -1   -2     -4.555    -18.766      8.378 4
  -1   -2     16.583    -23.246      7.128 4
  -1   -2     27.861     10.232     12.832 4
  -1   -2     23.688    -16.991      8.212 4
  -1 1178      3.907    -28.823     -1.860 4
  -1   -2     13.124     32.011     -3.908 4
  -1   -2      7.255    -20.060     12.631 4
  -1   -2     13.886    -19.018      4.042 4
  -1   -2     23.002    -15.120     11.955 4
  -1   -2    -15.090    -19.425      5.077 4
  -1 1184     24.276     21.473     10.673 4
  -1   -2     26.523    -17.361     10.364 4
  -1   -2      1.542    -25.501     -6.710 4
  -1   -2     -7.066    -21.344     12.097 4
  -1   -2     22.013    -18.245     10.477 4
  -1   -2     20.157    -16.173     11.399 4
  -1   -2     23.810    -18.264     10.237 4
  -1   -2     -5.119    -23.562     -3.630 4
  -1   -2     20.157     19.771      9.743 4
  -1   -2    -11.995    -20.685     11.369 4
  -1   -2     -2.136    -25.520     -1.088 4
  -1   -2    -20.655    -14.250     11.056 4
  -1   -2     15.910      1.872     10.600 4
  -1   39     26.085     -2.001      3.403 4
  -1   -2    -11.194     13.877     11.065 4
  -1   -2      1.612      1.248     -5.873 4
  -1   -2     21.240     10.592      4.163 4
  -1   -2     -9.148      8.551      7.664 4
  -1 1366     16.553      3.510     -7.891 4
  -1   44     -6.086     -1.905      8.625 4
  -1   -2      7.962      4.858     10.707 4
  -1   -2     -7.991      2.707      0.279 4
  -1   -2      0.938     -0.962      8.333 4
  -1   -2      3.366      2.423      3.166 4
  -1   -2      4.312      8.684      8.829 4
  -1   -2     18.814     -6.202     10.868 4
  -1   -2     -9.875      1.914     11.553 4
  -1   -2    -11.095     -5.704      8.600 4
  -1   88     25.329     -1.601     10.077 4
  -1   -2     18.883     -1.554    -11.112 4
  -1   -2     14.348     -8.772     -0.503 4
  -1   -2     10.369      3.423     11.817 4
 953 1221     13.444     -6.997      3.883 4
  -1   -2     23.534      4.741      8.082 4
  64   -2     17.248     -1.083      8.795 4
  -1   -2    -14.770     -8.279      5.633 4
  -1   -2     11.886     10.877     11.733 4
  -1   -2     14.032      2.209     -0.459 4
 312 1393     20.063      5.182      0.842 4
  -1   -2     -1.379      3.322      9.939 4
  -1  139     16.496      9.193      2.210 4
  -1   -2    -10.381     10.959      5.795 4
  -1   -2     21.217     -3.976      8.843 4
  -1   -2     12.908      4.697      3.344 4
  -1   -2      7.052     -9.633      5.992 4
  -1  257    -14.262      5.480    -11.596 4
  -1   -2     10.576      8.292     -6.194 4
  -1   -2    -16.128     14.085      9.979 4
  -1   -2     -7.470     12.755      0.510 4
  -1   -2      8.885      3.791      9.236 4
  -1   -2     15.682     17.991     10.043 4
  -1   -2     19.362     14.553      5.099 4
  -1   -2     23.767     -0.190      9.538 4
  -1   -2     -2.302     -5.603     -6.189 4
  -1  301     19.369     -7.528      4.061 4
  -1   -2      2.472      8.800      2.660 4
  -1   -2     15.935     -6.227     11.161 4
  -1   -2      0.123     15.068      1.731 4
  -1   -2     18.485      5.641      1.299 4
 413  485     19.712     16.149     11.549 4
  -1   -2     -6.993     15.480      4.755 4
  -1   -2     -0.143    -10.958      1.695 4
  -1  158     -8.341     -2.393     10.867 4
  -1   -2     -4.228    -15.591      5.333 4
  -1   -2      9.285     -5.054      5.701 4
  -1   -2    -12.540     12.855      7.769 4
  -1   -2     10.267     -1.085      1.092 4
  -1   -2      1.164     -9.592     -1.115 4
  -1   -2     17.587     12.854     10.868 4
  -1   -2     17.039      9.539      3.480 4
  -1  946     11.899    -18.474      6.136 4
  -1   -2    -18.625      7.154      8.551 4
  -1   -2     -2.443     15.133     10.590 4
  -1   -2     14.513    -20.903      7.361 4
  -1   -2    -11.206     16.543     11.948 4
  -1   -2     -7.788     16.192     -0.696 4
  -1   -2    -19.270    -10.738     10.384 4
 882 1056     -7.458     16.717      4.887 4
  -1   -2    -10.058     12.426      3.161 4
  -1   -2     26.458      3.629      9.120 4
  -1   -2    -15.279     -0.612      5.201 4
  -1   -2     21.316     11.091      6.533 4
  -1  933     13.237    -18.976      8.036 4
  -1  643     11.227      3.160     11.434 4
  -1   -2     15.519     15.151      6.434 4
  -1   -2     24.879     23.261     10.916 4
  -1   -2    -11.206     16.543     11.948 4
  -1   -2     15.910      1.872     10.600 4
  -1   -2    -11.194     13.877     11.065 4
  -1   -2      1.612      1.248     -5.873 4
  -1   -2     21.240     10.592      4.163 4
  -1   -2     -9.148      8.551      7.664 4
  -1   -2     16.553      3.510     -7.891 4
  -1   -2     -6.086     -1.905      8.625 4
  -1   -2      7.962      4.858     10.707 4
  -1   -2     -7.991      2.707      0.279 4
  -1   -2      0.938     -0.962      8.333 4
  -1   -2      3.366      2.423      3.166 4
  -1   -2      4.312      8.684      8.829 4
  -1   -2     18.814     -6.202     10.868 4
  -1   -2    -11.095     -5.704      8.600 4
  -1   -2     25.329     -1.601     10.077 4
  -1   -2     18.883     -1.554    -11.112 4
  -1   -2     14.348     -8.772     -0.503 4
  -1   -2     10.369      3.423     11.817 4
  -1   -2     23.534      4.741      8.082 4
  -1   -2    -14.770     -8.279      5.633 4
  -1   -2     11.886     10.877     11.733 4
  -1   -2     14.032      2.209     -0.459 4
  -1   -2     -1.379      3.322      9.939 4
  -1   -2     16.496      9.193      2.210 4
  -1   -2    -10.381     10.959      5.795 4
  -1   -2     12.908      4.697      3.344 4
  -1   -2    -14.262      5.480    -11.596 4
  -1   -2     10.576      8.292     -6.194 4
  -1   -2    -16.128     14.085      9.979 4
  -1   -2     -7.470     12.755      0.510 4
  -1   -2      8.885      3.791      9.236 4
  -1   -2     15.682     17.991     10.043 4
  -1   -2     19.362     14.553      5.099 4
  -1   -2     23.767     -0.190      9.538 4
  -1   -2     -2.302     -5.603     -6.189 4
  -1   -2     19.369     -7.528      4.061 4
  -1   -2      2.472      8.800      2.660 4
  -1   -2     15.935     -6.227     11.161 4
  -1   -2     18.485      5.641      1.299 4
  -1   -2     -6.993     15.480      4.755 4
  -1   -2     -0.143    -10.958      1.695 4
  -1   -2     -8.341     -2.393     10.867 4
  -1   -2     -4.228    -15.591      5.333 4
  -1   -2      9.285     -5.054      5.701 4
  -1   -2    -12.540     12.855      7.769 4
  -1   -2     10.267     -1.085      1.092 4
 500   -2      1.164     -9.592     -1.115 4
  -1   -2     17.587     12.854     10.868 4
  -1   -2     17.039      9.539      3.480 4
  -1   -2     11.899    -18.474      6.136 4
  -1   -2     -2.443     15.133     10.590 4
  -1   -2     14.513    -20.903      7.361 4
  -1   -2    -11.206     16.543     11.948 4
  -1   -2     -7.788     16.192     -0.696 4
  -1   -2    -19.270    -10.738     10.384 4
  -1   -2    -10.058     12.426      3.161 4
 758   -2     26.458      3.629      9.120 4
  -1   -2    -15.279     -0.612      5.201 4
  -1   -2     21.316     11.091      6.533 4
  -1   -2     13.237    -18.976      8.036 4
  -1   -2     11.227      3.160     11.434 4
  -1   -2     15.519     15.151      6.434 4
  -1   -2     24.879     23.261     10.916 4
  -1   -2     15.910      1.872     10.600 4
  -1   -2     26.085     -2.001      3.403 4
  -1   -2    -11.194     13.877     11.065 4
  -1   -2      1.612      1.248     -5.873 4
  -1   -2     21.240     10.592      4.163 4
  -1   -2     -9.148      8.551      7.664 4
  -1   -2     16.553      3.510     -7.891 4
  -1   -2     -6.086     -1.905      8.625 4
  -1   -2      7.962      4.858     10.707 4
  -1   -2     -7.991      2.707      0.279 4
  -1   -2      0.938     -0.962      8.333 4
  -1   -2      3.366      2.423      3.166 4
  -1   -2     18.814     -6.202     10.868 4
  -1   -2     -9.875      1.914     11.553 4
  -1   -2    -11.095     -5.704      8.600 4
  -1   -2     25.329     -1.601     10.077 4
  -1   -2     18.883     -1.554    -11.112 4
  -1   -2     14.348     -8.772     -0.503 4
  -1   -2     10.369      3.423     11.817 4
  -1   -2     23.534      4.741      8.082 4
  -1   -2    -14.770     -8.279      5.633 4
  -1   -2     14.032      2.209     -0.459 4
  -1   -2     -1.379      3.322      9.939 4
  -1   -2     16.496      9.193      2.210 4
  -1   -2    -10.381     10.959      5.795 4
  -1   -2    -14.262      5.480    -11.596 4
  -1   -2     10.576      8.292     -6.194 4
  -1   -2     -7.470     12.755      0.510 4
  -1   -2      8.885      3.791      9.236 4
  -1   -2     15.682     17.991     10.043 4
  -1   -2     19.362     14.553      5.099 4
  -1   -2     23.767     -0.190      9.538 4
  -1   -2     -2.302     -5.603     -6.189 4
  -1   -2     19.369     -7.528      4.061 4
  -1   -2      2.472      8.800      2.660 4
  -1   -2     15.935     -6.227     11.161 4
  -1   -2     18.485      5.641      1.299 4
  -1   -2     -6.993     15.480      4.755 4
  -1   -2     -0.143    -10.958      1.695 4
  -1   -2     -8.341     -2.393     10.867 4
  -1   -2      9.285     -5.054      5.701 4
  -1   -2     10.267     -1.085      1.092 4
  -1   -2     11.899    -18.474      6.136 4
  -1   -2     -2.443     15.133     10.590 4
  -1   -2     14.513    -20.903      7.361 4
  -1   -2    -11.206     16.543     11.948 4
  -1   -2     -7.788     16.192     -0.696 4
  -1   -2    -19.270    -10.738     10.384 4
  -1   -2    -10.058     12.426      3.161 4
  -1   -2    -15.279     -0.612      5.201 4
  -1   -2     21.316     11.091      6.533 4
  -1   -2     13.237    -18.976      8.036 4
  -1   -2     11.227      3.160     11.434 4
  -1   -2     24.879     23.261     10.916 4
   1    1     15.910      1.872     10.600 2
  51   -2     26.085     -2.001      3.403 2
  16 1365    -11.194     13.877     11.065 2
  15 1314      1.612      1.248     -5.873 2
  -1   -2     21.240     10.592      4.163 2
  31   -2     -9.148      8.551      7.664 2
  -1   -2     16.553      3.510     -7.891 2
  -1   -2     -6.086     -1.905      8.625 2
  -1   -2      7.962      4.858     10.707 2
  20 1368     -7.991      2.707      0.279 2
  11   -2      0.938     -0.962      8.333 2
  56   -2      3.366      2.423      3.166 2
 102   -2     18.814     -6.202     10.868 2
  44   -2     -9.875      1.914     11.553 2
  29   -2    -11.095     -5.704      8.600 2
  -1   -2     25.329     -1.601     10.077 2
  47   -2     18.883     -1.554    -11.112 2
 105   -2     14.348     -8.772     -0.503 2
  -1   -2     10.369      3.423     11.817 2
  -1   -2     23.534      4.741      8.082 2
  -1   -2    -14.770     -8.279      5.633 2
  32 1371     14.032      2.209     -0.459 2
 107 1378     -1.379      3.322      9.939 2
 231   -2     16.496      9.193      2.210 2
  -1   -2    -10.381     10.959      5.795 2
 199 1383    -14.262      5.480    -11.596 2
 174   -2     10.576      8.292     -6.194 2
 192   -2     -7.470     12.755      0.510 2
 606  608      8.885      3.791      9.236 2
 453   -2     15.682     17.991     10.043 2
 120 1380     19.362     14.553      5.099 2
 562   -2     23.767     -0.190      9.538 2
 343   -2     -2.302     -5.603     -6.189 2
 309   -2     19.369     -7.528      4.061 2
 197   -2      2.472      8.800      2.660 2
 887 1408     15.935     -6.227     11.161 2
 378   -2     18.485      5.641      1.299 2
  -1   -2     -6.993     15.480      4.755 2
 408   -2     -0.143    -10.958      1.695 2
 362   -2     -8.341     -2.393     10.867 2
 645   -2      9.285     -5.054      5.701 2
 909   -2     10.267     -1.085      1.092 2
 912   -2     11.899    -18.474      6.136 2
 771  114     -2.443     15.133     10.590 2
 818   -2     14.513    -20.903      7.361 2
 797   -2    -11.206     16.543     11.948 2
 954   -2     -7.788     16.192     -0.696 2
 805   -2    -19.270    -10.738     10.384 2
 891   -2    -10.058     12.426      3.161 2
 934   -2    -15.279     -0.612      5.201 2
 261   -2     21.316     11.091      6.533 2
 894   -2     13.237    -18.976      8.036 2
 383   -2     11.227      3.160     11.434 2
1165 1410     24.879     23.261     10.916 2
