1278
  -1    0     15.739      1.969     10.557 4
  -1    3      0.720     10.683     10.634 4
  -1   -2     12.760     -8.847     11.951 4
  -1    6     25.685     -6.696     15.210 4
  -1   -2      1.047     12.861     -4.625 4
  -1   -2      4.511     -6.093     12.586 4
  -1   11      6.697    -10.111      1.477 4
  -1    5     -6.220     -2.056      8.852 4
  -1   -2    -19.515      2.898     14.958 4
  -1   -2    -12.327     14.902     10.950 4
  -1   -2     10.161     12.812     13.673 4
  -1   -2      0.020     12.852     15.254 4
  -1   -2    -18.197      2.169      6.284 4
  -1   -2      2.598     10.289      4.536 4
  -1   -2      8.847     -0.350     14.828 4
  -1   -2      0.911     -0.023      3.842 4
  -1   -2     24.172     -2.188      7.922 4
  -1   -2     12.455      5.337      2.906 4
  -1   -2     -1.941      9.764      7.369 4
  -1   -2      7.030      7.794      6.697 4
  -1   -2    -10.920     -0.396      0.531 4
  -1   -2     -9.331     -2.036      8.435 4
  -1   16     15.766     -3.329      4.560 4
  -1   -2    -12.431     12.948     13.533 4
  -1   -2    -19.401      0.754     14.297 4
  -1   -2    -11.312     -4.296      8.777 4
  -1   -2     15.620     -2.045      2.214 4
  -1   45     20.430      7.495     -7.341 4
  -1   -2     16.533     -8.035      6.529 4
  -1   -2     -3.655      2.476     11.249 4
  -1   -2     27.698     11.928     11.422 4
  -1   -2     -0.471     -9.861     13.849 4
  -1   -2    -11.370     -1.191     10.810 4
  -1   -2     -8.485     13.844     -1.228 4
  -1   -2     20.530     -0.935     11.913 4
  -1   -2     18.658      1.940      5.586 4
  -1   -2    -14.828     10.321      6.293 4
  -1   -2      0.278     -4.472      8.814 4
  -1   -2     -8.995      5.982      4.689 4
  -1   -2     -4.847     13.631      6.395 4
  -1   -2     -4.984     14.850      5.313 4
  -1   -2    -16.468      1.975      9.108 4
  -1   -2     -2.893      4.234     15.107 4
  -1   -2      5.507      0.063     -4.613 4
  -1   -2     -3.521     -0.349      8.105 4
  -1   -2      0.659     -0.558     11.091 4
  -1   -2     16.844    -16.764      9.589 4
  -1   -2    -13.930     -0.949      2.868 4
  -1   -2      4.991      9.260      3.388 4
  -1   53      6.963     -9.630      6.395 4
  -1   -2     -8.817     -2.514      9.391 4
  -1   -2     23.295     -3.551     11.897 4
  -1   -2     18.073      1.934     13.195 4
  -1   -2      8.276      8.914      1.973 4
  -1   86     21.410     10.659      4.215 4
  -1   -2     18.279     -0.296     14.317 4
  -1   -2      7.008     13.070     -1.583 4
  -1   -2    -12.448      1.263      9.219 4
  -1   -2     12.526     10.071     12.274 4
  -1   -2     18.594      4.686      2.646 4
  -1   -2      5.345      0.467     10.462 4
  -1   44      4.623      0.510     14.204 4
  -1   -2    -17.517     -1.660      9.258 4
  -1   -2     13.715      5.377      8.640 4
  -1   -2    -10.350      8.960     -4.906 4
  -1   -2      7.341     17.886     15.024 4
  -1   -2    -16.998     -3.364      4.735 4
  -1   -2    -10.503     -2.263     11.658 4
  -1   -2     -7.835     16.598      8.477 4
  -1   -2      0.198      5.577     -4.633 4
  -1   -2     13.699      3.798      5.317 4
  -1  119      1.886      9.543     12.163 4
  -1   -2     22.293     -5.638     -1.538 4
  -1   -2     17.211     -1.015      8.959 4
  -1   -2     15.731    -10.824      4.314 4
  -1   -2      2.837      6.782     13.063 4
  -1   -2     15.600      4.318      3.599 4
  -1   -2     -0.895     -1.025     11.673 4
  -1   -2     -2.928     -2.585     -0.126 4
  -1   -2     14.237     -0.256     -6.244 4
  -1   -2     -3.119     -3.672     11.157 4
  -1   -2     -4.921     -1.268      7.261 4
  -1   -2     -6.890     -3.497      9.574 4
  -1   -2     17.852     14.626     -2.783 4
  -1   -2     -2.472     14.593      4.832 4
  -1   -2     18.864      9.672     13.091 4
  -1   -2     -9.050      0.993      8.322 4
  -1   -2     -5.504      8.013     -7.549 4
  -1   -2      9.566     -2.945     -0.127 4
  -1   97     17.027     -1.923      9.522 4
  -1   -2     20.665      4.459      2.584 4
  -1   -2    -13.565     11.620      6.520 4
  -1   -2      7.145      5.628      8.440 4
  -1   -2      7.251      9.321      5.726 4
  -1   -2    -12.379     -7.379     12.836 4
  -1   -2     21.601     -6.138     11.550 4
  -1   -2    -21.869      2.975     15.176 4
  -1   -2      0.752      2.801      6.335 4
  -1   54     -2.044     13.180      7.594 4
  -1   -2     10.456     12.738      7.630 4
  -1   -2     -6.251     -4.917     12.566 4
  -1   -2     22.247      7.051     13.902 4
  -1  105      7.004     13.994      9.346 4
  -1  128    -10.443     10.069      8.861 4
  -1   -2    -11.181     -5.437      9.377 4
  -1   -2     10.310     -3.689      2.033 4
  -1   -2     10.844     -4.046     14.684 4
  -1   -2     11.900      6.344     13.085 4
  -1   -2     13.709      5.643     12.996 4
  -1   -2      1.532      7.907      5.907 4
  -1   -2     16.693     -6.492      5.979 4
  -1   -2     14.079     -1.208     -0.779 4
  -1   -2     -4.257      4.834      4.971 4
  -1   -2     12.413      2.627     -0.292 4
  -1  472     25.625     -5.223      5.715 4
  -1   -2     12.316     -0.377      3.791 4
  -1   -2      7.421      1.918     13.143 4
  -1   -2      6.699     -8.432     10.095 4
  -1   -2    -16.883      4.003      1.314 4
  -1   -2      9.946     -8.770      0.469 4
  -1   -2    -12.534     -3.727      2.215 4
  -1   -2      7.259      5.049      9.488 4
  -1   -2     -7.247      2.277      6.398 4
  -1   -2     18.025      9.914     -7.380 4
  -1   -2     14.941      2.938     -6.774 4
  -1   -2     -7.367     11.548     14.952 4
  -1   -2     13.731      2.826     13.617 4
  -1   -2      6.900     -3.152      6.914 4
  -1   -2      6.107      0.502     -1.422 4
  -1   -2    -10.358     -3.830     -1.666 4
  -1   -2      3.613      8.736     14.269 4
  -1  180     13.805     14.570     12.350 4
  -1   -2      7.534      2.497     13.333 4
  -1  181     12.559     11.745      8.034 4
  -1   -2      6.023      9.871      7.977 4
  -1   -2      9.115      8.877     -1.248 4
  -1   -2     23.576      0.449      7.842 4
  -1   -2      0.921     -4.256     -3.365 4
  -1   -2     17.260      8.340     -2.189 4
  -1  244     23.755      3.303      3.220 4
  -1   -2     23.900     10.987     12.144 4
  -1   -2      7.226      6.920      0.233 4
  -1   -2     13.410      9.518     -7.927 4
  -1   -2    -13.825     12.357      8.386 4
  -1   -2      7.703     -0.212     -0.493 4
  -1   -2     17.808     12.594      7.236 4
  -1   -2     18.121      5.902     -4.030 4
  -1   -2      7.854      0.708     13.824 4
  -1   -2    -13.882      0.121      2.567 4
  -1   -2     -2.289      2.320      6.501 4
  -1   -2     27.126      2.611     13.950 4
  -1  221     20.571      6.473      6.852 4
  -1   -2      2.502      0.176     12.734 4
  -1   -2     13.910      0.454     -5.327 4
  -1   -2     11.387     11.405      6.271 4
  -1   -2     18.741      2.073     -7.137 4
  -1   -2     -2.667     15.129      8.486 4
  -1  104     10.788     -6.672     11.200 4
  -1   -2     12.450      5.885     -1.856 4
  -1   -2     18.189      0.819     13.071 4
  -1   -2     -9.047      2.349     11.030 4
  -1   -2     12.591     14.028      3.105 4
  -1   -2    -12.535     -4.734     -6.509 4
  -1  117      7.975     -1.429     13.018 4
  -1   -2    -17.438      0.426     -0.033 4
  -1   -2      6.605     -0.416      0.627 4
  -1   -2     21.212     14.944      1.850 4
  -1   -2      7.036      3.025      2.072 4
  -1   -2     11.833     12.771     14.417 4
  -1   -2     -4.535     -0.818     10.423 4
  -1  196     16.681      0.867     -2.808 4
  -1   -2    -15.831      9.507     13.585 4
  -1   -2    -19.758     -3.395     11.184 4
  -1   -2    -13.126      1.405      4.241 4
  -1   -2      5.628     -0.171      4.653 4
  -1   -2     18.488     -6.395      2.288 4
  -1   -2     19.575     11.947      8.867 4
  -1   -2      9.978     -0.906     -9.346 4
  -1   -2     16.877     -0.575     -7.638 4
  -1   -2    -18.878      6.978     12.249 4
  -1   -2     11.731     -0.564      7.179 4
  -1   -2     15.999      6.493     -2.610 4
  -1  148     -3.946     14.289     13.734 4
  -1   -2     20.183     -3.336     14.237 4
  -1   -2     20.438      1.651     15.069 4
  -1   -2     25.560      3.268      8.188 4
  -1   -2      8.584     -2.534     13.144 4
  -1   -2     15.113      9.710     -9.271 4
  -1   -2     22.303      3.807      8.256 4
  -1  164     -9.579     13.960     -0.070 4
  -1   -2      8.122    -11.671     -4.422 4
  -1  233     -4.909     -4.268     10.952 4
  -1   -2     14.635     -5.334      5.678 4
  -1   -2    -12.502     11.593     10.534 4
  -1   -2     22.906     -3.484     13.723 4
  -1   -2      8.616     -3.940      9.567 4
  -1   -2      0.296      7.186     -4.781 4
  -1   -2      5.052      6.339      7.134 4
  -1   -2      1.433     12.093      4.075 4
  -1   -2     -6.487     10.610     14.707 4
  -1   -2     26.328      3.027      6.161 4
  -1   -2     11.293     14.324      3.271 4
  -1   -2    -17.744     12.027     12.234 4
  -1   -2     -5.436     12.260      8.872 4
  -1   -2      6.494      2.619     13.043 4
  -1   -2     -7.695     13.500      5.103 4
  -1  110     14.672      3.194      9.641 4
  -1   -2     12.275     -3.604     12.813 4
  -1   -2     21.430      0.422      0.086 4
  -1   -2     18.496     -4.051      0.500 4
  -1   -2     23.173     -5.694      4.053 4
  -1   -2      5.137     -3.944      1.372 4
  -1   -2      4.799      5.657     -8.609 4
  -1   -2     19.323     15.478      3.434 4
  -1   -2     17.084     17.966      8.666 4
  -1   -2     15.212     -0.127     -1.067 4
  -1   46      4.019     -9.538     13.087 4
  -1   -2    -17.762     -7.412     10.283 4
  -1   -2     -5.116    -12.889      5.883 4
  -1   -2     19.223     -0.179     11.475 4
  -1  235     -2.652     10.171      3.927 4
  -1   -2      7.015     13.786      0.378 4
  -1   -2     24.603      9.261      7.176 4
  -1   -2     22.514      3.504     11.255 4
  -1   -2     19.487     -4.045     14.014 4
  -1   -2     22.620     -1.810     10.842 4
  -1   -2    -14.744      2.468      9.209 4
  -1   -2      6.482      0.204      8.108 4
  -1   -2     -4.219      0.445      5.876 4
  -1   -2     22.932      9.106      9.406 4
  -1   -2    -10.995     10.856     -1.014 4
  -1   -2     19.844     -2.095      0.502 4
  -1   -2     19.507      7.489     11.851 4
  -1   -2     -0.772      2.809      7.827 4
  -1   -2     20.684     -6.559      3.935 4
  -1   -2     17.491     11.489      7.404 4
  -1   -2     18.899      3.614     -2.686 4
  -1   -2      5.198     -2.404     -2.249 4
  -1   -2      1.706     11.807      9.992 4
  -1   -2     -6.849     10.761     10.440 4
  -1   -2     24.408      6.618     11.143 4
  -1   -2    -14.162      3.507     10.605 4
  -1   -2     -8.438     -5.208     10.576 4
  -1   -2      9.574     10.600      4.931 4
  -1   -2    -16.880     -6.265     12.537 4
  -1   -2     23.536     12.119     12.950 4
  -1   -2     12.251     -2.462      2.807 4
  -1   -2     -6.902     -1.629     14.909 4
  -1   -2      2.640     11.114     -6.168 4
  -1   -2    -19.013     -4.004      4.871 4
  -1   -2     12.412     -0.769     11.967 4
  -1   -2      9.101      6.132     12.093 4
  -1   -2     21.495     14.196     15.048 4
  -1   -2     19.647      3.896     -2.420 4
  -1   -2      4.915     -6.250     12.023 4
  -1   -2     19.865     -7.410     14.342 4
  -1   -2     20.202     12.153      6.149 4
  -1   -2    -14.168     13.257      7.893 4
  -1   -2      4.321     15.468      0.975 4
  -1   -2     26.316     -0.213      8.537 4
  -1   -2     19.844      5.074      1.494 4
  -1  280     -4.288     -2.920      1.264 4
  -1   -2     21.407      2.267      9.771 4
  -1  112    -14.417      5.251     -5.345 4
  -1   -2     23.830      8.874     13.907 4
  -1   -2     -8.396     -1.655     -0.104 4
  -1   -2     -1.970      3.364      9.233 4
  -1   -2    -11.018     14.186      6.734 4
  -1   -2     25.421      8.274      9.510 4
  -1   -2      3.294     -3.566     11.050 4
  -1   -2    -15.153    -11.098      0.793 4
  -1  194      2.404      4.958      4.513 4
  -1   -2      5.505     11.413     14.634 4
  -1   -2     -0.142      0.804      5.676 4
  -1   -2     16.673    -11.580     -8.705 4
  -1   -2     10.614     11.288     -8.218 4
  -1   -2     21.603      9.623     -5.374 4
  -1   -2    -14.483      9.704     -0.662 4
  -1   -2    -13.234     -0.831     11.085 4
  -1   -2     22.782      7.435      0.791 4
  -1   -2     -4.121      4.996      0.081 4
  -1   -2    -13.909     -9.416     12.829 4
  -1   -2     10.929     -5.577      9.604 4
  -1   -2     11.345      3.298     11.084 4
  -1   -2     -6.349     14.298      5.734 4
  -1   -2     19.389     16.604      4.065 4
  -1   -2     13.428      5.256     -7.019 4
  -1   -2     12.007      1.531     10.345 4
  -1   -2      2.640     -1.653      5.605 4
  -1   -2      0.418     -1.391      5.388 4
  -1   -2     22.255     -6.205     14.880 4
  -1   -2     10.492     -3.552     13.062 4
  -1   -2     10.106     -5.797      2.899 4
  -1   -2      9.500     15.411      3.161 4
  -1   -2     13.619      4.353     11.073 4
  -1   -2     10.269      2.019     13.322 4
  -1   -2     13.823     -6.090     -7.024 4
  -1   -2     21.376      7.408      1.979 4
  -1   -2      3.405      0.491     14.132 4
  -1   -2      7.313     11.572     14.352 4
  -1   -2    -16.554      4.872     -5.049 4
  -1   -2    -14.988      7.171     -0.082 4
  -1   -2     25.533     12.305     12.522 4
  -1   -2    -11.152     10.550     -5.566 4
  -1   -2      4.336     12.015     11.622 4
  -1   -2     11.080      5.149     12.565 4
  -1   -2     22.867     -4.266      1.158 4
  -1   -2     -7.168      7.837     -8.740 4
  -1  310      0.836    -21.232     14.863 4
  -1   -2      9.202      0.845     -1.546 4
  -1   -2     25.328      3.463      3.262 4
  -1   -2     13.293     -8.068      6.021 4
  -1   -2     -9.555     -5.696      5.468 4
  -1   -2    -18.704      5.098      3.888 4
  -1   -2     20.137     -3.975     -1.465 4
  -1   -2     -9.925     16.082     11.709 4
  -1   -2      4.583      8.721     10.625 4
  -1   -2     -8.377     -9.808     -9.909 4
  -1   -2      3.205      4.069      9.931 4
  -1   -2     19.937      1.474     11.401 4
  -1   -2     26.660      8.139     12.435 4
  -1   -2     11.390      2.044     13.108 4
  -1   -2     -2.164     -2.414      7.083 4
  -1   -2      5.555     14.878      9.544 4
  -1   -2     -2.040     -6.686     -9.427 4
  -1   -2    -19.276     -2.995      8.769 4
  -1   -2    -14.379    -12.283     13.014 4
  -1   -2      4.521     -2.945     14.042 4
  -1   -2    -17.176      0.403     13.140 4
  -1   -2    -12.659     16.878     14.774 4
  -1   -2    -12.073     -4.408     -4.513 4
  -1   -2    -10.723      0.510     10.319 4
  -1   -2     -8.890      4.991     -5.706 4
  -1   -2     21.084      4.553     12.722 4
  -1   -2     24.486     13.620     12.053 4
  -1   -2     -0.975     12.758     -5.972 4
  -1   -2    -13.793     14.541      4.300 4
  -1   -2     -2.559      7.392      3.799 4
  -1   -2     -5.416     -5.526     11.768 4
  -1   -2    -10.731     -2.227     -6.366 4
  -1   -2      6.537      5.306      3.035 4
  -1   -2    -12.054      5.512     -5.958 4
  -1   -2    -13.379      0.976      9.291 4
  -1   -2      0.589      5.956     -1.420 4
  -1   -2    -13.825      4.712      0.440 4
  -1   -2     17.921      8.471     10.242 4
  -1   -2     19.780     12.337      4.217 4
  -1   -2     10.462     17.637     10.387 4
  -1   -2     18.295      7.671     -2.844 4
  -1   -2     23.497      6.666      1.705 4
  -1   -2     -1.540     16.905     12.869 4
  -1   -2     13.262     -6.832      4.788 4
  -1   -2     22.661      8.993     13.314 4
  -1   -2     15.886     -7.550      9.949 4
  -1   -2     19.140     -9.138      0.647 4
  -1   -2     14.416     17.538      9.866 4
  -1   -2    -16.955     10.621      8.118 4
  -1  243     24.926     10.700      5.147 4
  -1   -2     10.379     -3.352     -8.258 4
  -1  118     15.550     10.803      9.990 4
  -1   -2    -14.302     -2.564      4.620 4
  -1   -2    -21.483     -3.325     13.603 4
  -1   -2    -16.302      4.065     -4.264 4
  -1   -2     16.035      9.247     11.530 4
  -1   -2     14.526     -1.521     -9.589 4
  -1   -2     21.888     -1.605      9.073 4
  -1   -2      4.959    -12.187      8.845 4
  -1   -2     17.018      6.971     -1.707 4
  -1   -2      5.747     -1.955      5.538 4
  -1   -2      7.999     -4.182     13.352 4
  -1   -2     15.299      9.929      7.745 4
  -1   -2    -16.800     14.228     15.009 4
  -1   -2     13.288     11.291     14.369 4
  -1   -2     15.278     15.376      7.307 4
  -1   -2      6.160      4.227     -6.503 4
  -1   -2     23.161     -1.810      7.083 4
  -1   -2     16.266     15.212      0.770 4
  -1   -2     -1.306     -4.971     -1.234 4
  -1  206      8.505      3.337      3.464 4
  -1   -2      4.253      0.670     12.171 4
  -1   -2    -10.301     12.957     -0.279 4
  -1   -2     25.005      1.359     12.854 4
  -1   -2     13.240      3.012     13.394 4
  -1   -2     13.577    -12.310     -5.456 4
  -1   -2     -2.307      7.939      9.781 4
  -1   -2     12.536     -2.143     11.248 4
  -1   -2     -4.141     -7.877      9.797 4
  -1   -2     18.824     -0.519     -6.843 4
  -1   -2     13.484     -3.275     -9.356 4
  -1  343    -16.306     -2.017     10.915 4
  -1   -2      6.516     13.081     12.579 4
  -1   -2     -2.557     14.581     11.824 4
  -1   -2     17.839     12.191     -0.899 4
  -1   -2     -5.022     -2.516      8.562 4
  -1   -2      2.581     10.106      1.332 4
  -1   -2      6.529     -8.768      2.790 4
  -1   -2     14.800     -2.441     14.429 4
  -1   -2     -7.084      7.082      0.495 4
  -1   -2    -17.163     13.733      9.209 4
  -1   -2     12.659      7.112      9.966 4
  -1   -2     -5.001      9.989     14.506 4
  -1   -2    -14.140     -1.398      7.452 4
  -1   -2     13.264     10.864     -0.877 4
  -1   -2     22.395      4.118      3.733 4
  -1   -2     -3.541     -3.195      6.950 4
  -1   -2     22.272     -1.584      5.895 4
  -1   -2     -6.117     -7.143     14.542 4
  -1   -2      1.491     -0.197      6.694 4
  -1   -2     18.704      1.775     11.478 4
  -1   -2     13.788     16.812      7.124 4
  -1   -2     17.465     14.086     11.582 4
  -1   -2    -20.297      1.612     10.735 4
  -1   -2    -13.881      1.324     13.549 4
  -1   -2     23.448     13.430     12.674 4
  -1   -2     -4.651     -8.056     14.287 4
  -1   -2     15.081     -8.133     -5.167 4
  -1   -2    -13.807     -6.096     13.290 4
  -1   -2    -18.858     11.997      9.484 4
  -1   -2     14.936    -11.042      7.132 4
  -1   -2     -5.939     -2.035     12.815 4
  -1   -2     -6.052     15.528      6.544 4
  -1   -2     22.759      6.162      5.531 4
  -1   -2     24.385     11.247      9.214 4
  -1   -2    -12.059     -7.429      4.031 4
  -1   -2     15.971     18.107     12.044 4
  -1   -2     25.129      3.715      5.064 4
  -1   -2    -11.095     11.826      1.246 4
  -1   -2     15.729     -8.781      1.545 4
  -1   -2    -15.151     -3.148      9.524 4
  -1   -2     14.949     11.407     13.698 4
  -1   -2     24.914      0.592      9.994 4
  -1   -2     -0.335     16.515      9.567 4
  -1   -2     16.497    -15.920     11.881 4
  -1   -2     -2.212     -4.588      0.070 4
  -1   -2     16.306      4.609      1.926 4
  -1   -2      7.358      8.135     -4.800 4
  -1   -2     12.238      5.684      9.353 4
  -1   -2      7.562    -10.297     -8.351 4
  -1  371      5.540     -8.149     -3.076 4
  -1   -2     14.748      0.236     14.401 4
  -1   -2     20.429      6.861     14.486 4
  -1   -2     -0.531     -4.169      4.844 4
  -1   -2     11.044     10.903     -2.629 4
  -1   -2     -4.053      0.871     -9.596 4
  -1   -2     22.367     14.359     11.954 4
  -1   -2      2.581    -11.703      3.942 4
  -1   -2      7.493      8.116      0.350 4
  -1   -2     11.019      7.757     11.737 4
  -1   -2     21.891      9.257     -3.408 4
  -1   -2    -16.805      5.087     -1.705 4
  -1  424    -11.520      4.342     12.054 4
  -1   -2     15.152      7.117     13.310 4
  -1   -2     27.159     -6.895      8.966 4
  -1   -2     -4.778     13.274      2.502 4
  -1  445      8.373     13.763     -5.700 4
  -1   -2    -11.658      8.887     11.942 4
  -1   -2      1.999      0.675     -7.555 4
  -1   25     -9.581      8.971      7.331 4
  -1   -2     20.427     -4.110     14.191 4
  -1   -2    -12.887      6.307      8.120 4
  -1   -2    -11.911      9.448      3.522 4
  -1   -2     -8.709     -7.706      0.149 4
  -1   -2     -9.486      5.937      0.876 4
  -1   -2     -2.725      0.470      4.511 4
  -1   -2      0.923     10.148      2.961 4
  -1   -2     -0.783      1.639     13.358 4
  -1   -2    -20.181      6.640      7.671 4
  -1   -2     10.457     -4.501     13.919 4
  -1   -2     -5.608     11.548      3.915 4
  -1   -2     16.655     11.001      0.871 4
  -1   -2     -1.538      5.828     -6.845 4
  -1   -2    -20.602     -1.760      7.552 4
  -1   -2    -10.551     -4.549      3.814 4
  -1   -2     12.065      8.666      0.958 4
  -1   -2    -16.003     12.305     -4.496 4
  -1   -2     -7.239     -6.366     13.497 4
  -1   -2     15.917      7.137      8.949 4
  -1   -2      1.914      7.627     13.946 4
  -1   -2    -14.680      2.866     -2.453 4
  -1   -2      0.309      5.591     13.705 4
  -1   -2      7.870      9.973     12.703 4
  -1  306      5.796     -5.884      9.703 4
  -1   -2    -10.825      9.254      2.259 4
  -1   -2     -6.884      1.051      0.815 4
  -1   -2      7.095     10.070     14.248 4
  -1   -2      5.478      8.917      7.824 4
  -1   -2     -1.454     -0.933      4.976 4
  -1   -2     10.324      3.430     11.235 4
  -1   -2     -9.715     -3.121     11.769 4
  -1   -2    -12.134      7.158     14.386 4
  -1   -2    -17.996      5.201      8.036 4
  -1   -2     21.630     -1.508     10.743 4
  -1   -2     13.846     -9.760      8.422 4
  -1   -2     -3.863      3.906      7.214 4
  -1   -2      8.646     -0.881      5.776 4
  -1   -2     18.549     14.148     15.060 4
  -1   -2     25.087      5.282     10.763 4
  -1   -2     12.403     -7.547      2.417 4
  -1   -2     24.749      3.163     11.963 4
  -1   -2    -12.616      9.562      4.610 4
  -1  540      1.468     11.019     11.414 4
  -1   -2     -5.465      6.836     14.264 4
  -1   -2      9.188      9.916      5.206 4
  -1  497     19.619    -15.489     11.353 4
  -1   -2     11.434     -6.035      4.991 4
  -1   -2      7.372      3.181      5.703 4
  -1   -2    -13.581     -8.384      6.280 4
  -1   -2     24.736     -5.645      4.504 4
  -1   -2     -2.953     -3.975      7.816 4
  -1   -2     -8.147     15.578     10.887 4
  -1   -2     16.010    -11.798      5.242 4
  -1   -2     -1.038     11.590     -8.600 4
  -1   -2    -15.710     -5.348     -3.003 4
  -1   -2      3.857     11.418     -9.981 4
  -1   -2      5.237      6.876      1.595 4
  -1   -2    -12.995     -9.503     -1.824 4
  -1   -2     -8.757     -1.915     13.819 4
  -1   -2     -1.328     -6.386      6.055 4
  -1   -2      7.048     11.481      8.530 4
  -1   -2     13.431      3.284     -5.281 4
  -1  348     26.712      9.192     15.002 4
  -1   -2     -8.287      1.950      2.989 4
  -1   -2     -4.252      4.635      9.296 4
  -1   -2      2.040      5.569     10.991 4
  -1   -2    -10.077     13.591      5.656 4
  -1   -2    -12.018      3.161     12.153 4
  -1   -2      0.961     13.075     10.224 4
  -1   -2     -0.515      4.450      7.163 4
  -1   -2      2.488      9.329     -3.247 4
  -1   -2    -11.439     -5.178     14.442 4
  -1   -2     -7.512     -1.871      3.539 4
  -1   -2     -5.570      9.669     -2.271 4
  -1   -2      0.172      2.849     14.463 4
  -1   50     19.199     11.900     -4.718 4
  -1   -2     -7.983     11.472      0.113 4
  -1   -2    -17.640      5.998      5.121 4
  -1   -2    -19.842      4.380      7.922 4
  -1   -2     10.432     -8.469     10.985 4
  -1   -2    -13.375     -1.001     14.388 4
  -1   -2    -13.138      9.673      2.531 4
  -1   -2     11.524      3.005     -0.397 4
  -1   -2     -1.075      2.617     -8.288 4
  -1   -2     -6.073     -1.915      2.413 4
  -1   -2    -19.192     -1.702      2.978 4
  -1   -2     20.148      9.378     15.227 4
  -1   -2      3.950    -13.787     -8.020 4
  -1   -2      5.627      3.013     13.003 4
  -1  549    -17.134     11.008     -3.641 4
  -1   -2    -17.845     -3.988      0.882 4
  -1   -2      5.458      4.361      8.239 4
  -1   -2      4.702      2.428     -6.600 4
  -1   -2     15.492     -1.586      5.600 4
  -1   -2     -9.994     13.640     12.763 4
  -1   -2      5.597     11.837     -7.729 4
  -1   -2     17.942    -13.850     12.214 4
  -1  429     -6.037      5.588      0.668 4
  -1   -2    -17.233      3.795     12.667 4
  -1   -2     15.002     -6.953      9.467 4
  -1   -2     -2.171      4.509     -6.553 4
  -1   -2     12.705    -10.182      5.170 4
  -1   -2     24.007     -0.012     -1.297 4
  -1   -2      2.767      6.199     -1.075 4
  -1   -2     26.003     -6.282      7.353 4
  -1   -2     -1.956    -12.394      5.704 4
  -1   -2     22.550     17.787     14.531 4
  -1   -2      6.315     10.196     -6.886 4
  -1   -2     21.495      3.245     14.843 4
  -1   -2     12.004     10.745     14.784 4
  -1   -2     -1.843      5.624     -1.363 4
  -1   -2     -9.615     16.270     15.153 4
  -1   -2     -2.225      9.176     -5.673 4
  -1   -2     17.163    -10.470      7.780 4
  -1   -2     -3.714     -2.943      0.621 4
  -1   -2     22.122      1.176     11.201 4
  -1   -2    -12.414      7.263      3.746 4
  -1   -2      4.265     -5.412     -0.995 4
  -1   -2     10.070      8.919     -4.120 4
  -1   -2     11.505     12.039      2.927 4
  -1   -2      1.881      0.086     -3.306 4
  -1   -2     19.928    -17.033      6.790 4
  -1   -2      5.362     14.144      7.379 4
  -1   -2     22.031     10.651     -8.843 4
  -1   -2     11.160     -2.734      5.195 4
  -1   -2      0.234     -5.264     14.812 4
  -1   -2      0.898      2.205     -3.801 4
  -1   -2    -17.050      2.800     10.819 4
  -1   -2     11.870      8.258      6.395 4
  -1   -2      1.631     -5.154     13.617 4
  -1   -2    -20.742      0.716      8.569 4
  -1   -2      6.977     -2.310     12.803 4
  -1   -2     11.427      8.713      0.364 4
  -1   -2     -6.963     -1.800      0.694 4
  -1   -2     26.658      6.205     11.881 4
  -1   -2     10.199     -3.589     11.014 4
  -1   -2      6.337     15.258     13.908 4
  -1   -2      0.955     12.326      8.232 4
  -1   -2     -0.008     15.751     10.084 4
  -1   -2    -11.798      0.866     13.148 4
  -1   -2     -4.893      6.733      9.984 4
  -1   -2      0.877     -4.310     14.738 4
  -1   -2     26.039     -5.918      9.243 4
  -1   -2    -16.753     14.139      6.823 4
  -1   -2     28.086     11.116     13.241 4
  -1   -2     -0.822    -11.938      5.063 4
  -1  631     -7.628     -8.395      8.461 4
  -1   -2     -1.833      5.648      2.974 4
  -1   -2     -3.426     13.819     10.542 4
  -1   -2      0.636     -0.951      2.476 4
  -1   -2     20.004      2.446      3.259 4
  -1   -2     14.514     13.415     -6.240 4
  -1   -2     -7.493      3.926     -5.243 4
  -1  647     17.145     -5.848      2.193 4
  -1   -2      2.073      8.113      9.622 4
  -1   -2    -17.984      7.550      3.791 4
  -1   -2     -6.200      1.506      5.199 4
  -1   -2     14.204     -5.092     11.648 4
  -1   -2      4.063     -7.031     12.651 4
  -1   -2    -20.248     -8.349     13.405 4
  -1   -2      7.101      3.694      6.648 4
  -1   -2      9.949     10.649     14.003 4
  -1   -2     -4.061    -11.471     -3.956 4
  -1   -2     23.794      9.598     -5.859 4
  -1   -2     19.944     12.920     10.170 4
  -1   -2    -19.152     -6.587     10.754 4
  -1   -2     13.261     15.970     12.746 4
  -1   -2     17.328      5.470     14.098 4
  -1   -2    -20.493     -7.082      7.959 4
  -1   -2    -12.063     -2.804     12.591 4
  -1   -2     -5.733     -9.374      4.658 4
  -1   -2    -23.174    -11.170     11.463 4
  -1   -2     18.941     14.362      4.995 4
  -1   -2    -21.217     -3.271     10.097 4
  -1   -2    -20.163     -3.349     12.361 4
  -1   -2    -14.790     15.532      5.672 4
  -1   -2     14.241     12.995     12.691 4
  -1   -2    -17.357      8.411     14.593 4
  -1   -2     -3.288      6.855     14.293 4
  -1   -2     13.683     16.859      8.772 4
  -1   -2     16.874      5.520    -10.280 4
  -1   -2     21.642     11.150     13.055 4
  -1   -2      9.672      4.356     11.570 4
  -1   -2     21.753     -3.268      2.272 4
  -1   -2     17.581     -4.855     13.919 4
  -1   -2     10.626     10.749     12.042 4
  -1   -2     21.352     12.488     10.246 4
  -1   -2     -7.894     12.037      9.086 4
  -1   -2    -13.498      0.246     12.531 4
  -1   -2      5.846     -5.092     -5.541 4
  -1   -2      8.101     -8.566     13.805 4
  -1   -2    -14.865     -3.446     11.273 4
  -1   -2      4.743     -0.468      0.082 4
  -1   -2      6.808     -5.911      0.783 4
  -1  561    -13.394     12.227     12.083 4
  -1   -2      3.166     17.876     11.833 4
  -1   -2    -12.989     10.641     12.092 4
  -1   -2      1.471     -4.281      3.836 4
  -1   -2      5.963     -1.734     -8.499 4
  -1   -2     17.241     13.987      6.251 4
  -1   -2     12.211     12.225      8.577 4
  -1   -2     17.795      4.143     12.899 4
  -1   -2      0.591      8.307      2.306 4
  -1  614     17.273     12.730     11.330 4
  -1   -2    -14.485     -0.072     14.807 4
  -1   -2    -10.656     11.203      5.989 4
  -1   -2    -19.192     -8.655      8.605 4
  -1   -2     -1.627     -7.372      7.328 4
  -1   -2      9.545     -1.664     14.691 4
  -1   -2    -11.267      9.811      3.419 4
  -1   -2     22.516      1.826      2.735 4
  -1   -2     23.432     -0.266     10.031 4
  -1   -2    -10.499    -13.430     -2.065 4
  -1   -2      1.564     -9.583      4.192 4
  -1   -2     25.940     13.048      8.418 4
  -1   -2     13.836     -6.830     12.553 4
  -1   -2      9.772     -6.074      9.550 4
  -1   -2     27.930     -5.642     12.193 4
  -1   -2    -12.594     13.889     -4.215 4
  -1   -2    -10.376     -2.491      6.364 4
  -1   -2     21.161      7.757     14.539 4
  -1   -2     -3.574      6.778     -5.362 4
  -1   -2      1.675     11.058     14.696 4
  -1   -2     -4.694     15.974      6.482 4
  -1   -2      0.302     -3.951      6.125 4
  -1   -2     -9.057      7.634     -2.805 4
  -1   -2      2.674      2.625     -8.082 4
  -1   -2      9.309     14.946      9.781 4
  -1   -2      6.250      5.642     14.618 4
  -1   -2      8.688      2.360      8.939 4
  -1   -2    -10.423     -7.364     13.584 4
  -1   -2     19.195     -1.538      7.566 4
  -1   -2     25.903      2.356      9.616 4
  -1   -2     -1.337      0.251     13.898 4
  -1   -2     13.740      8.467    -10.138 4
  -1   -2      4.017     -6.299     14.528 4
  -1   -2     20.469      7.520     11.306 4
  -1   -2    -11.876     -7.652     -3.228 4
  -1   -2      0.480     -2.760      8.527 4
  -1   -2     13.359     -2.298     -2.652 4
  -1   -2     10.962     -7.750      4.664 4
  -1   -2     13.037      7.672     -9.738 4
  -1   -2     12.459    -10.151      7.005 4
  -1   -2     11.806     17.537      7.195 4
  -1   -2    -18.214     14.006      4.564 4
  -1   -2    -19.342     12.034      7.420 4
  -1   -2     -8.385    -11.151     -9.669 4
  -1   -2     11.732     15.419      4.303 4
  -1   -2     21.735     -6.697      6.419 4
  -1   -2      4.609     -9.953      3.057 4
  -1   -2     12.709     10.045      7.705 4
  -1   -2      7.192     -9.679     12.698 4
  -1   -2      2.182     11.905      4.253 4
  -1   -2      6.193     -2.327     15.083 4
  -1   -2     22.284      1.722     14.320 4
  -1   -2    -12.824      3.559     -3.095 4
  -1   -2     -6.665    -10.369     10.871 4
  -1   -2      4.484     10.145     -9.926 4
  -1   -2     13.507      5.502     -3.969 4
  -1   -2     24.840     -8.741      9.336 4
  -1   -2      0.909     -9.290     -0.090 4
  -1   -2    -15.351      1.139     -2.690 4
  -1   -2     12.528      6.869     -2.859 4
  -1   -2     -0.180     14.871      3.508 4
  -1   -2     -1.784     -6.494     -3.702 4
  -1   -2     -0.597      0.596      7.720 4
  -1   -2     27.830      2.149     14.820 4
  -1   -2     10.386     -7.810     10.693 4
  -1   -2     18.887     -4.934      8.405 4
  -1   -2     19.674    -14.033     12.261 4
  -1   -2     -1.425    -13.757     12.708 4
  -1   -2     -0.718     -7.079     13.120 4
  -1   -2     22.847      3.337     14.662 4
  -1   -2     27.070     -4.137     13.552 4
  -1   -2     -3.764     -1.609     14.412 4
  -1   -2      3.663      6.102     -3.782 4
  -1   -2    -14.972      3.918      1.063 4
  -1   -2      1.169     15.143      8.946 4
  -1   -2     29.223      6.310     12.741 4
  -1   -2     20.519     -5.832      8.687 4
  -1   -2    -20.749    -10.200      8.755 4
  -1   -2     -5.870     -0.778      4.510 4
  -1   -2     11.762     13.469     10.177 4
  -1  750     -2.618    -11.355      1.942 4
  -1   -2    -15.200     10.984     10.245 4
  -1   -2     -0.523     11.638     11.430 4
  -1   -2     -5.057     -3.589     -6.548 4
  -1   -2     28.033      8.406      8.210 4
  -1   -2      1.884    -14.623      4.485 4
  -1   -2      9.511     15.484      0.622 4
  -1   -2      3.886     13.760     13.698 4
  -1   -2      9.092     -3.737      2.399 4
  -1   -2      8.992      0.357     12.729 4
  -1   -2     -7.351      1.713     11.829 4
  -1   -2     -3.145     12.856      7.598 4
  -1   -2    -14.710     10.548     -1.971 4
  -1   -2    -15.972     -1.317     -0.170 4
  -1   -2    -12.133      8.122      2.750 4
  -1   -2     21.121     -5.945     -0.020 4
  -1   -2      3.065     -4.450     13.252 4
  -1   -2     -8.248     10.098     11.683 4
  -1   -2    -17.353     -4.961     11.621 4
  -1   -2     -6.586      7.544      0.579 4
  -1   -2     17.704     -7.469     15.028 4
  -1   -2     12.724      7.480     11.629 4
  -1   -2     -6.876     -4.060      5.168 4
  -1   -2     22.746      5.145     11.735 4
  -1   -2      1.555     -0.776     15.146 4
  -1   -2     -9.367     18.848     13.710 4
  -1   -2     22.884     -4.216      6.950 4
  -1   -2     11.763      0.950     13.310 4
  -1   -2     14.542    -12.827     -5.937 4
  -1   -2     23.890     -3.624     14.563 4
  -1   -2      0.259     13.481      7.583 4
  -1   -2     -3.398      8.295     -9.945 4
  -1   -2    -12.290     -0.625     10.828 4
  -1   -2     22.132    -14.113     15.221 4
  -1   -2     14.462      2.460     10.956 4
  -1   -2      6.147      8.903     -5.391 4
  -1   -2     14.943     -1.549     10.835 4
  -1   -2    -10.555     -7.907      4.220 4
  -1   -2     22.449      0.523      7.383 4
  -1   -2     -3.869     11.576      4.579 4
  -1   -2     -1.099     -0.530      7.319 4
  -1   -2     23.208     -2.182      8.438 4
  -1   -2    -14.763     14.600      2.130 4
  -1   -2     10.692     -0.511     12.875 4
  -1   -2     17.868     -4.471      9.560 4
  -1   -2     20.853     16.585     10.578 4
  -1   -2     -2.774      5.294     -7.464 4
  -1   -2     -3.733    -11.021      9.629 4
  -1   -2     -4.426     -6.682      1.253 4
  -1   -2    -13.431     17.542      5.439 4
  -1   -2     19.316    -13.400      5.066 4
  -1   -2    -13.863      6.985     -1.577 4
  -1   -2     24.205     -8.061      6.798 4
  -1   -2    -17.727     -9.111      6.882 4
  -1   -2    -15.887     13.452     13.022 4
  -1   -2     23.503     11.822      1.027 4
  -1   -2      3.965    -11.153     13.743 4
  -1   -2    -12.805      4.589     -4.255 4
  -1   -2      7.191     14.232     11.477 4
  -1   -2     20.658      0.190     12.841 4
  -1   -2     -9.581     17.778      6.649 4
  -1   -2     16.551     10.920      8.282 4
  -1   -2      5.088    -12.294     13.943 4
  -1   -2     -2.014    -10.946     13.256 4
  -1   -2    -11.434     -9.797      3.795 4
  -1   -2    -18.801      2.560     11.090 4
  -1   -2     15.417     12.982     12.413 4
  -1   -2     27.364      0.144     10.527 4
  -1   -2     17.320     -1.398     -5.940 4
  -1   -2     24.019     -3.384     15.008 4
  -1   -2      0.525     -7.248     -1.469 4
  -1   -2     20.602     -3.664      9.686 4
  -1   -2    -17.596     -0.624     13.290 4
  -1   -2      7.390      4.217     13.859 4
  -1   -2     -6.948      7.191     11.036 4
  -1   -2    -20.149     -2.413     15.160 4
  -1   -2     18.845     16.973      6.487 4
  -1   -2      5.253     -4.305      9.172 4
  -1   -2     24.358     -5.950      6.317 4
  -1   -2     13.925      5.646     13.946 4
  -1   -2      4.730     11.388     12.879 4
  -1   -2     26.511    -12.866     14.269 4
  -1   -2     10.312      3.852     11.168 4
  -1   -2    -11.104     -8.717      7.621 4
  -1  319     -2.143     15.580     14.800 4
  -1   -2     26.914     -3.888      9.954 4
  -1   -2    -13.740     -7.294     -0.925 4
  -1   -2    -18.886    -10.154     11.698 4
  -1   -2     23.810     11.897      6.852 4
  -1   -2     -1.310     -3.622     12.255 4
  -1   -2      9.002      2.721     -0.336 4
  -1   -2     -8.112      2.319     14.943 4
  -1   -2    -16.389     -3.239      5.778 4
  -1   -2     -5.722     -9.094     15.265 4
  -1   -2     -6.787      0.845     12.302 4
  -1   -2      1.237     16.893      0.813 4
  -1   -2     16.170    -17.943      8.424 4
  -1   -2    -11.203     -7.912     14.409 4
  -1   -2     15.104      3.204     11.636 4
  -1   -2     11.629     11.205     13.750 4
  -1   -2     -6.168     16.378     10.533 4
  -1   -2      0.533     10.223      1.248 4
  -1   -2     -8.924     -5.063     14.664 4
  -1   -2    -16.862     -6.094      8.799 4
  -1   -2    -19.526      9.203      7.557 4
  -1   -2     -9.086      6.955     -5.630 4
  -1   -2    -17.570     16.238      5.702 4
  -1   -2     13.513     -6.096     10.274 4
  -1   -2     26.824     -8.818     10.694 4
  -1   -2     -5.944     14.405     12.028 4
  -1   -2     22.891     -0.960     -1.677 4
  -1   -2    -13.282     16.137     14.461 4
  -1   -2     22.112      9.852      4.689 4
  -1   -2    -14.553     -7.466     12.135 4
  -1   -2     -6.308     11.475     10.218 4
  -1   -2    -15.214      0.593     -3.724 4
  -1   -2    -11.688      0.981      4.749 4
  -1   -2    -13.959     -0.118      9.014 4
  -1   -2      5.000     -9.320      3.667 4
  -1   -2     28.917     10.596     10.424 4
  -1   -2    -19.009     -4.876     11.268 4
  -1   -2    -17.772    -12.289      9.539 4
  -1   -2     -3.489    -11.844      3.127 4
  -1   -2    -20.138     -6.530      9.786 4
  -1   -2    -12.370      3.176     -6.985 4
  -1   -2     28.718      0.108     14.525 4
  -1   -2    -15.214    -19.323      9.842 4
  -1   -2    -21.596    -10.969      9.923 4
  -1   -2     23.156     13.031      0.093 4
  -1   -2     14.052     13.541      7.179 4
  -1   -2     -9.050      3.601     -0.684 4
  -1   -2     -0.893     12.282      2.545 4
  -1   -2     21.250     13.132      4.328 4
  -1   -2     18.924    -18.847     14.647 4
  -1   -2      0.591    -12.094      4.912 4
  -1   -2    -11.297      8.493     -9.533 4
  -1   -2     21.129     -7.574     -4.131 4
  -1   -2     -8.412     -6.655      6.330 4
  -1   -2     15.432    -12.276     -5.064 4
  -1   -2     10.677     -2.291     -3.774 4
  -1   -2     27.067     -3.131      9.166 4
  -1   -2     17.013     11.810     -6.862 4
  -1   -2     -8.037     -5.230      3.459 4
  -1  541    -18.178     11.579      5.725 4
  -1   -2    -18.249     -9.939     -5.783 4
  -1   -2     -5.040     14.161      2.790 4
  -1   -2      7.494    -12.884     -1.390 4
  -1   -2      4.178    -16.336     -0.794 4
  -1   -2     27.445     -2.352     12.896 4
  -1   -2     17.553     10.537     14.405 4
  -1   -2    -13.174     -3.765     14.239 4
  -1   -2    -11.080     -1.886      5.960 4
  -1   -2      8.906     -1.948      0.140 4
  -1   -2     -2.321     -9.010     10.783 4
  -1   -2     -4.283     -6.812     -4.836 4
  -1   -2     -3.311    -14.083     11.697 4
  -1   -2      5.482    -10.756     10.635 4
  -1   -2     -2.391     14.506      6.954 4
  -1   -2     -8.836     13.569      9.559 4
  -1   -2     -5.696      7.863      8.806 4
  -1   -2     -8.708      4.478     -1.411 4
  -1   -2    -20.215      3.122     14.738 4
  -1   -2     16.513      1.755      8.050 4
  -1   -2      0.536      4.299      8.944 4
  -1   -2     22.558     10.063      7.799 4
  -1   -2     -1.116      4.553     14.142 4
  -1   -2      4.808    -15.300     13.235 4
  -1   -2      3.387     -4.436      0.520 4
  -1   -2      6.912     18.580     12.182 4
  -1   -2     26.182      7.755      7.050 4
  -1   -2     22.165     -9.011     11.099 4
  -1   -2      3.741    -17.573     14.016 4
  -1   -2    -18.551      9.415     12.746 4
  -1   -2     18.664     18.858     10.556 4
  -1   -2     -2.013      0.044      2.675 4
  -1   -2      9.545      1.820     10.212 4
  -1   -2     23.056     -7.307     -4.114 4
  -1   -2    -13.551     -5.754     11.346 4
  -1   -2     19.059      3.304     14.147 4
  -1   -2     -7.905     -9.634     12.066 4
  -1   -2     -4.362     -1.493     12.872 4
  -1   -2     -9.907     11.813     11.872 4
  -1   -2    -11.211     -5.853     13.188 4
  -1   -2      9.884      0.009     12.881 4
  -1   -2     21.827      9.594      7.682 4
  -1   -2    -14.560      2.028      1.044 4
  -1   -2      0.433      9.938      7.543 4
  -1   -2     21.701    -11.237      7.277 4
  -1   -2    -10.154     11.273     14.299 4
  -1   -2     10.659     11.447      5.280 4
  -1   -2      4.105      7.297      1.561 4
  -1   -2     -5.401    -13.880      6.138 4
  -1   -2     -7.912     -1.798      8.390 4
  -1   -2      9.947      5.292     -9.992 4
  -1   -2     15.737      1.879     14.627 4
  -1   -2     28.465      7.306     14.334 4
  -1   -2     21.987    -14.021     12.264 4
  -1   -2      4.574      3.415      6.837 4
  -1   -2     -9.050     -7.145      7.264 4
  -1   -2     12.928     -7.783      6.046 4
  -1   -2     19.061     -7.245      5.383 4
  -1   -2     26.734      4.688      9.322 4
  -1  924     -8.750    -10.072      9.887 4
  -1   -2     28.071      3.851      8.379 4
  -1   -2    -18.278      8.765     10.828 4
  -1   -2     -2.683     11.974      5.649 4
  -1   -2      7.247      9.831      2.113 4
  -1   -2     18.393      6.309     10.050 4
  -1   -2     20.971     -3.438      5.997 4
  -1   -2    -17.538    -11.710      1.741 4
  -1   -2     25.012      7.613     12.575 4
  -1   -2      5.269     18.938     13.448 4
  -1   -2     -2.575     -8.661      0.079 4
  -1   -2     22.740      6.678     14.742 4
  -1   -2      0.070     -1.580      7.467 4
  -1   -2    -12.213    -11.494      5.291 4
  -1   -2      0.450     12.587      9.873 4
  -1   -2     19.032     -6.256      3.919 4
  -1   -2     11.432     15.669      9.815 4
  -1   -2     23.880     -0.816     12.209 4
  -1   -2    -22.221     -5.897     12.563 4
  -1   -2     11.864      3.673      5.277 4
  -1   -2     13.016      6.070      8.385 4
  -1   -2     21.294     -4.592     -7.924 4
  -1   -2     19.984      6.635     14.466 4
  -1   -2     -0.060     12.653      1.659 4
  -1   -2     -6.519      4.120     14.254 4
  -1   -2     16.209      3.905      4.637 4
  -1   -2      9.427      1.333     -7.688 4
  -1   -2     -8.407    -12.145     -1.297 4
  -1   -2     -8.669    -14.948      1.336 4
  -1   -2    -12.018      2.310     13.088 4
  -1   -2     -4.168     16.055      5.198 4
  -1   -2     -3.118     -1.498     -6.840 4
  -1   -2     20.837    -13.717      6.737 4
  -1   -2      3.390      1.349      6.873 4
  -1   -2     -1.859      0.139      7.675 4
  -1   -2      7.407     -8.937     -5.780 4
  -1   -2      7.206    -11.850     10.829 4
  -1   -2      0.008      3.078     -7.934 4
  -1   -2    -16.987     -4.376     11.440 4
  -1  887    -14.608     16.631      9.476 4
  -1   -2    -13.701     13.685     13.568 4
  -1   -2    -14.186     -9.915     15.086 4
  -1   -2     -1.998      4.541      0.105 4
  -1   -2     18.318     13.309     11.760 4
  -1   -2    -21.595    -11.006     13.229 4
  -1   -2      2.113     16.376      2.795 4
  -1   -2     -7.723      7.194      3.101 4
  -1   -2     -9.512    -11.413      4.034 4
  -1   -2    -14.248     -1.702      2.969 4
  -1   -2      3.302     12.086     -0.421 4
  -1   -2     22.567      4.018      2.843 4
  -1   -2      7.548     13.762     11.340 4
  -1   -2    -13.855     15.534     15.040 4
  -1   -2      7.191    -11.005      9.032 4
  -1   -2     -5.045    -10.595     10.138 4
  -1   -2    -18.814      7.110      8.516 4
  -1   -2    -15.733     13.642      8.725 4
  -1   -2     27.933      6.174     13.464 4
  -1   -2      3.856      2.747      7.248 4
  -1  729     19.375     -3.322      3.952 4
  -1 1059     -5.668     15.922     14.270 4
  -1   -2    -22.212      5.325     14.547 4
  -1   -2     18.256      3.671      6.731 4
  -1   -2    -13.758     15.404      7.933 4
  -1   -2     22.323     12.252     13.924 4
  -1   -2      2.743     -7.450     -3.166 4
  -1   -2     26.341     -6.349      4.705 4
  -1   -2     24.740     -8.314     13.125 4
  -1   -2     -8.945     15.070      3.815 4
  -1   -2      6.122     -6.914     15.085 4
  -1   -2     26.973     -3.301     10.933 4
  -1   -2     -6.010      0.665     12.378 4
  -1   -2     22.972      5.592      9.545 4
  -1   -2     25.190     -5.235     11.989 4
  -1   -2     15.501      6.768      6.043 4
  -1   -2      0.754     17.300     12.524 4
  -1   -2     -6.950     11.182      3.989 4
  -1   -2    -15.179     -2.810      4.645 4
  -1   -2    -12.941     11.733      7.368 4
  -1   -2    -14.246      2.837     11.822 4
  -1   -2     16.355     17.543      7.939 4
  -1   -2      4.331    -18.416     10.729 4
  -1   -2     11.291     -4.812      8.471 4
  -1   -2     21.161     15.543      8.687 4
  -1   -2     21.872    -10.333      9.134 4
  -1   -2    -11.979    -19.018      4.828 4
  -1   -2    -16.404     13.243     14.894 4
  -1   -2     25.794      6.306     11.843 4
  -1   -2      2.017     -6.469      6.645 4
  -1   -2     -7.733     -1.977     11.789 4
  -1   -2     13.324     12.226      1.048 4
  -1   -2     11.822      7.450      2.641 4
  -1   -2     -8.757     -5.162      8.697 4
  -1   -2     15.712    -15.290      3.941 4
  -1   -2      9.249      3.594     11.890 4
  -1   -2     15.021     15.469     13.116 4
  -1   -2    -12.444    -16.206      5.995 4
  -1   -2      5.886      9.187     14.281 4
  -1   -2     -0.373     15.148     13.082 4
  -1   -2     20.197      2.300     12.226 4
  -1   -2      3.650     -0.077      7.726 4
  -1   -2     -6.896     -9.170     -7.896 4
  -1   -2     15.156      9.093     -3.892 4
  -1   -2    -17.684     -3.227     14.370 4
  -1   -2     23.861      8.520      7.425 4
  -1   -2     17.206    -10.465      3.914 4
  -1   -2     12.150     -5.881      1.245 4
  -1   -2     15.233     13.981      7.903 4
  -1   -2     18.117      0.152      1.770 4
  -1   -2     27.065      4.825     12.572 4
  -1   -2     23.075     -2.035     11.940 4
  -1   -2     14.334    -19.891      6.288 4
  -1   -2     -9.435     12.013      6.830 4
  -1   -2     -5.131     11.389     -9.868 4
  -1   -2     28.307      1.362     12.264 4
  -1   -2      5.771    -18.306      5.120 4
  -1   -2     15.033     -6.120     14.065 4
  -1   -2     17.707      6.183     13.490 4
  -1   -2    -14.850    -11.713      8.831 4
  -1   -2    -12.433     -7.364     -5.662 4
  -1   -2      2.484     -6.561     15.174 4
  -1   -2     21.046     10.573      4.861 4
  -1   -2     23.020      8.143      6.957 4
  -1   -2      3.895     11.344     13.248 4
  -1 1002     27.741    -14.159     14.804 4
  -1   -2    -18.693     -2.227      4.536 4
  -1   -2      1.461     12.437      1.617 4
  -1   -2     14.149     14.518      3.921 4
  -1   -2     20.117      5.631     -4.345 4
  -1   -2     25.950    -17.014     11.344 4
  -1   -2     12.160     -2.970     -6.351 4
  -1   -2     -3.847     -7.032     13.207 4
  -1   -2     16.301     12.612      2.398 4
  -1   -2     16.332     -8.602      1.643 4
  -1   -2     -5.898    -10.863      5.299 4
  -1   -2      9.241    -13.288     -1.252 4
  -1   -2     20.211     16.533      9.896 4
  -1   -2     14.209     12.288     -0.576 4
  -1   -2     21.912      0.796     -0.030 4
  -1   -2     -5.696      3.198      6.414 4
  -1   -2      5.535     15.935     10.167 4
  -1   -2     18.653     15.766     -0.494 4
  -1   -2      4.610     -3.130      4.659 4
  -1   -2     18.704     15.189      7.132 4
  -1   -2     -5.999      1.869     10.833 4
  -1   -2    -19.705    -15.109     11.730 4
  -1   -2     24.200     -6.518     10.406 4
  -1   -2     10.763    -12.557     12.853 4
  -1   -2      4.792     -2.350     10.418 4
  -1   -2      0.464     14.462     -6.448 4
  -1   -2    -11.060     11.948      9.864 4
  -1   -2     25.721      3.578     13.398 4
  -1   -2     -1.857     14.826     10.053 4
  -1   -2    -13.155     11.331     12.357 4
  -1   -2      4.623     12.138     -7.761 4
  -1   -2     20.865     -2.010     10.401 4
  -1   -2    -10.848     -1.146     -7.871 4
  -1   -2     -6.750     -3.719     -2.415 4
  -1   -2     15.744     -8.073    -10.085 4
  -1   -2     -6.539     12.491     -5.583 4
  -1   -2     19.523     -9.051      5.381 4
  -1   -2     19.824    -17.124     11.235 4
  -1   -2     -9.218      1.697     -8.896 4
  -1   -2     -4.699     -5.714      6.908 4
  -1   -2     27.068      6.617      8.547 4
  -1   -2     -1.505     13.106     10.870 4
  -1   -2     12.736    -14.712      1.276 4
  -1   -2     19.980     -3.069      3.947 4
  -1   -2     12.616      0.403     13.145 4
  -1   -2      8.493    -13.289     -5.833 4
  -1   -2     23.209     -4.119     14.447 4
  -1   -2      4.518    -11.190     -5.272 4
  -1   -2    -18.965     20.955     11.751 4
  -1   -2     14.428     -9.418      5.484 4
  -1   -2     -3.195    -17.186      9.806 4
  -1   -2     17.210     -1.616      8.011 4
  -1   -2      4.013      8.895      9.454 4
  -1   -2     19.947    -10.053     12.439 4
  -1   -2     21.623     11.522      9.362 4
  -1   -2    -11.758     16.795     13.675 4
  -1   -2     20.516     17.649      7.834 4
  -1   -2     -9.069    -14.010     14.707 4
  -1   -2     -2.530     -6.282     -5.168 4
  -1   -2     -3.879     16.144      0.096 4
  -1   -2     14.295      9.054     10.377 4
  -1   -2    -11.195     -8.182      4.998 4
  -1   -2     15.950      9.287     13.739 4
  -1   -2     -3.709     16.716     10.959 4
  -1   -2      3.940     13.398     10.373 4
  -1   -2     17.696     -7.799      5.984 4
  -1   -2     16.780     10.571     14.915 4
  -1   -2     22.944     16.855      4.101 4
  -1   -2    -14.269      0.370      8.990 4
  -1   -2     -9.349     -8.500     -2.404 4
  -1   -2      9.626     16.105     13.997 4
  -1   -2     24.823     18.755     11.472 4
  -1   -2     25.119    -18.987     15.061 4
  -1   -2     14.819     -4.064      6.071 4
  -1   -2     14.341    -10.942      3.704 4
  -1   -2     19.245     -1.430     10.138 4
  -1   -2      3.439     -9.381     -4.978 4
  -1   -2      4.346      3.181     14.468 4
  -1   -2      3.193    -20.367     14.817 4
  -1   -2    -17.858     -8.397     13.738 4
  -1   -2     -6.433     12.147     14.656 4
  -1   -2    -17.309     13.841     11.235 4
  -1   -2     -2.445     -5.861     12.818 4
  -1   -2     -2.874     15.705     14.164 4
  -1   -2    -14.424     -8.408     -9.112 4
  -1   -2    -11.262     16.779     11.123 4
  -1   -2     14.048     12.013     10.989 4
  -1   -2    -10.808      2.749     10.539 4
  -1   -2     13.781     16.071     14.296 4
  -1   -2     -3.633      3.661     12.037 4
  -1   -2     -5.567      7.296     14.886 4
  -1   -2     16.095     -5.324     -4.520 4
  -1   -2     16.107      9.209      0.520 4
  -1   -2     -2.627     16.628     14.876 4
  -1   -2    -14.630     17.364     12.329 4
  -1   -2     27.126      1.618      9.840 4
  -1   -2    -13.663    -10.873     13.996 4
  -1   -2     24.413      3.368     13.792 4
  -1   -2     -1.954    -15.139     -2.112 4
  -1   -2      3.978     11.381     15.062 4
  -1   -2    -19.838      7.620      4.525 4
  -1   -2     -8.175    -11.925      8.755 4
  -1   -2      8.132    -19.345      9.712 4
  -1   -2     -0.961     14.180      4.271 4
  -1   -2      6.134      5.660      9.029 4
  -1   -2    -17.948     13.711     11.298 4
  -1   -2     27.923      5.045     14.660 4
  -1   -2     12.661      1.447     -8.548 4
  -1   -2      2.940     -2.878     10.282 4
  -1   -2     12.014     -4.923      0.765 4
  -1   -2     -8.413    -13.167      6.171 4
  -1   -2     10.225    -13.606     12.577 4
  -1   -2     -6.941     -5.773     10.885 4
  -1   -2     16.754     -1.395      1.224 4
  -1   -2     13.024     -0.671      4.363 4
  -1   -2     16.804    -15.219      1.172 4
  -1   -2     10.837     -8.620     14.155 4
  -1   -2     21.575      7.046      9.821 4
  -1   -2     -8.074      1.249      8.988 4
  -1   -2      2.974    -14.678     11.374 4
  -1   -2     -7.019     19.143     14.024 4
  -1   -2     15.469      8.258     -0.519 4
  -1   -2      7.044      2.888     -5.568 4
  -1   -2     11.217     -0.730     -3.092 4
  -1   -2    -16.494    -12.773      2.087 4
  -1   -2    -13.496    -14.572     14.694 4
  -1   -2     25.047     23.698      9.690 4
  -1   -2      6.596     20.302     14.401 4
  -1   -2    -26.064    -14.155     10.852 4
  -1 1228     -5.668    -24.286     -6.024 4
  -1   -2    -14.352    -13.889     10.568 4
  -1   -2     -1.606     24.721     12.044 4
  -1   -2     20.619    -15.472     13.320 4
  -1   -2     22.163     21.596      6.949 4
  -1   -2     22.690    -24.431     13.993 4
  -1   -2    -10.260     29.105     -1.662 4
  -1   -2     -7.062    -21.309     12.178 4
  -1   -2      9.572    -22.737      5.365 4
  -1   -2      5.808     23.222      6.724 4
  -1   -2     13.328    -14.162      9.495 4
  -1   -2     13.589    -19.946      9.396 4
  -1   -2    -13.818    -12.727     13.003 4
  -1   -2      6.299     26.382      5.543 4
  -1   -2    -25.571    -11.385     13.534 4
  -1   -2      7.001    -26.560      4.730 4
  -1   -2     20.014    -14.061     15.210 4
  -1   -2     -9.767    -19.135     14.417 4
  -1   -2     28.675      8.848     13.599 4
  -1   -2     29.241    -11.454     13.526 4
  -1   -2     18.877    -16.372     12.088 4
  -1   -2     27.148     14.579     14.086 4
  -1   -2     18.569     20.721     12.896 4
  -1   -2     27.159    -13.961     12.885 4
  -1   -2     28.442     11.242     13.954 4
  -1   -2     27.611     13.211     15.191 4
  -1   -2      8.570    -22.574     12.795 4
  -1   -2      3.871    -16.915      6.939 4
  -1   -2     10.890    -22.723      9.344 4
  -1   -2    -11.316    -19.860     14.092 4
  -1   -2     26.093    -18.841     13.267 4
  -1   -2     23.284    -17.807      8.304 4
  -1   -2      4.982    -20.895     12.909 4
  -1   -2     10.617    -19.553      3.231 4
  -1 1224     27.411     12.621     14.413 4
  -1   -2     27.468    -15.297     14.934 4
  -1   -2    -24.680    -10.907     10.342 4
  -1   -2    -17.960    -19.861      8.882 4
  -1   -2     20.985     21.655     12.457 4
  -1   -2     -9.972    -18.983     12.933 4
  -1   -2      5.570    -19.300     -1.584 4
  -1   -2     22.721    -15.440     15.164 4
  -1   -2    -20.162     -9.859     15.454 4
  -1   -2    -10.085    -19.293     10.888 4
  -1   -2     25.825      8.339     14.349 4
  -1   -2     15.026    -19.025      9.415 4
  -1   -2    -13.843    -19.486     10.176 4
  -1   -2     25.070    -13.330     14.574 4
  -1   -2      7.433    -19.035      9.891 4
  -1   -2      8.059    -16.610     10.973 4
  -1   -2     -4.739    -14.579      9.726 4
  -1   -2     25.774    -11.296     14.267 4
  -1   -2     14.452    -20.774     15.223 4
  -1   -2     -0.933    -25.244     -4.235 4
  -1   -2     12.644    -18.337      9.369 4
  -1   -2    -11.889    -10.211     11.789 4
  -1   -2      4.573    -23.260     -0.209 4
  -1 1266     30.805     -2.494     13.388 4
  -1   -2      9.052    -17.509     11.504 4
  -1   -2      0.250    -22.793     13.476 4
  -1   -2      9.933     28.084      7.257 4
  -1   -2    -17.320    -15.121     14.284 4
  -1   -2     -4.346    -14.337      6.877 4
  -1   -2     -3.900    -20.415     11.162 4
  -1   -2    -17.674    -15.182     -4.953 4
  -1   -2    -12.970    -16.327     13.615 4
  -1   -2     -0.562     27.644      2.703 4
  -1   -2    -12.047    -19.028     10.377 4
  -1   -2     26.534    -17.114     15.047 4
  -1   -2     -6.982    -21.392     15.464 4
  -1   -2     28.050    -15.332      7.714 4
  -1   -2    -12.379    -13.638     14.926 4
  -1   -2     -3.948    -14.720      8.025 4
  -1   -2     17.751    -16.092      9.150 4
  -1   -2    -14.805    -26.729     -1.378 4
  -1   -2     -4.387    -22.351     15.396 4
  -1   -2     16.985    -24.035     15.175 4
  -1   -2     -2.132    -22.706      7.865 4
  -1   -2    -14.191    -21.419      7.014 4
  -1   -2     19.066    -16.374     -6.922 4
  -1   -2     15.090     22.512      9.943 4
  -1   -2     13.743    -21.713      5.044 4
