1407
  -1 1347      0.711     10.676     10.655 4
  -1   -2     12.786     -8.863     11.947 4
  -1   -2     15.739      1.981     10.539 4
  -1   -2     10.144      3.877     10.188 4
  27 1303      8.894      9.507      0.170 4
  -1   -2     11.499     11.500      9.722 4
  25    5    -18.198      2.173      6.197 4
  -1   -2     -9.702      3.970      9.324 4
 487 1327    -16.632      2.142     14.239 4
  -1   -2      8.451      2.753     13.380 4
  -1   -2     -0.049      5.862     14.866 4
  -1   22    -12.336     14.798     10.703 4
  -1   -2      7.308     -2.699      1.999 4
  11   11     -3.454      1.108      6.872 4
  -1   -2    -13.123     13.008      5.764 4
  -1 1308      6.640    -10.030      1.513 4
  -1   -2    -14.834     10.384      6.319 4
  -1   20     21.483     10.638      4.085 4
  -1   -2     14.424      2.072     -2.585 4
  -1   -2     15.854     -1.221      0.932 4
  -1    9     -4.481     -0.478      5.269 4
  -1   -2    -11.944     -6.176     11.740 4
  81 1309    -20.562     -1.780     13.999 4
  -1   -2      8.242      5.861     11.435 4
  -1   -2     -0.761     11.051      3.881 4
  -1   -2     -9.599      9.002      7.165 4
  -1   -2     14.747      1.126      1.217 4
  -1   17     -5.931     -0.789      4.573 4
  -1   -2      5.326      4.977      3.688 4
  17 1301    -12.825     -1.032      5.223 4
  -1   19    -12.425     12.920     13.586 4
  -1   -2     11.440      2.505     11.919 4
  -1   -2     -6.140     -1.082      8.935 4
  -1   -2    -13.249      9.971      3.742 4
  -1   -2      6.971      3.048      1.995 4
  -1   -2     15.323      4.727     -0.614 4
  -1   -2     -5.987      5.513     -6.488 4
  -1   -2     13.872     -3.654      1.098 4
  -1 1304     24.088     -2.050      7.778 4
  84   23     18.150      6.298     -1.946 4
  -1   -2      4.595     -6.127     12.674 4
  -1   -2    -11.985     -1.528      9.130 4
  -1   -2     -5.068     -1.746     -7.898 4
  -1   -2     -4.816      6.966     -4.181 4
  -1   -2     15.732     -3.332      4.785 4
  -1   13     22.755     -3.711      8.117 4
  -1   -2      4.657      0.521     14.002 4
  56 1306     -2.136      0.756     14.189 4
  -1   -2     -8.180     -4.690     15.199 4
  -1   -2      4.590      3.408      2.966 4
  24  536      7.338     17.871     15.027 4
  -1   -2     22.491     -5.809     14.389 4
  -1   -2     17.413      0.921      2.363 4
  -1   -2      9.103      2.968      3.863 4
  -1   44     -2.580     13.708     11.251 4
  -1   -2     23.663     -3.276     12.678 4
  -1   -2     20.293     -1.404     -5.397 4
  -1   24    -14.006     -0.924      2.806 4
  -1   -2     -0.883     -1.217      5.384 4
 134 1318    -16.613     -0.534      6.410 4
  -1   -2      0.845     -1.095      9.213 4
  -1   -2     25.198      3.836      5.151 4
  -1   -2     -1.005     -3.812      3.318 4
  -1   -2     22.134     -0.896      9.239 4
 120 1314     14.408     -5.665      6.623 4
  -1   -2     19.928     12.800     10.637 4
 176 1320    -11.086     -8.679      7.584 4
  -1   -2     16.065      0.479      5.701 4
 445 1324      6.623     13.895     -3.952 4
  -1   -2     27.437     -0.554     10.851 4
  -1   -2      6.785     12.457     12.775 4
  -1  604     -5.430     16.284      6.266 4
  -1   -2     15.267      3.366     -9.817 4
  -1   -2     -0.129      0.781     11.188 4
  -1   -2      5.628      3.778     14.024 4
  -1   -2    -21.510      0.426     14.170 4
  -1   -2    -10.525     11.167      5.611 4
  -1   -2      3.505     11.309      2.379 4
  -1   -2     23.717     -0.113      7.353 4
  -1   73      1.060     12.816     -4.675 4
  -1   -2    -17.492      5.266     -0.486 4
  -1   -2     -0.636      3.774     -5.651 4
  -1   -2     23.971      0.104      9.065 4
  77  139      7.011     14.002      9.361 4
  -1   -2     -5.580      8.569      2.127 4
  -1   -2     18.293     -0.303     14.378 4
  -1   -2     -2.921      2.725     13.151 4
  -1  106    -11.210      8.000      4.644 4
  -1   -2    -18.719     -9.132     15.240 4
  -1   -2    -12.290      2.056     14.916 4
  -1   -2     -2.744      4.250     13.029 4
  -1  703    -18.569     11.740     13.181 4
  -1   -2     19.242     -0.472     -8.323 4
  -1   -2     22.667      4.343      7.016 4
  -1   -2     23.034     -6.876      0.667 4
  -1   -2    -10.569     -2.283     11.718 4
  -1   -2     15.601      9.498      1.694 4
  -1   -2      4.865     -0.375     12.736 4
  -1   -2      5.637      3.279      3.856 4
 113 1313     18.800    -12.609     13.308 4
  -1   -2      7.932     -1.434     12.981 4
  -1   55     -3.895     10.347     12.562 4
  -1   -2     -4.459     -0.764     10.494 4
  -1   -2      3.628     -5.209     14.902 4
  73   -2      5.928     10.149     -6.252 4
  -1   56     13.619      0.224      1.361 4
  -1   -2     -1.470     13.766      5.756 4
  -1   -2     21.954      6.213      4.380 4
  -1   -2      8.682     -1.018      1.459 4
  -1   -2      5.296      3.587     -3.500 4
  -1   -2    -11.499     -3.764     -8.394 4
  -1   -2     -7.782     16.578      8.475 4
  -1   -2     19.974      2.965      6.301 4
  -1   -2     17.700      2.905      8.484 4
  -1   -2      2.221     -0.304     -1.380 4
  -1   -2     -4.664     -5.807     15.249 4
  -1   -2      8.271     -4.958     11.948 4
  -1   -2      2.389     10.339     -7.624 4
  -1   -2     -1.592     -3.057     14.026 4
  -1   -2     11.358     15.915     12.198 4
  -1   -2     19.167     14.394      5.269 4
  -1   -2     23.636      9.115     14.357 4
  -1   -2      7.839     11.002     12.141 4
  -1   -2     -8.319      7.974     -4.820 4
  -1   -2     18.381    -13.429     -3.829 4
  -1   -2     -5.502      8.000     -7.683 4
 129 1316      4.709     -1.893     13.813 4
  -1   -2    -14.592      9.693     -0.718 4
  -1   -2     14.449     17.465      9.538 4
  -1   -2     -1.721     -1.804      8.844 4
  -1   -2      7.943      2.843      8.663 4
  -1   -2     16.429      6.363     -2.018 4
  -1   -2     -3.943      8.943      9.061 4
  -1   -2    -14.860      8.286      3.763 4
  -1   -2     12.488      6.024     -9.265 4
  -1  159     23.183      3.355     13.980 4
  -1   -2      5.233      4.593     14.511 4
  -1   -2     18.477      5.384      2.016 4
  -1   -2     11.983      4.385      9.443 4
  -1   -2     24.149     -7.721      3.202 4
  -1   -2      6.987     13.253     -1.595 4
  -1   -2      6.516     -2.101     14.156 4
  70 1307     21.564      3.010     -3.552 4
  -1   -2    -18.524      5.412     10.804 4
  -1   -2     -1.199      2.430     -8.270 4
  -1   -2     13.064      7.218     11.231 4
  -1   -2     -0.814     -0.547      2.103 4
  -1   -2     18.314     -4.814      9.009 4
  -1   -2      6.791     15.466      6.636 4
  -1   -2      7.002     -0.748     14.011 4
  -1   -2     25.824      3.182     12.505 4
  -1   -2      9.109     11.704      6.712 4
  -1   -2     25.792      2.319      9.469 4
  -1  161      6.239     -8.828      7.728 4
  -1   -2      6.791      0.275     12.278 4
  -1   -2     -9.779     -7.429     13.190 4
  -1   -2     -1.381     12.512      5.390 4
  -1   -2      2.124     -0.392      5.150 4
  -1   -2      9.660     -6.847      8.110 4
  -1   -2     12.582     14.058      3.057 4
  87 1310     -6.453     -9.816     -6.894 4
  -1   -2     -4.078     -6.213      0.367 4
  -1   -2     -2.825     -1.996     12.776 4
  -1   -2      5.326      9.912     13.321 4
  -1   -2     -4.304      4.739      9.404 4
  -1   -2      1.944      5.426     13.496 4
  -1   -2      4.395     -0.428      9.656 4
  -1   -2     16.937     11.583      3.233 4
  -1   -2      9.739      3.622     -1.010 4
  -1   -2      3.730      9.578     13.978 4
  -1   -2     -2.055      2.126      5.498 4
  -1   -2      2.062      8.971      4.185 4
  -1  143    -16.924     -3.299      4.634 4
  -1  111     16.625     -7.979      5.579 4
  -1   -2      7.780      7.011      1.254 4
  -1   -2     18.699     11.621      9.370 4
  -1   -2     27.086     -3.792      9.487 4
  -1   -2      5.243      6.176     -6.936 4
  -1   -2     -7.686     13.504      5.043 4
  -1   -2      5.981     12.393     -8.980 4
  -1   -2     -1.984      0.801     11.848 4
  -1   -2    -16.104     -2.734      2.842 4
  -1  129     20.981     -3.396      5.957 4
  -1   -2     -9.548     16.130     15.193 4
  -1   -2    -16.194      3.462     -8.492 4
  -1   -2     -9.376      6.155     -5.931 4
  -1   -2      8.553      5.801      8.464 4
  -1   -2    -12.146      9.772     13.739 4
  -1   -2    -16.099      5.612     -2.367 4
  -1   -2     -6.735     -0.375      8.951 4
  -1   -2      2.561     -4.372     13.685 4
  -1   -2    -13.404     11.177     -6.567 4
  -1   -2     13.851      2.282     15.121 4
  -1   -2      2.213     -3.309      5.849 4
  -1   -2     -8.950     -5.090     14.688 4
  -1   -2     -6.520     -3.511     -0.955 4
  -1   -2     -7.390     11.586     -2.993 4
  -1   -2    -14.141      7.000      3.793 4
  -1   -2     25.740     10.942     11.112 4
  -1   -2     -4.788      1.510     12.102 4
  -1   -2     22.941      6.357     11.806 4
  -1   -2     17.999      8.504     10.120 4
  -1   -2     -5.739     -9.164     14.987 4
  -1   -2    -15.271      2.567     -3.582 4
  -1   -2      1.425      1.627     13.348 4
  -1   -2      8.247      8.105     -2.435 4
  -1   -2    -11.415      9.936     -9.030 4
  -1   -2    -19.089     -3.946      4.766 4
  -1   -2    -18.791     -0.555     13.881 4
  -1   -2     -8.697     -4.985     10.747 4
  -1   -2      9.843      5.141      7.521 4
  -1   -2     -4.240     -6.647     14.287 4
  -1   -2     10.170      7.626     -3.245 4
  -1   -2     18.077      4.209      4.269 4
  -1   -2      0.569      3.636     -9.753 4
  -1   -2     17.039     15.315     -0.160 4
  -1   -2     21.383      0.487      0.078 4
  -1   -2     -9.188     -8.230     15.045 4
 238   -2    -16.776      9.248     -0.758 4
  -1   -2    -17.769      5.093     13.773 4
  -1   -2     24.801     11.063      4.330 4
  -1   -2     -0.890      8.616     -4.809 4
  -1   -2     -1.947      3.364      9.192 4
  -1   -2     -2.630     13.620      6.535 4
 203 1321    -13.454      7.220     -0.907 4
  -1   -2      3.289     -2.103     12.096 4
  -1   -2     11.861     12.701     14.774 4
  -1   -2     -5.966     -9.925     12.375 4
  -1   -2     -4.653     -0.878      2.351 4
  -1   -2      7.137     -9.670     12.697 4
  -1   -2      1.537     12.181      3.958 4
  -1   -2     19.214     11.236      3.398 4
  -1   -2     18.009     -1.106      7.248 4
  -1   -2      1.493     -2.374     10.585 4
  -1   -2     24.633     -4.439      7.515 4
  -1   -2    -17.643     13.539      7.684 4
  -1   -2    -15.219     -1.016      6.158 4
  -1   -2    -14.734      0.031     11.447 4
  -1   -2    -10.408     -2.390      6.098 4
  -1   -2      8.552      6.844      7.954 4
  -1   -2     13.800     -7.466      4.803 4
  -1   -2     12.603     11.827      7.772 4
  -1   -2      0.254      7.246     10.843 4
  -1   -2      7.558     11.623     -5.497 4
  -1   -2      7.296     13.233     -3.707 4
  -1   -2     17.883     -5.423      2.790 4
  -1   -2     13.229     10.918     -0.857 4
  -1   -2     12.213     -2.497      2.816 4
  -1   -2     16.234      8.538     12.195 4
  -1   -2    -15.371     -0.607      5.262 4
  -1   -2     -5.005     -3.786      3.987 4
  -1   -2     -4.998     14.855      5.349 4
  -1   -2     22.644     13.795     13.675 4
  -1   -2    -17.910     -7.479     10.095 4
 226   -2    -14.321    -12.338     12.552 4
  -1   -2     22.784      6.666     14.655 4
  -1   -2     16.089     -3.402     11.359 4
  -1   -2     21.216      7.385     -4.878 4
  -1   -2    -17.607      1.115     14.277 4
  -1   -2     18.760     -8.496     -0.875 4
  -1   -2      3.698     -8.421     13.449 4
  -1   -2     15.398      2.778     -9.695 4
  -1   -2      5.401    -11.317     10.504 4
  -1   -2      2.945     11.114      8.892 4
  -1   -2     -3.009      7.190     -6.210 4
  -1   -2     -3.658      4.553     -2.325 4
  -1   -2      1.172    -11.108      2.831 4
  -1   -2      8.591     -2.513     13.139 4
  -1   -2      5.582     -8.106     -3.171 4
  -1   -2    -16.312      4.886     -7.300 4
  -1   -2     -6.824     -0.067     13.730 4
  -1  152      5.537      3.000     12.805 4
  -1  239     14.300     13.191      6.027 4
  -1   -2    -17.441      0.502      0.018 4
  -1   -2     13.097      4.809      2.090 4
  -1   -2    -17.102     -3.515     10.202 4
  -1   -2     21.811      4.310      7.137 4
  -1   -2     15.515     14.774      3.319 4
  -1   -2     18.102      8.934     12.778 4
  -1   -2     18.372     -0.543     -3.001 4
  -1   -2     24.419     11.217      9.668 4
  -1   -2    -11.578     -5.623      7.145 4
  -1   -2     -3.804      3.760     12.912 4
  -1   -2     -1.233      5.792     12.982 4
  -1   -2    -11.284      3.094     -9.949 4
  -1   -2     11.399      3.202     -1.637 4
  -1   -2    -18.276     -4.296     11.994 4
  -1   -2      4.568     18.319     14.943 4
  -1   -2    -11.462     -3.018      4.414 4
  -1   -2     16.282     -7.252      9.873 4
  -1   -2     -5.044     15.627      7.156 4
  -1   -2     -3.494      8.746     11.021 4
  -1   -2     22.723     -2.084      7.395 4
  -1   -2     10.022      2.667      9.648 4
  -1   -2     18.819      7.093     -4.823 4
  -1   -2     -8.208      7.091     -6.403 4
  -1   -2     19.553      4.508      9.110 4
  -1   -2     22.804     -2.732      6.299 4
  -1   -2     19.766      7.835     12.941 4
  -1   -2      6.176     -0.801      1.193 4
  -1   -2      6.432      1.617     13.272 4
  -1   -2      4.595      2.127      2.129 4
  -1   -2     -5.640     -2.108      1.572 4
  -1   -2      5.922     -1.554     -4.451 4
  -1   -2      4.496     -7.968      6.055 4
  -1   -2     -0.391      1.265     14.702 4
  -1   -2      6.047     -3.446     -5.854 4
  -1   -2    -13.917     11.720      7.059 4
  -1   -2     -9.429    -11.468      3.895 4
  -1   -2      7.777      7.175     -1.050 4
  -1   -2     -0.009    -10.200     -0.041 4
  -1   -2     24.448      6.608     11.198 4
  -1   -2     12.239     17.388     10.006 4
  -1   -2     20.619     -3.726      5.575 4
  -1   -2     19.729     -0.878     -1.503 4
  -1   -2     -2.436      3.759      0.957 4
  -1   -2    -14.547     -7.200      3.176 4
  -1   -2     24.161     14.034     12.771 4
  -1   -2     -1.106     -2.374      8.696 4
  -1   -2     -1.107      1.087      9.720 4
  -1  305     15.335     -5.609     13.007 4
  -1   -2     14.670     15.928      4.912 4
  -1   -2     12.508     10.535     -5.466 4
  -1  342     -2.469    -12.061     -4.660 4
  -1   -2    -14.001     -1.804     13.056 4
  -1   -2    -11.860     -2.331     -4.821 4
  -1   -2    -12.730     11.317      2.762 4
  -1   -2      7.087      6.002     13.738 4
  -1   -2      9.203     16.321     14.037 4
  -1   -2      1.997      3.993      6.120 4
  -1   -2     -6.592     16.344     13.719 4
  -1   -2     -8.159     -8.278     -9.904 4
  -1   -2      6.170     -3.864      6.355 4
  -1   -2    -14.123      3.053     11.756 4
  -1   -2     -4.360      0.387      6.337 4
  -1   -2     12.320      0.154      7.272 4
  -1   -2     10.876      5.451      1.618 4
  -1   -2     23.390     11.708     10.539 4
  -1   -2    -14.727      1.390      9.857 4
  -1   -2      7.503      6.910     -4.531 4
  -1   -2     24.800      6.800      8.129 4
 690   -2     15.015    -15.766     13.581 4
  -1   -2      5.804     -5.835      9.749 4
  -1   -2     19.184     -7.433     -4.694 4
  -1   -2     24.153     -6.393     10.507 4
  -1   -2     -9.761      0.564     10.527 4
  -1   -2      5.823     10.188     13.506 4
  -1   -2     22.808      3.139     12.263 4
  -1   -2    -12.068     11.982     -2.476 4
  -1   -2      9.375     18.619     13.172 4
  -1   -2     21.362      7.014     14.531 4
  -1   -2     19.944     -1.468     -2.166 4
  -1   -2     20.289    -16.385     13.162 4
  -1   -2      2.924     11.907     -1.682 4
  -1   -2      5.947    -15.123     12.081 4
  -1   -2     17.732     -2.751     -7.875 4
  -1   -2      5.011      7.561     -6.349 4
  -1   -2     -7.185    -13.177     -3.854 4
  -1   -2     -1.897      2.246     -2.775 4
  -1   -2      4.235     11.589     -5.955 4
  -1   -2     22.542      0.199     14.589 4
  -1   -2     11.585     -9.114      8.871 4
  -1   -2     12.595      0.230      0.549 4
  -1   -2    -12.916      0.276      7.094 4
  -1   -2     14.383     -8.425     14.994 4
  -1   -2      3.412      8.454     10.597 4
  -1   -2     13.224     11.548     14.022 4
  -1   -2     17.414      8.385     -1.989 4
  -1   -2     -2.988     -8.765      8.274 4
  -1   -2      5.513     -1.351      0.535 4
  -1   -2     -4.601      0.397     11.659 4
  -1   -2      1.531     -3.608     -9.174 4
  -1   -2      5.012     -6.168     -4.973 4
  -1   -2     10.459      2.151     -9.099 4
  -1   -2     23.561     12.818     13.861 4
  -1   -2      2.841      8.480     14.221 4
  -1   -2    -12.567      0.707      4.501 4
  -1   -2      1.953     -8.556      1.870 4
  -1   -2     -7.651     -0.491      8.818 4
  -1   -2     -6.033     15.477      6.208 4
  -1   -2      4.731      1.003     10.539 4
  -1   -2     22.319     14.273     11.558 4
  -1   -2     17.297     -3.647      3.801 4
  -1   -2     22.307      7.159     13.720 4
  -1   -2      5.098     -2.133     -0.299 4
  -1   -2      6.445     12.400      6.840 4
  -1   -2     17.561     14.222     11.216 4
  -1   -2     17.397      5.177     -6.003 4
  -1   -2    -18.983     -3.880     12.654 4
  -1   -2     -1.435    -10.447      4.348 4
  -1   -2    -20.071      8.689      9.698 4
  -1   -2     -8.372      7.948     -1.574 4
  -1   -2     20.874     -1.502     11.496 4
  -1   -2    -16.922      3.180     -2.582 4
  -1   -2     21.734      2.110     -0.541 4
  -1   -2      4.123     -0.500      8.576 4
  -1   -2     10.027     -5.734      6.767 4
  -1   -2     22.795     14.195      8.172 4
  -1   -2    -17.738     14.074     14.931 4
  -1   -2     16.570     11.370     -5.501 4
  -1   -2     19.020      3.733      0.968 4
  -1   -2     20.438     14.154     -3.624 4
  -1   -2      8.644      1.881      8.725 4
  -1   -2     23.206      1.245      9.718 4
  -1   -2    -19.665      0.742     14.217 4
  -1   -2     12.886     -6.663      7.037 4
  -1   -2    -20.234     -8.246     13.688 4
  -1   -2     21.890      4.124     12.628 4
  -1   -2     -7.950     -8.090      1.111 4
  -1   -2     -2.449     15.933     13.883 4
 397 1322     -7.790     14.923      6.400 4
  -1   -2     -4.343    -12.177      8.871 4
  -1   -2     17.109     -7.504     -3.543 4
  -1   -2    -15.752     13.496      7.859 4
  -1   -2     -4.114     -6.981      7.330 4
  -1   -2     14.541     10.607     -4.728 4
  -1   -2      2.720      1.452     11.845 4
  -1   -2     -4.234     -4.129     10.496 4
  -1   -2     10.897     -9.803     12.070 4
  -1   -2     -0.817     -7.463     10.642 4
  -1   -2     19.197      9.541     12.551 4
  -1   -2     25.285      6.427      5.735 4
  -1   -2     -9.668     11.959     -7.494 4
  -1   -2     -5.022      9.960     14.454 4
  -1   -2     23.703      8.500      7.126 4
  -1   -2     -6.961     -9.070     14.723 4
  -1   -2    -11.110     -8.408      4.780 4
  -1   -2     24.416    -16.134      6.662 4
  -1   -2     18.321     -9.935      2.611 4
  -1   -2     -5.973      7.015      0.752 4
  -1   -2      8.586      6.936      3.176 4
  -1   -2      6.629     -4.405      2.746 4
  -1   -2     21.994      9.999     -0.994 4
  -1   -2     17.969    -10.445     -5.979 4
  -1   -2     17.915     18.476     14.151 4
  -1   -2    -11.562      4.350     12.089 4
  -1   -2      6.106      3.260     -9.067 4
  -1   -2     -4.539     10.518     10.411 4
  -1   -2     11.990     -6.584      6.175 4
  -1   -2     -3.267      5.207     15.375 4
  -1   -2      9.621     10.460     13.698 4
  -1   -2      1.287     14.068      7.959 4
  -1   -2     -4.778     13.283      2.466 4
  -1   -2     21.986    -10.982      5.581 4
  -1   -2     10.900     11.131      0.321 4
  -1   -2      8.953     -2.206     13.154 4
  -1   -2     -9.866      8.912     -2.805 4
  -1   -2    -11.841      5.061      4.517 4
  -1   -2     -5.049      1.886     -7.193 4
  -1   -2      4.212      8.812      1.759 4
  -1   -2    -11.430      7.539     13.357 4
  -1   -2    -20.499     -9.637     13.967 4
  -1   -2     -4.250      2.942     10.049 4
  -1   -2     -5.645      0.269     -6.916 4
  -1   -2    -14.114     -9.149     12.053 4
  -1   -2    -18.398     -6.719     13.132 4
  -1   -2    -16.513      1.943     12.695 4
  -1   -2    -12.302      2.468      1.131 4
  -1   -2     13.315      3.131      3.746 4
  -1   -2    -12.232      9.792     10.100 4
  -1   -2    -15.871      2.091     11.115 4
  -1   -2     13.872     11.014     -9.540 4
  -1   -2    -19.831     -5.917     11.875 4
  -1   -2      5.388      7.121     11.536 4
  -1   -2      7.251      4.989      3.010 4
  -1   -2    -10.116     -5.177     13.132 4
  -1   -2     11.921      8.343      1.312 4
  -1   -2     26.193     -0.116      8.816 4
 199  372      1.326      7.562     12.068 4
  -1   -2     19.528     -1.613     12.466 4
  -1   -2     -9.632     -7.492      4.694 4
  -1   -2      8.902      8.516     -5.390 4
  -1   -2    -21.474      2.106     12.183 4
  -1   -2     23.217     16.571      6.680 4
  -1   -2    -18.939      1.644      8.339 4
  -1   -2     -3.490     13.846      6.538 4
  -1   -2     24.155     10.280     -3.554 4
  -1   -2    -17.484      4.585     -1.422 4
  -1   -2    -15.810     12.165     -4.723 4
  -1   -2      9.160      2.819     14.238 4
  -1   -2      3.553     16.125      2.807 4
  -1   -2     26.976      7.250     10.953 4
  -1   -2     -3.598     -3.029      6.634 4
  -1   -2     -4.920     13.634      6.300 4
 471 1326     12.285     -3.175      7.336 4
  -1   -2     -0.049     -7.842      1.952 4
 146 1319     19.372     -6.676      2.643 4
  -1   -2      5.639     -8.974      1.720 4
  -1   -2    -20.533     -1.741      7.489 4
  -1  474     27.158     -6.840      8.959 4
  -1   -2    -16.311      4.345     14.841 4
  -1   -2     18.145     13.256     -7.679 4
  -1   -2    -11.425     10.843     -9.734 4
  -1   -2     12.017     -0.125     -7.431 4
  -1   -2     20.344     -2.408     12.501 4
  -1   -2     20.430     -0.513      4.934 4
  -1   -2     12.902     -6.479      8.432 4
  -1   -2     22.941     -1.410      5.179 4
  -1   -2    -11.541     16.054      9.304 4
  -1  830    -15.738     -0.563      2.007 4
  -1   -2      9.543    -11.795     12.379 4
  -1   -2    -13.676     -1.211     10.422 4
  -1   -2      9.739     11.658     -7.862 4
  -1   -2     21.644      0.361      8.940 4
  -1   -2     -0.052      5.872     -8.708 4
  -1   -2    -13.827     -3.791      9.427 4
  -1   -2     -7.410      5.358     -6.680 4
  -1   -2     25.169      5.235     11.073 4
  -1   -2     -9.447      5.977      0.902 4
 126 1315     -3.964     14.298     13.527 4
  -1   -2     14.923     15.624     14.895 4
  -1   -2      3.101     -6.232      7.630 4
  -1   -2     10.513     -7.185     -8.913 4
  -1   -2    -18.058      3.542      5.447 4
  -1   -2     -3.032    -14.269     12.000 4
  -1   -2     -5.559      9.697     -2.373 4
  -1   -2      4.790     -1.688     10.081 4
  -1   -2     -9.787      5.413      6.291 4
  -1   -2      2.932     -0.313     -5.574 4
  -1   -2      0.628      1.963     -3.331 4
  -1   -2      6.302     12.562     11.052 4
  -1   -2    -16.852      7.981      3.435 4
  -1   -2     18.999     16.256      5.404 4
  -1   -2     14.945     11.378     -2.612 4
  -1   -2      9.729     -6.036      0.875 4
  -1   -2      2.557    -13.008     14.136 4
  -1   -2      1.611      4.280     11.902 4
  -1   -2     -4.714      6.686     10.931 4
  -1   -2     14.438     -1.157      3.618 4
  -1  512     13.180     -1.505      9.670 4
 469 1325    -11.149      2.821      5.036 4
  -1   -2     24.478     -2.089      7.644 4
  -1   -2     11.682     11.940      3.281 4
  -1   -2    -12.596    -10.022     -3.806 4
  -1   -2      0.194     -3.073     14.648 4
  -1   -2    -12.197     15.098      7.931 4
  -1   -2    -10.780     10.842     12.173 4
  -1   -2     15.927    -11.535      5.229 4
  -1   -2     18.624     18.867     10.411 4
  -1   -2    -11.355     -4.283      8.705 4
  -1   -2    -10.112     -2.418      1.434 4
  -1   -2    -13.711      1.340     -5.234 4
  -1   -2      4.783     11.571     12.153 4
  -1   -2      9.318     13.999     11.680 4
  -1   -2     -6.231     -4.977     12.768 4
  -1   -2      8.745     -7.821      9.895 4
  -1   -2     13.588      9.906      9.383 4
  -1   -2      1.864     11.447      5.363 4
  -1   -2     -3.809      3.730     -6.564 4
  -1   -2      7.740     16.687      5.649 4
  -1   -2     17.189     -3.086      2.245 4
  -1   -2     -6.887     -7.177     12.932 4
  -1   -2     14.041      9.169     14.519 4
  -1   -2    -17.798     12.859     -1.211 4
  -1   -2    -13.709     -8.258     10.123 4
  -1   -2    -13.061     11.971     12.621 4
  -1   -2      2.230     19.328     12.836 4
  -1   -2     23.117     -2.328     14.290 4
  -1   -2      7.436      1.181     12.674 4
  -1   -2      7.355      6.966      4.164 4
  -1   -2     16.774     13.172     12.625 4
  -1   -2     -8.039     10.529     -9.130 4
  -1   -2      3.307     17.226     13.634 4
  -1   -2      0.803    -13.243      8.369 4
  -1   -2     12.122      3.081      6.338 4
  -1   -2      1.842     11.886      9.842 4
  -1   -2      8.370     -0.060     13.139 4
  -1   -2     18.734      3.600      4.869 4
  -1   -2     18.323      1.016      9.036 4
  -1   -2     -0.528      4.492      7.114 4
  -1   -2      1.025     -3.525      7.632 4
  -1   -2    -17.240     11.334      2.831 4
  -1   -2     17.700     -1.447     14.304 4
  -1   -2     18.820    -14.676     14.103 4
  -1   -2     17.543      7.323     13.169 4
  -1   -2     15.988      7.627      2.682 4
  -1   -2      0.913      8.935      6.988 4
  -1   -2      5.831      0.214     -2.170 4
  -1   -2    -18.780      7.172      2.890 4
  -1   -2     -6.014     14.874     11.479 4
  -1   -2      6.708     -8.445     10.060 4
  -1   -2     21.658      5.848     -2.516 4
  -1   -2    -12.030      0.568      9.211 4
  -1   -2     21.645     -3.265      2.733 4
  -1   -2    -13.215      9.170     15.253 4
  -1   -2     26.644     13.707      7.412 4
  -1   -2     -3.005     10.425     13.890 4
  -1   -2     10.789      8.420     15.288 4
  -1   -2     10.721     10.531     12.636 4
  -1   -2      8.231      0.373     -8.492 4
  -1   -2     -6.482     -0.968      4.813 4
  -1   -2    -11.815     -6.953     -4.247 4
  -1   -2      3.202      1.063     14.446 4
  -1   -2     -8.303     -2.441     10.206 4
  -1   -2      9.388     13.577     -3.610 4
  -1   -2     -4.075     -7.920      9.660 4
  -1   -2    -14.297     -4.139     12.490 4
  -1   -2     19.985      3.590     -1.552 4
  -1   -2     18.800      4.539      7.794 4
  -1   -2     -1.278     10.690      6.085 4
  -1   -2     -4.538      8.660      8.730 4
1326   -2     25.835     -5.076      9.940 4
  -1   -2     -1.436     -1.813     11.783 4
  -1   -2      0.809     -0.556     10.861 4
  -1   -2     -7.393      3.832      2.398 4
  -1   -2     -8.742     15.936     11.124 4
  -1   -2    -19.557     -8.349      2.609 4
  -1   -2      3.270     -4.459      7.731 4
  -1   -2    -11.386     -5.325      9.404 4
  -1   -2      5.023      3.773     -6.732 4
  -1   -2     26.387     -2.391      7.162 4
  -1   -2     21.676     13.054      3.983 4
  -1   -2      7.578     -2.699     13.777 4
  -1   -2     14.211     -4.296     13.622 4
  -1   -2    -15.638      0.620      6.649 4
  -1   -2     18.430      0.485     13.860 4
  -1   -2     -0.712      7.950     -1.016 4
  -1   -2     19.148      1.097      3.528 4
  -1   -2     15.268     -8.286     -1.206 4
  -1   -2     -3.321      5.164      4.970 4
  -1   -2     19.822     -6.814     14.216 4
  -1   -2    -16.532     -0.673     11.350 4
  -1   -2     19.683    -10.235     -4.285 4
  -1   -2     20.884      7.158     -9.076 4
  -1   -2     24.011     -7.860      7.874 4
  -1   -2     -4.786      7.034      2.641 4
  -1   -2    -18.673     -9.304     13.798 4
  -1   -2     21.289     -7.285      1.285 4
  -1   -2     24.532     12.883     -2.096 4
  -1   -2     -2.941     14.553      8.350 4
  -1   -2      8.277     -1.290      3.568 4
  -1  525    -17.713     12.273     11.891 4
  -1   -2     -1.178     -9.948      8.895 4
  -1   -2     -6.120     10.050      7.870 4
  -1   -2     20.384     11.067     10.667 4
  -1   -2     -4.673      4.015     -6.680 4
  -1   -2     -7.067    -10.528      6.360 4
  -1   -2     -9.415      0.315      0.703 4
  -1   -2     22.846     -9.488     -5.559 4
  -1   -2      6.647      7.577     11.269 4
 619 1330     -2.242    -10.226     13.194 4
  -1   -2    -20.069      1.403     10.369 4
  -1   -2     11.231     -6.209      5.809 4
  -1   -2    -12.733    -10.163     -7.345 4
  -1   -2     -2.852     13.130     13.318 4
  -1   -2      7.393    -20.162     11.489 4
  -1   -2     -4.446     -3.130      4.665 4
  -1   -2     -2.899     -7.831      6.963 4
  -1   -2     27.179      2.761     14.131 4
  -1   -2     17.342     11.895      8.644 4
  -1   -2     11.572      0.456      0.981 4
  -1   -2    -16.980      1.152      4.650 4
  -1   -2    -17.745     -1.436     12.240 4
  -1   -2     21.825     -6.089     11.332 4
  -1   -2    -11.224    -10.924     -1.474 4
  -1   -2    -19.827     -6.560     14.266 4
  -1   -2     25.814     -4.386      6.274 4
  -1   -2     12.778      0.033      9.614 4
  -1   -2     -4.402     -9.862     -0.591 4
  -1   -2      9.962     -0.811     -9.376 4
  -1   -2     19.279     -7.510      4.331 4
  -1   -2    -10.846     -6.354     11.913 4
  -1   -2     -0.804      3.994      4.463 4
  -1   -2    -11.855     15.250      9.838 4
  -1   -2    -16.177     11.428     12.333 4
  -1   -2    -10.787      1.476     -3.553 4
  -1   -2     11.330     -4.470     15.175 4
  -1   -2      1.759     13.673     13.275 4
  -1   -2     15.203    -10.686      9.530 4
  -1   -2      1.397      6.576     -3.579 4
  -1   -2      2.503     15.915      7.713 4
  -1   -2     -8.659     11.974     15.170 4
  -1   -2     16.892    -16.570      9.842 4
  -1   -2     -1.487      8.781      4.141 4
  -1   -2     22.403      8.779      9.228 4
  -1   -2     10.264    -12.770     14.081 4
  -1   -2     -0.678      3.303     -4.248 4
  -1   -2     24.247      2.335     -1.553 4
  -1   -2      9.720     12.312     14.886 4
  -1   -2     19.456     10.780     -2.787 4
  -1   -2     13.197    -12.834     -1.846 4
  -1   -2      9.824      1.045      1.372 4
  -1   -2     -1.864      9.331     -9.227 4
  -1   -2      8.350      5.563      2.850 4
  -1   -2     18.443      6.859      5.029 4
  -1   -2     17.249     13.583      1.151 4
  -1   -2     20.261      5.628      1.937 4
  -1   -2     -0.775      4.608      9.931 4
 607 1329     13.411    -10.800     -4.473 4
  -1   -2     27.429      0.053      9.943 4
  -1   -2     15.086      7.535      6.113 4
  -1   -2    -15.875      4.855      3.678 4
  -1   -2     -2.518     15.840      8.823 4
  -1   -2      2.870      5.947     -4.995 4
  -1   -2      4.373     -5.338      3.210 4
  -1   -2      6.914      9.188      8.662 4
  -1   -2    -16.707     -2.550     14.059 4
  -1   -2    -21.173     -7.170     14.691 4
  -1   -2     25.448     -1.189      2.591 4
  -1   -2     -5.146     14.595      1.806 4
  -1   -2     -4.225     -1.723     14.662 4
  -1   -2      4.043      5.742     -9.602 4
  -1   -2     14.291     14.440      3.815 4
  -1   -2     10.454      6.859     14.912 4
  -1  626      7.452    -11.381      9.529 4
  -1   -2      4.293      8.228     12.719 4
  -1   -2     12.713     -4.636     13.634 4
  -1   -2     24.309     10.460      8.057 4
  -1   -2     11.985     -3.565      5.735 4
  -1   -2     21.459     10.414      8.510 4
  -1   -2     23.345    -12.706     10.732 4
  -1   -2     25.435     -5.897      8.569 4
  -1   -2     10.411     -4.958     -1.120 4
  -1   -2     26.847      5.697      6.226 4
  -1   -2     17.386     -8.779     13.716 4
  -1   -2      9.287     15.640      3.169 4
  -1   -2     -8.660     -5.837      8.406 4
  -1   -2    -17.926     10.387     10.588 4
  -1   -2      8.953      9.083      7.094 4
  -1   -2      0.459     -0.743      6.178 4
  -1   -2    -11.917      4.577     -0.189 4
  -1   -2    -11.973     -5.067     -1.516 4
  -1   -2     -9.131     11.224     12.202 4
  -1   -2    -17.602     13.999     10.529 4
  -1   -2     17.678     -7.357      5.059 4
  -1   -2      9.619     -4.405     10.141 4
  -1  310     20.832     12.670     11.767 4
  -1   -2     -4.570    -15.031      9.006 4
  -1   -2     14.594     14.892      8.106 4
  -1  792      1.811    -15.529     14.037 4
  -1   -2     19.766     15.078      4.925 4
  -1   -2    -19.291     -2.819     11.925 4
  -1   -2      9.443     -7.932     12.160 4
  -1   -2     -4.443      3.235     13.237 4
  -1   -2    -13.157     11.435      9.888 4
  -1   -2      6.082     -3.166     -9.114 4
  -1   -2    -16.444      6.829      4.371 4
  -1   -2     16.486     -6.670     14.693 4
  -1   -2      8.564     11.783     -6.410 4
  -1   -2      5.680      0.626     -8.708 4
  -1   -2     -6.206    -16.187     14.138 4
  -1   -2     -9.970      2.010     11.176 4
  -1   -2     10.715     16.687      5.321 4
  -1   -2    -17.269     -9.929     12.000 4
  -1   -2     13.079     -5.135     14.691 4
  -1   -2     21.955     -5.539     -5.404 4
  -1   -2    -20.203      2.232     12.483 4
  -1   -2     -7.917     13.766     14.782 4
  -1   -2     23.883     -3.608     14.577 4
  -1   -2     -2.143     -0.909      2.340 4
  -1   -2    -13.617     10.357     14.024 4
  -1   -2     16.280     -1.122     11.666 4
  -1   -2     16.151      0.538      4.824 4
1016  690    -18.813      7.452      7.754 4
  -1   -2    -16.327     17.297      2.870 4
  -1   -2     22.434     -9.474     -0.062 4
  -1   -2     11.262     -3.880      6.233 4
  -1   -2     15.808    -16.729      5.797 4
  -1   -2     25.399      7.958      8.740 4
  -1   -2      8.708      3.394     -8.506 4
  -1   -2     23.149    -17.864     10.676 4
  -1   -2     20.234     -0.125     12.225 4
  -1   -2      7.509     19.284      9.931 4
  -1   -2     22.013      2.369      1.610 4
  -1   -2     17.177     -5.815      2.246 4
  -1   -2     -9.510     12.353     10.725 4
  -1   -2     20.906      0.802      8.799 4
  -1   -2     18.476     -9.045     10.225 4
  -1   -2      6.011      5.478      0.564 4
  -1   -2     10.310     -7.761     10.752 4
  -1   -2    -14.406     -6.668      8.984 4
  -1   -2     26.234    -12.958     13.639 4
  -1   -2     25.708      5.462      4.036 4
  -1   -2      3.835     -2.889     -6.339 4
 513 1344     -6.119    -14.403      8.749 4
  -1   -2     12.530      9.893      7.775 4
  -1   -2    -10.689      0.631     14.661 4
  -1   -2    -16.112     13.134     -4.980 4
  -1   -2     -3.018     -9.591     12.557 4
  -1   -2     14.495    -10.204      6.895 4
  -1   -2     17.772     15.225     11.915 4
  -1   -2     -4.770     11.444     14.430 4
  -1   -2     22.847      3.982      5.659 4
  -1   -2    -15.760     -3.805     13.608 4
  -1   -2      5.192     -4.296      3.464 4
  -1   -2    -15.736      7.191     14.293 4
  -1   -2    -15.283      5.765     -2.363 4
  -1   -2     23.016      8.742      5.984 4
  -1   -2     25.504      3.625      7.636 4
  -1   -2    -15.210     -3.181     -6.884 4
  -1   -2      5.372      8.685     10.187 4
  -1   -2     -8.314     -6.859     -4.002 4
  -1   -2    -20.240      9.141     13.032 4
  -1  142     -3.890     18.075     14.837 4
  -1   -2     11.806     -7.604      6.286 4
  -1   -2     17.911    -10.217      9.372 4
  -1   -2     16.167     -5.640     12.939 4
  -1   -2      2.888     -0.992      4.974 4
  -1   -2     -0.340      1.030      8.658 4
  -1   -2     -2.197      6.444     10.107 4
  -1   -2    -17.008     -5.955     12.555 4
  -1   -2     28.466     -2.453     13.486 4
  -1   -2     -6.794      0.736     12.537 4
  -1   -2     19.207     -4.633     12.936 4
  -1   -2    -21.068     -0.756      9.531 4
  -1   -2    -15.275      0.547      4.781 4
  -1   -2    -12.034    -16.924     14.342 4
  -1   -2    -16.710      1.075      7.790 4
  -1   -2     17.702    -10.393     11.700 4
  -1   -2      3.923     -4.752     -1.366 4
  -1   -2     -2.606      6.147     12.202 4
  -1   -2      4.679     11.340      4.516 4
  -1   -2     23.494     13.521     12.754 4
  -1   -2     -0.790     -0.867     -1.413 4
  -1   -2     -7.476     -4.894      5.142 4
  -1   -2    -18.873      8.424      9.868 4
  -1   -2      3.116     -2.171      5.411 4
  -1   -2      8.950     -1.893      7.871 4
  -1   -2      7.971    -14.220     -4.719 4
  -1   -2     12.211     13.304     -1.504 4
  -1   -2     26.206     -5.771     12.167 4
  -1   -2    -15.603     13.107     14.191 4
  -1   -2     -1.526    -17.812      6.223 4
  -1   -2    -14.274     15.337      8.032 4
  -1   -2      4.774     13.730      5.641 4
  -1   -2      5.472      0.412     10.179 4
  -1   -2      7.968     -7.661     -8.568 4
  -1   -2     21.497      2.548     -9.027 4
  -1   -2     25.113     17.126     15.134 4
  -1   -2    -12.320      0.465     13.979 4
  -1   -2    -19.096     12.343      8.251 4
  -1   -2      2.990     -6.965      4.251 4
  -1   -2      1.222     -5.203      8.614 4
  -1   -2    -14.136     14.023     12.791 4
  -1   -2     -6.689      0.791     -1.853 4
  -1   -2    -10.415     -2.230      9.673 4
  -1   -2     -4.763      9.046      3.432 4
  -1   -2     -7.603     -6.836     12.718 4
  -1   -2    -20.054    -11.749     13.062 4
  -1   -2    -16.475     -5.315      7.094 4
  -1   -2     -1.805     12.887     14.741 4
  -1   -2    -18.472     11.977      4.631 4
  -1   -2      4.871     14.794      9.243 4
  -1   -2     -7.676      2.060      2.312 4
  -1   -2     -7.564      1.654     11.363 4
  -1   -2      5.527     -7.656      6.626 4
  -1   -2      8.924      3.752      4.701 4
  -1   -2     11.956     11.600     12.927 4
  -1   -2     15.772     -9.331     -3.007 4
  -1   -2    -13.569     -6.847      9.382 4
  -1   -2     13.179      4.047      7.781 4
  -1   -2    -14.230     13.270      7.675 4
  -1   -2      6.132     12.140     12.602 4
  -1   -2      6.868     11.051     13.160 4
  -1   -2      1.329     -2.846     13.462 4
  -1   -2      9.041      4.349     -6.975 4
  -1   -2      6.240    -11.658      6.770 4
  -1   -2     -9.418     -6.505     14.270 4
  -1   -2     -6.166    -13.995      2.597 4
  -1   -2     23.766      2.893      6.675 4
  -1   -2    -11.510     11.086      4.019 4
  -1   -2     24.688      5.102      5.755 4
  -1   -2      1.501    -11.664      6.927 4
  -1   -2     13.968      5.383     -7.269 4
  -1   -2     13.499     12.058     15.272 4
  -1   -2     26.268      2.995      6.037 4
  -1   -2      0.201     15.887     11.000 4
  -1   -2     15.862      3.310     14.008 4
  -1   -2     20.150      3.159      2.257 4
  -1   -2     -7.613     -6.341     -9.661 4
  -1   -2    -18.059     10.672     11.742 4
  -1   -2      2.334      6.184     -0.822 4
  -1   -2     -6.241    -14.426     -0.119 4
  -1   -2    -12.860     10.950     14.341 4
  -1   -2      3.902      5.925      7.507 4
  -1  874     10.118    -18.684      7.899 4
  -1   -2    -11.859     -8.319     14.673 4
  -1   -2     11.270      0.733     -7.579 4
  -1   -2     -1.709      1.732      0.079 4
  -1   -2     28.566      1.537     12.850 4
  -1   -2     11.401     -6.569     11.872 4
  -1   -2    -19.539     -9.275     10.021 4
  -1   -2     -3.319    -12.104     -6.139 4
  -1   -2     15.339     19.193     12.065 4
  -1   -2     10.851     -3.140      3.363 4
  -1   -2     -8.993      2.410     11.073 4
  -1   -2     26.546     -7.575     12.952 4
  -1   -2     11.339      3.566      3.247 4
  -1   -2     -2.396     -1.092      0.686 4
  -1   -2    -12.928     10.997      7.547 4
  -1   -2     -1.569     -5.897      2.986 4
  -1   -2     -5.279      9.332     -5.621 4
  -1   -2    -17.469      8.279     12.946 4
  -1   -2      7.898     -4.549     -0.638 4
  -1   -2    -15.457    -11.090      1.901 4
  -1   -2      3.400     -3.996     -6.196 4
  -1   -2      6.377      1.980     11.638 4
  -1   -2     23.877     -7.661     14.878 4
  -1   -2      9.080     12.252     12.355 4
  -1   -2    -12.326     -4.784      3.278 4
  -1   -2     19.712     17.473      8.748 4
  -1   -2      9.738     13.435      1.915 4
  -1   -2    -18.268     20.218      8.847 4
  -1   -2    -20.723      6.146     10.612 4
  -1   -2     13.929      8.779     -0.483 4
  -1   -2    -19.295     -1.708      2.792 4
  -1   -2     -8.281      0.157     12.548 4
  -1   -2      2.784     -4.554     -5.614 4
  -1   -2     21.252     -3.990      8.579 4
  -1   -2    -16.242     14.470      5.120 4
  -1   -2     21.038      4.834     13.509 4
  -1   -2     14.958      7.925      4.128 4
  -1   -2    -11.519     -4.196     14.304 4
  -1   -2     -9.456    -18.526     14.678 4
  -1   -2     18.058     12.500      4.517 4
  -1   -2     -6.441     19.976     14.221 4
  -1   -2     13.068    -10.669     -7.894 4
  -1   -2     26.384      7.457      7.342 4
  -1   -2     -9.872     13.979      0.643 4
  -1   -2    -17.049      8.463      3.649 4
  -1   -2     -6.253      3.931     -5.212 4
  -1   -2     -6.569     -3.733     -9.646 4
  -1   -2    -17.597      4.208     -2.753 4
  -1   -2      9.974      1.067     12.911 4
  -1   -2     19.219      1.271      8.116 4
  -1   -2     16.192      8.123     -1.486 4
  -1   -2     -0.440     17.051      9.468 4
  -1   -2      0.998     -5.252     -3.549 4
  -1   -2     13.561    -11.572     -2.088 4
  -1   -2     24.346     -4.403     14.098 4
  -1   -2      0.242    -11.679      7.552 4
  -1   -2     20.974      2.236     -5.949 4
  -1   -2     -9.569     10.960      2.180 4
  -1   -2    -20.502     -7.056      7.921 4
  -1   -2     12.095      6.991     13.444 4
  -1   -2     -6.511      4.898      2.168 4
  -1   -2     -8.577     -9.692    -10.065 4
  -1   -2     -7.087      7.017     11.065 4
  -1   -2      1.880     -1.369      5.897 4
  -1   -2     10.482     -8.498     10.832 4
  -1   -2     27.185      4.696      7.925 4
  -1   -2     -8.393     17.823      8.608 4
  -1   -2     18.536     10.305     12.423 4
  -1   -2    -11.114      2.814      3.860 4
  -1   -2     22.490     -1.527      6.456 4
  -1   -2    -17.574     -1.410     -4.593 4
  -1   -2      0.583      6.098     12.331 4
  -1   -2      5.007     -9.216      4.026 4
  -1   -2      2.764     -1.882     -4.602 4
  -1   -2      0.869      5.660      2.808 4
  -1   -2     -8.699     16.861     12.389 4
  -1   -2    -20.212      9.537      9.511 4
  -1   -2     -1.513    -11.907      9.335 4
  -1   -2     14.917      0.267     -6.696 4
  -1   -2      0.890     10.442     14.701 4
  -1   -2     18.854      6.436      2.072 4
  -1   -2     21.104     -6.964      9.941 4
  -1   -2     15.741      1.887     14.588 4
  -1   -2    -14.993     16.977     12.643 4
  -1   -2     20.150     16.587      9.953 4
  -1   -2    -15.680     -8.695     -0.120 4
  -1   -2     17.358      9.754     -3.693 4
  -1   -2     19.641     -5.745      0.675 4
  -1   -2     23.414     10.209     15.147 4
  -1   -2     22.212     16.690      5.882 4
  -1   -2     20.930     10.416     13.059 4
  -1   -2    -11.144      8.200     -7.568 4
  -1   -2     11.276      5.478     13.709 4
  -1   -2     14.999     -4.874      7.643 4
  -1   -2    -17.811     11.878      5.682 4
  -1   -2     11.544      1.855      7.787 4
  -1   -2     22.081     11.295     -4.395 4
  -1   -2      6.600      7.594      9.856 4
  -1   -2      2.494    -11.705     -0.539 4
  -1   -2     18.162     -8.616     10.332 4
  -1   -2     15.880    -11.437     14.727 4
  -1   -2      5.487    -16.499     13.011 4
  -1   -2     25.676      1.266     10.448 4
  -1   -2      1.146     16.049     14.348 4
  -1   -2      4.153      6.556     -2.839 4
  -1   -2      0.082      8.480     11.030 4
  -1   -2    -14.674     -9.175     13.767 4
  -1   -2     -6.932    -12.238     10.026 4
  -1   -2     12.692      3.287     -3.149 4
  -1   -2     -3.218      9.849      2.525 4
  -1   -2      5.236     -4.356      9.349 4
  -1   -2    -19.400     -5.528      7.320 4
  -1   -2     -2.086     14.769     11.373 4
  -1   -2     28.315     12.457     10.690 4
  -1   -2    -12.612    -11.279      1.250 4
  -1   -2      7.417    -10.439      5.212 4
  -1   -2    -16.343      4.613     -3.239 4
  -1   -2    -13.422     14.030      2.053 4
  -1   -2     18.118    -20.625     14.743 4
  -1   -2     25.622    -11.470      8.785 4
  -1   -2     22.474     10.498     10.219 4
  -1   -2     -5.144      2.417     -7.328 4
  -1   -2     -7.138     10.411     -9.192 4
  -1   -2     21.165     -5.115      8.114 4
  -1   -2     -1.626    -14.845      9.608 4
  -1   -2     -6.450     11.472     14.156 4
  -1   -2     13.834     -6.146      9.678 4
  -1   -2    -15.489     -0.490      8.753 4
  -1   -2     17.366      0.240      7.859 4
  -1   -2      5.827      1.025      8.508 4
  -1   -2     27.666      2.762     12.826 4
  -1   -2     10.856     11.193      4.419 4
  -1   -2     20.341      9.696     -6.730 4
  -1   -2      9.446     16.118      6.101 4
  -1   -2    -11.941     -7.804     14.240 4
  -1   -2    -15.680    -11.096     -4.050 4
  -1   -2     -0.992     11.975     11.240 4
  -1   -2     -6.326    -13.295     -1.116 4
  -1   -2      4.806    -14.386     15.241 4
  -1   -2     12.109    -20.293     11.997 4
  -1   -2     12.005      5.988      9.994 4
  -1   -2     12.075      4.341     12.119 4
  -1   -2    -17.102    -11.467      9.902 4
  -1   -2     11.490     14.450     14.845 4
  -1   -2     -2.992    -14.327     10.407 4
  -1   -2      7.468      0.498      2.225 4
  -1   -2     12.722     13.622      6.491 4
  -1   -2     26.169     10.965     10.161 4
  -1   -2     -6.110     -8.912     12.051 4
  -1   -2    -13.960    -12.629     14.457 4
  -1   -2     12.996     15.592      9.837 4
 975 1027     -6.753     19.029      9.341 4
  -1   -2     10.302     12.606      8.560 4
  -1   -2      6.681      7.328     14.926 4
  -1   -2      5.122    -15.637      4.455 4
  -1   -2     21.196     13.192     11.568 4
  -1   -2      9.557     17.375     11.028 4
  -1   -2      5.387      5.297     -3.020 4
  -1   -2     22.625     -2.079     11.772 4
  -1   -2     14.132     13.970     13.346 4
  -1   -2     22.747    -10.231     13.734 4
  -1   -2     19.018     18.441     11.566 4
  -1   -2    -12.411     13.438      9.288 4
  -1   -2     14.210      3.575     -9.725 4
  -1   -2     19.900     -9.489      8.413 4
  -1   -2      3.499      5.803      6.611 4
  -1   -2     12.982    -14.569      0.712 4
  -1   -2     -8.901    -14.847     15.070 4
  -1   -2    -11.286      9.808      3.382 4
  -1   -2    -13.666      0.911      2.990 4
  -1   -2     -3.491    -17.425      9.669 4
  -1   -2     18.716     11.223     12.192 4
  -1   -2     13.136      4.435     -8.131 4
  -1   -2    -12.477    -12.433     14.086 4
  -1   -2     20.376     15.756     12.347 4
  -1   -2     -3.497     12.413      5.378 4
  -1   -2     -0.131     10.568      6.563 4
  -1   -2      4.346    -18.451     10.684 4
  -1   -2    -19.747     -9.949      9.883 4
  -1   -2      4.199     15.213     14.501 4
  -1   -2      9.474      6.247     -8.898 4
  -1   -2      7.363     13.323      6.653 4
  -1   -2      4.060      1.568     14.822 4
  -1   -2     17.756     12.654     13.674 4
  -1   -2    -19.856      3.527      7.944 4
  -1   -2     22.081      5.091     -6.687 4
  -1   -2     26.858     -1.717      8.499 4
  -1   -2     -7.439     13.083      8.824 4
  -1   -2     -0.152     16.699      9.596 4
  -1   -2     24.886     -2.063     11.992 4
  -1   -2     11.196    -15.905      1.074 4
  -1   -2     13.024      0.631     12.876 4
  -1   -2     16.498     12.602      5.340 4
  -1   -2    -14.884      5.084      2.157 4
  -1   -2     -5.737    -13.712      7.966 4
  -1   -2    -15.971     -4.892     -3.796 4
  -1   -2    -20.167    -14.891     12.998 4
  -1   -2      6.323     12.227     10.296 4
  -1   -2     14.655     11.754     10.881 4
  -1   -2     24.385     13.193      8.621 4
  -1   -2      9.207     -9.605     14.684 4
  -1   -2    -10.674      5.933      0.841 4
  -1   -2    -16.900     -0.053     -1.404 4
  -1   -2     19.742     11.739      6.326 4
  -1   -2    -20.625     -2.574     11.047 4
  -1   -2    -15.009      7.026      0.665 4
  -1   -2     -0.256      9.189      9.160 4
  -1   -2    -16.577    -13.532      6.383 4
  -1   -2     -5.259    -16.334      3.530 4
  -1   -2     23.778     16.879     13.461 4
  -1   -2     16.606      7.079     10.114 4
  -1   -2     16.153    -14.362     13.905 4
  -1   -2     24.117      9.454     12.247 4
  -1   -2     -3.594      9.510      8.712 4
  -1   -2     -8.069    -12.311     11.608 4
  -1   -2     22.224     -7.924      7.875 4
  -1   -2      8.491     17.591     11.151 4
  -1   -2     -0.252     10.991     11.496 4
  -1   -2     19.380     -4.025     14.640 4
  -1   -2     -3.026     -5.310     11.983 4
  -1   -2     -5.228      6.488     13.572 4
  -1   -2    -15.862     15.102     12.727 4
  -1   -2    -18.196      4.224     11.144 4
  -1   -2     21.677     15.858     10.804 4
  -1   -2     -3.458     10.783      3.983 4
  -1   -2     11.960     -2.746     11.351 4
  -1   -2     21.106    -17.016     12.678 4
  -1   -2     -0.374     -8.458     -5.718 4
  -1   -2    -15.041    -19.138      9.870 4
  -1   -2      6.767    -14.989     15.103 4
  -1   -2      3.578     12.284     15.229 4
  -1   -2     11.986    -10.222     -9.282 4
  -1   -2    -11.172    -12.564     12.141 4
  -1   -2     -0.324     16.391     12.460 4
  -1   -2     27.315     -2.372     13.236 4
  -1   -2     26.572      9.655     12.361 4
  -1   -2     -3.888     13.571     12.893 4
  -1   -2      7.978     15.755     13.748 4
  -1   -2     -0.097     -7.266     11.726 4
  -1   -2     15.649     17.081      6.322 4
  -1   -2      6.870     -6.453      7.356 4
  -1   -2     20.177     16.848     12.200 4
  -1   -2    -18.200     -9.191      9.152 4
  -1   -2     22.204      0.387      0.547 4
  -1   -2     23.661     10.278      9.676 4
  -1   -2     24.183     -5.634      7.557 4
1090   -2    -11.270     16.790     11.061 4
  -1   -2     -3.930     10.702      8.719 4
  -1   -2     18.998      3.198     -1.431 4
  -1   -2     -7.114     -2.821     10.633 4
  -1   -2      9.170     16.478      5.846 4
  -1   -2     -8.902     -0.535      3.625 4
  -1   -2      2.140      3.115      6.693 4
  -1   -2     15.658    -18.509      9.800 4
  -1   -2     19.141     11.748     -0.741 4
  -1   -2     24.315     -2.436      9.252 4
  -1   -2     -1.655     -6.091     -3.741 4
  -1   -2     28.136      3.861      8.537 4
  -1   -2     23.089      9.557     12.794 4
  -1   -2     -9.373     -9.454     11.193 4
  -1   -2     -7.020     -1.321      7.931 4
  -1   -2     13.387     10.134      2.275 4
  -1   -2    -18.487     12.095      8.294 4
  -1   -2    -14.360     19.511      7.784 4
  -1   -2     22.373      7.671      4.739 4
  -1   -2    -15.858     14.380     13.196 4
  -1   -2     17.295     10.400      5.998 4
  -1   -2     20.486     -5.618      4.338 4
  -1   -2    -15.335     -8.308      8.885 4
  -1   -2     -2.591     -6.526     -8.876 4
  -1   -2     -5.519     -0.916      9.555 4
  -1   -2      0.976     -6.665      4.913 4
  -1   -2    -12.074    -14.245      2.646 4
  -1   -2     12.945     -2.372      4.246 4
  -1   -2    -11.102      6.258     -9.984 4
  -1   -2      5.057     10.633      8.843 4
  -1   -2    -15.875      0.486     -5.288 4
  -1   -2     -0.595     -1.732      2.233 4
  -1   -2    -21.414     12.535     15.030 4
  -1   -2     18.721     -0.239     13.213 4
  -1   -2     28.454      5.917     13.107 4
  -1   -2    -12.221     17.801     11.370 4
  -1   -2     -6.662     -9.408     12.123 4
  -1   -2     12.862     -1.116      6.121 4
  -1   -2     27.543     -0.216      8.256 4
  -1   -2     22.300     12.348      1.910 4
  -1   -2     10.803    -16.578      5.990 4
  -1   -2     -2.708      8.564     12.919 4
  -1   -2     23.080      7.154      0.317 4
  -1   -2     23.184    -11.685     12.283 4
  -1   -2     12.594     16.884      8.374 4
  -1   -2     -8.471    -13.092      5.419 4
  -1   -2     -8.679      5.579      1.197 4
  -1   -2      6.820    -14.096      1.302 4
  -1   -2     16.626     16.916      8.445 4
  -1   -2     -4.432     11.384      4.791 4
  -1   -2      0.099      3.110      7.107 4
  -1   -2     18.531      8.507     -4.675 4
  -1   -2     22.424     16.799      4.500 4
  -1   -2     19.469     -8.409     10.276 4
  -1   -2     19.250    -11.844     -7.423 4
  -1   -2     18.685     -3.421      6.030 4
  -1   -2     10.512     14.451     10.181 4
  -1   -2      1.615     -8.316      6.318 4
  -1   -2      5.353     17.526     13.085 4
  -1   -2      1.047      4.813      5.631 4
  -1   -2      0.122    -15.695      7.721 4
  -1   -2      0.436     14.570      8.725 4
  -1   -2     10.817     10.011     12.112 4
1106 1063      9.475    -18.935     11.686 4
  -1   -2     13.290     -7.900     12.253 4
  -1   -2    -14.211     -8.324      9.973 4
  -1   -2      3.897     15.663      7.509 4
  -1   -2     -0.658      4.073      1.884 4
  -1   -2     21.211    -11.377     11.531 4
  -1   -2     24.492     11.657      9.890 4
  -1   -2     -1.200     16.710      6.736 4
  -1   -2    -13.710     -9.796      8.927 4
  -1   -2    -15.077    -18.271      1.672 4
  -1   -2    -13.390      3.981     -9.067 4
  -1   -2     24.728      7.248     13.528 4
  -1   -2      1.472      3.196     12.054 4
  -1   -2     -0.364    -14.325     -3.557 4
  -1   -2     23.722     -8.943     -2.193 4
  -1   -2     23.805     -4.357      9.286 4
  -1   -2     -2.227     -6.972      9.000 4
  -1   -2    -11.371      6.150     -3.580 4
  -1   -2    -10.535    -15.523     10.702 4
  -1   -2    -18.141      7.388     10.618 4
  -1   -2     12.704      2.473     10.995 4
  -1   -2    -10.417     18.771      9.418 4
  -1   -2     26.881     -2.320     13.019 4
  -1   -2     12.682     12.152     -2.348 4
  -1   -2     -7.852      9.672     13.936 4
  -1   -2     -2.523     16.668     14.448 4
  -1   -2    -11.857     10.173      1.338 4
  -1   -2     17.321    -22.375      8.723 4
  -1   -2     -5.777     -9.217     -8.125 4
  -1   -2      4.970     -3.453     -0.721 4
  -1   -2     25.351     12.335     14.510 4
  -1   -2     22.019    -19.964      5.289 4
  -1   -2     18.584    -18.606     15.168 4
  -1   -2     -6.003    -14.217      9.799 4
  -1   -2     15.603    -22.733     11.938 4
  -1   -2     27.115     14.696     14.033 4
  -1   -2     11.377    -21.417     -9.057 4
  -1   -2    -15.517    -14.581     12.996 4
  -1   -2     -1.557     24.684     12.185 4
  -1   -2    -18.213      8.320     14.026 4
  -1   -2     18.612     24.940     11.690 4
  -1   -2    -14.578    -18.711     12.456 4
  -1   -2     14.160    -19.845      6.843 4
  -1   -2    -26.024    -14.162     10.814 4
  -1   -2     15.959    -17.551      9.959 4
  -1  530     26.476      6.050     11.323 4
  -1   -2     21.763    -18.071     12.253 4
  -1   -2     27.598     13.197     15.004 4
  -1   -2     22.861    -16.620     14.618 4
  -1   -2     14.236    -12.573     -6.727 4
  -1   -2     27.244    -14.037     12.780 4
  -1   -2    -10.281    -18.522     13.071 4
  -1 1206     25.273    -16.670      6.136 4
  -1   -2     10.762    -22.600     -0.383 4
  -1   -2     -9.487    -21.347     12.248 4
  -1   -2     28.848    -13.771     10.835 4
  -1   -2      4.738    -23.310      9.200 4
  -1   -2    -10.710    -12.520     10.695 4
  -1   -2      3.635    -15.015      1.691 4
  -1   -2    -24.447    -10.270     15.457 4
  -1   -2     28.479     11.249     13.933 4
  -1   -2     20.912     20.899     15.259 4
  -1   -2    -12.738    -18.807     13.354 4
  -1   -2     15.422     22.233      7.934 4
  -1   -2     21.575    -16.385      8.162 4
  -1   -2     24.596     24.245      8.639 4
  -1   -2     -8.246    -19.331     13.853 4
  -1   -2     12.023     34.062     -8.711 4
  -1   -2     27.885    -14.108     14.433 4
  -1   -2      4.092    -29.078     -2.594 4
  -1 1210    -17.699    -15.834      3.873 4
  -1   -2     29.873     -6.100     14.295 4
  -1   -2     24.769     21.800     10.467 4
  -1   -2     -1.533    -23.794      9.397 4
  -1   -2      2.995    -14.947      7.383 4
  -1   -2      9.929     28.093      7.253 4
  -1   -2     24.461     11.375     15.051 4
  -1   -2     22.713    -15.917     11.657 4
  -1   -2     -1.211     24.012     15.415 4
  -1   -2     15.236    -18.062      9.342 4
  -1   -2      6.242    -19.537     10.535 4
  -1   -2    -23.944    -11.781      9.681 4
  -1   -2     22.006     21.732      6.624 4
  -1   -2    -14.123    -20.201     13.663 4
  -1   -2     25.081    -19.055     15.138 4
  -1   -2      2.237     25.411      3.840 4
  -1   -2     28.263     -7.344     11.896 4
  -1   -2     17.035     25.002      2.226 4
  -1 1225    -28.443     -8.443     10.881 4
  -1   -2      6.443    -18.440      0.507 4
  -1   -2     12.540    -17.956     -4.350 4
  -1   -2    -10.695    -13.870     14.779 4
  -1   -2     -0.098    -26.154     -5.720 4
  -1   -2     21.135    -10.579      8.904 4
  -1   -2    -17.261    -11.903     -0.086 4
  -1   -2    -13.951    -21.514     13.657 4
  -1   -2      4.752    -16.275     14.571 4
  -1   -2      3.264    -18.602      7.556 4
  -1   -2    -19.757     -8.979      7.596 4
  -1   -2     24.248     14.842     13.802 4
  -1   -2      2.799    -20.917     12.529 4
  -1   -2     16.245    -20.079     13.464 4
  -1   -2      1.197    -18.612      8.020 4
  -1   -2     -3.255    -22.086     -0.179 4
  -1   -2     25.038    -13.409     14.567 4
  -1   -2    -12.665    -16.646     14.575 4
  -1   -2    -18.583    -19.845     14.947 4
  -1   -2      1.787    -18.830      6.242 4
  -1   -2     14.507    -22.660      3.265 4
  -1   -2     18.437    -14.316     -1.035 4
  -1   -2    -12.251    -11.424     13.551 4
  -1   -2     26.395    -16.369      7.621 4
  -1   -2     24.816     16.977     10.510 4
  -1   -2     11.747    -18.327      6.607 4
  -1   -2     -2.292    -20.646     10.907 4
  -1   -2     20.444     22.448      9.248 4
  -1    1     15.783      1.984     10.651 4
  -1   -2     -3.483      1.101      6.852 4
  -1   -2     11.559     11.606      9.634 4
  -1   -2      4.547     -6.072     12.682 4
  -1   -2     -5.955     -0.821      4.738 4
  -1   -2      6.640    -10.030      1.513 4
  -1   -2     24.075      2.937      2.123 4
  -1   -2     24.133     -2.070      7.835 4
  -1   -2     14.424      2.072     -2.585 4
  -1   -2      8.254     13.782     -5.522 4
  -1   -2      6.813     12.577     12.590 4
  -1   -2     22.964      9.752     13.590 4
  -1   -2    -11.944     -6.176     11.740 4
  -1   -2    -13.054     13.045      5.948 4
  -1   -2     -5.434     16.204      6.230 4
  -1   -2      6.891     13.255     -1.449 4
  -1   -2      4.718     12.249     -7.867 4
  -1   -2     14.449     17.465      9.538 4
  -1   -2     -2.622      3.672     -9.991 4
  -1   -2    -17.040     -3.464     10.164 4
  -1   -2    -17.386      0.496     -0.142 4
  -1   -2    -16.152      5.667     -2.312 4
  -1   -2      5.391      8.051     -8.803 4
  -1 1298    -19.265      6.708      9.684 4
  -1   -2      3.732     -8.448     13.558 4
  -1   -2      9.101     -8.292     11.129 4
  -1   -2     17.958     -9.365      1.367 4
  -1   -2     -9.515    -11.419      3.836 4
  -1   -2    -11.562      4.350     12.089 4
  -1   -2     16.447     11.207      4.172 4
  -1   -2     15.844     -1.697     -0.901 4
  -1   -2     19.966      2.934     -0.625 4
  -1   -2     10.975      9.043      9.349 4
  -1  214     10.509     16.701     12.577 4
  -1   -2      1.601      7.131     -4.743 4
  -1   -2     -0.528      4.492      7.114 4
  -1   -2     12.213     -2.497      2.816 4
  -1   -2      7.609     11.581     -5.471 4
  -1   -2     27.802    -14.064     14.666 4
  -1   -2    -14.991    -19.118      9.985 4
  -1   -2     -9.905     13.692      1.259 4
  -1   -2     -1.533    -23.794      9.397 4
  -1   -2     -1.557     24.684     12.185 4
  -1   -2     15.603    -22.733     11.938 4
  -1   -2     21.474     10.683      3.988 4
  -1   -2      3.695     -8.482     13.561 4
  -1   -2      6.931     13.280     -1.525 4
  -1   -2     27.802    -14.064     14.666 4
1319   -2     -3.946     -0.341      9.602 4
  -1   -2      0.725     10.728     10.773 4
   0   -2     15.783      1.984     10.651 2
  -1   -2     -3.483      1.101      6.852 2
  -1   -2     11.559     11.606      9.634 2
  22 1302      4.547     -6.072     12.682 2
  31   -2     -5.955     -0.821      4.738 2
  71   -2      6.640    -10.030      1.513 2
1314 1340     24.075      2.937      2.123 2
  33   -2     24.133     -2.070      7.835 2
  20 1297     14.424      2.072     -2.585 2
  -1   -2      8.254     13.782     -5.522 2
 580   -2      6.813     12.577     12.590 2
 166   -2     22.964      9.752     13.590 2
 101 1312    -11.944     -6.176     11.740 2
  74   -2    -13.054     13.045      5.948 2
  78   -2     -5.434     16.204      6.230 2
  -1   -2      6.891     13.255     -1.449 2
 754   -2      4.718     12.249     -7.867 2
1328   -2     14.449     17.465      9.538 2
  96 1311     -2.622      3.672     -9.991 2
 227   -2    -17.040     -3.464     10.164 2
 212   -2    -17.386      0.496     -0.142 2
 191   -2    -16.152      5.667     -2.312 2
 132 1317      5.391      8.051     -8.803 2
 271   -2    -19.265      6.708      9.684 2
  -1   -2      3.732     -8.448     13.558 2
 338   -2      9.101     -8.292     11.129 2
 208   -2     17.958     -9.365      1.367 2
 342   -2     -9.515    -11.419      3.836 2
 433   -2    -11.562      4.350     12.089 2
 437 1323     16.447     11.207      4.172 2
 460   -2     15.844     -1.697     -0.901 2
  26   -2     19.966      2.934     -0.625 2
1279 1341     10.975      9.043      9.349 2
 247   -2     10.509     16.701     12.577 2
 501   -2      1.601      7.131     -4.743 2
1333 1343     -0.528      4.492      7.114 2
 223 1299     12.213     -2.497      2.816 2
 278   -2      7.609     11.581     -5.471 2
  -1   -2     27.802    -14.064     14.666 2
 876   -2    -14.991    -19.118      9.985 2
 866   -2     -9.905     13.692      1.259 2
1207 1332     -1.533    -23.794      9.397 2
1197   -2     -1.557     24.684     12.185 2
1210   -2     15.603    -22.733     11.938 2
1352   -2      0.725     10.728     10.773 2
   7   -2     11.472     11.494      9.655 2
  -1   -2     21.474     10.683      3.988 2
  -1   -2      3.695     -8.482     13.561 2
  -1 1342      6.931     13.280     -1.525 2
  -1   -2     27.802    -14.064     14.666 2
  -1   -2     27.802    -14.064     14.666 2
  28   -2      8.254     13.782     -5.522 2
1350 1346     21.474     10.683      3.988 2
 813   -2      3.695     -8.482     13.561 2
1323   -2      6.931     13.280     -1.525 2
  -1   -2     27.802    -14.064     14.666 2
1341   -2     27.802    -14.064     14.666 2
