1353
  -1   -2     15.729      2.010     10.480 4
  -1   -2      0.711     10.675     10.663 4
  -1   -2     16.193     12.378     14.106 4
   4   -2     12.796     -8.847     11.889 4
   2   -2    -18.197      2.181      6.197 4
 459   -2     25.686     -6.704     15.233 4
  -1   -2     16.135      4.263     -6.018 4
  -1   -2     11.512     11.550      9.661 4
  -1   -2      4.635     -6.096     12.656 4
  -1   -2    -14.842     10.332      6.313 4
   5   -2     16.476     11.229      4.126 4
  -1   -2     -1.448      1.441     10.248 4
  12   -2      8.914      9.454      0.230 4
  -1   -2      7.351      3.038      8.830 4
  -1   -2      7.128     12.995     12.634 4
  -1   -2     21.480     10.689      4.007 4
  -1   -2    -15.911     -1.151      3.799 4
  -1   -2    -12.057     -1.612      9.370 4
  -1   -2      6.619     -9.963      1.516 4
  -1   -2     -6.865     -1.993      0.919 4
  -1   -2      1.648     -1.655     12.889 4
  -1   -2    -12.316     14.816     10.835 4
  59   -2     14.423      2.054     -2.475 4
1256   -2    -12.453     12.947     13.545 4
  -1   -2    -10.773     -5.199     10.998 4
  -1   -2      0.857     -1.130      9.247 4
  -1   -2     -3.017      8.864      5.058 4
  -1   -2    -14.179     -8.496     12.212 4
  -1   -2     14.291     -3.765      4.226 4
  44   -2    -11.082     -6.167     -6.942 4
  -1   -2    -16.411      1.988     12.717 4
  -1   -2     11.150     -0.924      1.912 4
  -1   -2      4.335      8.356      3.487 4
  -1   -2      4.724      0.544     13.948 4
  -1   -2     -5.957     -0.760      4.612 4
  -1   -2      4.951     -0.123      3.915 4
  -1   -2     -4.846     13.641      6.385 4
  -1   -2      4.614      6.824     -3.583 4
  -1   -2     -1.886      3.374      9.267 4
  -1   -2      7.389      7.525      1.482 4
  -1   -2      1.083      3.796     -7.065 4
  -1   -2    -11.023      1.306      9.644 4
  -1   -2     25.376      3.231      8.415 4
  -1   -2     11.442      0.843     -8.013 4
  -1   -2     -9.093     12.843      1.127 4
  -1   -2     24.319     -2.114      8.007 4
  -1   -2     -2.911      2.721     13.144 4
  -1   -2     15.742     -3.306      4.722 4
  -1   -2     -3.544      0.373      7.915 4
  -1   -2    -21.517      0.467     14.215 4
  -1   -2     -9.719      9.948     -0.082 4
  -1   -2      1.882      8.125      9.729 4
  -1   -2     20.773     -2.157     -4.025 4
  -1   -2      7.335     17.867     15.019 4
  -1   -2     12.212      2.308      0.596 4
  -1   -2     -7.070     15.749     10.146 4
  -1   -2     -6.279     -4.925     12.593 4
  -1   -2      1.352      7.937      6.287 4
  -1   -2     17.042     -0.543     -7.878 4
  45   -2      5.700      0.446     -4.677 4
  -1   -2     16.612      0.205      4.673 4
  -1   -2    -13.391      2.594     12.622 4
  60   -2     15.716      2.287     -1.600 4
  -1   -2     19.527     -0.487     10.812 4
  -1   -2     -2.294      6.126     14.015 4
  -1   -2     14.005      7.591     -3.597 4
  -1   -2     -6.119     -0.553      8.879 4
  -1   -2    -12.259     12.043      9.506 4
  -1   -2     16.337      6.394     -2.100 4
  -1   -2      0.527     12.460     11.419 4
  -1   -2     -9.610      9.035      7.234 4
  -1   -2    -13.442     -1.361      4.069 4
1263   -2      1.074     12.846     -4.680 4
  -1   -2     10.063     10.030      7.651 4
  -1   -2      0.164     -1.092      9.675 4
  -1   -2      9.919      3.099     11.733 4
  -1   -2      1.184      9.296     -1.741 4
  -1   -2     -1.597      5.752     -6.932 4
  -1   -2    -14.046     -3.434     13.517 4
  -1   -2      5.372      3.674     14.930 4
  -1   -2     16.130      7.912     -2.045 4
  -1   -2    -11.307     -2.937      3.904 4
  -1   -2     -2.525     13.803     11.655 4
  -1   -2     14.712     -5.448      6.047 4
  -1   -2     15.177      0.763     12.711 4
  -1   -2      8.580     -5.801      5.081 4
  -1   -2      5.181      1.510     -0.859 4
  -1   -2     22.219     -1.057      8.613 4
  -1   -2     12.946     -9.734     -3.280 4
  -1   -2     21.340      1.946      9.383 4
  -1   -2      5.113     -7.935     12.482 4
  -1   -2      7.239     -2.728      1.939 4
  -1   -2     18.767     -6.271     10.561 4
 109   -2     14.278      8.241     14.930 4
  -1   -2     -9.000      5.815      4.688 4
  -1   -2     19.652     -9.124     13.242 4
  -1   -2     21.915      7.657      9.447 4
  -1   -2     15.814     -1.075      0.720 4
  -1   -2     17.766      5.916     10.716 4
  -1   -2      5.753      0.701     10.264 4
  -1   -2     19.033     15.553     13.485 4
  -1   -2     24.898     11.580     13.644 4
 140   -2     12.609     14.019      3.081 4
  -1   -2     14.781     12.702      0.985 4
  -1   -2     11.977      4.063      8.964 4
  -1   -2     -9.909      2.137     10.948 4
  -1   -2     -9.923     -1.637     -3.785 4
  -1   -2     23.991      2.855      1.913 4
  -1   -2     -9.746     -3.130     11.724 4
  -1   -2     22.028     -1.569     14.824 4
  -1   -2     -5.702     -1.643     13.975 4
  -1   -2     -0.386     -0.895      5.330 4
  -1   -2     14.769      3.347      9.601 4
  -1   -2      8.838      1.073     12.434 4
  -1   -2     24.840      4.614      6.461 4
  -1   -2     12.881      5.607     -2.927 4
  -1   -2      5.225    -14.180      5.243 4
  -1   -2     10.154     11.717      2.924 4
  -1   -2     -0.981      3.902      4.086 4
  -1   -2      8.105     -8.689     13.562 4
  -1   -2    -12.193      8.179     -2.993 4
  -1   -2      1.758     16.656     14.662 4
  -1   -2     13.764     -7.553      4.920 4
  -1   -2      5.832      7.374      2.898 4
  -1   -2    -10.334      5.121     -3.295 4
  -1   -2    -11.470      9.914     -8.860 4
  -1   -2     -4.441      3.126     13.109 4
  -1   -2      6.506     -2.027     14.064 4
  -1   -2    -12.290     -4.401     13.492 4
  -1   -2     -8.829      7.497     -1.579 4
  -1   -2     -0.838      3.782     -5.193 4
  -1   -2     20.198     -6.227      4.358 4
 651   -2    -16.960     -3.350      4.668 4
  -1   -2      3.497     -2.729     10.786 4
  -1   -2     14.917      6.200      4.832 4
  -1   -2      5.470     -6.020      4.121 4
 359   -2    -17.126      8.411      3.576 4
 138   -2     -2.566      3.649     -9.959 4
  -1   -2     10.881     -5.571      9.598 4
  -1   -2     -0.951      6.347      3.252 4
  -1   -2    -11.655     12.592      3.332 4
 198   -2     19.228     11.241      3.449 4
  -1   -2     21.281     14.882      1.586 4
  -1   -2     18.727     -8.521     -0.791 4
  -1   -2     22.776      6.719     14.712 4
  -1   -2     12.209     17.325      9.790 4
  -1   -2     23.300      4.966      0.494 4
  -1   -2     11.144     14.452      3.254 4
  -1   -2     -0.370     14.870      3.214 4
  -1   -2    -14.026      5.009     10.224 4
  -1   -2     23.833     10.974     11.948 4
  -1   -2      4.689      4.030      7.303 4
  -1   -2     -6.453     -3.369     -6.620 4
  -1   -2      5.558     -1.137     11.432 4
 132   -2     -1.256      2.490     -8.381 4
  -1   -2      2.478     -4.550     13.515 4
  -1   -2      8.672     -2.372     12.484 4
 152   -2     23.975     -7.629      3.317 4
  -1   -2      6.110     -3.335     -6.024 4
  -1   -2      7.926     -1.416     12.947 4
  -1   -2     -4.826     -5.397     14.248 4
  -1   -2     17.817      8.468     10.107 4
  -1   -2     -7.291      2.919     -5.964 4
  -1   -2      5.375    -10.776     10.319 4
  -1   -2      3.946     -2.962      3.092 4
  -1   -2     -7.331      6.520     -8.652 4
  -1   -2      6.330      3.673      5.381 4
  -1   -2     -0.770      1.090     -6.259 4
  -1   -2      3.501     10.605      7.420 4
  -1   -2     -8.096      7.054     -6.502 4
  -1   -2      0.300     -4.308      9.450 4
  -1   -2      4.365     11.615     -6.410 4
  -1   -2     20.192      4.966      1.125 4
  -1   -2     19.092      4.905     -6.970 4
  -1   -2     20.028      3.900     13.131 4
  -1   -2     -6.915     -4.761     14.973 4
  -1   -2     10.081     12.113     -1.420 4
  -1   -2      3.475     11.297      2.403 4
  -1   -2     -4.632     -8.818     12.133 4
  -1   -2     13.478     -6.220     -7.190 4
  -1   -2     21.348     12.433     10.344 4
  -1   -2     17.715     -4.156      2.501 4
  -1   -2      9.867     -4.981     -7.773 4
  -1   -2     12.176     -4.625     13.778 4
  -1   -2     13.201      2.917     12.815 4
  -1   -2    -13.182      3.886     -4.509 4
  -1   -2     -0.958      8.796      4.134 4
  -1   -2     20.912      2.825      7.958 4
  -1   -2     24.333      6.295      8.649 4
  -1   -2      5.693      7.047      5.456 4
  -1   -2      8.598      1.582     -3.119 4
  -1   -2      6.356     10.547      6.962 4
  -1   -2      7.026     13.972      9.316 4
  -1   -2      3.863     -6.356      2.126 4
  -1   -2     22.872     -0.811     11.746 4
  -1   -2     21.380      5.165      7.108 4
  -1   -2     14.050     16.597      7.631 4
  -1   -2     25.646     -5.295      9.653 4
 215   -2     15.800     12.799      7.248 4
 192   -2     16.970    -10.378      8.289 4
  -1   -2      2.972     -7.779      7.372 4
  -1   -2      0.996     12.302      8.014 4
  -1   -2     -9.256      0.252     11.723 4
  -1   -2      7.894     14.980      9.274 4
  -1   -2     23.325     -0.752      3.614 4
  -1   -2     25.590      4.465     11.507 4
  -1   -2      9.544     -4.524     10.245 4
  -1   -2     15.544     -4.108      8.596 4
  -1   -2     13.821      0.539      0.538 4
  -1   -2     10.511     -2.325     14.021 4
  -1   -2    -10.093     12.374     -6.014 4
  -1   -2    -13.923     12.298      8.736 4
  -1   -2      3.309      2.378      3.819 4
  -1   -2     12.896      4.601      7.992 4
  -1   -2    -19.126      1.299      6.672 4
  -1   -2     10.618     -1.943      6.149 4
  -1   -2      4.731     15.510      0.717 4
  -1   -2      4.520      9.722     10.978 4
  -1   -2     25.021      2.922     11.466 4
  -1   -2      1.830      1.488     10.622 4
 339   -2     -4.992     14.858      5.355 4
  -1   -2     16.186     14.626     -0.159 4
  -1   -2     17.321     13.346     15.133 4
  -1   -2    -13.930      5.902     -1.534 4
  -1   -2    -14.780     -6.178     -8.033 4
  -1   -2     -3.269     14.685     12.198 4
  -1   -2     -0.570     -3.479     14.672 4
  -1   -2      6.995     13.137     -1.362 4
  -1   -2     -2.260     10.203     11.027 4
  -1   -2     24.415     -5.805      6.143 4
  -1   -2     13.186      0.754     12.856 4
  -1   -2      6.927      8.801      6.949 4
  -1   -2      3.136     -6.466      9.424 4
  -1   -2     20.808     -4.341     -0.735 4
  -1   -2     -3.864      4.033      7.139 4
  -1   -2      8.837      0.467      9.198 4
  -1   -2     -6.092    -14.355     -0.314 4
  -1   -2    -17.509      5.206     -0.476 4
  -1   -2      9.962      8.948      6.180 4
  -1   -2     20.833     16.772      8.625 4
  -1   -2     17.523     11.047      5.366 4
  -1   -2    -13.254      7.227     -1.064 4
  -1   -2     12.429      0.193     13.023 4
  -1   -2     18.692      7.968      1.228 4
  -1   -2     11.563     -3.986      4.388 4
  -1   -2     -2.129      0.231     10.335 4
  -1   -2     -5.526     12.029      8.945 4
  -1   -2     10.491    -11.969     -5.404 4
  -1   -2     -8.650      8.995     -9.315 4
  -1   -2     12.593     10.111     12.605 4
  -1   -2     13.838      8.742     -0.817 4
  -1   -2     17.351     -8.808     13.755 4
  -1   -2     -2.256     14.594      6.712 4
  -1   -2     17.411      0.325      6.961 4
  -1   -2     -9.555     16.200     15.121 4
  -1   -2     20.684     10.672     11.566 4
  -1   -2     -3.419      5.670      2.176 4
  -1   -2     26.135      7.852      6.917 4
  -1   -2      5.065      9.578     -8.306 4
  -1   -2     -3.531      2.825     -1.928 4
  -1   -2    -20.542      3.053      9.822 4
  -1   -2     21.988     13.633     13.122 4
  -1   -2      8.366     -0.644     -8.394 4
  -1   -2     18.441      6.950      4.825 4
  -1   -2     14.452     17.548      9.862 4
  -1   -2    -21.027     -1.993     11.922 4
  -1   -2      5.936     11.488      4.698 4
  -1   -2     18.788      7.915     -1.519 4
  -1   -2     -8.315      6.142     -3.599 4
  -1   -2    -12.001     -0.973     10.144 4
  -1   -2      6.664     -3.580      1.675 4
  -1   -2      0.951     -2.063      2.726 4
  -1   -2      5.284      2.176     11.305 4
  -1   -2     -2.915      9.230     -9.085 4
  -1   -2      9.009      4.621     -3.370 4
  -1   -2      3.692     -2.401      4.702 4
  -1   -2     12.333     12.207      9.180 4
  -1   -2     -4.890     -5.399      7.808 4
  -1   -2    -14.251      0.951     10.396 4
  -1   -2     24.824     11.108      4.310 4
  -1   -2     19.444      0.018     -5.491 4
  -1   -2     21.135      2.214     13.235 4
  -1   -2     14.862     -0.477      1.346 4
  -1   -2     -6.632      4.138     -3.543 4
  -1   -2     -0.946     -3.730      3.110 4
  -1   -2    -14.835      7.952     -3.741 4
  -1   -2    -16.140     -3.861     14.509 4
  -1   -2      5.752     -5.087     -7.194 4
  -1   -2     19.827     11.294     -6.784 4
  -1   -2     -4.872     -0.894      2.558 4
  -1   -2      9.230     -5.697     11.318 4
  -1   -2     11.520      3.581      2.861 4
  -1   -2     25.551     12.339     12.560 4
  -1   -2     -2.967     -8.790      8.247 4
  -1   -2     -0.669      3.770      1.280 4
  -1   -2     13.625      5.765      6.703 4
  -1   -2      5.323      9.886     11.387 4
  -1   -2     -1.340      1.054     11.701 4
  -1   -2    -10.563     12.726      8.847 4
  -1   -2     25.317      3.555      3.450 4
  -1   -2     -5.999     -9.954     12.389 4
  -1   -2     27.406     -0.260     10.600 4
  -1   -2     17.912     -2.614     10.057 4
  -1   -2     -8.166     -2.364      9.969 4
  -1   -2     15.585      0.844      4.360 4
  -1   -2     -7.818    -11.232     14.926 4
  -1   -2     -0.804     12.015     11.751 4
  -1   -2     -4.223     14.737      4.540 4
  -1   -2     12.182      6.832     13.748 4
  -1   -2     20.179      2.763      8.116 4
  -1   -2     12.524      5.354      2.541 4
 254   -2    -14.248     -0.596      9.963 4
  -1   -2    -13.042     -0.932     -0.995 4
  -1   -2    -15.395     -2.116      6.581 4
  -1   -2    -16.476     -3.595      7.777 4
  -1   -2     -5.622      6.297      7.506 4
  -1   -2    -13.483     -5.847     -7.199 4
  -1   -2     19.040      4.366      8.770 4
  -1   -2      8.231     -0.670      0.419 4
  -1   -2      0.456     -6.963      5.978 4
  -1   -2     -4.817     17.354     13.273 4
  -1   -2     19.576    -11.164      5.758 4
  -1   -2    -17.396    -11.911      2.175 4
  -1   -2     16.360     -1.251      0.409 4
  -1   -2     17.267      8.202     -1.898 4
  -1   -2     17.789      0.530     12.714 4
  -1   -2     23.733      3.958     13.058 4
  -1   -2      8.500     -2.039     10.063 4
  -1   -2      4.722     11.410     12.939 4
  -1   -2     -2.507      6.042     -0.775 4
  -1   -2      4.352     12.041      9.806 4
  -1   -2     20.853      3.679     -1.447 4
  -1   -2    -12.541     10.708     13.233 4
  -1   -2     -3.522     -5.004     11.080 4
  -1   -2     -2.705     -3.060     13.664 4
  -1   -2      8.604     -7.785      9.465 4
  -1   -2     24.310      0.158     10.465 4
  -1   -2    -10.738     -6.826     11.274 4
  -1   -2    -12.091      2.083    -10.083 4
  -1   -2     -1.137      3.573     -3.644 4
  -1   -2     20.516     -6.907      7.639 4
  -1   -2      3.708     -3.414     12.893 4
  -1   -2     20.364     -0.717      9.082 4
  -1   -2     23.412     13.517     12.713 4
  -1   -2     -4.671     -2.564      6.432 4
  -1   -2     13.454     11.963     -8.360 4
  -1   -2     -4.296     -2.860      1.110 4
 394   -2     11.899     -2.773     11.373 4
  -1   -2    -17.007      0.707     14.337 4
  -1   -2    -18.601     13.350     12.731 4
  -1   -2    -20.928      4.348     11.816 4
  -1   -2      3.948     15.233     14.561 4
  -1   -2     16.178      7.400     10.404 4
  -1   -2     22.844     -1.787     11.777 4
  -1   -2     13.640     -7.646     13.811 4
  -1   -2      6.272      6.861     -4.725 4
  -1   -2    -19.085     -3.930      4.835 4
  -1   -2     23.016      9.771     13.435 4
  -1   -2    -15.867     -0.204      7.730 4
  -1   -2    -17.048     -9.623      4.658 4
  -1   -2     17.819     -7.390      4.963 4
  -1   -2     -2.016      3.811      0.786 4
  -1   -2      9.107      0.665     14.559 4
  -1   -2     20.537     -3.633     12.541 4
  -1   -2     10.083     -5.771      6.806 4
  -1   -2     23.128      9.664      6.519 4
  -1   -2     -3.874    -16.541      3.927 4
  -1   -2     -1.793     13.206     10.498 4
  -1   -2     11.589     12.046      4.855 4
  -1   -2     22.040     -4.384      5.651 4
  -1   -2      2.674     -5.865      1.963 4
  -1   -2     23.568      7.449     -0.024 4
  -1   -2      2.069      5.317     14.746 4
  -1   -2     22.905      0.074      6.996 4
  -1   -2     17.504      1.006      2.784 4
  -1   -2     13.177      4.394     13.255 4
  -1   -2     18.718     16.760      4.114 4
  -1   -2     15.786      1.999     14.486 4
  -1   -2     25.970      2.452      5.301 4
  -1   -2     10.992      5.222     14.574 4
  -1   -2     -2.622    -11.260      1.777 4
 416   -2     -4.700     -8.970     -1.522 4
  -1   -2     16.200     -5.739     12.779 4
  -1   -2     22.136     16.766      5.585 4
  -1   -2    -15.638     12.241      4.477 4
  -1   -2     13.778      0.017     -1.010 4
  -1   -2     -4.429     12.034     10.310 4
  -1   -2     -7.520     14.936      4.267 4
  -1   -2    -14.426      7.708      1.912 4
  -1   -2     -5.735    -11.238     12.429 4
  -1   -2     16.140    -11.773     -6.763 4
  -1   -2      4.084      0.149      8.448 4
  -1   -2     -8.865     -5.062     14.573 4
  -1   -2     20.408      2.298     -2.855 4
  -1   -2     -4.750    -10.573      5.147 4
  -1   -2      3.834    -10.728      6.722 4
  -1   -2      8.767      8.442     10.333 4
  -1   -2      9.023     16.280     14.090 4
  -1   -2     20.636    -16.527     13.653 4
  -1   -2     22.282     14.462     12.077 4
  -1   -2    -12.874      0.350      6.422 4
  -1   -2      5.435     11.367     -2.303 4
  -1   -2     20.121      6.996      5.848 4
  -1   -2    -16.772     10.606     -3.439 4
  -1   -2     27.153      9.261     10.227 4
  -1   -2    -11.919    -15.840      8.918 4
  -1   -2     24.614     12.770      5.282 4
  -1   -2    -20.672      9.168     11.815 4
  -1   -2     11.273     -8.882      1.324 4
  -1   -2      6.337    -10.402     12.346 4
  -1   -2      6.273    -12.149     12.514 4
  -1   -2      8.954     -6.175      9.229 4
  -1   -2      2.058     -2.324     10.176 4
  -1   -2     -4.286     16.072      5.232 4
  -1   -2     12.596     -6.239      8.244 4
  -1   -2    -16.758      6.492      6.119 4
  -1   -2     -0.613      6.033     14.366 4
  -1   -2     -1.764      3.104     -1.063 4
  -1   -2     18.829      3.669     13.587 4
  -1   -2     15.600      3.113      4.493 4
  -1   -2    -11.092     11.830      8.547 4
  -1   -2     12.606     -4.634     -1.974 4
  -1   -2      1.011    -10.792      8.547 4
  -1   -2     20.538     -7.636     -3.679 4
  -1   -2     26.178      9.894     13.249 4
  -1   -2     13.724      8.444     -4.317 4
  -1   -2     12.746    -11.066     14.151 4
  -1   -2     14.110      8.557     -6.058 4
  -1   -2    -13.448     -0.157     10.189 4
  -1   -2     26.327     -3.041     14.840 4
  -1   -2     -7.893     -4.735      0.471 4
  -1   -2     -5.798     15.383      6.127 4
  -1   -2    -12.112      6.849     -4.568 4
  -1   -2     -6.361     -7.433     -9.789 4
  -1   -2    -11.513      4.341     12.052 4
  -1   -2    -12.570     -7.212     12.511 4
  -1   -2    -11.749      5.180      4.728 4
  -1   -2      2.849      1.536     12.576 4
  -1   -2      7.965      6.536     10.868 4
  -1   -2     23.422     10.262     11.151 4
  -1   -2    -13.140      1.405      4.325 4
  -1   -2     -3.296      5.189     15.315 4
  -1   -2     25.669     -5.262      5.750 4
  -1   -2    -11.870      6.563     12.454 4
  -1   -2    -20.572     -1.607      7.573 4
  -1   -2     -4.822     13.650     -1.418 4
  -1   -2     -7.350      1.556      1.636 4
  -1   -2     -9.442      0.288      7.644 4
  -1   -2    -15.338     11.803     -3.410 4
  -1   -2      5.612     11.708     12.995 4
  -1   -2     -5.989      3.826     14.820 4
  -1   -2    -13.998      9.304     -2.049 4
  -1   -2    -11.004      8.520      5.761 4
  -1   -2     -9.946      5.648      5.718 4
  -1   -2     -7.333     -8.575     -3.755 4
  -1   -2      9.244      6.278      4.661 4
  -1   -2     27.228     -3.367     11.146 4
  -1   -2    -20.601      2.721     15.342 4
  -1   -2     -2.239     15.233      6.739 4
1310   -2     -5.438     16.207      6.365 4
  -1   -2     25.481      3.566      5.986 4
  -1   -2    -10.697     -7.577      3.766 4
  -1   -2     -9.876      8.863     -2.942 4
  -1   -2    -12.774     -2.529      6.157 4
  -1   -2      2.298     -3.496     10.403 4
  -1   -2     18.521     -0.796     13.287 4
  -1   -2      0.541      6.926     10.221 4
  -1   -2    -12.225      9.663     -2.602 4
1276   -2     12.255     -3.188      7.386 4
  -1   -2     -0.524     -7.057     13.313 4
  -1   -2      9.708     12.238     14.577 4
  -1   -2     -1.985      5.368      3.372 4
  -1   -2      2.978     -0.892     -3.542 4
  -1   -2    -11.946     -6.294      8.273 4
  -1   -2      7.008     12.937      7.866 4
  -1   -2     26.967      7.198     10.939 4
  -1   -2    -17.751      5.038     13.876 4
  -1   -2    -10.205      5.229     -8.831 4
  -1   -2      7.787     16.641      5.833 4
  -1   -2     17.219      2.735     14.059 4
  -1   -2    -15.977     11.778     11.217 4
  -1   -2     17.246     -3.865      6.298 4
  -1   -2    -13.519      6.373      4.919 4
  -1   -2      1.902      4.975      6.468 4
  -1   -2     13.415     12.689     12.781 4
  -1   -2     14.694     15.336      5.118 4
  -1   -2     -4.354     13.715      3.586 4
  -1   -2    -18.386     -4.119      6.184 4
  -1   -2     24.303      0.908      6.863 4
  -1   -2      3.827     13.826      4.634 4
  -1   -2     -9.078      9.395     15.065 4
  -1   -2     13.895      9.027     15.036 4
  -1   -2    -10.020     -7.219     -0.835 4
  -1   -2      9.121     -5.077     -1.201 4
  -1   -2      5.626      1.359     -9.353 4
  -1   -2      6.267      0.958     10.098 4
  -1   -2     24.935     -6.656     11.862 4
 139   -2     19.666      3.874     -2.316 4
  -1   -2     11.164     12.440      2.186 4
  -1   -2     20.040     -6.684     -6.642 4
  -1   -2    -14.756     10.492     12.536 4
  -1   -2     -7.173      2.818     -2.000 4
  -1   -2      2.232     19.326     12.822 4
  -1   -2     15.330      4.779     -0.481 4
  -1   -2     25.405      0.687     11.324 4
  -1   -2     12.097      3.095      6.322 4
  -1   -2    -17.521     -0.486     13.279 4
  -1   -2      6.915      4.911      8.492 4
  -1   -2     10.634      4.281      9.847 4
  -1   -2    -12.282     -0.241      3.142 4
  -1   -2    -14.934      2.677     -1.123 4
  -1   -2     -6.653      3.131     15.257 4
  -1   -2     -0.738      7.265      3.020 4
  -1   -2     -4.790     -9.523      2.623 4
  -1   -2      6.119      8.641      0.550 4
  -1   -2      8.362      1.405      5.519 4
  -1   -2     -6.298      4.684     12.692 4
  -1   -2    -15.746     -7.318      8.234 4
  -1   -2     -5.723     -0.181     14.799 4
  -1   -2      5.914      2.583      7.088 4
  -1   -2    -16.132     -5.424      4.551 4
  -1   -2      9.556    -11.783     12.421 4
  -1   -2      8.203     14.358     -6.224 4
  -1   -2    -14.710      0.116     -5.512 4
  -1   -2     -7.286     -0.762     15.313 4
  -1   -2     23.690      0.049     14.885 4
  -1   -2    -19.957      6.566      8.030 4
  -1   -2     25.736     -1.443      4.912 4
 685   -2     21.987    -10.982      5.578 4
  -1   -2     15.761     16.920      6.740 4
  -1   -2     -5.163      2.357     -4.912 4
  -1   -2    -13.045      2.293     10.051 4
  -1   -2     22.919     16.197      2.483 4
  -1   -2     24.153     10.360     -3.445 4
  -1   -2     19.540     13.280      9.225 4
  -1   -2      9.245      4.620     14.626 4
  -1   -2    -12.350      0.103     -6.012 4
  -1   -2     19.915    -16.986      6.821 4
  -1   -2     -9.109     17.237     11.568 4
  -1   -2    -18.386     -0.825     10.074 4
  -1   -2      3.391      5.643      7.416 4
  -1   -2     18.822     -0.658     10.275 4
  -1   -2    -20.109      7.669     12.547 4
  -1   -2    -16.285     10.193     11.815 4
  -1   -2     21.761    -11.240      7.376 4
  -1   -2     19.496     10.447     10.914 4
  -1   -2     15.087      7.576      6.035 4
  -1   -2    -18.757      4.577     10.235 4
  -1   -2    -19.919      3.169     15.038 4
  -1   -2     23.389     -2.402      8.718 4
 625   -2     26.641     13.731      7.400 4
  -1   -2    -17.720     12.318     11.899 4
  -1   -2     -9.619     12.422     14.113 4
  -1   -2    -10.187      9.791      7.019 4
  -1   -2     -4.397     -9.915     -0.785 4
  -1   -2      9.494      0.535     -6.923 4
  -1   -2    -14.173     -4.248     -3.404 4
  -1   -2     -4.806      6.563      4.615 4
  -1   -2    -14.501      9.752      8.921 4
  -1   -2    -20.681      0.725      8.514 4
  -1   -2     -1.094      9.098     11.467 4
  -1   -2      2.448      3.943     -8.683 4
  -1   -2     13.289     10.199      2.331 4
  -1   -2     21.518     -0.132      5.335 4
  -1   -2    -17.256      6.449      7.766 4
  -1   -2    -12.947     -2.090     -3.335 4
  -1   -2    -15.321      0.454      5.152 4
  -1   -2     -7.929     -5.204      3.324 4
  -1   -2     15.744      5.404     -3.224 4
  -1   -2     11.403      1.551     -0.194 4
  -1   -2    -16.201      8.455     14.877 4
  -1   -2     -7.155      7.516      2.753 4
  -1   -2    -13.019      9.701      3.733 4
  -1   -2      3.331     12.025      8.496 4
  -1   -2    -16.704      1.733      8.112 4
  -1   -2    -15.528     10.581      7.420 4
  -1   -2    -11.549     -3.794     -8.421 4
  -1   -2     -0.994      5.425     11.829 4
  -1   -2     14.647      2.061      6.212 4
  -1   -2    -15.099      1.053      8.987 4
  -1   -2     12.741     11.996      7.672 4
  -1   -2     17.080      7.575     13.899 4
  -1   -2     16.346     -0.296     11.567 4
  -1   -2      0.652     -2.139      9.500 4
  -1   -2    -10.029     -6.482     14.744 4
  -1   -2     -7.475      4.082     15.057 4
  -1   -2     22.542     -0.842      3.795 4
  -1   -2     -3.408     -5.181      3.869 4
 577   -2     14.057    -12.217      0.133 4
  -1   -2     -7.336      8.388     -1.216 4
  -1   -2    -10.722      2.603     13.229 4
  -1   -2     21.654     -6.095     11.573 4
  -1   -2    -21.295     -1.409     15.003 4
  -1   -2     21.876      9.978     11.627 4
  -1   -2     14.256     13.852     13.533 4
  -1   -2      4.714      3.884     13.886 4
  -1   -2     11.042      9.710      8.790 4
  -1   -2     -1.113      6.970     12.267 4
  -1   -2     10.274     16.687     12.418 4
  -1   -2     -8.073     11.964     14.401 4
  -1   -2      8.727      3.595     11.955 4
  -1   -2     -3.468     -2.066      6.906 4
  -1   -2     19.787     12.232      7.731 4
  -1   -2      6.406      4.257      3.387 4
  -1   -2     27.894      6.182      8.193 4
  -1   -2     -5.177     15.460     10.837 4
  -1   -2      8.754     -0.820      5.992 4
  -1   -2     18.763      2.800      7.532 4
  -1   -2     16.095     -3.363     11.476 4
  -1   -2      8.617    -14.118     12.855 4
  -1   -2     21.195     -4.113      9.322 4
  -1   -2      4.726     -2.971      5.428 4
  -1   -2    -20.574     -0.343      6.301 4
  -1   -2      8.771      3.577      5.126 4
  -1   -2      7.292     -3.508      0.217 4
  -1   -2      5.828      5.253      3.927 4
  -1   -2      7.185      1.151     12.211 4
  -1   -2     26.471     -6.381      8.419 4
  -1   -2     17.720     14.198     -5.976 4
  -1   -2      0.940     -9.288     -0.115 4
  -1   -2     11.351     16.005      3.030 4
  86   -2     16.663     -1.532     10.399 4
  -1   -2    -20.285      2.282     12.670 4
  -1   -2    -10.350    -11.950     14.763 4
  -1   -2     13.459      8.930     -7.195 4
  -1   -2     25.211     -2.540      5.012 4
  -1   -2     19.303     -7.567      4.144 4
  -1   -2     15.159     17.094      5.686 4
  -1   -2    -10.493     17.505      1.319 4
  -1   -2     25.553     10.767      4.341 4
  -1   -2    -20.728     -4.361     11.974 4
  -1   -2    -17.634     11.202     10.241 4
  -1   -2     16.087     16.853      4.374 4
  -1   -2      1.259     -5.488     -3.031 4
  -1   -2     18.743    -11.227     -1.660 4
  -1   -2      6.693     -8.447     10.006 4
  -1   -2    -14.126     16.138     10.580 4
  -1   -2     14.515    -12.794     -5.920 4
  -1   -2      4.944      8.913     13.733 4
 547   -2      1.335     14.991     14.048 4
  -1   -2     -4.453      7.275     -6.517 4
  -1   -2     18.483     14.823      4.241 4
  -1   -2     -8.152     -8.589     -2.184 4
  -1   -2     10.973     -8.806     14.068 4
  -1   -2    -14.519     -9.095      7.496 4
  -1   -2     -7.484     -9.950     10.286 4
  -1   -2    -14.331    -11.373     -7.723 4
  -1   -2     -3.342     14.304     10.709 4
  -1   -2    -16.200      3.528     -8.370 4
  -1   -2     -6.282      0.998     -9.436 4
  -1   -2      8.778      4.184     -0.119 4
  -1   -2    -12.047     -5.203      9.024 4
  -1   -2    -16.580     -5.216      7.007 4
  -1   -2      0.096    -10.860      0.972 4
  -1   -2     20.408     -3.430      8.817 4
  -1   -2      7.885     11.123      8.972 4
  -1   -2     -7.666     11.297     -8.070 4
  -1   -2     -8.828     14.851     12.533 4
  -1   -2    -18.126      3.100     10.544 4
  -1   -2    -20.284      9.159      6.440 4
  -1   -2     16.941    -14.057     -2.510 4
  -1   -2     -9.510      1.677     12.990 4
  -1   -2    -12.852     11.683     12.895 4
  -1   -2    -10.380      9.841      4.352 4
  -1   -2      1.145     -0.428     14.637 4
  -1   -2     -8.808     11.317      3.782 4
  -1   -2    -13.471      4.619     -9.301 4
  -1   -2      7.118     -3.894     13.208 4
  -1   -2      5.891     12.345      3.474 4
  -1   -2      3.080     -5.457     -9.225 4
  -1   -2    -10.802     -1.511     -3.110 4
  -1   -2      2.991      0.953     12.370 4
  -1   -2     -9.979     -4.202     13.153 4
  -1   -2     26.690      5.180     13.121 4
  -1   -2     28.486      8.745      9.426 4
  -1   -2    -18.305      0.191      5.456 4
  -1   -2     -1.339     14.532     11.811 4
  -1   -2      3.970      3.366      5.873 4
  -1   -2    -10.736     16.137     10.673 4
  -1   -2    -19.327     -5.184     14.140 4
  -1   -2    -22.607     -2.936     14.568 4
  -1   -2     -0.364      3.762      5.183 4
  -1   -2      1.554      1.886      4.969 4
  -1   -2      1.140      3.845     13.008 4
  -1   -2    -14.242     14.213      3.117 4
  -1   -2     -0.771     -2.922     11.390 4
  -1   -2     16.473     12.412     -4.254 4
  -1   -2    -12.701      1.033     -6.040 4
  -1   -2      6.730     12.531      0.255 4
  -1   -2    -14.031     13.974     13.052 4
  -1   -2    -16.087     -0.250     -5.724 4
  -1   -2     -9.446     -7.946     13.783 4
  -1   -2     -7.935     13.274      6.066 4
  -1   -2     -1.646      8.714     -3.399 4
  -1   -2     16.665     10.538     15.193 4
  -1   -2     15.690     -7.607      8.806 4
  -1   -2     17.092     15.874     13.796 4
  -1   -2     -0.829     -3.015      5.599 4
  -1   -2     -0.939      3.936     13.350 4
  -1   -2     26.616      0.339      9.902 4
  -1   -2      0.690     11.467     -7.897 4
  -1   -2      4.344      1.513     13.522 4
  -1   -2    -18.511     11.909     12.731 4
  -1   -2    -18.110      9.128     13.779 4
  -1   -2     17.635      2.919      8.420 4
  -1   -2     26.017      8.813     14.244 4
  -1   -2      0.916     14.188      9.423 4
  -1   -2    -14.765      1.006      2.297 4
  -1   -2     -0.534      4.498      7.106 4
  -1   -2     18.821     12.769      0.431 4
  -1   -2      3.605    -10.345      0.573 4
  -1   -2     17.745    -10.516      9.894 4
  -1   -2    -14.735      0.814     11.260 4
  -1   -2     23.462      7.074      4.801 4
  -1   -2     -0.802     14.827      2.061 4
  -1   -2     -2.418     11.641      2.790 4
  -1   -2    -10.849     11.958      1.632 4
  -1   -2     20.442      6.281     12.247 4
  -1   -2      5.456     14.166      7.565 4
  -1   -2     18.115     -4.193      5.463 4
  -1   -2     -2.718    -13.505     13.333 4
  -1   -2      6.810     -5.911      0.787 4
  -1   -2     19.672     10.524      1.419 4
  -1   -2     -0.654      1.522      4.343 4
  -1   -2    -19.184     -1.645      3.187 4
  -1   -2      0.896     -9.938      0.231 4
  -1   -2     -3.629     11.806      2.963 4
  -1   -2     12.114      1.643     12.270 4
  -1   -2     19.319     -6.615      2.688 4
  -1   -2     12.461    -10.202      7.040 4
  -1   -2    -16.660     13.841      7.249 4
  -1   -2      7.912     -1.201      8.016 4
  -1   -2     23.742     16.540      8.936 4
  -1   -2     -8.308     12.516      8.170 4
  -1   -2    -14.888      6.367      4.901 4
  -1   -2     -3.486     -5.941      4.130 4
  -1   -2     -5.867      2.691     -7.217 4
  -1   -2     -5.314      3.439     13.088 4
  -1   -2     -6.704      4.430     13.868 4
  -1   -2     24.508    -16.321      6.622 4
  -1   -2    -16.896     -3.602     -8.545 4
  -1   -2    -12.590     15.171     15.311 4
  -1   -2      8.585     -2.745      1.557 4
  -1   -2      5.562      8.862     14.028 4
  -1   -2     -5.501      5.330     13.213 4
  -1   -2     14.732     -5.537     14.650 4
  -1   -2      7.169      9.015      4.649 4
  -1   -2    -12.759     -0.196     10.344 4
  -1   -2     10.698     13.390      7.061 4
  -1   -2     -0.867     13.861     12.221 4
  -1   -2     23.568     -9.103     15.251 4
  -1   -2      3.023      6.495      2.895 4
  -1   -2      2.558    -12.671      4.157 4
  -1   -2     -7.154     -5.516     -7.713 4
  -1   -2     16.221      7.644      0.178 4
  -1   -2     -4.175      2.503      0.254 4
  -1   -2     24.082      8.045     15.202 4
  -1   -2     -1.477    -10.131      8.067 4
  -1   -2      4.256      6.832     -5.619 4
  -1   -2    -12.351      8.189     -9.940 4
  -1   -2     13.152     10.931     12.618 4
  -1   -2     14.993     10.523     10.715 4
  -1   -2      6.545     -8.597      3.346 4
  -1   -2    -17.091     -6.994     13.691 4
  -1   -2     -4.187     -3.462      2.089 4
  -1   -2      0.012    -12.514      6.308 4
  -1   -2    -17.639      7.879     11.450 4
  -1   -2    -18.693     -0.491      1.318 4
  -1   -2      1.990     10.728      3.378 4
  -1   -2    -20.695     -0.782     10.312 4
  -1   -2    -12.415     -6.518     -2.670 4
  -1   -2      9.926     -7.298     13.834 4
  -1   -2     -2.075     11.136      5.490 4
  -1   -2    -18.003     -6.880      6.187 4
  -1   -2     17.455     -8.224      3.685 4
  -1   -2      4.871    -11.707      6.907 4
  -1   -2     -8.468      3.464      3.931 4
  -1   -2     13.740     -3.513     -1.999 4
  -1   -2     20.860      3.350      4.881 4
  -1   -2     21.658     -4.334      7.720 4
  -1   -2    -13.725     -7.315     -0.906 4
  -1   -2     -2.249     12.659     13.464 4
  -1   -2     -7.904     -6.729     12.716 4
  -1   -2     22.606     -2.299      7.607 4
  -1   -2    -13.223     -9.363     -2.480 4
  -1   -2      8.701      4.346      6.313 4
  -1   -2     23.869     10.732     14.089 4
  -1   -2      6.126     -5.046      4.953 4
  -1   -2     20.102      3.215      2.291 4
  -1   -2      7.239    -12.369     11.623 4
  -1   -2     -5.315     -2.828     14.197 4
  -1   -2     19.396     -3.981     14.523 4
  -1   -2     14.554     -2.700     13.401 4
  -1   -2     19.073     15.602      6.525 4
  -1   -2     13.827     -9.684      8.326 4
  -1   -2     20.092     -4.227      8.795 4
  -1   -2     14.803     13.533     14.460 4
  -1   -2     22.329      1.166     10.671 4
  -1   -2      1.920      2.125     -9.424 4
  -1   -2     -5.541      7.946      8.546 4
  -1   -2     -8.121     -6.781      9.380 4
  -1   -2     -0.600    -16.782      4.561 4
  -1   -2    -13.154     16.305     14.667 4
  -1   -2     29.163      6.347     12.576 4
  -1   -2      1.366     17.428      5.959 4
  -1   -2     17.655     12.958      6.651 4
  -1   -2    -10.290      8.692     -9.921 4
  -1   -2     -2.614     -9.227     11.659 4
  -1   -2    -10.603    -11.693     -0.239 4
  -1   -2     -0.635      5.589      7.596 4
  -1   -2     -2.333     -5.733     -6.281 4
  -1   -2    -18.830     -3.255      9.461 4
  -1   -2    -16.463     -5.021     -1.584 4
  -1   -2    -11.265      9.808      3.435 4
  -1   -2      4.585     -0.143      8.577 4
  -1   -2     15.033     -2.615     -8.877 4
  -1   -2      0.908      8.691      2.955 4
  -1   -2     -8.470      8.065      5.868 4
  -1   -2      6.215     12.684      8.113 4
  -1   -2    -15.997     14.175      2.332 4
  -1   -2    -21.269     -2.137      7.611 4
  -1   -2    -14.865      1.577     -1.189 4
  -1   -2      7.108     -8.211      9.685 4
  -1   -2    -14.827     13.031      3.039 4
  -1   -2     -7.020     -6.386     14.546 4
  -1   -2    -12.355     13.486      9.319 4
  -1   -2     14.500     13.791     -2.519 4
  -1   -2     21.964      1.978     12.674 4
  -1   -2     12.276     -5.321      7.574 4
  -1   -2      0.802    -12.349      5.325 4
  -1   -2     13.567     -1.922      8.262 4
  -1   -2     24.799     13.181     -0.964 4
  -1   -2     12.781     -4.404      2.814 4
  -1   -2     -7.419    -12.233      1.745 4
  -1   -2     12.977     13.799     13.701 4
  -1   -2    -15.589     12.953     14.250 4
  -1   -2     -1.291     12.919      1.800 4
  -1   -2    -19.632     -5.271     10.068 4
  -1   -2      1.655     11.120     14.595 4
  -1   -2     -7.893      8.041      3.144 4
  -1   -2     -8.728     -1.885     13.979 4
  -1   -2      8.082      6.350     -3.440 4
  -1   -2     12.266     -3.607     13.283 4
  -1   -2     26.230     -1.209     13.267 4
  -1   -2     13.560     16.006     11.374 4
  -1   -2    -20.101      7.153     13.279 4
  -1   -2      9.556     -4.684      7.293 4
  -1   -2     15.918      9.162     -9.010 4
  -1   -2      4.135     -2.715      2.060 4
  -1   -2    -17.544     -9.201     15.130 4
  -1   -2     19.158     12.526      0.011 4
  -1   -2    -18.316     -8.613     12.282 4
 858   -2     10.084    -18.652      7.910 4
  -1   -2      5.604     -0.419     14.772 4
  -1   -2     19.240      0.606     15.067 4
  -1   -2     25.056      0.871      1.628 4
  -1   -2     22.610      6.979      0.396 4
  -1   -2    -15.431     13.367      7.366 4
  -1   -2      0.609     10.528      0.615 4
  -1   -2     19.416    -13.240      5.201 4
  -1   -2    -12.627     14.618     -9.590 4
  -1   -2     16.191    -11.213     13.782 4
  -1   -2     13.036     -5.768     10.975 4
  -1   -2    -12.912     -7.655     -6.427 4
  -1   -2     17.811     12.248      9.518 4
  -1   -2     -9.577     -6.926     12.775 4
  -1   -2    -18.560    -10.419     12.363 4
  -1   -2     16.117     16.008      5.209 4
  -1   -2     20.944     15.826      9.597 4
  -1   -2     -0.216     -5.721      8.504 4
  -1   -2     14.285     12.125     -4.208 4
  -1   -2     18.204     15.720      5.313 4
  -1   -2     -9.827     -9.856     11.043 4
  -1   -2      2.000     17.605      7.379 4
  -1   -2     20.484      1.908     -0.508 4
  -1   -2     10.840      3.162     14.326 4
  -1   -2     22.507     12.595      1.632 4
  -1   -2    -15.204      2.837     -8.952 4
  -1   -2     23.309     -3.458     13.552 4
  -1   -2     18.645      9.279     -7.356 4
  -1   -2    -15.032      8.711      3.277 4
  -1   -2     18.251      3.255      1.594 4
  -1   -2      4.438      5.617      2.560 4
  -1   -2     19.677     -4.958     -2.568 4
  -1   -2     24.571    -11.761     10.510 4
  -1   -2     -5.256     12.695      1.274 4
  -1   -2    -15.979      5.391     -4.286 4
  -1   -2     16.592      4.160      8.199 4
  -1   -2      9.517     16.157      4.288 4
  -1   -2     -1.708      2.508     11.274 4
  -1   -2    -15.139     14.453      5.121 4
  -1   -2      3.404    -14.370     -6.455 4
  -1   -2     12.982    -13.797     13.762 4
  -1   -2     21.613      4.402      9.838 4
  -1   -2      3.856     15.157      5.421 4
  -1   -2    -21.186     -2.756     14.338 4
  -1   -2    -18.670     -6.348      7.904 4
  -1   -2    -18.156     -4.858      9.851 4
  -1   -2     -5.537      8.513     14.663 4
  -1   -2    -15.130     -3.970     14.309 4
  -1   -2     -9.542     19.483     13.350 4
  -1   -2    -11.165     10.598     -9.565 4
  -1   -2     -8.574     -8.400      9.750 4
  -1   -2      0.413      1.858      1.974 4
  -1   -2     18.228      9.210      9.324 4
  -1   -2     10.619     10.554     12.535 4
  -1   -2    -11.630      0.195     10.142 4
  -1   -2     -8.893     14.611      8.803 4
  -1   -2      7.995     -6.474     -1.742 4
  -1   -2     -0.251      1.999      6.763 4
  -1   -2      7.695      7.996     -3.528 4
  -1   -2     25.611     -4.904     10.687 4
  -1   -2    -16.154      0.471     13.662 4
  -1   -2    -15.898     14.561     12.809 4
  -1   -2     12.034     -5.529      8.354 4
  -1   -2     13.218      9.527     10.181 4
  -1   -2      7.134      0.815      8.827 4
  -1   -2     14.506     17.432      9.060 4
  -1   -2     -2.806     15.576     14.834 4
  -1   -2     12.365    -11.452      0.828 4
  -1   -2     17.552     10.831     13.736 4
  -1   -2     17.281    -16.089      6.240 4
  -1   -2     17.362      7.779     12.658 4
  -1   -2     -3.581     -2.544      6.176 4
  -1   -2     23.929     -7.624     -0.663 4
  -1   -2     20.986     -6.916      2.043 4
  -1   -2     -2.453      6.186     -6.374 4
  -1   -2     15.502      3.103     10.090 4
  -1   -2      6.184     -0.971     14.427 4
  -1   -2      3.949      7.642      3.841 4
  -1   -2    -22.402     -4.273     13.092 4
  -1   -2     -8.315     16.116      6.760 4
  -1   -2      7.048     15.604      5.653 4
  -1   -2     -4.404      4.426     13.055 4
  -1   -2     23.290      9.461      1.113 4
  -1   -2    -17.981     -4.299     10.662 4
  -1   -2    -13.842      8.193      2.481 4
  -1   -2     15.973     -2.797     14.673 4
  -1   -2     19.394      9.776     10.132 4
  -1   -2      3.531     -5.948     -0.887 4
  -1   -2     14.537      2.938     -3.491 4
  -1   -2     19.286     13.894      3.442 4
  -1   -2     24.178      8.892     12.289 4
  -1   -2     -4.946     14.364      9.311 4
  -1   -2    -19.090     12.526      7.912 4
  -1   -2      1.483     -0.954     13.569 4
  -1   -2    -20.466      8.211     10.125 4
  -1   -2     -6.565     -3.335      9.250 4
  -1   -2     -5.545     13.340      3.839 4
  -1   -2     19.993     -4.899      3.849 4
  -1   -2     17.113     -2.203     10.078 4
  -1   -2     12.989     -5.454      8.805 4
  -1   -2     -9.881     13.984      0.654 4
  -1   -2    -20.373      0.188     13.094 4
  -1   -2     22.721      7.599      0.318 4
  -1   -2     22.969      8.649     12.390 4
  -1   -2     -3.760      7.467      4.886 4
  -1   -2     -4.184      6.084     -7.454 4
  -1   -2      9.144      8.429      8.654 4
  -1   -2     10.040     18.035      9.465 4
  -1   -2     24.764     -9.237     13.188 4
  -1   -2    -13.409    -11.055     13.906 4
  -1   -2     -8.785    -18.574     11.788 4
  -1   -2     18.897      4.651     15.104 4
  -1   -2     -3.953     -0.570      7.524 4
  -1   -2      9.879      9.427      5.205 4
  -1   -2      7.728    -18.937     11.125 4
  -1   -2      1.913    -10.056      2.632 4
  -1   -2     26.942     -8.156     14.376 4
  -1   -2     18.647      4.397     10.828 4
  -1   -2     -1.776     -9.481     -0.346 4
  -1   -2     15.998     13.701      7.336 4
  -1   -2     16.334    -15.613      2.232 4
  -1   -2     -3.303      3.881     13.854 4
  -1   -2     20.555    -10.225      6.899 4
  -1   -2     15.698      5.558      4.815 4
  -1   -2      3.051     13.100      0.691 4
  -1   -2     -1.044     10.914      6.417 4
  -1   -2    -21.894      0.053     11.836 4
  -1   -2     20.770     15.747      5.624 4
  -1   -2      7.378     15.103      9.520 4
  -1   -2    -20.511     -7.048      7.961 4
  -1   -2    -18.524     -7.122     11.288 4
  -1   -2      3.215     -1.517      8.740 4
  -1   -2     18.287      9.495     12.080 4
  -1   -2     -7.289     11.769     14.493 4
  -1   -2     18.535     17.093      6.361 4
  -1   -2     14.393    -12.911     -2.988 4
  -1   -2     -5.978    -16.133     11.486 4
  -1   -2     21.142     -1.306     12.318 4
  -1   -2    -17.825      4.492     11.459 4
  -1   -2     11.228      2.616      0.339 4
  -1   -2     -5.235     10.211     14.081 4
  -1   -2     12.072      6.081     11.955 4
  -1   -2      1.461      2.199     14.612 4
  -1   -2     23.590     12.848     14.148 4
  -1   -2     -3.776    -10.160     11.003 4
  -1   -2     -9.291     10.167     12.883 4
  -1   -2    -10.858     14.657     11.674 4
  -1   -2     -7.522     15.225      5.966 4
  -1   -2     24.533      8.357     -3.642 4
  -1   -2     -0.049     10.791     -0.286 4
  -1   -2     20.267    -13.314      0.791 4
  -1   -2      0.683     -6.695      1.541 4
  -1   -2    -18.672      9.658     12.069 4
  -1   -2     12.112    -20.284     11.966 4
  -1   -2     18.645     13.326     10.343 4
  -1   -2     -8.056      5.817      0.553 4
  -1   -2     21.542      2.647     -6.664 4
  -1   -2    -20.324     -3.496     14.175 4
  -1   -2     -5.644     -1.801      7.233 4
  -1   -2     10.654     -9.516     13.163 4
  -1   -2     -5.573    -10.654     -6.843 4
  -1   -2     16.544      6.354     -8.906 4
  -1   -2     17.964    -16.601     15.122 4
  -1   -2     15.094     10.841      5.439 4
  -1   -2     -7.104      0.430      6.845 4
  -1   -2     26.825      2.660      4.833 4
  -1   -2      6.580     -1.412     -7.911 4
  -1   -2    -19.706      9.337      9.089 4
  -1   -2      9.220    -17.905      5.097 4
  -1   -2     18.821     -3.845     11.588 4
  -1   -2     26.791     -1.525      7.856 4
  -1   -2     26.975     13.195     14.854 4
  -1   -2     15.787    -18.207      9.115 4
  -1   -2      9.818    -12.187      4.323 4
  -1   -2     19.979    -12.722      4.739 4
  -1   -2      2.483     10.659     14.734 4
  -1   -2     11.590     -8.661      3.214 4
  -1   -2     17.252      2.013     10.587 4
  -1   -2     -0.332     -3.279     -0.668 4
  -1   -2    -14.701     -2.202      3.900 4
  -1   -2     11.844      3.394     -5.125 4
  -1   -2    -20.112    -15.045      8.281 4
  -1   -2     -6.809      1.859      8.280 4
  -1   -2     26.988      3.161      8.773 4
  -1   -2      7.443    -14.378     -8.033 4
  -1   -2     -3.626     15.670     -1.141 4
  -1   -2     25.776      5.982      9.837 4
  -1   -2    -21.637     -6.010     13.788 4
  -1   -2     -3.326      2.341     -5.612 4
  -1   -2     -3.485    -17.428      9.677 4
  -1   -2    -15.890     10.910      2.505 4
  -1   -2     24.789     -4.309      9.558 4
  -1   -2     19.423     -1.224     10.544 4
  -1   -2     10.558      5.906     11.165 4
  -1   -2     24.093     15.637     12.212 4
  -1   -2     18.430     -6.453     -1.830 4
  -1   -2      7.569     10.028     10.380 4
  -1   -2      2.999    -11.807      8.208 4
  -1   -2     26.227     -9.479      6.284 4
  -1   -2     14.085     -2.668      0.791 4
  -1   -2     17.581     -3.483     14.270 4
  -1   -2    -14.312     -4.468      7.059 4
  -1   -2      6.300     -0.900      9.957 4
  -1   -2     12.102     -3.196     -5.730 4
  -1   -2      0.215      0.832     -4.025 4
  -1   -2    -17.000      6.404     14.042 4
  -1   -2     -5.567      1.232     14.978 4
  -1   -2     -3.783     16.217     10.626 4
  -1   -2     10.563      0.487      1.841 4
  -1   -2      9.663      7.441      1.189 4
  -1   -2    -16.469     14.296     15.127 4
  -1   -2      3.587     -1.422     14.621 4
  -1   -2      3.311     -4.994     15.197 4
  -1   -2      7.436     -5.590     10.443 4
  -1   -2     -7.032    -17.582     12.042 4
  -1   -2      1.914     -1.292      6.492 4
  -1   -2     10.088     16.815      4.500 4
  -1   -2      6.783    -13.421      0.212 4
  -1   -2     -5.091     -5.982     14.652 4
  -1   -2    -18.671      2.349     11.390 4
  -1   -2    -14.463     -9.430      0.488 4
  -1   -2     14.823      5.157     13.502 4
  -1   -2     29.641     -5.440     12.764 4
  -1   -2     17.888     10.732      1.735 4
  -1   -2     -7.716     -7.103      9.819 4
  -1   -2     26.855     12.249      5.935 4
  -1   -2     24.006      6.283     14.898 4
  -1   -2    -20.044      1.074     11.860 4
  -1   -2     -6.978     19.210     13.629 4
  -1   -2      2.455    -12.741      7.722 4
  -1   -2      2.353     -9.897     12.279 4
  -1   -2     -2.462     10.273     12.085 4
  -1   -2    -21.364    -11.269      8.001 4
  -1   -2    -12.490    -12.427     14.118 4
  -1   -2     12.197    -13.340     15.032 4
  -1   -2    -16.046      1.554      3.353 4
  -1   -2     -3.169     14.160      9.729 4
  -1   -2     -1.880     11.595      0.617 4
  -1   -2    -22.100     -7.116     11.705 4
  -1   -2      2.207    -15.239      9.851 4
  -1   -2      4.106    -18.702     11.280 4
  -1   -2     -1.811     -0.407      4.322 4
  -1   -2     -5.933    -13.659      2.297 4
  -1   -2     -3.416     -2.833      4.710 4
  -1   -2     -7.529     -9.116     10.566 4
  -1   -2     22.309      7.733     12.640 4
  -1   -2     19.754     -8.910      6.233 4
  -1   -2    -11.206      2.092     13.063 4
  -1   -2      7.220    -20.246     12.131 4
  -1   -2     12.266    -17.480      8.788 4
  -1   -2    -17.252    -12.610      8.238 4
  -1   -2     23.853     11.681     11.681 4
  -1   -2      0.113     15.757     11.757 4
  -1   -2    -15.046    -11.091      0.947 4
  -1   -2     21.160     13.154     12.326 4
  -1   -2      4.389    -16.839      8.717 4
  -1   -2     -2.436     -7.006      5.174 4
  -1   -2      3.521     -6.639     -3.695 4
  -1   -2      3.834      8.769     10.407 4
  -1   -2     18.600    -13.963      6.596 4
  -1   -2      1.146     -7.846     12.119 4
  -1   -2      8.113     -4.026     13.199 4
  -1   -2     -4.065    -11.737      8.594 4
  -1   -2     27.120      2.659     14.391 4
  -1   -2     -8.282    -18.885     14.051 4
  -1   -2     -9.821     -8.528     14.011 4
  -1   -2      4.570      3.466     11.035 4
  -1   -2     -2.316    -11.935      2.846 4
  -1   -2     20.176      6.650     -0.703 4
  -1   -2      8.869    -18.431      8.063 4
  -1   -2    -11.274      7.764      2.741 4
  -1   -2     11.833     -4.388     -8.025 4
  -1   -2     25.875     12.641      8.425 4
  -1   -2     -5.974     12.330     12.925 4
  -1   -2     12.084      6.157      8.037 4
  -1   -2    -19.562    -21.563     14.151 4
  -1   -2     -7.896     11.777      8.452 4
  -1   -2    -12.208     -7.357     -7.364 4
  -1   -2     10.203     15.997      2.025 4
  -1   -2     16.753      5.140     12.297 4
  -1   -2      7.594     -8.187      6.689 4
  -1   -2     23.057     -4.893      4.328 4
  -1   -2      9.211    -11.801     -1.860 4
  -1   -2    -10.675      5.325      1.157 4
  -1   -2     -1.557     -6.184     -3.618 4
  -1   -2     20.875     -4.752      2.965 4
  -1   -2    -17.764     -3.317     13.963 4
  -1   -2     24.413    -15.726      6.955 4
  -1   -2     21.240     10.594      0.653 4
  -1   -2      1.381    -10.410     -7.740 4
  -1   -2     -9.574     18.896     14.275 4
  -1   -2    -14.631     13.648     10.191 4
  -1   -2    -18.822    -11.120      8.246 4
  -1   -2      5.866     12.761      6.528 4
  -1   -2    -11.662     10.659     14.877 4
  -1   -2      1.691    -20.241     14.536 4
  -1   -2     12.097     -9.413      6.254 4
  -1   -2    -15.085     19.670      8.163 4
  -1   -2      6.048     14.968     13.395 4
  -1   -2     20.962      2.961     -5.679 4
  -1   -2     14.986     16.655      4.832 4
  -1   -2     19.699     15.009     -0.642 4
  -1   -2    -20.218    -14.837     12.956 4
  -1   -2      7.539     13.738      2.703 4
  -1   -2     27.360      2.112      8.767 4
  -1   -2     22.057      6.615      3.732 4
  -1   -2     -9.084     -6.606      0.554 4
  -1   -2     -0.378      1.551     11.436 4
  -1   -2     21.486     -5.269     -8.476 4
  -1   -2     23.366      0.263      8.945 4
  -1   -2     19.305    -10.662     13.603 4
  -1   -2     -6.917      7.700      9.259 4
  -1   -2     -5.032     19.306     11.965 4
  -1   -2    -20.919     -7.410     12.259 4
  -1   -2     20.270     -5.072      8.317 4
  -1   -2     17.814      0.693      1.209 4
  -1   -2     -2.333      7.908     -5.107 4
  -1   -2     21.214      8.771      1.495 4
  -1   -2      9.513    -16.685      3.633 4
  -1   -2     18.284     14.621     -1.801 4
  -1   -2     -4.049    -11.436      2.338 4
  -1   -2     -7.997     -4.926     14.294 4
  -1   -2      3.336     -0.142     15.156 4
  -1   -2     21.362      7.770     14.077 4
  -1   -2      0.513     11.056     -5.739 4
  -1   -2     22.681      3.418     15.049 4
  -1   -2      2.674    -17.884      3.822 4
  -1   -2      0.459     16.555      9.404 4
  -1   -2      0.802     14.448      0.147 4
  -1   -2    -12.100    -16.375     -3.401 4
  -1   -2     -3.059     -6.496     14.594 4
  -1   -2     13.030     -2.777     13.419 4
  -1   -2     -8.527    -11.239     11.147 4
  -1   -2     17.193     12.027     -0.302 4
  -1   -2    -17.703      2.278     12.388 4
  -1   -2    -19.917    -13.289      2.425 4
  -1   -2     22.574     17.712     14.645 4
1221   -2     25.002    -19.084     15.223 4
  -1   -2     16.531    -23.376      6.586 4
  -1   -2     25.057     23.680      9.775 4
  -1   -2      0.609    -21.259     14.252 4
  -1   -2     25.244     12.492     14.171 4
  -1   -2      7.399    -20.819      6.867 4
  -1   -2     -3.626    -25.293      4.418 4
  -1   -2     21.793     22.043      6.117 4
  -1   -2     13.794    -23.515      1.297 4
  -1   -2     22.039    -20.213     13.935 4
  -1   -2    -14.557    -18.726     12.450 4
  -1   -2    -15.641    -18.794      3.108 4
  -1   -2     15.764    -22.361     14.690 4
  -1   -2     -1.595     24.742     12.064 4
  -1   -2     -1.259    -18.216     13.788 4
  -1   -2    -13.820    -12.700     13.035 4
  -1   -2     14.084    -19.748      7.054 4
  -1   -2     -9.818    -25.536     -2.836 4
  -1   -2     23.018    -18.801     13.888 4
  -1   -2     18.546    -18.656     15.323 4
  -1   -2     21.360    -11.152     12.213 4
  -1   -2    -27.197    -11.862     12.264 4
  -1   -2      9.422    -24.396     10.776 4
  -1   -2     26.957     14.008     13.799 4
  -1   -2    -24.041    -14.822     10.089 4
  -1   -2      4.969    -20.885     12.928 4
  -1   -2    -10.286    -19.431     -5.074 4
  -1   -2     10.535     20.665      0.711 4
  -1   -2     28.446     11.251     13.943 4
  -1   -2     27.563     -7.247     13.882 4
  -1   -2     21.754    -17.034      1.994 4
  -1   -2    -12.928    -16.480     15.089 4
  -1   -2     14.259    -15.401     -2.794 4
  -1   -2    -26.548    -14.547      9.748 4
  -1   -2     24.148     15.567     14.446 4
  -1   -2     -2.139    -21.521     -0.157 4
  -1   -2     -6.903    -16.870     14.384 4
  -1   -2     24.982    -15.800     14.672 4
  -1   -2     16.070    -17.334     15.262 4
  -1   -2     -0.659     32.173     -8.483 4
  -1   -2      9.930     28.080      7.283 4
  -1   -2     22.595    -16.570      9.724 4
  -1   -2     27.054    -19.011     15.350 4
  -1   -2     27.922    -13.038      9.528 4
  -1   -2    -15.360    -19.248     10.140 4
  -1   -2     -3.510    -19.726     11.856 4
  -1   -2     12.571    -17.523      4.456 4
  -1   -2     30.807     -2.494     13.384 4
  -1   -2     16.143    -20.061     12.610 4
  -1   -2     27.739      5.059     14.112 4
  -1   -2     17.952    -20.424     14.219 4
  -1   -2     21.663    -14.139     12.243 4
  -1   -2      0.617    -13.468     11.805 4
  -1   -2    -23.573    -19.168     14.774 4
  -1   -2     26.360    -16.349      7.645 4
  -1   -2    -15.981    -15.003     14.842 4
  -1   -2      1.469    -23.682     14.643 4
1238   -2    -28.486     -8.399     10.928 4
  -1   -2      5.118    -23.331     -8.210 4
  -1   -2     -8.575    -20.729     14.144 4
  -1   -2     -3.397    -22.440     -0.415 4
  -1   -2    -13.102    -15.405      6.110 4
  -1   -2     11.448     30.247     -2.429 4
  -1   -2      5.988    -23.421     14.111 4
  -1   -2     27.043    -13.348     13.164 4
  -1   -2     -3.178    -18.437      8.787 4
  -1   -2     19.012     17.159     13.587 4
  -1   -2     -7.238    -21.140      7.794 4
  -1   -2     18.259     24.715      5.515 4
  -1   -2    -13.504    -19.568     12.806 4
  -1   -2      2.940    -21.225     15.121 4
  -1   -2     24.971    -15.910      9.325 4
1348   -2     15.760      2.018     10.569 4
  -1   -2     -4.159     -0.205      4.915 4
  -1   -2     11.512     11.550      9.661 4
  -1   -2      6.660     -9.924      1.507 4
  -1   -2      7.170     13.008     12.444 4
  -1   -2     21.499     10.663      4.121 4
  -1   -2    -12.342     14.766     10.874 4
  -1   -2    -14.842     10.332      6.313 4
  -1   -2     -2.601     13.688     11.048 4
  -1   -2      4.635     -6.096     12.656 4
  -1   -2     -9.692     -3.096     11.693 4
  -1   -2    -10.648     -4.033      3.228 4
  -1   -2     20.773      2.853      7.707 4
  -1   -2    -14.187     -8.472     12.344 4
  -1   -2     23.044     -0.784     11.868 4
  -1   -2     23.924     -7.559      3.285 4
  -1   -2     23.118      3.516     14.118 4
  -1   -2     -7.659     13.571      5.155 4
  -1   -2      6.693     -8.447     10.006 4
  -1   -2     -6.883     -4.746     14.907 4
  -1   -2     10.288     16.691     12.378 4
  -1   -2     -4.888     13.645      6.306 4
  -1   -2    -18.544      9.715     12.227 4
  -1   -2     20.780     12.768     11.698 4
  -1   -2    -20.721      9.198     11.856 4
  -1   -2     21.729    -11.208      7.256 4
  -1   -2      8.409      3.923     13.198 4
  -1   -2    -17.639     12.403     11.932 4
  -1   -2     -1.593      6.810     -3.054 4
  -1   -2     24.153     10.360     -3.445 4
  -1   -2    -18.537     11.762     13.071 4
  -1   -2     17.281    -16.089      6.240 4
  -1   -2     -4.917    -14.176     14.743 4
  -1   -2    -11.789    -17.202     14.957 4
  -1   -2     19.431    -13.181      5.278 4
  -1   -2      0.708     10.635     10.565 4
  -1   -2    -12.748     -1.005      5.393 4
  -1   -2      6.619     -9.963      1.516 4
  -1   -2    -12.818     -0.981      5.242 4
  -1   -2      5.304      8.020     -8.817 4
  -1   -2     -6.561     -9.870     -7.152 4
1303   -2     -4.159     -0.205      4.915 2
  11   -2     11.512     11.550      9.661 2
  -1   -2      6.660     -9.924      1.507 2
1337   -2     -6.086     -0.748      4.265 2
   8   -2      7.170     13.008     12.444 2
  35   -2     21.499     10.663      4.121 2
1300   -2    -12.342     14.766     10.874 2
  23   -2    -14.842     10.332      6.313 2
1308   -2     -2.601     13.688     11.048 2
  -1   -2      4.635     -6.096     12.656 2
  93   -2     -9.692     -3.096     11.693 2
 518   -2    -10.648     -4.033      3.228 2
 104   -2     20.773      2.853      7.707 2
   9   -2    -14.187     -8.472     12.344 2
 106   -2     23.044     -0.784     11.868 2
  -1   -2     23.924     -7.559      3.285 2
  -1   -2     23.118      3.516     14.118 2
  87   -2     -7.659     13.571      5.155 2
 301   -2      6.693     -8.447     10.006 2
 116   -2     -6.883     -4.746     14.907 2
  85   -2     -4.888     13.645      6.306 2
  92   -2    -18.544      9.715     12.227 2
1282   -2     20.780     12.768     11.698 2
 397   -2    -20.721      9.198     11.856 2
 293   -2     21.729    -11.208      7.256 2
 449   -2      8.409      3.923     13.198 2
1329   -2    -17.639     12.403     11.932 2
 541   -2     -1.593      6.810     -3.054 2
 453   -2     24.153     10.360     -3.445 2
1265   -2    -18.537     11.762     13.071 2
 883   -2     17.281    -16.089      6.240 2
 819   -2     -4.917    -14.176     14.743 2
 647   -2    -11.789    -17.202     14.957 2
 678   -2     19.431    -13.181      5.278 2
  -1   -2      0.723     10.724     10.781 2
  -1   -2    -12.818     -0.981      5.242 2
   7   -2      4.683     -6.128     12.600 2
  -1   -2      6.619     -9.963      1.516 2
  -1   -2     -6.442     -9.719     -6.913 2
  -1   -2     -6.561     -9.870     -7.152 2
1353   -2      5.304      8.020     -8.817 2
  -1   -2    -12.748     -1.005      5.393 2
  14   -2      6.619     -9.963      1.516 2
  -1   -2     -6.561     -9.870     -7.152 2
  -1   -2      0.723     10.724     10.781 2
  -1   -2      0.723     10.724     10.781 2
1299   -2      0.723     10.724     10.781 2
  49   -2     -6.442     -9.719     -6.913 2
 146   -2    -12.818     -0.981      5.242 2
1295   -2     -6.561     -9.870     -7.152 2
1357   -2     15.660      2.003     10.361 2
