1334
  -1  941    -11.150      4.499     12.109
  -1    4     15.957      1.824     10.351
   7 1233    -10.737      7.566      9.503
   3    9     12.918     -8.864     11.860
  -1  213    -11.536      4.994      4.231
 385   -2      0.924     10.604     10.513
 239  576      2.385      0.063      4.030
  -1  183    -11.234     13.851     11.162
  11   -2     -3.532      3.675     11.083
  13   21     16.332      3.806     -8.114
 767   -2      5.611      6.046      3.693
  -1   11    -12.880     -0.125      3.614
 190   -2     -3.833     11.064      8.796
  12   -2     23.021     -3.653     11.423
 117    1     -0.206     -0.315      4.331
 334  812     -0.721     -1.164      4.747
  -1 1234     -4.088      1.867      9.202
  36   -2      0.264     -1.575      7.477
  -1  134     20.789      2.950     12.026
1223  250    -16.023      0.616      9.975
  66   -2      7.627      4.848     10.089
 142   34     23.429     -2.292      8.659
  -1   -2     -0.531     -3.728      1.819
  -1   -2     17.275     -1.031      8.735
  -1  347    -13.702     -0.424     -1.501
  -1   -2     15.700      0.387     -3.559
  61 1245    -17.481      4.474     -1.211
  -1   -2     -9.624     -3.049     -4.120
  22   -2      3.404      2.277      3.488
  60   12      0.179     -0.267     12.006
  -1  736      3.320      6.544      2.545
  -1  102     13.138     11.070     -2.868
  38   23      6.861     -9.578      5.349
 956  657      7.150      1.252     -1.942
1133  615     -3.246     13.547     11.595
1315   89     18.489      5.240      2.081
  -1   14     18.324     -0.499     -3.430
  70 1246     18.992     -0.210     -8.148
  62   -2     -0.101      1.390     11.704
 332   19      8.938      9.440     -0.024
 155  934    -15.475      1.845     10.757
 658  515     25.937     -0.065     11.361
  -1  110     18.898     -6.142     11.172
 931 1079     -3.651      6.441     10.568
 317   -2     25.587     -5.024      5.781
  -1  254      5.326     -2.453      3.641
 874  152     -9.237      8.736      7.829
 214  442    -14.228     10.550      6.407
  -1   -2     19.846     13.018      6.070
  -1   74      5.067      0.362      6.051
  -1   -2     -3.887     -0.386    -10.115
  -1   -2     15.608      9.099      2.063
 106  145     22.079      0.745     -0.235
 611   44      9.853      4.343     11.423
 319  673     -6.023     -0.842      3.914
  39   -2     18.882     -1.522    -11.130
 795   18     24.385     -4.627     10.155
  -1   -2    -10.764      9.020    -11.793
  -1  123      5.753      1.458    -10.319
1226   -2      3.321      0.018     -7.143
  91   -2     14.354      2.819     -1.892
 176   -2     -8.929      7.780     -0.275
 264   -2     19.018      7.987     10.891
 208   64     -5.308      6.543      4.271
  -1  230      0.013      1.557     -6.303
  -1   -2     10.254      4.131     -7.137
 787   -2    -14.802     10.374     12.605
  17 1280    -11.121     -1.730      3.576
  37 1240     -9.479     -3.244     11.710
 804    5     -0.950     11.796     11.858
1151  128     15.911     -1.166     -4.717
  -1   -2     16.746      7.705     -5.188
  -1   86     -5.333     -0.696     -5.712
  84   -2     11.319     11.431     10.275
 390   -2     -0.125      9.094      5.611
 113   -2     13.856      0.545     -2.947
  97  215     16.384      6.396     -2.291
  -1   -2      9.046      1.949     10.588
 337   -2      1.186     -1.462     -9.429
  -1  115     12.245     13.383      0.315
  -1  401     -1.788     13.018      6.902
   6  334    -16.786      4.094      1.374
  -1 1307      3.660     11.197      1.800
 189   -2    -14.133     -2.355     -0.337
 737   -2     -7.196     -3.440      6.285
1239   91     -1.880      9.694      7.197
  -1   -2     -5.697      0.342     -7.468
  -1   -2     18.453      0.718     -4.273
   4   -2    -10.417     -2.158     11.989
 491  395     -0.791      4.046      8.135
 693  200     19.078     14.590      1.932
  26 1238     10.250     -1.607     -1.288
  -1  162      5.205     -0.245     -4.019
  -1 1237      1.267      4.646      8.240
  -1  185      1.956     -9.401      5.391
1238   -2     16.686     10.709     -3.459
 497  833     10.435      6.361      5.874
  -1  816     18.790      2.591      7.117
 161   43      6.889      3.862     10.618
 857  330      6.123      6.792      0.281
 144   -2      5.540      4.515      8.564
 461   -2      9.695     13.911     11.634
 456   -2     11.219      0.848      2.235
 517   -2      5.478      0.385     10.672
 212   98    -14.614     -1.395     10.583
  -1   -2    -16.434      0.094      2.510
  -1  421     16.223     11.754     -3.350
  -1  159     14.091      4.039     -7.636
 467   -2      3.635     -2.468      4.364
  -1   -2    -13.763      9.272     -3.343
 262   -2      6.636     -9.400      0.424
 815   -2      0.015     16.326     12.231
  -1  531     -6.108     12.310      4.080
 486  667    -16.503     -0.487      6.023
1245  157     11.624      2.930     -0.807
1177   -2      1.722      7.266      4.101
1242   -2    -18.992     -2.740      8.274
 768   -2     18.862      9.588      8.068
  -1  279     15.885      8.157     -6.287
 122   65     -8.887     12.799      1.247
  -1   -2     -1.429     14.097     12.526
 220  208     12.382     14.533      3.373
  -1   -2      1.954     10.967      3.677
  15   -2    -11.796     14.977     10.640
 118  141     15.856     -4.680     -6.152
  -1   -2     13.192     -7.883     -1.075
  -1  463     17.979     -8.852      4.812
  -1  536     11.490     -4.308     11.370
  -1  545      4.600      8.391     12.241
 949   -2    -17.091      2.704     10.588
  -1 1301      6.645      8.280      1.957
 827   -2    -19.280      3.319      9.483
  -1  762      6.871      4.400      4.054
 182   -2     12.199     -6.562      6.237
  -1   70      4.870     -6.124     12.431
  -1   -2     -9.299      2.871    -11.449
  -1   -2      9.933      3.607     12.152
 145   -2     -0.197      8.932     -9.172
 906  765    -19.340     -0.942      8.477
 157  413     10.379     -1.644      8.288
  -1  327     -0.008     10.173      6.011
 474  525     20.298     -0.777     11.822
  -1   -2     16.079      7.859     -2.249
  -1   -2     24.187     12.189     12.376
  -1  171    -14.813      0.487     -4.797
  -1   -2    -16.394     14.439      3.194
 287   -2     -0.559     10.173    -10.258
  25  876     24.621     -2.046      7.627
  -1   -2    -15.492     -5.233      4.940
  -1   -2     15.380     -1.557      0.390
 540 1169      6.431      7.176     -3.192
 242  203     22.494      3.480      9.021
  -1   -2      7.157     -0.715      0.192
  -1   -2     20.238      5.788     -4.986
 103  106    -14.822     -1.990      5.573
  -1   -2     17.553      4.404      4.684
 534  191     20.015     11.680      7.899
 814   92     16.541      9.306      2.053
 377  990     -4.737     -1.354      7.565
1228   -2     11.452     10.544      2.866
  -1  598     -2.464      7.323      4.002
  -1  510     19.319     -8.574      6.331
  -1  232     11.367     -2.370     10.642
  -1  623      3.317     -6.153      0.710
  83   -2     23.998     10.952     11.657
  -1   -2      6.441     12.336     11.516
1134 1087     18.829     -8.300     12.008
 131  235    -18.506      4.996      2.512
  -1  432     -2.749     -7.597      6.260
 177 1050     15.748     11.594      5.855
  -1  341    -10.019     -3.935      2.708
 696   -2      0.447      0.313      6.636
 197  390    -19.657      4.231      7.366
  -1  620     15.841      2.138      6.392
  45   -2    -14.948      0.343      4.669
  -1  151     22.032     11.564     12.380
 217 1260     13.352      9.300     -8.997
  57   -2     10.033      4.687      7.804
 577  154      2.324     -0.212     -1.537
 465   -2    -10.686     12.740      4.198
  93 1251     -8.223     -1.800      0.033
 987   -2    -12.391     16.339      8.432
  -1  301     19.298      5.116      3.029
 602  524      2.139     -3.569     10.957
  -1   -2     19.401      7.940      8.135
  -1  346     -5.992      7.494     -9.559
 421 1264    -10.820     -4.678      7.865
 121  966     -7.862     10.854     -9.421
  -1   -2     10.737     -1.230     -4.435
 930   -2     21.092    -14.516      8.310
 582   -2      6.464     -8.517     11.087
 210   -2      7.764     14.187     -4.115
 669   58    -10.082      8.239      5.289
 361   -2     11.740     16.420      8.330
 304   -2    -13.132      9.438     -5.969
  -1   95     11.134     -4.448      3.287
1215  294    -17.363      2.821      7.564
  67   -2     -0.747      4.483     -7.306
 148  662      6.836     -1.750      7.946
  -1   -2     -7.353     12.543      1.399
 977   56     -4.264     14.779      4.740
1073   -2     -3.491     15.866      7.527
  -1  582     -1.743      0.978     12.383
 653 1120     23.930     -0.433     12.348
  -1  298     11.187     16.164      5.166
  -1   -2      4.220     -2.036    -10.262
  81   -2    -10.820     12.748      8.000
 401   -2     14.310      2.450      7.315
 428   -2    -11.155     -4.906     12.038
 372   -2     12.116      9.185      9.490
1080   -2    -13.599     -7.195      4.274
 647  467      6.823     -3.169      2.885
  -1   -2     13.691      4.001      9.564
 921  843     19.071     -5.156      7.541
1265   -2     -9.004      6.277      4.482
  -1  679     22.817      2.144     -4.975
 246 1261     -7.825     -6.426      9.759
 738  227     16.300      0.163      5.299
  -1  770      9.455     -5.594     11.017
  24   -2      1.280      4.214      8.677
  -1   -2     -1.070      7.025     -1.049
1154  509     -6.049      8.085     -1.065
 447   -2     -1.778      3.033     -1.411
  -1   90     -6.507     -1.987      0.129
 109 1325     18.621     10.481     -5.076
 846  209     25.820     -5.778      9.495
  -1   -2     -7.702      7.325    -10.343
  46 1242     16.882     -1.895      9.476
 775   -2     26.686      7.264     11.341
 191  742     21.176      7.959      7.773
  -1   -2     -2.755     -1.434      0.267
 607  122     21.319     -4.104      9.047
1124 1281     23.736      2.832      6.654
 293 1263     18.247     12.256     -7.368
 634  571     -3.387      7.103     -5.919
  -1  573     23.191      6.758      5.985
  -1  300     -3.195      3.290     -1.477
 976   -2      0.611      6.621      9.361
 352   48     18.955      6.355     -4.864
  -1  481      9.069     -1.207      6.062
  -1   -2      2.545     11.008    -10.533
  -1  264    -17.273      8.954      2.033
  -1   42     -0.371      2.417    -12.432
  -1   -2     16.334      6.440     -9.228
1037   -2     22.905     -5.076      7.766
 132   -2      1.914     13.792     12.182
 341  701    -16.068      5.597     -2.453
 271   -2     27.226      1.163      9.883
  -1   -2     -1.140     -1.032     11.362
 357  340      8.021     10.955     12.158
 811  107     18.066     -9.307     10.570
  -1   -2    -13.332     -1.300      4.063
 694   -2      6.032     -3.252     -6.350
 913   55     12.589     -7.593      6.146
  -1  526    -16.464      4.024     -6.872
 301  291     -9.452      0.286     11.104
 238  274    -12.589     12.524      3.897
 728  221     -8.225      6.836     -0.518
  -1  981     15.478      9.578     12.492
 104 1253     -5.401     16.104      6.729
  -1  580     17.296     12.099      2.348
 283   -2      5.491     11.716      4.909
 494   -2     13.348     12.714     10.031
  10  523     -2.964      1.804      9.316
  -1   -2     -2.569      6.270      9.987
 277 1262    -16.152     -4.878     -0.557
 259   57      5.009      2.365      1.084
 894  119     14.631     -2.259      7.247
  -1  840     -1.183     15.718     12.092
  -1   -2     17.958      5.972     -3.780
  -1   69     11.001      0.271      6.072
 367   -2     -4.886    -10.451     -1.641
 590  352      2.855     -2.369      1.514
1061  561    -17.909     -8.932     11.709
 707 1033     -8.957     -5.827     -4.018
 897  246    -17.341     -8.868      4.524
  -1 1199      5.037     11.542     12.281
 272   -2     -5.254     -3.015     10.577
  -1   -2     14.094      3.729      2.615
1094  512    -11.642      0.313      2.417
  -1  912      3.323      3.201    -10.654
1000 1134     22.492     15.310      8.218
 648 1154      6.317      2.121     10.050
 316   -2     25.138      3.461      8.525
  -1  844     22.271     -1.564     10.671
  -1 1110      9.524      6.941     -1.435
 782 1113     27.343      0.121     10.160
 453  205      6.541     13.569     -4.483
 274 1002     18.614      6.139     10.986
  -1   -2     14.254      6.752      0.414
 162   -2     17.709     -2.303      9.625
 403   -2     19.993     12.757     10.633
 802  226    -17.859      5.308      8.163
 147   -2     18.857    -15.585     10.350
1010  984     23.475      7.318     12.265
 416   -2    -17.643     11.941     12.115
1260  697     18.120     -0.462      4.876
 221   -2     25.036     -4.768      8.546
 547   -2      9.009     10.723     11.554
 236   -2    -12.748     -3.478      1.168
  -1   -2     -9.757     10.490     -3.501
  -1   -2      0.498     -1.110     -8.405
 514   -2      4.162     13.528      8.343
 249  639      9.346     -5.482      6.592
  -1   -2     17.822      8.437     -5.026
  -1   -2     24.375      2.321      2.679
 512   -2     -1.566     15.120      5.385
 500  424      8.672      0.328      8.039
  -1   -2     10.909     13.551     -4.418
 612  233     16.962     13.593      0.096
  -1  498     19.102     12.228     -9.728
  -1   -2     -7.453    -11.178      1.420
 252   41     -4.778     -1.916      3.166
  -1  339     17.034    -16.249      9.725
 663  335    -18.050     -7.789     11.441
  -1   -2      9.704      6.897     -5.301
 394  164    -14.766     13.523      9.497
 205   -2     21.055      2.721      7.196
1163   -2    -11.773     11.886      9.633
  -1   -2    -14.745      2.571     -8.700
1256   67      1.434      1.521     11.167
 489  893     12.689     -2.454     -0.064
 115  206     23.402     -1.110      9.253
  -1   -2     12.794     -4.944     -7.074
 650  366     22.672      9.321      7.306
 400   -2    -11.749    -11.205      7.262
 381  224      7.103     -7.104      4.871
  -1  458    -14.542     12.652      4.334
1034   -2     14.309    -11.620     -7.829
 386  852      8.101     12.988      6.118
  -1  596    -12.771     -5.095     -2.535
 567  479     22.263     -6.467      6.125
 555  488     -5.175     14.585      3.260
 552 1270     21.450      7.023      3.524
  -1   -2      6.229     -0.970    -11.230
 920  114     24.467      6.271     11.552
 391   -2     15.708      7.826     11.366
1042   -2     -0.573     11.468      7.841
 436   -2    -17.862      0.940     10.913
 518   -2     18.906     -0.305      0.514
1021 1258     11.211     -1.408      6.948
 569   -2      5.457     -5.992      4.156
 279  894     11.286      3.258     11.459
  -1  879     11.741     -4.986     12.280
  -1   -2      5.332      8.097     -9.195
1235   -2    -12.165      1.173      9.167
 597  719     25.801      2.295      9.535
 194  228      9.994      8.300     10.675
  -1   -2     22.096     10.683      7.792
 821   -2    -17.938     10.250     10.156
  -1  528      5.906    -11.202      8.563
  -1   -2    -15.625      6.976      4.110
  -1 1147      9.298     12.296     12.202
 972   -2     15.814     -5.118      9.588
 639  861     12.405      7.852      3.264
 282   -2    -14.972     12.434      8.610
 375  764     18.931     -7.435     -2.884
  -1  514     -9.742     -5.930      1.988
 405   -2     15.887      7.837      6.314
 226  733     15.359     -7.538     -3.357
 849  180     -3.584      1.281      7.234
 654   -2     12.695     -6.117      9.830
 989   -2      9.561      4.228      5.468
 281   -2     21.466     -4.111      6.447
 754  220     -2.622    -16.997      4.447
 292  943      4.770     -8.032      3.782
  90   -2    -10.168     -6.132     11.618
 202  462      6.422     -0.901      8.636
  -1   -2      4.495      3.161    -11.327
  -1  428      0.600      1.580      7.781
 666  212     18.910     -0.169     12.243
1162  146     18.237      4.295      3.250
 807  836    -21.018      0.637     11.444
 595   -2      2.501      6.457      7.362
 525   -2     23.396      6.035     10.777
 692  989      2.081     12.200     -8.676
  -1   -2      8.622      1.397     -3.401
  -1  193    -11.871      7.049     -4.227
  -1   -2     22.409      8.068     -2.324
  -1   -2     23.277     -2.054      7.343
  -1 1148     21.930     10.202     -2.766
 407   -2      7.883     10.842     -3.980
1115  601     12.191      3.645     -0.943
  -1   -2    -12.464     15.123      4.908
 201   -2      8.406     -3.128      8.415
  -1  322     12.928     -9.678      5.380
  -1  653     11.643      7.368     -2.553
 792  155    -10.985     13.112     -3.179
 445   -2      1.340     -8.959      0.989
  -1   -2      1.785    -13.138      3.529
 412   -2     -3.281     -8.124      2.761
 206  427     -1.424      1.354     10.394
1224  490    -16.595     -2.020      4.526
 476   -2    -14.177     -0.871      2.200
  -1   -2      1.156     -3.530      7.069
  -1  556     -2.095    -11.875     -2.365
  -1  194     13.918     16.231      4.126
1252   -2     24.035      0.506      0.466
 493   -2      7.617     -0.410     12.354
 832   -2      9.225     16.643      5.373
 448   -2     11.174     -5.768      6.547
 431   -2     14.064     14.815     -2.330
 889 1150     10.706     16.764     12.100
  -1   -2     21.042     -4.613      1.576
  -1   -2    -13.156      1.339      4.508
  -1  549      3.327     12.508      1.669
 594   -2     21.066     -3.428      5.847
  -1   76     15.001      1.586     -1.306
 829  654     14.910     -6.884      9.349
1145  255      3.956     -0.114     10.761
 624  830     13.965     14.553     12.643
  -1   -2    -18.159     -1.300     12.474
 344  725     13.535      0.564     11.157
 575  668     25.403     11.836     11.337
 790 1248     23.130     14.780     11.978
 571   -2     14.851     15.033      2.355
  50   -2     13.405      7.308     11.239
 480   -2     -0.426      2.974     -7.213
 937   -2      2.276     -3.077      5.153
  74   -2     -1.992      3.996      0.233
 527   -2     27.207     -2.530      8.227
  -1  784    -15.406     -7.048      7.364
1057 1198     22.779     13.063     12.040
 808 1273      3.685      0.917     10.626
1044   -2     -3.932     -3.547     10.664
  -1   -2    -14.754      7.773     -4.327
  -1  798    -19.316      5.720      8.011
  -1   -2     -2.642      9.482     -9.518
  -1   -2     -6.088      0.150      7.952
 720  577     -2.864    -11.714      7.735
 704  448     19.392      3.924     -2.371
  -1   -2     -4.201      4.461     12.449
  -1   -2    -11.023      0.933     10.861
 127  550     18.017      2.489     11.190
1117   -2     -0.039      7.902      2.171
 879   -2    -12.756     11.354     -2.402
  -1   -2     -0.498      7.264      6.333
  -1   -2      8.285     12.139     10.574
  -1  759    -13.375      7.366     -0.940
 169   -2      6.221     11.649     10.260
1105  560     -2.172     14.596      6.386
  -1   -2     10.639      8.169     12.303
  -1  414      7.573     -9.819      0.255
 564   -2    -20.643     -3.868     11.372
  -1  386     10.477     -6.457     11.061
  -1   -2      6.259      7.506      9.749
  -1   -2    -16.483     -3.369      4.255
 780   -2     -5.578      0.289     -0.022
  -1   -2      9.775     10.734      4.398
  -1  656     27.776     -4.973     11.011
 510   -2     14.331      4.029     10.472
 729  682     -0.249     11.398      4.642
1304  269     21.347      9.651      6.473
  -1  328      2.651     11.444     11.092
 174  163     24.169      5.005      5.998
 981  950    -13.012     13.875     10.575
 285  440    -15.034      1.848     -0.684
  -1   -2     19.778      9.319     -1.975
  -1  368     13.840     -8.571      0.161
  -1   -2      1.267      0.561      2.455
 619   -2     16.370     -9.764     10.493
1035  272     -0.092      2.094      2.695
 151 1162    -14.116     -7.483     11.741
  -1   -2    -16.704     -0.686     -3.002
  -1   -2     21.048      5.805      6.287
  -1   -2     -7.837     -4.599      0.309
  -1   -2    -19.264     -4.078      9.057
 105  516     24.406     -3.130      7.925
  -1  320     10.983      2.515     -9.265
 516  803     -3.978      4.963      0.059
 224  258     16.984      5.323      6.116
 884  564     18.819      5.111      9.102
  -1   -2     24.457      4.764      0.998
  -1   -2    -14.724      0.717    -12.227
  -1   -2     -5.595     10.355     -7.105
 893  700    -19.163     -8.938     11.504
 717  273     16.858      2.728      0.771
  -1   -2      5.616      1.444     12.048
  -1   -2      0.467     -6.635     -5.028
  -1  263      6.154     -4.824      6.936
  -1   -2      1.462     12.763      2.210
1132   -2      8.100    -12.301     -8.804
1084  148     11.119      3.630      3.509
1158  283    -13.094     -0.807      5.793
  -1   -2     18.462     11.627     -0.039
 231 1153     18.502      3.548      5.446
  -1  846    -17.222     10.371     11.553
  -1   -2    -16.482     11.820      2.530
  -1   -2     -3.635      4.017     -1.826
  -1  952     -5.414    -11.333      8.108
  -1   -2      4.546     -2.189     12.355
 762 1267     -9.478    -10.738      2.447
  -1  797     23.106      1.185     10.018
  80 1247     21.320     -1.251     10.579
 613  437    -13.157     -3.640      3.847
 342   -2    -16.859     11.613     11.048
  -1   -2      1.113     11.132      5.106
 711   -2     23.504      1.924      9.857
  -1 1064      3.758      6.852     10.175
  -1   -2     21.057     -1.541     -0.801
 409  127    -12.239      1.662      9.581
 322   -2     -7.407    -11.381      5.578
 786  441     -0.983      0.044      7.117
  -1 1196     -6.003     -4.658     11.828
1276  187     17.960     -3.070      5.472
  -1   -2    -17.533      8.005      7.514
 519  140     11.835     -7.621      6.104
 200  179      8.775      3.356      2.794
  -1   -2     10.499     -3.004      3.975
  -1  244      1.786      8.464      1.337
  -1  497    -16.358      4.824     -7.005
 676  982     19.150     16.601      4.233
 441  280     12.123     -2.858     11.134
  89  757      2.803     -5.166      5.171
  -1 1146      0.342      4.611     -2.709
 836  889     -5.300      1.082      6.406
  -1   84     15.384      8.217     -4.933
  -1 1108     18.527     15.591      9.277
 887  705     25.569      7.692     10.463
  -1   -2     -9.057      8.722    -10.310
 904 1225    -14.571     -9.687     11.789
  -1   -2      3.147    -10.039     11.372
 749  750     23.160     -8.512     12.649
  -1   -2     -6.830     -9.455    -12.359
 946   -2     -5.748     -8.039      4.865
  -1  165    -17.805     -3.871      0.683
  -1   -2     19.438      7.253      6.131
  -1   -2     10.691      6.763     -6.907
  -1   51      6.425     -7.699     12.235
 324  234      9.398     -2.283      3.583
 360  318     19.218      7.865     -1.395
  99  207      7.476      7.334     -1.181
 828   -2     24.248      9.513      7.807
  -1  631     -1.021     -8.452      4.338
 799   -2     -6.323     10.497     -8.083
1062   -2     -8.743     17.383     11.293
  47   -2     15.252     14.935      3.325
  -1  485    -19.430     11.241     11.863
 915   -2     24.433      6.211      2.091
 541   -2      5.960     -2.600     -2.033
 331   -2     17.712     -1.457      6.042
 156   -2     15.545     14.081     10.273
  -1   -2     16.416     13.698     11.347
1137  760     20.949     16.283      9.929
 269  745     20.388      7.490      9.347
 110  405     -3.257      8.300      5.637
 503   63     19.388     12.046      4.937
 537   -2     16.119     14.654      0.211
 583   -2     24.957     10.615      3.009
 744   -2     14.081     -3.371      6.080
 253   -2     19.851     -7.154      3.226
 644   -2      9.972     -8.439    -10.452
1024  547      6.046     13.780      8.566
 923   -2     -0.506      6.956     10.245
 779  622    -10.867      8.025      4.156
 478  456     22.301     -0.766      3.677
 999  517    -18.382     -6.278      7.376
  -1  741     -2.448     -0.434     11.558
  -1   -2     21.619     -2.119     -3.621
  -1   -2     20.999      3.303      1.045
 251   -2     24.492     -0.454      7.646
 680    7    -10.881     -0.244     11.206
1161  365     19.029      1.559     10.570
  -1  161    -12.592      1.477     11.922
  94  672     23.236     -1.198      3.379
 546   -2    -18.375      0.495      8.528
 513  570     19.952      3.315      2.059
 475  506     26.229     13.651      7.568
 133  963    -14.634     -3.221      5.248
  -1  559      4.918     -6.629     -1.352
  -1   -2      4.342     11.632      7.140
 560   -2     -3.037     -8.676      8.872
  -1   -2     19.863    -12.939     -4.497
  -1   -2     21.902      7.965     -1.727
 982   -2     -3.983     15.900      3.846
 866  402     13.218      8.565      3.201
  -1  587     20.893    -11.306      3.350
 789 1172     -8.389     12.517      8.291
1087 1122     26.132     13.251     11.161
1027  210     17.420     -7.305      5.692
 536  696     -1.089     -5.429      5.679
  -1  343     26.089      6.857      5.798
 108   -2     20.697     -6.738     -6.154
 646  431     -9.908     -6.671      4.419
  -1   -2     22.858     -1.148      8.743
 890  308     -1.609     -0.358      8.266
  -1   -2     11.482     -9.272      8.635
  -1   -2    -15.058    -11.515     -0.774
 498   -2     21.904     13.189      4.334
 995   -2    -16.518    -13.806      1.218
  -1  351      0.167     12.655     -7.053
  -1  544     13.567      1.011     12.175
  -1   -2    -13.280      3.187     12.126
  -1   -2     16.196     -2.529     11.610
 535  712     13.390     -4.481     10.254
 770 1040     15.624    -14.509     -0.260
 751  787     21.410      5.409      9.174
  -1  628     15.782     14.875     12.251
1157  445      5.068     15.737      8.606
  -1   -2     -7.157     -7.630      9.258
 218  616      9.646      9.785      5.721
  -1  504    -14.503     -4.862      6.350
1180  262     14.325     -4.390     10.208
 626  865     -4.168     16.169      6.293
  -1  939      6.723    -13.883      3.530
1135  641    -11.286     -3.231      7.796
1088  464     16.570     -4.225     -7.585
  54   -2    -10.834     -2.923      4.336
 848 1060      1.336     -6.168     -0.492
 101  284     -3.031      6.420      5.340
 898  374     -7.081     16.851      7.673
1086   -2     26.705      9.268     10.657
  -1   -2      0.623     14.249      9.112
1091   -2      9.060    -11.235      7.614
 589   -2      0.731    -10.807      6.042
1033  565     -1.190     -2.475      9.107
  -1   -2     -3.064      0.757     10.213
  -1   -2    -13.999      1.327      0.050
 907   -2     24.792    -11.839     10.321
  -1  699     21.321     -2.958     12.261
 380   -2    -13.805     -6.897     -3.641
 733  685      5.436     -9.591      5.792
   2  142    -16.979     -3.898     11.416
  55   -2     -2.190      3.274      9.689
  -1 1156     -4.920    -10.427     -5.316
  -1   -2      9.197      3.358     -4.838
 178   -2     15.767      2.913      2.439
 875 1131     21.589    -11.663      6.328
 136   -2     18.204     13.023     -5.897
  -1   -2      9.648     -8.278     11.458
 701 1124     -1.906     -1.589      4.935
  -1 1180    -16.452      7.503     10.967
  -1  884      8.853     12.920      2.493
 998  918    -10.429      4.983      3.563
 852   -2     -6.582      1.314      5.888
 532  289     -6.894     -0.826      6.377
 396   -2    -16.175    -12.229      7.415
  -1  454     19.814     13.406     -6.733
  -1  605     13.413    -10.121     11.771
  -1  313     22.615      5.073     11.486
 244   -2      6.384      0.480      6.377
  -1  985     -4.571    -12.953     -3.051
1193  754     20.056     14.720     11.357
 454   -2     -3.964      4.027     -9.909
 376   -2     11.786      3.681      2.868
  -1   -2     -1.801     -5.260     -5.174
 798 1133     18.188    -16.119      4.348
1127 1055      6.694      0.050     10.057
  -1   88    -13.447      6.155      3.269
  -1  569     -7.354     -4.659     11.717
  -1  361      6.103     12.209      7.126
  -1  988     -2.598     -5.692      5.317
 935 1139    -16.468     15.216      7.569
  -1   -2     18.861      4.851     -6.908
 668   49     -9.015     -2.913     11.412
 713 1044     22.216      2.265     11.824
 656  689      1.433    -11.194      2.466
  -1  422      8.683     17.378      9.679
 764  478      9.060     -4.401      8.661
 967  315      0.002     15.529      2.095
  -1  546      9.412     -1.060      8.737
 621   -2     19.523     -4.372     -1.618
  -1   -2      1.335    -12.789     -9.783
 705  238     -5.909      6.722     -0.029
1167  503     -7.814      5.347      1.021
  -1   -2     13.901     12.410     12.099
 276  552     16.053     12.369     -5.733
  -1   -2    -13.363    -13.759      0.784
 933 1119     22.257    -15.035     12.080
  -1 1121     10.008     -5.280      0.210
 286  643     12.765     -9.726      9.785
1096   -2     10.950      1.388      8.817
 355   -2    -15.801     -9.191      6.325
  -1  452     -8.645    -13.158      6.308
  -1 1265      6.765     12.912     -7.889
  -1  877     -8.876     -0.931      2.285
1139 1132     17.084    -12.820     10.991
 674  684      7.895    -10.542      5.036
  -1   -2      5.102      4.129      2.564
1249  304      6.868     12.528      9.530
1147  476     17.547      7.711      3.999
1125   -2     19.212     15.618      6.359
 584   -2     23.965     -8.030      5.077
  -1   -2     19.932     -1.095     -1.702
 943   96      9.482     -5.822     -2.301
  -1   -2     15.045     -3.459     10.754
1028   -2      9.012     -7.105     10.088
1023   -2     -2.305     -9.592     -0.159
1264   -2     20.316     -5.344     11.258
 300  929      3.311     15.791      6.975
 440  704     16.628    -17.983      8.059
1118 1173     22.601      3.266     11.368
 714  406     -4.196     -3.564      5.373
1107  409     -7.471    -12.172      2.636
1079   -2      5.391     -7.861     -5.163
 763   -2     20.559     12.109      2.516
 986  108      9.944     14.684      6.983
  -1  921      6.137      9.361      7.257
  -1  256     21.972      7.927      3.295
1056  201    -13.578     10.223    -12.191
  -1   -2      3.036     -2.807     -1.532
 910   -2      3.662     -9.972      1.614
 686  584    -10.967    -12.850      2.215
  -1   -2     12.490     -2.429     -5.055
 847  951     15.072     -7.604      2.698
 533  630     12.561    -10.882      5.404
  -1   -2    -11.398     -5.117    -10.180
 610  475    -11.976      3.522      3.196
 509  709      0.100      2.338      9.194
  -1 1092     20.995      0.438      5.889
  -1   -2    -11.780    -12.187      3.059
  -1   -2     11.182     -4.644     10.332
1186  412      0.786     -5.863      4.594
 716   -2     16.984     10.087      9.653
  -1  607    -13.160     -6.152      7.494
 260   -2     14.118    -16.087     11.485
 306  945     13.911      2.677      4.756
 270  886     24.974     12.877      8.621
  -1   -2     14.121     -5.895     10.200
 485  364     25.844     -2.483      7.571
  -1   -2      3.937      5.902      0.937
  -1 1126     12.422    -18.298     12.336
1109  642     -0.317     -4.490     12.445
1002   87      2.120      4.508     10.496
1015  793    -20.016      7.743     12.087
1090   -2     -1.831      2.170     -2.127
  -1  726     -0.185     -6.417      4.374
 925  363     13.994    -12.574     -7.059
1072   -2     12.910    -18.228      9.735
1143   -2      7.725     -7.631     -5.920
 181  690      3.118     17.167     11.353
1290  660     18.692     12.388     -2.304
  -1  678      5.047     -8.523      2.977
  -1   83      9.556      2.991     11.131
 459   -2     24.949      9.043      9.528
 917  219     25.524     -3.055     12.380
  -1  713     17.138     14.979      0.441
  -1  425      3.849      1.695      9.676
  -1   -2      5.258     -3.812     -2.590
  -1   -2      7.057     -4.642      6.343
  -1  766    -10.546      6.251      4.929
  -1  562     21.058      1.693      7.769
 473  722    -12.123     -8.543      3.599
 140  970      6.823     -2.515      9.694
 752  695    -15.639     -8.575     -0.052
  -1   -2    -10.835     -7.835      4.140
 561  444      0.607     -3.932      7.353
1210 1158      2.784    -17.031     11.304
1253  453     22.499    -10.839      5.740
 351   -2     -1.650     -3.407      1.793
  -1   -2     13.090     11.338     -8.957
  -1   -2     18.571      1.835      3.432
  -1   -2     14.392      5.581      2.927
 187  856    -16.964      5.240      9.593
 455   -2     19.272     13.940      5.779
  -1  773    -11.906    -14.569     10.474
1085  986      4.680    -13.447     10.178
 817  214     21.481     16.395      3.496
  -1  606    -13.516     -6.669     -2.320
  -1   -2      9.567     -9.948      2.326
 364  438     13.730     -5.837      3.662
  -1 1177      5.304    -15.145      2.479
  -1   -2     11.142    -15.445      1.804
  -1  367     22.690     -6.287      2.785
  -1  676     26.083     -1.676      3.533
  -1  635    -13.809    -12.088      2.294
  -1  895     -3.571    -14.987     -1.039
 309   -2      4.407      8.713      9.566
  -1   -2      7.427      1.326      1.853
  34 1048     11.477     -0.117      9.901
  -1   -2    -17.482     -4.250     11.302
 311  385     14.333      1.776      3.172
 777   -2    -20.201     -1.989      7.795
  -1   -2      2.355      8.439      9.644
  -1   -2      5.615     11.674      0.854
1065   -2    -11.747      8.089      4.881
  -1   -2    -13.193     10.498      1.194
 243  302     -9.993      5.502     -7.824
 605  820    -20.797     -7.640     12.808
 791  925    -19.756     -0.354      6.305
 170  190    -19.024      1.019      9.707
  -1   -2     -9.799      0.832     -2.562
  -1   -2      1.220     12.868     10.583
  -1  881     -9.902      8.813     -2.389
 483 1081    -13.173     15.906     10.248
  -1   -2      2.245    -10.706     -7.630
  -1  507     -2.481     15.106     10.827
  -1   -2     -9.615     11.934     -1.144
 994   -2     28.017      3.918      9.304
  -1  434      2.765     18.381      6.368
  -1 1202     21.298     -4.833     12.087
  -1 1105     24.737     10.927      4.630
1041  885      7.095      6.222     10.458
 544   -2     -9.055     12.933      3.308
 942  492     25.804     -4.995     10.327
 868  783      0.335     17.860      3.714
  -1  862     -1.246     12.519     12.056
1255   -2     -5.883     -0.473      6.394
 652   -2     18.091      8.069      9.297
1098  182    -10.737      2.499      1.850
  -1  594      4.776      9.167      6.877
 673  714     -7.224     -6.651     11.261
  -1  670     -0.120     15.424     10.770
 882  632     -3.839    -10.119     -9.287
  -1   -2    -15.452     -6.407     11.949
1168   -2     12.284     11.125      6.969
1246  995    -15.916     -9.174      2.776
  -1   -2     -8.510     14.453      5.456
 468   -2     -8.890    -10.133      5.745
  -1  104     -7.977      6.408      5.579
  -1   -2     -2.522     11.263     -2.693
  48  923    -13.409     10.398      6.843
1006  389     16.779     12.600      5.196
 855 1071     -4.544     13.515     10.655
  -1  391     11.151      7.407      8.698
  -1   -2      1.631     11.798     10.359
  -1  586     26.785      2.368      3.816
 926   -2      7.783     11.822     10.486
  -1  811     -2.370     15.666      0.438
1165  419     11.949      3.485     11.283
  -1  143     19.781    -15.296     11.196
  -1   -2     -2.715     11.485     11.170
 371  914    -18.644      7.064      8.649
  -1   46    -12.036      1.181     -1.430
 641   -2    -15.507      7.595     -4.073
  -1  558     -9.577     11.420     11.723
  -1 1043     -9.033      1.463      8.357
 415  392     15.607      7.199      5.741
  -1   -2      2.137     11.692      9.459
  -1   -2      4.686      5.521     -4.138
  -1   -2     23.693      7.826     -2.190
  -1   -2    -10.160     15.468     10.452
  -1 1047     -3.252    -11.695      3.806
  -1   81     12.237     12.074      8.954
  43 1085     -1.599     14.415      9.024
 800  169      7.804     14.490      8.093
  -1   -2     -3.730     13.442      7.449
  -1   -2    -18.378     -5.228      4.066
  -1   -2    -17.919     10.816     -2.298
1175  917     -3.218      9.410      9.596
  -1   -2      9.410      4.360     -7.137
  -1  345     -6.819     15.126     11.956
 902  804    -13.803     11.819     10.905
  -1  333     27.223      2.157     12.469
 672   -2    -15.324     10.373      4.723
  -1  181      9.459      7.290      4.939
  -1   -2    -13.568      1.608     11.522
  -1   -2      5.471     15.914      6.824
  -1   85      1.906      9.419      3.582
  -1  325     -7.182      7.492     -6.063
  -1  166    -20.311     -2.695      5.113
  -1   53     21.124     -2.503     -8.324
  -1  831    -21.604     -1.342     11.211
 670   -2     -8.646     -6.960      3.789
1008 1036    -17.638     14.826     10.709
  -1 1007     -5.704     10.303     11.141
  -1  960     23.345     17.781      5.861
  -1   -2     -2.863      6.430      0.955
  -1  977     28.027     -4.977     12.116
  -1  350    -14.868     11.795     11.573
  65 1197     -7.832      3.365      8.629
  -1 1160     -4.009     -7.858      9.588
1166   -2     -4.016    -15.312      3.536
  -1  249    -12.433      8.953      4.687
 739  121    -14.431      0.789     11.742
 237  922     15.588     17.814      9.771
1077  398     25.837      4.980      9.717
 883   -2     22.809      8.316     -5.947
  -1   -2     19.380    -13.802     -3.605
  -1   -2     16.781    -15.686     11.634
  -1  199     -8.268      3.018      4.294
 958  508      9.841     13.145      8.827
  -1 1193     14.859     -4.940     10.536
  -1  780     24.146    -10.649     -3.636
 932   -2      8.263     14.452     10.482
  -1   -2     -9.994     14.465     -8.804
  -1   -2     23.926      6.259     -3.702
  -1   -2      9.353     10.756     -4.461
 812   -2     25.915    -13.364     12.372
  -1   -2     -5.977     10.093      7.427
 684  324     -7.117     13.592      5.275
 470  883     12.040     13.330      5.401
 472   -2      6.317      8.492      6.485
1197 1095     18.695    -18.133      9.581
  -1   -2      9.508     -8.278     -7.454
  -1   -2    -16.410     12.140     10.966
  -1   -2     23.859     -7.035     -2.117
  -1  247     15.582     10.608     -0.431
  -1   -2     25.261     12.518      5.887
  -1   -2     -7.481      9.527      7.192
1179  747     23.331      9.041      5.137
1075 1062    -11.511     17.967      9.862
  35  326    -13.213      5.876      6.087
 863  978     -9.770     18.726     12.041
 756  991     22.446    -12.089      8.651
  -1  874    -15.031     -0.115     10.949
 865 1283    -20.186    -14.892      8.905
  -1   -2     10.260    -14.244    -10.235
 860  666     -2.293     -9.150      5.164
 908  898     15.281    -11.291      3.564
 973  718     12.445      2.441      9.296
  -1 1200    -15.714    -10.722     -5.735
  -1  275    -16.836     12.702     12.574
  -1  860    -10.814      3.919      1.634
  -1  277      3.015      4.577     -7.271
 574  611     -5.430      0.216     10.060
 578   -2     18.460     -6.468      1.598
  -1   -2     13.107      2.092     11.671
  -1   -2     -7.882     11.881     11.975
  -1   -2    -12.160     -0.965     -0.059
  -1  992     26.177    -16.395      7.895
  -1   -2    -11.356     14.307      8.103
1254  519     25.214      1.466      6.913
  -1   -2    -10.337      7.365    -10.181
  -1  646     22.213      5.470      5.290
  -1   -2    -19.914      6.544      7.686
  -1  779     29.291      6.086     11.969
1148  618     22.095      7.314     -6.656
  -1  532      3.489     14.258     -2.042
  -1   -2    -20.363     11.351      5.873
  -1   -2     22.406     10.525      6.081
  -1  638     14.271      4.812      6.815
 984 1059     21.882      9.710     12.308
  -1 1006    -12.732     16.338     12.430
  -1  567     21.114     -0.002     11.251
 349 1164     16.399      5.674      9.973
1141  734     -4.530     19.246     12.119
 830   -2     13.338     12.926      5.332
 511  878    -21.197     -1.076     11.026
 642  702    -16.124     -4.210      8.947
 452  968    -12.271     13.951      7.182
  -1  854    -16.346    -13.526     -1.232
 760  534      5.729     -9.487     11.064
  -1  566     -8.471    -14.666      0.807
  -1   -2     -9.344      6.341      0.971
  -1 1027      7.668      5.369      8.899
  -1   -2      6.699     16.067      3.727
  -1  158     -7.381      7.277    -11.497
  -1   -2     -7.331     15.064      4.019
 524  173      2.786     10.588      7.051
  -1  482     -0.168    -10.652      1.333
  -1   -2     28.728      1.527     10.454
1146   -2    -19.773    -10.867     10.712
  -1  774    -17.601    -15.223      5.547
1082   -2     -4.642      9.019     -8.123
 432   -2     17.497     -7.762      6.308
  -1 1094    -10.147     -9.632     -5.471
 781  717     11.628     -8.688      2.363
  -1   -2    -11.492      8.632     -1.902
 838   13    -13.367     10.387      0.401
 952  727    -10.830    -10.419    -10.383
  -1   -2    -19.206     -8.248      1.053
  -1   -2     -2.573      1.366     11.626
 299  905     23.301     15.197      9.193
  -1  710      5.286    -15.665     10.487
  -1  375    -18.912     -0.209     12.013
1187   -2     26.102    -16.936     11.099
  -1   -2      5.678     -2.103    -10.791
  -1   -2     -4.825     -1.831    -10.289
 888   -2     -0.770      5.188      6.326
 841  647     -9.714     16.174     12.052
1297   -2     -2.039    -15.114      9.292
 703   -2     26.842      8.630      8.609
  -1   -2     -4.293      2.274     -0.481
 881  610     -1.513     -9.052     11.433
  -1   -2     21.066     -1.366     -7.662
1011 1279     23.579     10.899     -2.107
 938   -2     -2.916     11.893      8.596
  -1   -2     18.305     -4.281     10.683
 957   -2     -2.045    -12.296      1.865
  -1   -2     -7.860     15.942     -0.099
  73   -2      5.423      0.297      8.679
 370  257     -4.360     13.313      4.470
  -1  637     22.930     17.335      3.494
  -1  299      2.242     -8.454      1.150
  -1 1053     -3.748     16.751     10.072
 731 1309     19.841     -7.903      3.166
  -1  752     24.297     17.325      6.527
  -1  771     -7.724     -8.741     10.982
 350  474     19.569    -10.740      4.867
1181   -2     15.267     -5.878      9.479
  -1   37     -3.598     12.093      8.903
1045   -2    -15.471     -2.883     -4.219
  -1   -2     -7.752     10.795    -11.265
  -1   -2     15.408     -3.491     -0.668
  -1   -2     25.942      6.353      3.710
  -1  360     14.481      2.748     10.675
  -1  459     14.436     14.124      9.740
  -1   -2      7.286    -17.836      6.239
1095  530     18.924      8.629     11.324
1097   40      3.596      7.653      6.087
  -1   -2     -2.800     -5.009     12.534
  -1   -2     26.002      3.084      7.865
  -1   -2     14.898     -9.526      5.537
 529  105     23.189     -0.077      6.502
  -1   -2     13.901      6.051     -5.212
  -1  349     -3.735      1.867     -1.585
 939   -2      2.590    -11.549     10.738
 598  387     25.052    -10.493     10.532
 508 1268      8.011     -8.204      3.308
 725  400     -0.201      9.502     10.833
 438  604     -5.309     -1.308      9.447
 107   -2      8.975     15.905     10.523
  -1  802     -3.610     13.404     12.618
 803   -2     17.768     -0.849      8.950
 180   -2    -11.451     15.746      9.261
  -1  376    -19.625     10.006     10.496
1188 1056     22.624     19.445     10.317
 368  824    -15.136      2.926     11.366
  -1  101     18.143      9.007     12.490
  -1  126     -3.779     -9.686      0.020
  -1   -2    -13.572      0.115     10.792
  -1  731     28.795     10.547     10.834
 308   -2     10.889     17.230      7.854
 718   -2      7.858     16.482      6.070
  -1  800      8.765     14.242      3.991
  -1   -2      0.785     -2.706      5.737
1070  578    -11.826     -7.816     12.112
  51   -2     -3.038     12.045     11.128
 442  285      0.792     -1.597     10.910
  -1   -2     20.408    -12.168      7.948
1207  761    -18.965    -12.894      9.005
  -1  511     15.874     10.319     10.450
  -1   38     11.405      4.782      7.213
  -1   -2     -9.010    -11.828     -9.523
 687   -2     16.598     -0.458      6.300
1142  633     -9.011     14.540      9.888
 522 1269     -1.224     -9.602      6.657
1043   -2     -0.587     17.535      8.843
  14 1088      0.443     11.587     10.397
 813 1181     26.667    -10.610      2.966
  -1   -2     -5.847     -4.543     -3.455
  -1   -2     -3.951     -5.388     -8.240
 876  680      3.352     16.934      4.469
 839  311     -4.866      6.397      8.601
  -1   -2     -2.581      0.175      5.958
  -1  967     -3.207     -1.515      6.908
  -1 1109    -19.186     18.825     12.218
 961   -2    -11.412     17.695     12.571
1178   -2     -5.457     13.469     11.057
1104   -2    -16.925     13.255     10.802
 985  276     17.668      3.793      9.579
  -1  902    -19.683     -3.614     12.262
 481  337      0.158      9.699      2.996
 579   -2     17.424    -14.233     10.959
  -1  973     -2.522     15.951      8.708
  -1 1072     -5.100      9.865     -7.702
  -1  353    -12.651     -5.185      4.079
  -1   -2     -0.624      3.401     -3.957
 463   -2     16.710     13.320      8.599
  -1 1277      9.133     14.452     11.442
  -1   -2      3.531      1.640      7.439
  -1  782    -10.462     17.246     10.323
 912  826     21.920    -14.643      8.100
  -1  703    -15.653     -7.705     11.424
  -1   -2    -17.991    -10.567     -1.201
1066   -2     26.063     -1.833      7.827
 651   -2      8.729     -0.956      1.938
 929 1010      4.239     -5.715     10.172
 506   -2     23.150     -1.137     11.862
  -1 1065     -8.570     18.776     12.366
  -1   -2     21.584      6.465      5.603
 766   -2      5.979    -15.344     -3.050
1009 1019      3.214    -15.282      1.440
 959   -2    -17.136      8.624     12.099
 223  472     -3.470      8.697      7.120
1164  744    -16.095    -11.414     11.454
 261   -2      6.765    -10.185     -6.496
  -1  626     -3.279     15.893      2.485
 743   -2     -3.107    -12.290      4.294
  -1   -2      6.989      6.716      2.679
  -1  260     20.058     -5.186      6.998
 549  382      5.091      0.770      2.825
 843  295     11.473     -2.726     -9.423
 665  900    -11.743     -3.967      7.171
 901 1123      3.375    -11.265      1.943
 159  583      1.721     -9.962      2.776
  -1   -2     17.290     -6.046     11.104
1174  661     26.289      3.793     10.690
 649 1028    -17.415     -3.562      5.401
  -1  177     11.163     -2.187      2.252
 697  910    -10.761     11.369      9.478
 740 1192    -12.690    -17.100     12.412
1250 1025     -4.603     -5.049     11.115
 530 1080     -6.879    -17.235      7.898
 487   -2     17.214     -7.316     -1.570
  -1 1063      6.615    -17.645      9.537
 507 1090     -9.743    -13.094      8.662
  -1   -2     22.522      5.501      7.759
 288   22     -4.321     15.576      8.086
  -1  651      9.511     17.586      8.343
  -1   -2     10.024     12.645      3.454
 966 1149    -12.027    -18.519      6.294
  -1   -2     19.439     -1.420      3.521
  -1  408     20.902     10.812     10.761
1170 1106    -16.896    -20.416      7.078
 592  319      1.766      7.988     11.946
  -1   -2     -7.561     -4.635      4.229
 918   -2    -11.694     12.764     10.804
 778   -2    -14.241      9.083      7.854
  -1  753     16.510     -5.750     12.507
 853  267    -10.566     12.048     -0.330
  -1  789    -21.724     -6.726      7.863
  -1   -2     22.935      3.958     -5.801
  -1  371     23.704      7.348     -5.043
  -1 1136     -0.302    -16.436      2.734
  -1  974    -20.425    -10.080     11.633
  -1  522      1.951    -13.746      1.920
  -1   -2    -13.796     -5.120     -6.947
  -1   -2      3.688      9.453      2.898
 643 1101    -11.951    -18.799     10.575
  -1   -2      3.846     -7.747      8.935
  -1   -2      8.852      3.537      1.434
  -1   -2      0.325      5.874      4.076
  31 1195     -8.996     15.140     10.507
 681  466      6.705      1.978     11.543
 941   -2     26.574     11.222     10.309
  -1   -2     -4.725     -8.818     -1.337
 215  499     14.357     -1.423      7.659
  -1 1142     18.052     -9.304     11.564
1248   -2     -1.455     -6.502     10.997
  -1   -2      1.209      9.002      7.524
  -1 1135     -6.013     11.253     10.272
 954  595    -12.376     16.070     10.075
  -1   33      5.368      4.768      1.816
  -1  358    -18.781     13.237      8.501
 550   -2      4.784      9.381      8.744
  -1   -2     11.599      7.627     12.384
  -1  116     24.369     -2.769     10.541
 213  416     10.106     -7.746      8.774
  -1  603     17.275     -4.494      6.507
1227   68      2.492      0.089      4.957
 374   -2    -10.791    -10.548     10.311
 153   -2     14.833      5.389     10.213
 953  767     12.445      8.256      6.898
1291   -2     23.714     10.428     10.658
  92   -2     -8.593      3.123      4.255
  -1  931     15.209    -12.048      9.700
 819   -2     18.880    -13.614      4.862
1036  838    -19.234     -9.254      7.837
 313  379      2.556    -11.869      9.535
 496  282     11.869     -3.468      6.010
 123  589      9.133      8.359     -3.702
1076 1151     29.286      1.717     10.048
  -1   -2     13.065      7.972     11.126
  -1   -2     -3.818     15.959     10.676
  -1   -2    -15.034     -9.136      7.536
  -1  716      6.754    -13.564     11.884
  -1   -2     -4.278      9.963     -6.825
 871  370    -16.728    -13.631      7.865
 822   -2      7.119    -13.905      8.497
  -1  591     21.846     -8.475     12.205
  -1  891     26.331    -14.025     11.396
  -1 1155      0.948     16.584      8.241
 640 1143    -11.961     -9.404      9.064
  -1   -2      4.088      3.193      7.637
  -1   -2     25.371     11.600      0.716
 690   -2     10.404     -9.248     11.789
  -1  417     25.900     15.814     12.305
 539  329     21.082      3.937      6.957
1067 1118     12.895     11.364     10.657
  -1   39     -0.932     -3.152      5.662
  -1   25    -15.252      1.764      8.486
 150  683      7.928      3.626     10.964
  -1  946     10.408     12.234      3.824
  -1 1057     -5.047    -18.345      6.517
  -1 1107     -2.016    -13.428     -2.923
  -1   -2     -4.310     16.943      2.032
  -1  887     -0.066     14.755      8.990
  -1   -2     13.583      1.389      8.112
1209   -2    -10.586    -15.414     10.134
  -1  649     12.898     -8.252     12.055
  -1   -2     12.424     -2.104    -12.090
  -1   -2      9.285     -7.583      5.604
1089   -2      6.745    -15.914      6.231
  -1  426     27.197     -0.417      9.262
 542  948    -10.721     11.727     11.168
 769   -2      8.500    -10.228     11.321
 730 1015     25.228     14.657      7.338
1100  749      6.373    -14.385      1.778
1189 1099      8.865    -20.140     11.134
  -1  933      5.154     12.545      9.804
 562  847     18.924     12.900      7.915
 633  197      8.680     -5.574      6.867
  -1   -2     -5.153    -15.354      6.436
 689  928     18.300     17.947     12.448
 746   -2     -9.852     14.818      4.867
  -1   -2     22.697     -0.578      8.021
 970  842    -17.415     17.710      3.296
 955  518    -16.008     15.505     11.916
1123  281      7.919    -13.920     -6.088
 435  430     -1.710     -4.151     11.494
1131 1229     -3.470    -19.885     12.576
  -1 1058      8.496    -16.587      5.809
  -1   -2     -4.399      8.639      7.465
  -1   -2    -16.084     11.318     -6.649
 675   -2     13.828     16.111      9.702
  -1   -2      8.158      2.268      6.559
  -1  554    -12.476    -11.050     11.041
  -1   -2    -12.065     16.722     12.583
  -1  942    -17.278    -15.862     11.151
  -1   -2     -7.831    -13.017      0.048
  -1   -2      6.707     -5.064      9.276
  -1   -2     -2.001     -5.947     -1.399
 637   -2     17.982      9.584     12.177
  -1   -2     -9.000     -5.011     11.362
1083  450      6.268     12.848      7.244
  -1   -2      1.025    -14.057     -3.294
 842 1185      9.989    -18.171      9.387
  -1  738     12.260    -20.290     12.335
  -1   -2      8.454    -25.041      9.001
  -1 1211     11.047    -27.984     -6.522
  -1   -2     -0.355    -25.338     -8.054
  -1   -2     28.632    -17.294     10.304
  -1   -2     26.702    -15.813     12.727
 433 1208     22.065     17.128     12.266
  -1   -2     21.982    -21.864      9.656
  -1   -2     15.174     27.241      2.452
1191   -2     25.605    -19.066     12.798
1202 1203    -24.662    -13.789      9.548
  -1   -2      5.719     24.372      8.617
  -1 1038      5.562    -20.585     12.072
  -1 1221    -26.864    -11.074     11.898
1211   -2     -8.163    -20.687     10.365
 727   -2     14.633    -18.110     11.501
 587   -2    -21.243    -10.814     12.371
  -1  983    -20.179    -14.696     12.230
  -1   -2     -4.789    -27.679     -7.361
  -1   -2     12.866     31.331     -0.908
  -1   -2      0.117    -25.801    -12.634
1208   -2     16.143    -22.808     11.550
  -1 1220     12.450    -24.900     12.035
  -1  751     26.534    -16.739     11.747
  -1   -2     -3.799    -26.375      1.821
  -1 1232     12.986     -8.833     11.911
  -1 1304    -17.952      2.197      5.812
  -1   -2    -11.234     13.851     11.162
 266   -2     22.563     -5.179      7.442
  -1   31    -14.175     10.529      6.681
  -1   -2     17.313     -0.894      8.590
 824  449     16.572     -2.750      9.975
  -1   -2     16.738      7.677     -5.256
  -1    6      2.297     -0.113      3.787
 758  484     14.114     -5.605     10.411
1240 1295     18.849     12.107     -5.048
  -1   -2     -9.504     -3.217     11.503
  33 1239    -12.853     -2.022     -3.397
  87 1292      3.254      0.077     -7.302
  49 1296     -5.758     -0.662      4.716
  -1  533     11.556      4.719     11.010
  -1   -2     18.791     -1.749    -10.663
1216 1288     24.121      3.520      1.987
  -1  286      5.549      4.385      8.597
  52   -2     -0.167     -4.169      2.401
  -1   -2      3.664     11.135      1.686
  -1  845    -12.648      0.303      6.413
 139 1003     23.803      5.028      5.077
  -1 1255     -9.267     12.517      1.938
  -1   -2     -4.461     15.110      5.187
 167   50     21.716     -2.650      3.985
  -1   -2      9.817      3.570     12.000
 128  125    -15.847     13.819      1.362
  -1   -2     13.329      9.271     -9.088
  -1  663     23.122     -0.518      7.924
  -1   -2     23.733     -2.669      9.190
  -1   -2     -9.764     -6.784      6.029
 393   -2      7.939      4.339     -1.393
  98   -2      6.055      1.173      9.081
 464 1266     21.139      5.757      6.302
  -1  132     -2.286      2.528     -2.610
 615  461     18.227      4.037      7.980
1241   -2     -4.067      1.836      9.055
  -1   16     -3.947      4.552     11.546
1126  266      5.612      9.829      9.071
1247  527     12.150      6.706    -11.304
  69  590    -13.400      1.305      5.374
 124  859      2.892      0.058     11.495
 330  336     17.780     -1.874     10.101
  -1   -2     14.523      9.219      2.539
  -1  602     15.247     -3.090     10.108
  72   -2     13.989      9.969     -0.120
 154 1201      1.865     12.360      3.720
1234 1093     18.337      9.058      5.110
 980   -2    -15.294     -3.672      3.234
  -1   -2     19.572     -7.430      2.472
 466   -2     -2.132     13.335      7.773
1266 1298     13.946     -9.292     -6.469
  20  788      2.011     14.377     10.391
 358   -2     25.934      2.410      9.754
  -1   -2     -3.417    -17.383     10.069
  -1  777     18.050     -0.426     10.311
 303  253     -8.355      5.773     -7.653
 948  999    -16.507     11.772     -6.234
  -1   -2     -3.072     -7.534      1.630
  -1  980     28.632    -17.294     10.304
  -1 1231     16.116      1.751      9.930
  -1   -2     16.116      1.751      9.930
 340   -2     17.333     -0.931      8.643
  -1   -2    -11.234     13.851     11.162
  -1   -2    -17.952      2.197      5.812
1287 1305     16.738      7.677     -5.256
  -1  292      6.656      8.391      2.198
  -1   -2      3.664     11.135      1.686
 152   -2      3.664     11.135      1.686
  -1  399     -5.521     16.219      6.373
  -1   -2     19.397     -7.462      3.982
1295 1308     19.397     -7.462      3.982
 851   -2     -9.745     -6.785      6.068
  -1   -2     -2.305     -5.608     -6.176
 469  491     22.110     -0.846      3.981
  -1   -2     20.756     -7.042      2.327
  -1   -2     -3.417    -17.383     10.069
  -1   -2     28.632    -17.294     10.304
1281   -2     16.034      1.867     10.263
  -1   -2    -11.234     13.851     11.162
  -1   -2    -11.274     13.809     11.104
1283   -2      6.656      8.391      2.198
  -1   -2     10.880      2.465     -8.148
1288 1326     -5.660      0.184     -7.543
 823 1297     -3.417    -17.383     10.069
  -1   -2    -11.234     13.851     11.162
  -1   -2    -11.274     13.809     11.104
1309 1318     16.379      3.705     -7.876
1214 1311     10.880      2.465     -8.148
  -1   -2     24.251     -7.772      3.088
1294   -2     22.037     10.184      4.780
  -1   -2    -11.234     13.851     11.162
  -1   -2    -11.274     13.809     11.104
1307 1317     24.327     -7.792      2.913
  -1   -2     -2.305     -5.608     -6.176
1308 1312     -2.305     -5.608     -6.176
1314 1323    -11.234     13.851     11.162
  -1 1320     20.323      9.419      7.024
  96   -2      2.829      5.329     -6.402
