1287
 164   -2     -9.995      5.999      8.610
  -1    3      4.856     -6.202     12.608
   3    2     15.820      1.958     10.387
   2   -2      1.030     10.612     10.305
 336   61    -11.586      0.563      8.088
1298   -2     12.892     -8.880     11.759
 302   24     -5.647     -0.227     -3.723
1076  554    -10.615      7.399      9.818
  -1   -2     10.368     -6.021     12.359
  28 1288     16.410     11.239      4.086
 484   -2    -12.913      6.319      8.763
   4   92      3.908      3.173     -4.445
  21    9     -3.322      1.021      6.565
1306 1301      5.148      0.021     -3.750
  42   -2     -2.182     15.005      7.272
  -1   -2      7.578     -1.784     -5.684
 311   -2      9.224      9.188      0.658
  -1   -2     16.437      3.616     -7.966
 116    0    -10.421      3.996      9.778
  -1   -2     21.158      2.155     12.227
  -1   -2      3.650      2.501      3.391
  84   -2    -17.496      0.288      8.904
  -1   -2     15.095     15.309      2.757
  -1   18      9.674      3.226      5.229
  46  799    -13.872     -1.971      1.630
  32  333     19.403      5.077      2.689
 476  419     -5.197     -1.526      6.045
  -1   -2    -14.787      9.770     11.361
 352  826     -3.512     11.090      9.384
 620  123      6.689      7.613      3.779
   8   -2     18.393      2.104     -0.682
  -1   -2    -12.609      8.230    -10.392
  -1  453     15.929     -3.849      1.581
 842   -2    -11.118      8.738     -9.677
1201  176     17.965    -10.383      9.575
 808  373     -3.894     -0.123      4.631
 178   33      1.919      9.433      3.695
1314   -2     18.219      1.672      6.375
  40  155     -1.679      6.303      0.652
  23   27     -3.419      3.644     10.915
 224  619     -1.112     -1.815      5.746
  -1   52     16.708      9.528      2.527
1138  919      4.153      2.048     -0.315
 173 1240     -6.894     -1.079      6.628
 731   -2     24.493     -1.940      7.433
 297  290      3.615     -0.490     11.009
  -1 1247    -12.883     -1.930     -3.340
 958  174      7.914     -7.383      4.044
 344   -2      8.107      7.698      7.769
  -1  165    -12.113     -0.391      3.450
  -1   -2      1.002      1.769     -8.410
1158   -2     -4.158     -8.810     -7.569
  -1  504     25.291      0.866     12.148
  -1  187      9.572     15.536     12.053
1017   -2     25.757     -4.960      6.523
 349  537    -13.431      7.366     -1.052
 803  623      6.751     -7.427     -9.510
  -1   -2     16.077      1.874     10.114
 447   -2     14.897      6.184     -1.115
 212   -2     -2.125      4.798      4.866
1034    7     -1.185      8.869      3.857
  -1  197     12.834      4.285      7.697
 568   -2     -5.181     14.689      3.196
 940   -2     11.121      0.464      5.836
  76  108     26.665     -7.549     12.735
  30 1244     11.080     -4.505      3.056
  -1   -2    -10.394      7.521      7.639
  -1   40     18.507     -0.167     -3.523
  -1   -2     21.441      0.404      8.472
  -1  136     23.053      3.685      4.694
 599  286      4.839      4.062      7.280
 813  657    -11.837     14.582     10.043
  -1   -2      3.536      5.959     -5.524
  -1   29     15.583      2.453     -1.670
  -1  909    -14.753      1.778      4.496
1277   -2    -13.879      7.024      6.641
 131   -2    -10.806     16.541      8.505
  -1   43      0.706     -0.408     11.884
 586  343      8.741      1.491      5.483
 697   16     -5.408      5.745     -7.498
  -1   -2     12.860     -3.824    -12.333
  86   -2    -12.212     11.729     10.614
 186   -2      1.236      9.308     -2.060
 668   -2     -5.698      0.379     -7.393
 575  553    -11.424     -3.025      9.578
1084  205      7.600     14.184     11.159
  -1   -2      5.877     -4.206      5.552
  -1   -2      2.305     12.145     -1.445
1300   -2     16.782      0.997      9.186
 415   -2     19.795     12.795     10.961
 524   -2     12.535     11.809      7.984
  -1   -2     18.868     -6.249     10.442
  -1  168     16.554      5.350     -7.096
 737  329      5.840      0.607     10.412
1116   -2     17.851     12.017      8.559
  -1   -2      3.341      4.986     -7.409
  -1   11     13.691     11.730     -4.942
  -1  907      9.084     13.607      4.992
  12   -2     -5.608      0.597      8.846
 460   -2     17.537      1.049     -4.403
  -1   75     13.600      8.549     -4.244
 235  396    -19.867     -1.054      8.765
  -1  369      2.778     10.500     -2.296
 229  497      6.528     -0.884      7.616
  47  950     20.479      4.103      3.367
  -1   -2     16.704     13.348     -3.654
  -1  359     -2.560      2.238     11.791
 114  253      8.631      5.265      7.302
 987  722     26.237     -6.244      8.596
 948    6     -8.824      9.423      8.421
 273  218      0.509      4.198     -8.190
 370 1268     -7.822     -6.243      9.555
  -1   -2    -14.496      5.141      2.416
 805  433    -14.746      2.768      8.662
  -1   93     13.697     -2.340      1.112
  -1  462     -1.538     -6.772     11.193
1089  236    -17.181     -2.955     10.564
 789  645     18.608      7.870      2.424
 153  733     -6.341     11.657     -9.017
  -1   -2     15.277      3.458     11.537
 285  528      1.856     -0.159     -0.312
 728  567     -7.851      1.077      9.964
 320  101    -11.243     10.044      3.284
 117  138      7.105      4.669      8.036
  -1   -2      3.203      0.519     11.541
 200  552     -3.817     10.409     -3.086
 718   -2     16.152      0.490      5.654
  -1  505      9.686      0.336     -7.245
 531   78     -5.664     11.872      8.064
 208  305     22.598      5.900     -3.607
1010  728     20.386     -5.524      4.577
1045  207     -1.118      4.555      7.223
1252  681     -4.345      7.321     -3.047
 180  608     25.762      3.490      7.047
 657   -2     14.769     -0.234     -0.338
 453  199      6.235     -9.073      1.478
 176   53     12.048     -0.746     -1.535
  -1  837    -16.442     15.319      7.893
 526   -2      7.101     13.013     -2.800
 418  526     18.044     14.325      2.345
  96   -2      4.128     12.251      9.269
  11   -2    -14.638      2.215     -0.812
1081  903    -11.163      9.803     -2.410
1274   -2     20.249     10.675     -1.677
 168  432     -9.895     -2.483      6.690
 926   -2      0.191     -2.531     -0.475
  -1  258     14.304      2.228     -3.446
1023   -2     21.939      8.651      9.786
  -1  506     -5.145      6.576      3.763
  -1   -2      7.623      3.274      8.369
  -1   -2    -16.793     -0.013     -1.699
  -1  159     18.358      5.381      2.029
  -1 1266      9.058      9.837     -1.409
  57  585     -4.250     -1.988      5.258
  -1   -2     13.995     -0.171     -2.401
1259   -2    -19.686      6.592      7.491
  -1   -2    -17.223     -0.227      2.803
  -1   -2      4.071     14.129      6.004
  -1   -2    -15.147     -0.721      2.716
 277  230     15.879     12.092     -5.092
 807  336    -13.611     10.420      8.146
 150  148    -20.243      1.301     10.243
 288   -2     -0.199     11.128      9.362
  -1   -2     -6.539      2.986     -0.798
 473   -2     15.682      5.878      6.078
 353   80     15.650      9.832     12.641
  -1  279      5.364      4.258     -4.439
  51  318     17.495      1.897      3.088
 519 1048      4.628     -5.961      3.571
  13   -2     16.690     -9.108      7.819
1160   -2     24.171     10.583     11.074
  -1  652     -1.768     13.172      7.056
 195 1241     19.152     -5.034      7.857
 416  298     -0.616     -0.679     11.109
 875  458    -11.479      0.505     12.032
 647  294    -14.983     12.079      8.898
   9 1258    -10.925     -0.927      7.447
 233   -2     19.830     12.911      6.090
  -1   -2     -7.177      7.776     -5.442
  -1   17      9.156      8.646     -2.186
  -1   -2      5.542     -5.939      4.016
 591  231     17.777      8.482     10.472
1246   -2      3.174      6.106     -0.986
 147  106     16.961      7.139     -4.572
 787  102    -16.385     14.496      2.904
  -1  465     11.739      9.379     -6.109
  -1   -2      4.314     11.978     -9.958
 566   -2     22.202      6.208      3.939
  60 1246     13.256     -3.137     -4.728
 504  476      8.343      1.115     -6.079
  -1 1011     13.106     14.979      8.476
 211   -2      8.279     15.004      5.694
  -1   -2     -3.580      2.876     11.086
1093   -2     -6.274      8.425      0.757
  -1  104    -12.940     13.902     10.690
 735   -2     -2.824     -1.081     10.644
  -1   -2     17.681     12.518      2.321
 760   13     -6.529      1.965     -8.362
 897   -2     -2.586      8.924      5.772
 198  263    -12.466      9.946     -2.839
  41   -2      1.671      1.323     12.289
 192  684     13.493     13.521      5.264
 341  593     22.676      9.356      2.942
  -1   -2     16.796      6.933     -0.232
  34  251     15.979      9.943     -5.522
  -1   -2     -3.732      8.730    -10.731
 187  178     15.491     -1.491     -3.746
1037   -2      7.191      7.155     -1.214
 125 1021     17.444     -1.436      7.731
  -1  234      5.674     -0.677      8.334
  -1   -2     18.367     -5.048     -0.939
 713   91     24.494      4.290      5.656
  -1   -2     -2.164     13.755     10.023
  -1  835    -14.727     -2.122      5.684
 583   -2      7.411     12.541      0.056
 677   62     20.313     -1.500      1.212
  -1  364      8.585     10.753      7.136
 949  610     16.913     -6.441      5.300
  -1   -2     12.177      2.682      0.128
  -1   -2     -5.057    -12.754      0.229
1199   -2     -1.828      1.077     12.392
 700   -2      4.788      8.272      9.444
 893   -2     23.206     16.319      5.747
 333   14     19.503     11.386      6.743
 216  597     -8.019     11.832      3.174
1248  112     19.762     -1.322     -8.952
  -1  195     17.105      5.251      5.846
 268   -2    -16.077     12.024     11.370
 154 1255      4.742      9.154      2.126
 573  868     -1.626      0.619      1.393
  -1  488    -15.431     -0.260      0.633
 241   -2     12.240      4.192      8.709
  -1  589    -17.584     -6.660      5.224
 382   -2    -12.755     -1.324     11.011
  72   -2      9.487      2.446     11.901
 866 1084    -11.943      0.846      2.154
 146 1299     -5.280     12.145      9.215
  -1  551     21.682     -6.213     11.507
 259   -2    -17.177     -3.469      5.761
  -1  144     25.438      3.906      4.897
 581 1274     10.359     15.036      7.723
  -1   -2     20.537     -3.016      9.196
 530   -2     15.376      1.257      1.480
 632   -2      6.433     11.483     10.498
  -1   -2      6.212      9.293     -5.570
  -1  489     -0.505      5.252     -5.515
1103   -2      0.693     14.100      9.339
 256  261    -17.282      5.512     11.680
  -1   87     20.514      3.246     -3.332
  -1  249     23.740     -1.893      7.111
  -1   -2    -13.310      6.350    -11.855
  -1  292     18.567     -6.294      4.551
  67  172     20.495      8.358     11.381
  -1 1049     27.641      3.303     12.608
 248  726     12.292     -5.347      7.920
 593  356     -7.144     -3.628      7.324
 128   -2    -18.033      6.884     12.219
  -1   -2      9.092      7.453      2.669
 637  964    -13.994      3.286     11.388
 651   -2    -14.940      7.336      0.068
  -1   -2     16.321     14.662      0.558
  69  348      7.016     15.438      6.668
  -1  301     21.798     -4.719     10.423
  -1  944     -7.020     -3.780      9.737
  64  563     -4.485     -1.035      1.874
 654   -2     -4.542      4.806      9.845
 157  147     23.037     -9.181     -0.463
 621  773     24.382     -0.305      8.467
  -1  278    -15.076      4.331     -6.632
  -1 1005     12.538     11.624     11.968
  -1   -2    -12.479     -2.457      5.958
  -1  383     23.593     11.982      8.079
 408   -2     20.063     -5.080     11.712
 664   -2     10.900     -7.547      9.522
  79  405      5.819      1.959     -1.046
 631  107     11.177      7.195      7.907
  -1   -2      7.020     -3.902      3.791
 298   -2    -17.182      4.893     -4.547
 475   -2    -14.479     -0.020      7.969
  -1  395     25.437      1.979     10.282
 769 1069      2.058      4.844      6.239
 801  345    -18.711      2.555      9.466
 395   51      0.504     11.037      4.661
 594 1022    -15.034      5.884    -12.433
  -1  319      6.534      0.399     12.390
1178   -2     -7.514      0.235      9.597
  -1   -2     11.965     -0.034      5.930
  97   -2     -2.330     -4.104      7.354
 905   -2    -16.595      6.700      7.318
1102  972     -3.984     17.676     11.511
 253  269     18.265     -4.075      5.075
 968  679      8.523      8.431     11.750
  95  844     12.738     14.022      3.019
 986  331    -17.984     -2.398      5.167
 404   26     22.841      2.847     11.615
 777 1032     16.171     -1.279     10.857
1011   20     12.394      6.566     -2.603
1165  186     16.117     -4.033      9.358
  -1   -2     22.448      2.525     -3.763
 309  339     -8.571     -6.134     11.172
  -1   -2     -9.508      0.076      4.773
 312   -2     25.864     -7.482      9.892
 500   -2      7.338    -18.218      5.149
  -1  346    -12.661     -3.393      4.993
  -1   69     20.819      6.123     11.799
 576   -2      1.447     -0.178     -2.495
1275 1160     12.814     -9.831      5.852
 204  217      9.308     -2.702      0.874
  -1   -2      2.724      3.790     -9.023
 111 1248    -13.829     -0.300     12.252
 975   -2      6.556     -7.739      3.451
 774  245    -10.524     -8.609      7.651
1247  409     13.355      9.928      3.882
  -1  128     13.707     -7.589      4.423
  -1  704     14.074     15.679      9.527
  -1   -2      0.674     -2.871     -8.649
  -1  785     13.047     -6.068      7.959
 136  812    -18.295     -0.341      9.104
 502   -2    -12.943     12.720      4.567
 513   -2      7.254      5.463     -2.482
  61  113     -4.980     13.989      3.161
 951   -2    -13.786     -7.620      7.704
 937   -2     25.979     -9.110      8.664
  -1   -2      0.432      0.326      6.510
  -1   -2    -14.383     10.287      6.788
 488   -2      1.110     -6.732     -4.461
 622   -2     -9.617     -6.835      6.083
 570   -2     10.879     13.654      1.184
 850 1030      5.733      0.149      7.670
 538  225     24.768     -2.003     11.011
  -1  328     19.298     16.605      4.083
 446   -2     19.420     -8.572      6.068
  -1  371    -15.982     10.486      3.663
  -1 1161     24.393    -10.253      9.037
 188  321      4.976     -1.335     10.650
 300  357     18.078     15.837      2.780
  -1  876     12.607      6.736     10.037
  -1   -2     10.571     -7.826      4.291
 854  847     -5.075     15.932      7.700
 291   -2    -16.294     -2.886      5.928
  49   -2     -7.404     -0.843      2.727
 967  219     23.687     -3.485     12.539
  -1   -2     -3.839     16.478      7.082
  -1   -2     14.265     -6.499     11.362
 812   -2     26.304     -5.720     12.105
 826   -2      4.198     -2.672     -1.585
  -1   -2     13.953      1.867      9.655
  -1  761      5.811    -11.155      7.996
 663   -2      7.178      7.882      9.497
 183  310     10.921     -5.678      6.383
  -1 1063     22.575     -7.890      2.961
 174 1259     23.226      5.333     -1.434
 571   -2      5.873     -8.890      7.004
 722 1195      2.137     15.951      7.691
 417  427     -6.791     -5.868     11.998
  -1  461     -1.766     15.353      2.355
  -1   -2    -13.143      8.380     -4.630
  -1 1045     -0.077     -3.239     11.821
  -1   -2     18.659      9.266     -7.166
  -1  963    -10.119      3.146     -9.754
1270  209     21.016     10.624      4.579
  -1  958     15.151    -10.424      0.369
 705   -2    -13.312    -13.740      0.558
1005 1306    -11.804     10.749      8.468
  -1   -2      6.772     -2.526      4.854
 616  226      2.917     10.538     10.642
1142   -2     -5.328    -11.708      6.950
  -1  390      5.996     -7.533      0.946
  -1  374    -18.369      5.817      7.198
   5 1237     11.130      9.334     -0.618
  -1  486     27.209     -0.640     11.054
 580   -2    -18.990      4.759      5.835
  -1   -2    -17.411     -4.243     12.219
  -1   -2      7.845     14.287     -4.169
 869 1090      9.336     12.695     11.825
  -1  920      6.752     -9.811      7.887
  66  183     24.812     -4.306      7.374
  -1   -2      4.607     12.550      3.638
  -1   -2    -12.068      2.680     11.607
 469   -2     12.154     -1.647      2.563
 452   -2      2.493     -7.532     -2.597
 435  742      9.618     -2.222      3.845
 247  850     11.437     12.608     -6.760
1137  375     -2.261     15.230     10.152
 492  482     12.520    -10.809      4.916
  -1 1083     24.429     -0.093      5.924
  -1  618      2.713     12.137     -7.377
  -1   -2     10.284      1.936      6.221
 610   -2     -2.900      6.680      0.576
  -1  262     17.108     -4.149     12.041
 732  665      5.997     -7.533     11.279
  -1   10     -7.070      9.272     -3.382
  -1   -2     -7.824     -2.871     -2.591
1070   -2     27.078      7.309     10.818
 219   -2      8.176     16.716      6.208
1097  512     19.998     15.071     11.856
 428  467     -6.059     -8.216      6.523
 444   -2     24.227      1.548      4.255
 922  260     -6.913     16.896      8.345
 879  431     -8.901     -1.850     11.154
  -1 1269    -13.517     -6.350     -2.334
 281   -2     13.657     -6.225     11.216
  91   -2     24.279     13.776     11.852
  71  473      6.317      2.148     10.267
 155  938     -7.430      6.481     -8.269
  -1   36      3.225      3.065     -1.390
 868   -2      0.960      3.090     12.189
  -1   -2     -5.224     -9.384      1.918
 752  714     15.251      3.633     10.093
 293  223     15.708     -1.827      5.226
 454 1099     11.251      1.095     11.118
1172   -2    -10.240     -2.249      1.700
1071  559     -3.622     -7.445      5.787
 459   -2     11.084     13.578      6.084
  -1  601     21.584     12.448     10.000
  -1  229    -15.945     -1.742     10.037
  -1   -2    -14.077     -1.524     10.833
  -1  519     21.858     -1.393      1.935
 152   -2      0.576     -4.380      8.806
 870  315     -9.765     14.763      4.726
1202 1122      5.118     10.559      9.996
  -1   -2    -14.355     -7.412      3.643
 390  257     21.067     -3.435      5.643
 739  480     16.358     12.677      2.861
 228   -2      6.061     -8.107     -0.593
  -1  651      1.559      2.962     11.440
 464   -2     24.130      5.959      4.967
  -1  426    -12.133     -9.603      5.556
  -1 1200      8.713     -6.408      3.194
  -1   34    -14.881      3.500     -3.981
  14   -2     15.339      3.347    -10.792
  -1  556     25.059      0.406      9.224
 338  389     -3.736     -8.513      8.599
  -1   -2      7.792      2.494     -5.574
  -1   -2      1.532     -0.056    -12.056
  -1   -2      1.888      7.496     -5.672
 321  153      0.174      7.357     12.192
  -1   -2     22.546     -1.012     11.803
  -1   -2     15.703     -7.847    -12.226
  -1   -2      1.264      2.773      1.082
 159   45     20.294      2.280     -1.047
 265  828      2.340     14.649      7.009
 779  591    -11.682    -11.203      7.045
 660   -2     -2.112     -1.664     10.619
 463   -2     -2.573     -6.731      6.414
 550  252     21.036      9.199     -3.276
  -1  250     12.362     -7.008      4.871
  -1  715     14.385      4.974      6.316
  -1   -2      0.328     -3.070      2.699
 303  166      3.115     12.293      7.873
  -1  164     14.981      0.775      3.689
  -1   -2     14.428     -6.413     -2.569
1309  560     -4.897     13.413      9.380
 406  538      5.353     14.604     11.076
1079   -2    -16.929     -7.518      9.433
  -1   -2     -0.170    -10.567      1.578
 451  289     -4.523     13.102      3.647
  -1 1056     10.989     11.854      7.591
 560  158     13.372      9.945      8.073
  -1   -2     12.425     -5.883     12.529
 363  978     18.447     13.466     -4.830
 423   -2     20.515     10.573      9.599
  -1   -2     13.249     12.059     11.499
 738   -2     21.262     -4.449      8.178
1294  451      7.485      3.714      7.690
  -1   -2     -1.434     -0.315      3.203
 133   67      0.348      3.188     -8.536
  -1 1304      9.808     -2.620     -1.424
 683   -2      7.362      1.144      5.166
 197   -2    -13.090      0.022      6.633
 325   42     22.767      0.924     11.195
 950   -2    -12.576     11.484     -1.959
 767   -2      8.004     -5.246      4.275
 429   -2     23.787     -5.237     12.103
  -1  494    -18.626     -0.206     11.963
  -1   -2    -10.958     -1.995      5.838
  -1   -2      6.581      7.894     -1.022
 165  778     25.849      3.426     12.051
  -1   -2     13.616     -1.292    -10.707
  -1  508     21.165     -5.621      1.011
1156   -2     -5.677     -2.027     10.410
 120 1185      9.501     -2.333     10.700
 383   -2     -7.801      8.299     -2.612
  -1   -2     18.021      6.124     -3.837
  -1  210     -5.632     -1.976      1.740
1024   -2      7.358      3.272      2.902
 899   -2     12.779    -14.351      5.769
 724   -2     13.668     16.321      4.309
  -1  755     26.631     -2.287      7.381
 412  699    -10.927     -4.347     10.545
 537  170     22.236     10.290     10.912
1051 1075    -17.831      9.272      9.337
  -1   -2     -7.076     -2.636      0.308
 480   -2     16.347     -9.747     10.633
 617  248    -19.043      5.895      8.722
  -1   -2      3.707     -3.781     -6.763
 701  752    -12.570     -4.881      5.432
 126   -2     -2.732      5.238     -0.515
  -1  879    -12.123     -1.558      8.813
 695  721     -5.418    -14.776     -0.001
  -1   -2    -13.063      4.774     -8.638
 378 1186     -5.090     14.973      6.494
 440   -2      4.508     14.067      7.240
  -1  697    -16.722      5.978     -5.255
  -1   21     13.016      1.569     -1.985
 471   -2     13.389     -6.750      4.413
 175   -2      4.210     -2.318      2.894
1320   -2     -2.542     -2.551     -9.958
  -1   -2     -0.259     10.848    -11.563
 953  380      8.316     10.277      6.000
 461  103     14.718      8.772     -5.795
 262   -2    -10.502      8.453      3.219
  -1   -2      2.169     -7.659    -11.158
1258   60     16.289     15.424      0.218
 498 1265      0.838     12.338      8.438
 931  707      5.592    -15.027      2.154
 577   -2     17.809     -0.759      7.708
  -1  471     21.331     -4.766     12.282
 400   -2     26.047     12.921     10.949
  -1   -2     13.412      3.038      3.954
 799   96     10.895      3.136      5.238
  -1  517     -9.845      9.320      7.147
 377  525     20.495     16.178      2.841
1140   -2     15.214      7.780      4.526
 199  633     21.737      4.883     10.608
  -1   -2      9.134      6.439     -9.613
  35   -2     -3.838      8.582     -6.330
  -1  379     -7.237     -9.158     10.334
 998  667      4.037     15.161      0.473
 916  189    -12.275     -4.006     12.254
  -1  501     -7.191    -11.565      5.720
  -1  455     20.272      7.311      0.391
 665   -2     15.629     10.393     -0.667
  -1   -2      3.489     17.438     10.654
 361  334     25.394      4.467      7.001
1200  282      6.060     -1.953      9.506
1096   -2     11.140    -11.095      3.108
 372  750     16.175    -10.278      5.932
 680   -2     15.961     12.377      6.302
 970   -2     19.179      3.769      9.679
 736  317     23.809      0.011     11.586
1146  653     -3.099     14.100     11.102
 650  388     -3.426     -4.144      1.004
 232  910     22.634    -10.465      9.660
  -1  308     20.806     11.221      4.042
  -1   -2    -13.665     -2.491     -9.456
 649   -2     13.885      5.792      5.967
 535   -2     11.906     -6.253     -1.984
  -1  539     -8.308     -4.977      7.956
  38  700     10.951      5.026     11.196
  -1  281     19.264     11.977      7.185
 556  131     16.579      5.070     -1.033
  -1   -2      1.412     -0.867      9.191
 607   -2     -7.318    -11.752      2.673
 997  184     21.646    -11.839     10.751
  -1   -2     17.311      4.644     12.168
  -1   -2      1.985      9.678     -9.414
1292 1293     23.174      7.882      8.923
  -1  239     -6.955      6.662     -1.213
 831  808     17.620     16.703     11.722
  -1   -2    -18.018    -10.227      9.259
 499  647     17.046      9.413      4.033
 815   -2     -1.785      2.799     11.133
 299   -2     -5.492      6.979      7.428
 243  948    -15.692     -3.961     10.381
  -1   -2     19.723      5.243    -12.090
  -1  695      8.734     -3.856      9.726
  -1   -2      1.327      8.014    -10.935
  -1  602     16.948    -12.677      2.189
  -1  439      1.342     -0.909      5.494
 142   -2     -2.839      1.192     11.383
  -1  240     -1.522      3.749      7.382
  -1   -2     24.586      1.622      1.666
 107  291     19.036     -1.080     -1.195
  -1   -2     20.252      2.089      9.309
 703  570     25.638     10.248      5.977
 561  753     18.441     -0.403      7.552
  -1   -2      5.035     -2.580     -7.522
  -1   -2     -8.688     -5.625      4.284
 386   39      6.249      5.590     -0.219
 163   63     15.836      0.318     -1.086
 252   -2    -11.920    -10.129      9.036
  -1  664      3.170      7.934     12.238
1168   -2     -5.158     -0.917      9.920
 711 1009     26.602      9.364     10.783
1086  720     -6.282    -11.459     -6.042
  -1  766     12.043     -7.805     11.074
1315  391     21.220    -11.063      3.859
 924   -2    -12.643     14.794      4.492
  -1   -2     17.433     16.029      2.390
 753  443      4.721      0.125      5.382
  -1  929     19.502     14.848      4.497
 588  976    -13.081    -10.626     12.033
 220   -2      6.011     10.084      8.814
 904  638      1.435     -8.853      8.065
  -1  392     22.446      6.061      6.444
 497   -2     20.272      3.574     -8.040
 280  327      3.103      5.783     -2.634
  -1  523    -12.291     -9.709     -1.493
 749   -2     -3.172     -3.322      6.017
  -1 1173     -9.671    -11.151      5.818
 630   -2     25.538      8.332     10.679
  -1  550      9.942     -5.602     -7.116
 270  283     14.201      3.350     10.813
  -1  500     -1.293      8.710     12.128
  -1   -2     -1.633    -13.155      3.510
  -1   23     -0.255     11.118      7.905
  -1   -2      3.008     -4.532     -8.916
 521  745     -2.305     -7.812      6.275
 433  510      3.265      9.120      8.548
 952  743     23.104      4.995     10.869
 436  705     21.356     -4.974     -8.463
  -1  444     24.183     -5.846      8.219
 761   -2     21.319    -13.324      6.353
 214   -2     -0.530      7.314     -9.768
  -1  267      3.245      8.640    -11.068
  -1   -2     21.449      8.038      1.844
  -1  423      5.656     -7.624     -4.191
 457   -2      5.586     -8.068     -5.719
 564  973      0.308    -12.407      4.808
 347 1109     -7.486     15.770      5.492
  -1   -2     21.575     12.381     -2.431
 369   -2     10.745      9.428      8.282
 619  264     -1.098     -2.452      8.587
 385  716     -2.962    -10.914      7.020
 639 1108     18.011     -1.430     10.905
1063   -2    -11.435    -12.028      5.928
  -1  783     12.323     -2.412      6.649
  -1   -2     13.109     12.590      8.874
  -1   -2     24.697      1.859      6.839
  -1   -2     12.557     -6.436     12.204
 589  274     12.510     -1.126      6.510
 274  789     -7.277     11.449     -8.894
  -1  694     18.649     10.185      0.643
1044  213      3.171     -1.532      8.666
 681 1275    -10.732     17.059     11.134
  -1   -2      7.609     -3.046     10.345
  -1   -2    -11.252     -5.571      6.553
  26  376      9.160      9.733     -3.352
 509   -2    -13.566     -9.056     11.924
  -1   -2      0.549     12.602     -8.463
 516   -2     13.894     16.259      7.384
  -1  668      9.645     17.027      7.500
 978  628     18.646     14.829      9.193
 543  555    -17.381     -3.493      2.515
  -1   -2     16.293      1.414     10.899
  27   -2      8.199      3.133      7.904
  -1   -2     15.184     -4.082      9.012
 822  612     -4.543      0.789     11.208
 467  354      4.307     -1.204     -9.759
 507  605      5.418     -9.015      3.778
 775   -2      5.765    -10.667     -1.849
 367  265     18.743      7.858     11.010
  81  918      8.025     -1.142     10.125
  -1   -2    -14.683      4.426      7.274
 151  747     25.177      7.514      8.524
  -1  634     23.279      8.678     -0.370
 707 1150      3.320    -12.813      5.809
 913  630    -18.757     -6.886     10.971
  -1   -2     22.275     -5.956     -1.243
  -1   -2      0.973     -9.392     -0.009
 881   -2     14.495    -14.887      1.973
  -1   -2     23.443      8.619      3.198
  -1  631      9.016      3.433      7.601
  -1  592     15.144     -4.208     10.666
  -1  777     14.295    -12.209     -4.452
  -1  535     24.497     16.147     11.107
  65   -2     -2.204      9.648      8.622
  -1   -2     -9.169     -4.905      3.789
 419   -2     18.253      5.175      8.528
  -1  712     -5.510    -11.505      5.130
 641   -2     -1.141    -10.299     11.663
  -1 1076      9.202    -11.187      7.811
  -1  492     -2.468     -5.700      5.126
1180   -2    -15.218     -6.854      7.123
  -1  514     20.466      0.474      7.973
  -1   -2     12.392      7.166      8.769
  -1   -2     21.859     -5.298     -6.367
  -1  149     16.302      7.237      6.557
 624   -2     10.696     -2.000      6.017
  -1  180      5.505     14.660     -2.534
 351  524     -6.824    -12.010     -7.445
 652   -2    -14.961      6.548     -8.450
 539  688     -4.839    -11.624     -5.964
 388   -2     22.171     15.503      1.744
  -1   -2      7.650     12.961     12.100
 635   -2    -10.410     -9.989     -3.735
1130  338    -18.210     -7.802     11.518
  -1  469     12.338     13.336     -6.297
  -1   -2     15.107      5.186     -8.341
  -1 1162     19.733     16.041      5.750
1066  156     22.687     12.110     11.235
1282   -2     10.020     -5.930      9.192
 629  613      7.371      1.276      8.681
1189 1074     -0.933     -8.283     -0.091
  -1  786     23.174     -4.681      2.546
   7  655      3.515     -5.780     11.534
 763  622      8.286     -5.455     10.586
  -1   -2     20.883      5.053     -1.061
  -1   -2     -5.046     -9.681      0.915
1107   -2      1.638     -5.951      2.451
 959   -2      9.907     11.662     -0.395
1222   -2     24.619     14.893     11.449
  -1  779     -5.753    -15.683      5.778
 397   -2      5.228     -4.607      2.891
 925  674     16.366     10.828      8.634
 371  729     -6.744     15.651      5.096
  24   -2     25.257     10.722      9.389
  -1  771     -0.661     -6.115      8.378
  15   -2     -1.703     13.484      5.498
  -1   -2     18.942      5.465     -3.847
 829   -2      6.327     15.564     10.041
  -1   -2     23.161     11.891      5.865
 525   -2     18.191     -9.302     -4.177
  -1  287     24.460     12.464     10.222
  -1 1070    -17.867     -3.757      9.705
 384   54     11.309      5.652      9.796
  -1   -2      1.799     -4.727      3.182
 515  890     12.807      4.638      2.806
 202   -2     20.218      2.083     -3.796
  -1   -2     22.156     -4.510     -4.999
  -1   -2     12.539     -8.691     -6.055
 567   -2     17.112    -11.567     12.188
 750  445     17.798     -4.171     -5.275
 149   -2     23.174     -1.115     11.901
 871  323      9.555     -3.029      3.649
  -1   -2     21.344     -9.096     -0.568
  -1  548     20.302      6.324      3.964
1077   -2     -4.518    -18.067      7.364
  -1   -2     10.863     17.694      9.218
 540  977     17.928     -8.459      9.326
1111   -2     13.810     -6.428      9.142
1123   -2     -7.864     -2.119    -10.891
  -1   -2    -12.491     -2.275    -12.131
  -1  993     19.464      4.971     10.760
 784  982     10.724     15.845      3.961
 887   -2    -16.500    -11.398     10.423
  -1   -2     19.839     -7.360     -3.541
  -1   -2    -16.374     -0.757      7.247
1094   -2     17.927      4.537      8.796
1155  817     14.447    -18.329     11.305
  -1  685      1.475    -14.162     11.445
  -1   -2     16.340    -10.705    -10.527
  -1  587      0.588     -6.517     -1.111
 719   -2      9.289     -8.143     11.505
 698  399     22.860     15.195      6.542
 811 1154    -14.011    -11.837      1.796
 921 1159     -8.101     -9.473      3.379
1186 1156     13.319    -18.485     10.196
 506  987     21.224     13.972      5.538
  -1  312      4.828    -10.754     11.764
 528  530     -3.452      3.257     -0.432
 236  381     16.346      4.809     10.726
 443  615     22.538     -2.869      7.677
  -1  130     11.095     12.080      8.840
 932  703     19.677    -18.552      8.139
 105   -2     18.085     13.949      4.716
 709  735      1.064    -10.312      7.369
1088  272     12.226      0.712      8.317
1049  740     24.238     13.249      4.604
  -1   -2     21.950    -14.843      9.314
1213  394      8.603    -17.529      6.391
1083   -2    -14.594     15.086      9.677
1121  790     25.611    -16.429      6.693
  -1  898    -12.195     14.448     11.864
 928  175     -2.782     14.635      4.639
 478   -2     21.571     -9.356      4.523
 266   -2    -11.999     -6.679     10.929
 830 1279    -18.720      8.803      9.912
1230  366     25.902    -13.289     12.522
  -1  201    -18.797      4.053     11.119
 234   -2     10.597     -0.368     -4.833
 985   -2    -15.497    -12.008      4.637
  -1   -2     -7.375     12.527     10.502
1170  515    -12.413     16.025      8.531
  -1  574     -2.405      3.787     -8.003
  -1   -2    -10.385      9.034      7.602
 426 1272    -18.260     -1.184     11.244
  -1 1262    -18.407     -3.763      6.615
  -1   -2     -6.173      6.421    -10.370
  -1  460      5.734      8.444      8.580
1157   46      1.852      7.947     10.151
1040   -2    -10.527      5.254      3.907
  -1  358     -2.642      2.989     -4.795
  -1   99    -15.338     10.403      5.549
 403  741     19.277    -13.921     -0.631
 356   -2     -8.715     14.996      9.227
 670  781     -6.539      0.526      7.391
  -1   56    -15.538     -0.506      6.590
  -1  894      5.008    -14.529      8.097
 474   -2      4.217     13.026      7.640
  -1   -2     12.665     11.595     -0.104
 900 1285    -12.149    -16.407      7.429
  -1  881     21.801     -0.850      9.176
 143 1254    -18.758      2.713     10.701
1002  717    -10.581     12.905      0.051
  -1  447     -1.843     -0.410      8.694
  -1  867     16.087     16.549     12.534
1095   -2    -20.757     -3.808     11.214
  -1  981    -12.692      8.578     -0.512
  -1   -2    -17.899     12.456     11.979
 106  943    -11.333     12.095      4.241
 834  372    -20.224     -2.159      7.899
  -1   -2    -16.509     -6.191      8.885
 823   -2     28.088      4.564      6.850
  -1 1095     16.889     16.900      2.881
 960   -2     26.838     13.672      6.850
 393   -2     -5.781     11.967     11.276
 714  351      2.110     -8.725      0.751
1064  485     16.199     -8.105      8.505
 330   -2     -5.415     14.773      9.535
  -1  498      7.649    -13.837      4.012
 327   -2     -5.053      7.796     -3.690
  -1   22    -13.353      8.555      9.134
  -1   -2     15.165      0.397     -5.637
  -1  216     -8.584      8.905     -3.496
  -1   71      4.153     -3.364     12.628
  -1 1148    -12.595     13.467      5.009
 249   -2     -9.078      5.879     -1.362
 669  637     -9.256      6.042      1.089
  -1  340     -3.286      9.056      9.778
  -1  846    -20.012      3.292      6.476
  -1   -2    -16.481     -5.129     -7.863
 720   -2     25.061     -9.017     10.847
  -1  997     23.366    -14.276      9.570
  -1  967     26.310    -16.965     11.041
  -1   -2    -20.090     -1.621     12.132
 847 1181    -13.680     15.320     12.489
  -1 1086     16.202    -14.170     -4.496
 301  966    -17.220     12.891     10.575
1106   -2    -19.019     12.267      8.745
1019 1102    -17.819     14.702     11.012
  -1  880    -19.193      1.118      9.539
1027   -2    -12.379     -0.017     10.972
  -1  582     -6.414     15.411      1.207
  -1   -2    -11.150     18.332     11.111
  -1   -2     -5.223      2.691     -3.653
  -1   -2     -1.806    -12.957     -6.462
 862   -2     26.430      6.715      6.161
  -1  818     28.493      3.898      8.826
 727   -2     18.074     -2.726      2.970
 857   -2     -8.258      5.409      5.723
 420  580     12.387     14.556      6.792
  -1   -2    -15.400     -3.561     -6.167
  -1 1061     -9.935    -14.175     11.082
  -1   -2    -14.407      2.443     12.427
  16  464    -15.102     13.070      3.219
 402   -2      7.141      1.969    -11.673
 366   -2      4.105     10.232      8.544
 846 1281      6.910     12.221     12.253
  -1  620     15.464     10.073      8.208
  -1   -2      1.974     13.090      9.521
1016  541    -10.697     12.340     10.501
1194   -2     -2.623      6.922     -4.809
  -1 1054    -12.863     16.532     11.925
 956  121    -19.242      2.485     12.076
1033  303     -9.150      7.786     -2.234
  -1   -2     14.259    -16.665     10.949
 845 1280     16.179    -17.618     11.121
 431  529    -18.420      8.015      4.237
  -1   -2     12.876      4.029    -11.644
  -1  511     -3.352      2.385     -0.742
  -1   -2     -9.846     15.352      7.376
 260   -2     17.546      1.149      5.836
  -1  805    -10.841      2.535     10.883
  -1   -2    -15.011      0.580      4.990
 342  780     16.029     14.310     10.367
  -1   -2     -0.512     -4.981     -6.749
  -1  422     24.136     12.441     12.657
  -1   -2    -18.055     -2.290     -3.609
 170   -2     -7.292     -8.174     11.820
  -1  831    -19.550     -1.834      2.476
 773   -2     12.922    -13.554     11.730
  -1   -2     -0.722     10.196      1.164
  -1   -2      0.474     15.955      9.989
  -1  724     16.695     -1.320     10.201
  -1   -2      3.132     -9.205      2.725
  -1   -2     28.865     -6.498      9.734
 139   -2     15.372      6.362      5.794
  -1   -2     17.415      7.612      7.662
  -1  759     -4.860     -6.574      7.275
 172   -2    -13.541      5.185      0.879
  -1  749     17.391      3.244     10.116
  -1  624     -6.263     -6.933    -10.710
  -1   -2    -14.895     11.327     -1.196
 782   -2     -7.666    -11.278      8.843
 889  503     10.481      4.869      8.191
1057  691     17.492    -17.635      7.291
  -1  852     -4.145      7.871      8.351
 206  306     11.336      2.611     -3.451
 867  350    -19.855     -3.810     11.459
 758   -2      3.598    -11.349      7.771
 166  150    -14.330      0.915     10.548
  -1   -2     23.255     17.781      5.813
 231  540    -19.884     -0.455     11.288
1135  407     -5.127     17.440      8.107
 137   -2      2.915     -3.979     12.696
 792  836     24.586      5.793     12.559
  -1   -2     -1.706     11.044      8.067
  -1 1133     28.680     10.514      5.949
 345   -2    -12.288     11.677      6.081
  -1  830     10.708      8.791     11.739
  -1   -2      1.517      4.307     -0.644
  -1 1014      4.199      3.846     10.329
  -1   -2     -5.442     -4.882      6.617
  -1   -2     -0.456     17.070     11.041
 898  891     23.757    -12.700      9.508
  -1   -2     -2.990      1.861     -3.726
  -1   85     -9.708      4.590     -3.515
 579   -2      5.173      2.570     10.286
 942  701    -17.713     11.836     11.078
  -1 1041     -5.059    -12.723      5.688
 955   -2      2.577    -14.015      2.127
  -1   -2      9.087      7.149     -3.986
  -1   -2      4.835    -11.992     -3.490
 874  117     27.595      6.944      8.150
 267  446     22.902     -9.777     11.341
  -1   -2     -4.253     -2.605     -4.170
1145  762    -15.593    -11.247      4.635
  -1   -2      8.697    -10.063     12.221
  94   -2      8.602      9.422     10.011
  -1   -2      4.051     -0.560     12.318
  -1   -2      6.779     -1.048      1.802
 477  746    -12.241      0.200     -6.384
  -1  869     -9.449     14.274      4.127
 982  696     11.885    -15.995      0.470
 307  820     28.729      5.614     10.545
  -1 1174      1.857     -1.604     10.876
  -1  635     26.377     -5.077      7.408
 182 1180      7.595     12.339      7.415
  -1  595    -12.229     -3.674      2.009
  -1   -2    -15.190      2.581     11.857
   1   -2     12.360     -7.723     10.727
  -1  268     -5.643      9.581      2.532
  -1  683      5.050     15.840      8.339
  -1   -2     -8.388    -10.673    -12.046
 396   -2    -19.236      9.803     11.107
 890 1284    -12.037     10.748     -0.386
1060   -2    -11.712     14.568      7.407
  -1   -2      3.882     14.175     -6.402
  70   98    -14.527     16.368      6.295
 592  723    -14.986    -14.580      5.598
  -1   -2     21.941      2.069      1.955
1251   -2     10.642     -7.336      6.147
 895   -2    -13.779     12.911     11.090
1296  598     20.762     15.813      4.798
1099  939    -13.053    -19.683      9.481
  -1   -2     -6.380     18.457      8.486
  -1   -2    -19.641      4.105      7.370
  -1  769      2.078    -10.410      8.613
 590   -2     -5.042     -8.860    -12.133
  -1   -2     -7.954     -1.480     -6.084
 124  542      0.324      2.310     -0.841
  -1  139      9.097     12.750      8.265
  -1 1015     25.227    -10.835      7.893
  -1   -2      5.999      1.060     12.715
 215   -2    -13.478     -0.505      1.034
  -1  418    -15.487      0.417      9.871
  -1   -2      5.163      3.841     11.570
  -1  986     27.789      7.361      5.739
  -1   35      9.279      6.310     -0.273
  -1  600    -12.778    -11.684     12.527
 355  878     -9.072      1.335      8.525
  -1   -2    -13.024     10.464     -6.412
  -1   -2      0.695      2.880      8.068
  -1  109     21.516      5.938      0.775
  -1  675     -6.420     -4.205      6.643
  -1  923     -1.432    -14.979     -5.265
  -1 1067     -0.004      5.924     11.911
 339 1157      9.571     -9.868     10.154
1290  756    -15.021     -9.890     10.704
1141 1182      5.857    -15.782      8.140
 414  659     -8.185     -6.830     -8.919
  -1  241      3.962     14.815      3.255
 634  840     27.940      2.223     11.145
1139  202      6.790     -8.352      9.974
 909 1199     -1.017      4.036      4.139
 741   -2     10.159     17.266     10.180
  -1 1035     -8.619     17.817     10.727
  -1   55     21.633      4.173      5.203
1278  122     14.788    -11.030      9.658
  -1   -2    -14.595     10.286    -10.240
1056   -2     -9.208    -19.473      9.556
 328  871      3.397     12.592     11.893
 190   -2    -12.090      7.717      3.640
  -1   37     -7.874     -1.386      5.764
 693   -2    -16.045      8.226    -10.476
 746   -2     -0.961      8.559      0.344
  -1   -2    -10.831     15.755     10.956
  -1   -2     16.106     15.223      6.841
 915   -2     24.568      5.443     12.333
1208  744     21.047     -1.432      9.899
 275   -2      6.401     13.986      6.937
1022  787    -10.647    -14.181      0.414
1108  192     -0.612    -12.636      9.914
 595   -2     24.300      2.483     10.781
  -1   -2    -18.604     13.369      7.040
1118   -2    -16.349     12.012      9.111
  -1  536    -12.932      3.884      3.775
 818   -2      2.738    -12.571     -1.114
  -1   -2     -0.082     16.519      9.332
  -1   -2     13.165     17.242     12.468
  -1   -2      1.712     14.364     -6.430
1169 1286      6.444      3.380      9.822
  -1  344      2.909     10.292      8.017
  -1   -2     -9.873      6.400      2.912
  -1  437    -10.808      6.515     -2.093
  -1  607     20.444     -4.355     -2.732
 134   -2    -15.062     -0.487      5.321
  -1  238     19.195      0.372     12.332
1231 1171     11.304    -17.844      7.338
  -1   -2      1.871      0.593      7.314
 768   -2      9.691    -13.454      2.099
  -1   -2    -11.501    -14.418     11.831
  -1   -2     21.503      4.820      5.914
 218   -2     -5.906     -4.176      4.649
 609  673    -19.874    -11.004     10.133
  -1   -2    -11.598    -13.411      9.712
  -1  456     -3.199    -12.329      8.135
  -1  763     17.440      1.742     10.988
1205  662     13.592      7.064      7.305
  -1   -2      4.880     16.290     10.961
  -1   -2      5.445      0.847      5.680
  -1   -2      1.133      0.646    -10.395
  -1  125    -11.630     -4.096      8.030
  -1   -2     24.043    -11.319      4.026
  -1  472      9.018      1.125      9.135
1177 1024    -14.392     17.032      7.962
  -1  142     20.902     -0.535     12.285
 625   -2      7.432     10.151     11.311
  -1   -2     -4.393     18.944      8.226
 886   -2     19.349     -4.618      9.153
 676   -2     14.223      2.430      7.745
  -1  309     22.212      4.380     12.522
 876  839      4.625     -1.409      7.320
  -1   -2    -10.969    -11.755    -11.417
1001   -2     -0.466      9.021     10.585
  -1  765     26.117      3.764     10.908
1226  689      8.983    -17.612      7.586
1050   -2     26.609     -0.238      8.490
  -1   -2     -3.718      4.220      9.987
  -1   -2     17.330     10.728     12.360
1293  182     22.341      9.207     11.170
  -1   -2    -17.976     18.441     12.220
 776 1277     13.400     -4.052      6.984
 329   -2     25.158     -7.573      6.960
  -1  275     12.699     14.199     11.793
  -1  734     26.327     11.811      7.121
  -1  295     15.297     -6.197     -2.637
 362  362      9.830     15.153      9.697
  -1  416      0.197     -7.758     -9.835
  -1   -2      8.980     -4.041      1.338
  -1  626      7.951    -10.600      2.864
 529 1006     -5.196     -6.838     -6.648
  -1  134     -1.458     13.314     10.085
  -1   -2     -5.662    -14.704     11.416
  -1  932      7.875    -13.826     -6.266
 438  221     12.325     -0.519      9.401
1171 1096     18.846      4.168     -7.695
  -1   -2     15.739    -13.589     11.705
  -1   -2     22.640     -1.345      9.784
1048   -2     -0.948     17.266     12.513
 828   -2      3.273     16.182     11.487
  -1  809    -14.493     -9.374      3.177
1080   -2     19.971      7.719     11.815
  -1   -2      2.502      0.051      5.673
1227  757     25.472     15.788     12.407
 880  474      1.386     14.287     11.849
  -1   -2    -16.729    -17.199      2.476
  83   84     -1.067     -1.534      2.422
  -1   -2     16.948     -9.594      2.102
 481  490     14.686     -6.786      3.454
  -1  680     20.266      3.249     10.149
1073   -2      6.728    -17.561     10.947
 101  277     19.236     10.605      7.691
1214   -2     -1.303     10.455     10.075
  -1   -2     -6.374     -7.904      1.304
 505  325     -5.980     18.490     11.921
  -1   -2     21.222     11.789      9.401
  -1   50     15.899      3.026      2.186
 794 1125    -19.420    -15.084     12.279
  62  656      7.693     10.794      7.716
  -1 1091     12.697    -16.330     -5.744
  -1  206     -5.357     -1.118      8.820
  -1  952      0.704     16.990     11.027
  -1 1134     21.381     -8.374     10.997
  -1 1028     -2.269    -16.352      0.890
 644 1018      5.999     10.816     10.300
 511   -2     13.007     16.003      9.420
1018  621    -19.778     -9.716     10.160
  -1 1123     25.849     17.223      9.528
 929  326     14.440     16.407      9.848
 756  382      8.423      6.018     11.539
  -1   65    -17.485      9.953     11.203
  -1  983    -14.583     15.008     12.464
 984  627     15.306    -16.651      5.551
  -1  682     11.336      7.091      3.187
  -1   -2     -7.165     13.156      9.986
 287    8     20.840    -10.677      9.148
  -1  565     22.513    -16.974      7.458
  -1   -2     11.492     -6.467     12.063
  -1   -2    -15.301    -18.019      1.104
  -1  925     -9.793     -4.485      6.718
  -1 1050     26.048      7.812      0.768
  -1   -2     18.768     -1.747     11.004
 742  466     11.382     11.285      0.326
 398  411    -15.625      6.547      4.513
  -1   -2    -17.638     11.449     -5.565
 891 1189    -13.240     -7.720     10.237
1113   -2     -5.890    -12.584      4.359
 863 1068     -3.441    -16.090      6.701
  -1  648     12.426     -4.877     11.759
 726  322     17.305     10.651      7.315
1174   -2     18.773      1.658     10.926
  -1   -2    -18.336    -12.090     -2.234
  -1  865     -3.317    -19.867     12.633
 578  810     27.417     -4.466     12.046
1233 1234    -20.946    -14.662     10.401
1150 1222     -9.641    -16.955     11.723
  -1  146      8.221     -6.315      2.667
 306  487     20.444     -4.669      3.938
  -1   -2     23.949     15.877      2.212
1175   -2    -19.048    -13.807      8.268
 374 1192     21.306     13.204     11.974
  -1   -2     11.328    -13.106      5.178
  -1  660     -5.256    -13.082      6.584
 604   -2    -18.529     -9.586      4.784
1196  935    -19.304     13.088     11.973
  -1 1078      2.054     -6.519      1.007
  -1   -2    -16.912     18.686      3.581
 716 1170     21.194     15.615      8.816
  -1  968     -5.237     -6.054     -3.601
  -1 1128     20.384     -8.846     11.456
  -1   -2     21.780     -6.105      4.927
1187   -2    -16.066    -13.082      8.962
  89   -2      6.993     -3.864      6.500
  -1   -2     10.592      2.110      2.690
  -1   -2      6.788     11.554     -1.175
 965 1094    -17.746    -14.059      6.679
 878   -2     -1.767     14.033     10.895
 788 1058      0.998     15.569      4.450
 972  509    -15.075     -6.913     10.188
  -1  989     27.418    -10.427      8.796
  -1 1283     -1.976     14.620     11.770
  -1  400      1.465     -8.114      7.078
  33   95    -14.097      9.245      6.207
 885  784     25.083     -6.231     11.678
1181   -2     -0.672     -4.071      5.690
  -1  596     17.383      5.867     10.314
  -1   72     13.215     -2.918     12.573
1234  599     25.817     14.101     11.198
1286   -2    -11.887     16.816     10.722
  -1   -2     -9.701      2.273     -5.928
  -1  171      0.810      1.324      6.743
  -1 1008     -8.421    -13.836     10.323
  -1   -2      9.955    -17.288      5.282
  -1  477      1.359     -2.135      1.608
1085  410     -6.152     -6.797     12.626
  -1   -2      1.654      8.024      1.366
1105  937     -5.267    -10.039     11.740
  -1  578     -7.499     -6.983      0.378
 640 1176      9.269     -2.445      5.927
 542   -2      6.156    -13.237      6.317
  -1   -2      0.205      5.450     -1.199
  -1 1004      0.495      8.759     11.305
 245   -2      0.342     -5.367      4.868
  -1  355     -5.532     16.388      7.783
  -1   -2     24.755     12.463     -4.894
 992   -2     -6.325    -16.456     12.233
 292  162      6.072     -2.824     -3.241
  -1  788      0.948    -14.419     -1.092
1100   -2      9.352     -7.528      3.010
1032   -2     10.040     -0.032      9.770
 902  822     11.530     10.161      7.920
 401 1270     15.949     -3.394     10.711
  -1 1079     17.898    -13.705     12.374
 894   -2    -12.229    -13.949      1.385
  -1   -2     17.506     -7.503      5.758
  -1   -2     13.856     -4.392      9.292
  -1   49     22.341     -1.085      5.157
1206  782      7.842    -10.996     -7.086
 645   97      8.250     -4.120     12.396
  -1 1256    -13.734     14.331     10.923
  -1   -2      6.029      3.322     12.532
 715   -2     -5.032     -9.768      8.269
  -1   -2      2.620      3.709      9.392
1236 1179    -20.761    -15.446      8.708
  -1   -2     17.504     12.113     12.013
  -1   58      2.424     -2.017     -0.048
1198   -2      0.361    -19.788      7.949
  -1   -2      3.821    -23.781     -1.339
1219 1204     12.847    -25.063      8.202
  -1 1218     26.846    -22.754      4.877
1216   -2     23.113    -16.977      9.481
  -1   -2     19.757     24.114     12.663
  -1 1208     18.600    -26.672      6.088
  -1   -2      8.223     23.650     11.822
1235 1225    -27.164    -13.820      7.853
1221 1017     18.036    -19.740     10.861
  -1   -2     -6.102    -28.776    -10.478
1031   -2     18.131    -13.530      8.726
  -1 1139     -7.772    -20.573     10.172
1072   -2     24.373     18.651     11.380
  -1   -2    -15.034    -26.463     -0.543
1232   -2     -3.632    -19.938      8.495
  -1 1207     16.169    -22.732     11.463
  -1   -2      0.395    -29.568    -12.232
  -1 1126      7.000    -21.942     12.515
  -1 1232    -15.676    -15.178     12.626
  -1  586     19.252    -17.551     12.299
  -1 1065    -11.109    -21.166     12.615
  -1 1224     27.699    -15.915     12.069
  -1 1205      0.411    -18.163     12.752
  -1 1211     25.750     20.348     10.604
  -1   -2     -3.086    -20.845     11.225
1117   -2     -1.326    -18.409     10.006
  -1 1051      6.273    -19.657     10.181
1237 1231     12.432     24.779      7.286
  -1   -2     16.027      1.980     10.463
  -1 1294     12.859     -8.668     11.284
  -1   -2      5.249      0.100     -3.630
 314   -2     16.435     11.159      4.385
1241 1307      6.105     -4.809     -8.261
  -1 1238     11.285      8.208     -0.973
  75  266     19.222      0.009     -8.485
  -1   -2      3.928      3.098     -4.411
 156 1043    -13.032     13.931     10.859
  -1   -2     18.820     -6.224     10.636
 853  204    -18.097      1.369      2.710
1053 1290     22.678     -9.676      6.999
  -1   -2    -16.455     15.269      7.773
1260   -2    -11.280     -1.302      0.559
  -1   -2     15.664    -11.838    -10.863
 441  208    -12.893     -1.886     -3.266
  -1  941      7.509     10.586      7.582
  -1 1251    -10.785     16.570      8.369
  -1   -2     19.332      1.581     11.786
1266   -2     20.222      4.199      4.909
  -1 1057     14.359     -6.506     11.265
 193   -2    -14.758     -2.038      5.865
 399   -2    -13.465     -6.331     -2.440
  -1  154     15.017     15.369      2.736
1253 1253     15.108     15.275      2.851
  -1   -2      6.031      2.149     -0.932
 337   -2      1.147     -2.469     -4.442
  -1  126     18.322     13.584      7.466
  -1   -2     19.310     -3.922      6.247
  -1  484      1.378     -4.523      8.498
 852   -2     -3.855     16.561      6.924
 115  110      5.891     -4.157      5.682
 348   -2     21.786     -6.098     11.236
  -1   -2     -9.271     -6.981      5.539
  54  796    -13.580      1.885      8.328
  -1  690      7.632     -3.179      9.843
 671  646     -5.636      7.822     -1.424
 689  629     15.466    -12.159     11.735
 936   -2     20.138     -2.563      9.559
 319  406     20.931      9.652     -2.328
 135 1252      2.355     12.180     -1.481
 838   -2      2.975     -9.075      2.846
 821  232    -18.082     12.588     11.700
 809   -2      2.985      8.560     10.740
 907   -2     10.081      8.450     10.466
 532   -2     24.940      4.293      6.269
 294   -2     24.483      1.928      7.134
 933   -2      5.605    -11.294      7.677
  -1  532    -11.182     16.078      9.620
  -1   -2     16.027      1.977     10.466
  18   -2    -12.153      8.494      6.622
  -1   48     16.451      3.564     -8.032
1304   -2     18.907     -6.217     10.293
  -1   -2     15.664    -11.838    -10.863
1271   -2     -8.932     -5.794     -4.588
 354  370     -6.990     -3.695      7.715
  -1   -2     12.859     -8.668     11.284
1301   -2      9.522     -2.688     -0.835
  -1   -2      3.471      2.367      3.937
  -1 1303     18.282      1.726      6.163
1305 1297     15.664    -11.838    -10.863
1318   -2     16.451      3.564     -8.032
  -1   -2     18.282      1.726      6.163
  -1   -2      3.471      2.367      3.937
  -1   -2      5.249      0.100     -3.630
1316   -2      5.249      0.100     -3.630
  -1   -2      3.471      2.367      3.937
  10 1239      3.471      2.367      3.937
 123 1250     15.940      0.430     -4.647
