1320
  -1    0    -11.143      4.490     12.140
   4   -2    -10.721      7.474      9.734
   1    3     15.958      1.913     10.470
1126   34     17.693      5.348      5.719
   3 1233     -1.949     -3.000      3.595
1213   14     16.649      9.476      2.412
1272   -2     12.931     -8.850     11.893
  72   18    -10.949     -2.063      7.906
  -1   -2    -11.239     13.852     11.095
 269  439     -0.711     11.111      3.862
  86   15     -7.488      1.616      1.891
  -1   -2     -3.346      1.042      6.637
  17   42     17.300     -0.860      8.560
 237  157     22.199      4.295      8.853
  26   66     20.510     -0.276     12.568
  -1   25      8.887      9.455     -0.159
 368   -2      1.003     10.635     10.474
1215  239     -5.703     -0.735      4.449
 410   61     13.356     11.443     -9.891
  11  614      7.569     -2.711      1.996
 687  864     11.463      8.432      7.465
  -1   11      7.342     -6.986      5.282
  41 1321     -3.518      3.685     11.045
  -1   -2     18.852     -0.205      6.326
 163   -2     -0.623      7.031      4.262
1063   74     -3.619     11.452      8.712
1202  792    -18.248      2.598      5.862
  25 1286     19.708      5.152      2.693
 182  568     18.928     11.896      9.101
  89  968     -8.895     -2.541     -2.165
1276 1298    -14.229     10.627      6.607
  59   -2     14.084      8.968     -1.517
1114   -2     -2.213     14.939      7.339
  45  647      7.248     -5.130      5.585
  23   -2     23.040     -3.510     11.261
  99   90      2.481     -4.344     11.709
  -1  764     -4.934     -1.555      7.950
  68  722      7.753      3.149      8.396
 167   -2     -1.978      3.098     -6.378
  -1  785     -7.996      2.644      0.536
  -1  783     -7.211      0.052    -11.421
 382  594     -0.827      2.887     -7.064
  -1   -2      9.733      3.137      5.367
 303  583      9.557      5.263      8.506
  -1  533    -17.581      4.542     -1.667
 702   87      7.049     12.198     12.240
  -1   -2     -9.543     -3.021     11.533
  12  202     -4.663      8.849      3.484
 902  580    -10.786     12.541      6.091
  -1   -2     13.196     -5.768     11.392
  -1   -2     20.474      1.795     -1.454
  -1 1244     18.809     -6.173     10.909
  -1  353     12.214     -1.644      2.585
  55   81    -16.512     -0.522      6.068
  42  121      4.930     -6.267     12.547
1332 1333      5.230      9.350     -9.989
  -1   52     23.049      5.312      9.283
 801 1277     -1.625     10.944      6.254
  -1  569      5.719     12.365     -9.254
1271  365     16.766      0.946      9.276
 751   -2     25.437     10.045      6.335
 809   -2    -11.074      6.317     -4.654
  -1  472     11.544     -1.924      6.810
  -1   48    -14.438      0.134     12.059
 970   26      6.275      3.881      5.612
  56  148    -18.536      5.108      2.793
  -1   -2     -6.133      1.160    -10.588
  -1   29    -15.420     12.721      3.724
1106   -2      4.938     -0.440     11.819
  -1   -2     16.393      1.161     -2.577
  74 1243     15.189      3.181    -10.646
  -1   -2     -4.964      2.233    -10.382
  51   -2    -14.036      1.607     10.178
  -1   -2    -16.644      1.072     10.989
  -1  222     25.051      1.159     12.310
 474  598     16.664      0.250      4.483
1052  357     19.089     -2.791      8.614
 652  669     19.845      3.610      4.481
 444   89     14.402      5.287      8.298
  21  451      8.358      8.633      0.583
  -1   -2      6.699     -0.815     -7.051
 110  155      5.715      0.588     10.595
  71   27    -11.720      9.019      4.775
  -1   -2      6.934     -9.495      1.413
 873 1111      7.071      4.682      8.045
  -1   -2     -5.225      6.403      3.777
 759  281     12.796      3.333      6.331
  -1  487      2.084     -3.048     12.299
 645   -2     14.932     -0.859     -1.601
 112 1087     17.278      1.186      5.576
  -1   -2      6.464     -0.701      9.975
 117 1248     -1.402      3.342      9.923
1093   35     -9.285      9.072      7.019
 826   -2     26.037     -7.637      8.983
  -1   -2      9.417      5.421     -6.136
  -1  931     11.871      0.193      3.836
  -1  167    -15.827     12.096     -4.331
  -1   -2      2.245     11.654     -1.070
  -1   -2    -12.531     13.197      5.529
  -1   -2     12.672      3.348    -12.336
 121  308     20.124      2.626     -4.827
 317  191    -19.751      3.394      8.815
1263 1296     -5.240      9.465     -4.532
 778  258    -10.127      8.806      1.801
  -1   -2     -2.858      8.854      4.624
  -1   71    -15.240      2.599     -3.696
 147  244    -11.549     15.895      6.074
  66 1242     23.972      2.801      1.573
  -1   -2     -8.122     -8.474      1.830
1029 1154     -3.499      2.493     11.177
 118  235      0.050      4.674     -7.528
  -1  605     13.105      1.662     -9.933
  -1  340      0.061     -0.103     12.082
  -1   -2     19.226      8.264     -5.465
 575   -2     19.560     12.832     10.323
 780  120    -11.928      0.739      2.319
  16   39    -12.915     -1.927     -3.486
  -1   -2      5.138      8.198     -9.109
 256   94     -5.255      9.637     -2.428
 606  389      3.993     -1.154      0.103
 506   -2     -2.842     -1.460      0.462
1056   83     -6.304      8.473     -9.312
  -1   65    -11.833     -0.634      8.005
 530   -2     18.145      5.687      4.044
  -1   -2     19.221      4.235     -3.111
  -1  156     -6.872     -1.100      6.473
  -1   -2     -2.822      5.641      7.088
  -1   -2      7.570      6.832      2.397
  -1   -2      5.503     -5.692      3.289
  -1   -2      2.715     -3.095     -5.233
 212   -2      0.375      5.311      7.916
  -1  831      0.999      2.706      1.176
  -1   58      9.427     -5.604     11.059
  14  117    -13.513      8.860     -0.796
  -1   -2     16.148     -1.191     11.341
  -1   -2      4.914      3.951      6.982
 637   -2     18.894     13.855      3.876
 135  203      0.080     -2.500     -0.513
 184 1257     12.975     -6.364      7.688
 706   -2     16.069     -5.884     10.494
 681   -2     11.312     11.447     10.261
 874 1210     12.041      1.607     10.382
 454 1254     26.409     -6.357      8.214
  18   -2      1.199      8.100      6.465
  91  142     24.702      4.792      6.242
 719  361     13.478      8.066      5.090
1086   -2     13.872     -4.251      2.656
  -1   -2     16.244     11.848      7.805
1206  812     23.529     -3.557     11.698
  -1   -2      4.810      7.732     10.719
 357   -2      3.486     10.366      7.571
 865  571     25.125      3.995      9.002
 936   79     18.144     14.320     10.233
 712 1197     -6.985     -4.111     -6.118
 456   -2     21.747     -4.059      0.945
  -1   13    -14.216      9.361      9.840
 243  934    -13.648     13.370      7.022
  -1  829     26.550      7.559     12.647
1214   -2    -14.804     -1.941      5.513
 580  151      4.340     15.276      1.608
  -1   73     -2.461     15.189     10.775
  -1   -2     -1.959     -0.181      0.018
  -1   -2     18.432     12.613     -6.454
  -1  233     11.753     -5.272     12.169
 179  574    -14.128      6.916      1.715
1233   -2     17.690      2.234     -5.149
 949   -2     27.774     -3.463     10.785
1028   -2     13.362      0.925      0.073
 319   -2     11.998     13.429      0.254
  -1   -2     15.477      2.531     -1.561
 235   -2     -1.791      0.997     12.423
 413  249    -12.366      7.945    -10.300
  -1  103     18.328      0.990     -4.897
 109  283    -17.775      5.461      8.538
 203  447    -20.249      1.152      9.824
 571   -2     15.262      3.146      3.484
 223   -2    -10.660      2.060     -8.892
  -1   31      7.523      0.367      2.750
 224   -2     -5.954     -1.781      1.823
 762   40      3.186      7.748      1.320
  -1  214     10.593     -6.984     10.646
  -1  532      8.029     -0.765      8.762
  -1   -2     -1.288     -7.272     12.148
  -1   -2     25.500     -9.243      6.856
 207 1129      7.538     13.191      6.754
  -1   -2     13.990      8.742    -10.217
 302   -2      3.633     -0.503     10.781
1204   -2      3.230      2.059      2.632
 679   78    -12.024     10.160     -8.678
1038   -2    -15.915     -1.734     11.003
 467   -2     22.064      8.558      9.736
 387  600    -15.547     -4.817      3.685
 583   -2     15.618      3.688     10.450
  -1   -2     -6.915      6.777     -8.017
  -1   -2     11.420     -0.754     -2.468
 683   -2     -5.357     16.129      6.582
 138 1252     11.200     -4.518      3.233
  -1  154     -1.230     13.044      6.672
 697  178    -14.446     -2.924     10.795
 392  765     18.266      9.047      9.086
  -1 1255     -1.784     13.207      7.336
 195   -2     18.029      3.645     10.046
 355 1266     16.359     13.777     11.332
 994   57     -6.534     10.627     12.416
 101   -2     11.455      3.500      7.038
  -1  410     -7.893     -7.260     12.541
  -1  345    -17.289      5.406     11.588
  -1  226    -12.073      7.404     -7.996
1305 1177     12.433     11.488      9.162
 271 1291     -7.258     -2.499      2.013
  -1  579     -3.704      3.910      7.029
1081   -2      5.096     -0.785      6.381
 501  957     -6.571     -3.385      8.158
1297 1002     23.427     -2.094      8.531
 299   -2     -9.643      8.028     -6.799
  -1   -2     17.677      6.718     11.887
 648  627     23.340      9.672      8.255
  -1   -2     22.963      7.365     -0.249
 714  397     20.882      0.062      6.938
1150   -2     21.840     -6.085     11.474
 790   49      6.528      0.336      6.186
 534  193     -1.294      3.833      7.340
  -1  289    -13.227      0.622      5.619
 262  287     13.115     -7.735      1.868
 891   -2     -0.693     -2.301     10.181
 242   -2    -18.185     -6.240      7.695
  -1   -2     -1.731      5.677      2.797
  -1   -2      3.352      9.090    -10.128
  -1  327     12.725      2.032      6.460
  -1   -2     14.959     -8.029     10.423
  -1   -2     23.128     -1.925     12.277
 175  240     -7.802     -6.372      9.858
  -1  250    -14.234     -1.386     11.028
 211  478     25.644      1.330      6.939
 591  648     10.234     11.554      1.598
  -1   -2     21.369     -0.772     -3.434
  -1  385    -11.204     -3.822      9.738
  -1  674     -5.702      0.762     10.961
 316  557      9.188     13.422      7.079
 241  498     11.102      9.455      8.330
  -1 1267     21.801     10.066      5.238
 281  797     -1.965      4.558      1.768
1071   -2     24.340     13.682     12.301
  -1   -2      7.322      2.829     -6.429
  15  150     16.184     10.564     -7.167
 631  742     19.155      0.019     11.588
  -1   -2      1.459      1.521      2.491
  -1  138     21.241     12.477     10.641
  -1   -2      2.749     -1.702      5.360
 351  501     18.129      7.114      5.038
  -1   -2      4.554      9.723     -0.386
  -1   -2    -13.589      6.966     -1.160
 157  146      4.397      6.978     -3.246
  -1  311      5.839      7.083      5.452
 460   -2      6.347     13.712     -2.608
1236  619     13.646     14.383     -3.390
  -1  665      5.335     -2.043     -2.575
 177   -2    -19.487     -0.189      6.292
 442  127     -1.632      3.118     -1.103
  -1   -2      7.601     -2.092      8.700
  -1  213    -14.377      7.420      5.705
  -1   -2     -1.472     -7.578      5.947
  -1   -2     -9.551     13.762      3.100
1034  218     24.082     10.712     11.176
 518  460     20.548     -3.028      9.425
 795 1276    -11.028     16.095      9.659
 928   -2     22.132     -8.188     -2.271
  -1  628      3.036     -1.271     -0.586
  -1   -2     -6.227     -2.129     -1.285
 324   -2     22.417      1.489      8.982
 150   -2      2.432      3.633     -8.380
  -1  136    -10.053      8.088      5.532
  -1  683     20.402     10.717      9.708
  -1   -2      3.570    -10.294      0.719
 254  732     23.656     12.542     11.087
  -1  475     23.598     11.944      8.134
 306   -2    -17.765     11.990     12.179
  -1   -2     10.970      5.197     10.741
  -1  922      7.890     -1.339     12.598
 964  388      4.518     13.577      6.261
 458   -2     10.029      7.655      6.739
  -1  376      2.541      1.402     11.048
 261 1261     -5.480     -9.794     11.766
 353   -2     -8.981     -1.953      4.675
 427  616     16.169     -8.450      1.779
 544  212     19.726      3.154      7.337
  -1  236    -17.443     -4.168     11.979
  -1   -2     22.873      1.087     11.397
  -1  326     -7.159     -5.616     12.490
  -1 1310      1.730      4.424      7.091
  -1   -2     22.562      9.559      2.295
1074  558      3.285    -10.377      3.789
 779   37      9.690      4.328      2.699
  -1  227      7.367     14.374      4.374
 958  526    -16.337      0.105      2.619
 883  691     23.110     -5.594     -2.012
 477  456     -5.626     14.344      5.046
  -1   -2     24.469      5.822     12.380
 190   -2     13.191     10.420      6.552
  47  181      5.040     -1.159     12.279
1066   -2     15.409      9.929      8.408
 594  432     17.134     13.532      0.539
 625   -2     22.986    -10.201     10.506
 219   -2     20.102     -1.056     -8.491
  -1   -2      0.443     -9.348     -5.906
  -1  490     -6.718      7.287    -10.591
  -1  113      4.170     11.339     12.396
 674   -2    -14.177     -7.491     11.657
 995  681     20.455     15.773      5.624
  -1   -2     -2.649    -11.974     -4.490
 766   -2      1.019      6.406     11.445
 730   -2      6.236     -1.570      0.680
 811   -2     14.326     12.320     11.562
  -1 1031     -7.996     -0.637     11.188
  -1   -2     16.185      5.931      2.037
 325  510      4.560      2.760     -4.540
 130   -2      0.265     10.597      7.431
 220  306    -15.750    -10.737      8.780
  -1  140      8.115      1.891     11.737
 186  174     12.885     11.551      7.701
  -1   -2    -10.198      0.392      4.191
 632   -2     10.051    -12.950     -0.801
 386  351     21.030     10.128      5.144
  -1   -2     23.504      5.299     -0.831
 768   -2    -17.581      8.348      8.614
  -1   -2    -11.666      8.238      5.546
 430   -2     13.552     -6.481     10.031
 488   -2     -6.210     -0.866      4.588
  -1   -2     15.958     -1.313     -0.732
  -1  514    -19.237     11.168     11.845
 775  315    -15.456     -0.413      3.143
 230   -2     -7.003     -3.542      5.690
  -1  786      3.505     11.757      7.522
  -1  518     19.427     -7.510      4.012
 633  255     13.665     13.458      6.189
  -1  623     25.953     -7.522     10.123
 407  444     20.851     -4.929     -9.453
 334  578      8.379     12.347     -7.358
 743  982    -11.176     -9.391     10.384
 971   -2    -19.042     -0.352     11.320
  -1   -2      5.476     11.663      4.776
  -1  913      7.201     16.676      6.087
1026  123     11.376     13.883      4.071
 879  297      1.556     16.543     11.378
 540  975     26.816      9.406     10.570
 913 1099     20.718      6.054     12.122
1044  126      3.623     11.183      1.716
 192  133    -18.376      4.705     11.955
1095  650    -17.490      7.626     11.931
 578  427      5.862     12.555     11.205
  -1 1105     -6.303     13.596     12.535
  -1   -2      9.852      8.046      4.497
  -1  298      8.703      8.262      4.828
 295  190     16.172    -10.422      6.135
 493  621     12.285     -9.211      7.979
 384  676     26.555      2.718     11.436
 358  163     10.568     13.995      4.703
  -1  504     14.229    -11.329      5.880
1011   -2      5.870     -2.423     -1.899
 532   -2      4.645    -11.964      5.507
 680 1272     10.841      8.402     -6.229
 925  334     -6.111     16.205      9.456
 769   -2     -7.360     11.381      3.822
  -1   -2     22.305     -1.653      1.161
  -1   -2    -19.262     -2.789      9.656
 214   -2     -0.032      9.355      5.836
 329   -2     21.319     -1.641      8.763
 525 1153      4.003      6.619     10.290
 231 1107      0.219      0.127      9.253
 816  430     -9.809     -6.632      5.886
  -1  329     16.427     -2.990      5.398
  -1  948    -15.318      9.506      5.674
  -1   -2     16.148      4.050      8.140
  -1   -2      2.376     11.917      9.392
 453   -2     13.062     -5.451      8.011
  -1   -2    -12.282     -8.100     -3.626
  -1   -2      0.313      8.095    -12.152
  -1   -2     17.949     -1.476     -4.593
 692  845     12.673     10.982     12.342
  -1   -2     21.159      7.361      1.225
1089    5     -3.365     -3.387      6.119
 938 1019      1.463     16.344      6.465
  -1   -2     -3.662     10.568      8.729
 696   -2      0.038     -5.047     11.633
  -1 1260     25.255     -2.200     10.940
  -1   -2      1.846     -1.910      0.016
  -1   -2    -15.415      1.030     -3.318
  -1  109     16.626      7.133      7.877
 685   -2     19.282     -8.613      6.310
 272  210      7.265     14.190      8.940
  -1  480      2.040     -3.930      6.678
 725   -2     20.280     -5.479     10.630
 486  343     -4.584     -4.190     12.476
 102  172    -20.401     -0.545     10.229
 814   -2     24.603      1.493      1.316
 481   -2     21.591     15.267     12.199
 866  800     -2.754     -0.739     12.377
 494   -2      7.814     12.692      2.224
  -1  489     20.122     11.437      6.231
1003   -2      3.618     -7.496      4.438
  -1  173    -20.129      1.847     11.005
 278 1263     14.049      2.204     -0.549
 321   -2      1.940     -5.929     12.370
1117  632     -3.365     -8.479      9.471
  -1   -2      6.319      1.227     -2.730
  13  984     17.205      3.414      6.602
1128   -2      1.964     13.269      5.709
 185   -2      3.937     16.044      2.445
  -1   -2      2.447     -7.546     -2.746
  -1   -2     11.716      3.333     -5.801
  35  381     10.182     11.058     10.720
  -1  394      5.705     -7.365      5.677
 566   -2      2.232     -4.786     -3.799
 942   -2     11.787     -4.578     -1.165
  -1   -2     -9.590     10.193      7.492
  -1  703      2.276     12.243     12.200
 145 1236    -12.799      8.428     -0.377
  -1  492     -5.864     -2.616      6.973
  -1   -2     17.859     -6.170      3.834
 987   -2     -7.145      2.184      5.999
 405  612     15.287     -3.170    -11.319
1105  431     17.197    -15.956      9.761
  -1   -2     22.740      1.804     -4.944
  -1 1038    -18.017     10.968      9.903
1068   -2    -17.525     -0.839      6.521
  84   -2     18.133     -2.682      3.138
1010  363    -11.239      1.726     10.958
  -1   -2      5.890     -9.896     -8.126
 397  803    -12.067     -6.985     12.053
 912  320     -8.857     -5.868     -3.827
 152   -2      6.600     -7.160      2.791
 746  448     19.727    -12.292     -0.289
  -1  401     13.308     -1.820     -0.822
 584  409     -9.452     -6.982      8.829
  -1  606     -7.676     15.649     10.324
  95   -2     -1.988     10.121      9.901
 948  589     -2.707     -5.912      1.060
  -1  325     11.492     11.045     11.486
  -1  449     15.485      4.350      7.122
 462 1015    -17.976      7.551      3.964
 263   -2      4.228     11.787     -9.958
 470  195    -12.633     -0.227     -1.127
  85  673     13.142      4.312      3.217
  -1  747     13.897     11.482      9.242
  -1   -2     15.026     -0.555     -2.652
  -1  727     20.687    -11.896     -7.776
 918   -2      1.858     11.245      4.377
1005  690     14.048     -6.099     10.222
  -1   -2    -11.774     12.104     10.115
 372 1167     -0.870     15.669      6.432
 356   -2    -15.562    -11.203      4.778
 365   -2     17.066     15.211      1.187
1017  584     18.697     11.370      6.227
 904   -2    -14.951      4.527      9.114
 298   -2    -12.601      4.316     -5.354
 662  710     -1.581     15.294      3.295
 839  843    -14.153     -5.353      9.390
 556 1271     17.534    -13.137     10.641
 585  985     -9.792      7.142      1.883
  -1   69     10.166      0.505      4.978
 880  656     25.280      3.153      8.832
1249  561     19.805     15.074     12.187
  -1  494     23.583     -6.032     11.823
 180  819     24.215     -7.876      2.576
  -1  709     14.889     12.233     -7.455
 988   -2    -17.806     -6.639     11.627
 673  211     23.993     -0.604     11.493
1124   -2      9.888     -8.246     -1.215
 136 1251     24.205      8.394     10.317
  -1  180      6.553      0.187     10.237
 267  763      6.615      4.520      1.273
  -1  228     12.851     -8.742      4.266
 463  590    -11.596    -11.566      2.390
  -1   -2      3.111    -11.624      7.144
  -1   -2      5.309      0.026     12.200
  -1   -2     12.123      4.117      0.536
 268   -2     10.743     -2.427     -2.635
1143   -2     21.058      5.298      8.821
  -1  164     12.902     17.262     10.867
1078   -2     24.865     12.042      8.437
 876  331    -16.850      5.369     -5.122
  -1   -2     23.733      6.085     -0.825
  -1  923     -0.879      8.861      4.785
  -1  457      1.645     -8.877      4.320
 747  248     17.121      8.963      7.254
 670   -2     -7.918     -8.650     -1.528
  -1  192     16.411      2.966     12.361
  -1   -2      1.100     10.716     -7.354
1152   -2     23.662    -13.561     12.375
  -1   -2    -14.732      2.731     -8.542
  -1  141      3.507      0.167     12.252
  49   -2     17.257     -3.480     -0.184
 602   -2     13.530     -9.507      9.576
 660   -2     17.258      8.956     -3.324
  -1  168      7.002     -5.814      0.805
  -1   -2     -0.503      2.894      1.267
  40  383     -8.421      7.271      1.106
1181  505     19.553    -17.184     11.555
1009   -2      9.865      2.962      8.836
1111  272      6.387    -10.750      4.554
  -1  704     20.356      2.985      8.511
1260  538     16.236    -10.730     -9.935
 772  545    -11.907     17.589     12.329
  -1 1093     21.874     -3.859     -3.341
  -1  491     17.658     11.051      1.835
 562   45     15.350     -5.382      9.753
 833  960    -11.339      8.349      1.303
  -1   -2     -1.313      0.778      0.620
  -1   -2     -4.204     -7.869     -4.858
 845  307     18.750      2.484      4.174
 326 1035     -2.118     -1.690     10.659
 559   -2     10.241     -1.737      7.802
  29   -2     14.539      4.129      9.815
  -1 1078     24.626     -9.583     11.696
 959   -2      3.684      3.331     -5.552
 937  412     -0.641     -9.491     10.347
  -1   -2     19.484      4.840     10.682
  -1   -2     18.852      5.333     -7.671
  20   -2      2.337      9.660      9.705
 569   -2     17.372     -5.763     -2.871
  -1   -2     22.079      7.977     -3.105
 686   -2     14.628     -2.697      8.858
  61   -2     -1.607      2.753      4.955
 426   -2      0.624     -6.553     -2.730
  -1   -2      3.837     -9.709      6.510
  -1  936    -15.146      3.108     11.029
 528  377     22.274     -5.426      8.649
 354  593     -0.345    -10.573      1.586
 961   -2      3.534      5.442      8.204
 228  344     14.079      1.725      2.326
 318  736     11.624     16.505     11.506
 867 1281     11.641     16.264      8.570
  -1  522    -10.898     -2.747      3.188
  75   -2     11.125     -1.249      4.520
 496  303     22.541      2.614     -3.664
  -1   -2     25.860     -6.488      4.421
 416   -2      6.720     -9.654      3.719
  -1  550     10.963      6.986      7.991
 364  217    -17.749     -2.767      4.782
  -1   -2     -7.388     13.428      4.678
 761  873     24.660      9.768     12.105
  87  104     -0.624      0.117     12.085
  46  204     10.098      3.424     11.620
  -1  465     20.053     -5.846     -0.194
  -1   -2     -4.359     -6.452      1.129
  -1   -2     14.600      2.349     10.044
  -1   -2     19.167      7.910      9.229
  -1 1090      3.685     -7.127      5.737
  -1   -2     13.401      3.020     -8.274
1024   -2     13.268     10.227     -0.670
  88   -2     -5.694     -1.699      8.563
 789  750     -4.069    -14.721     10.268
 371   -2     16.936      1.853      4.595
 194  739     14.985      8.877      6.000
 499   -2     25.074     -5.422     10.713
  -1   -2    -14.840     -6.756      8.308
 240  788    -20.193      5.803      8.569
  -1   -2    -11.885      2.656     -3.770
  -1   -2      6.578     -9.360      7.665
 999 1117      2.618     -9.583      9.272
 654  183      7.464     -2.197     12.424
 468  832     27.340      7.641     10.275
  -1   -2      1.897      5.655      6.191
  -1   -2     -3.321      6.772      2.656
  -1   -2    -15.142     -9.284      6.809
1097  943     -3.123     17.349     12.308
 716   -2     11.573     -0.352      7.878
  -1   -2     22.846     -6.130     -4.266
  -1  186      8.814     -8.505     11.753
 551  724     12.482     -3.077      7.038
 890  900    -19.054     -9.527      8.556
 560   -2     -2.517     -3.299     -5.219
 977 1285      1.261     17.746     11.922
 284 1079     -7.801     14.318      8.280
 804   -2     19.091     16.797      4.456
 664  348      6.482     -7.548      0.989
 529  346     18.866     -6.165      3.717
1016   -2     -6.863    -10.967     -1.777
 978  705     -1.564    -12.588      7.181
  -1  865      2.358     13.330     -0.099
 273   -2    -15.901     12.800      9.582
  -1   -2     23.743      0.100     12.601
 106    2    -14.009      8.297      8.170
 616   -2     13.764     14.299     -1.153
 786  999      1.981     16.172      7.099
 320   -2     -6.640     13.642     11.624
 797  446      1.413     -8.462      7.916
 924  617     17.920     -5.265      4.407
 784  565     -2.847      5.858     -7.281
  -1   -2     -1.471      5.039     10.664
 120   -2     26.190     -3.620     10.928
 635   -2     22.432     -8.787     10.810
 391   47      9.409      2.754     -7.246
1020   -2     19.992     14.371     -3.300
 884 1195     -3.689    -10.057     -9.330
 472   -2     25.302     -1.249     10.936
  -1  585     24.280      1.529      4.246
1051  544      1.338    -11.658     -5.706
  -1   -2     -4.092     17.027      8.377
 627  354    -10.259     12.649     -1.855
  -1   -2     20.312      7.437     -2.732
 607  685     22.578     13.862      1.535
 682  135     27.410     -6.750     10.569
  -1 1080     -1.826      8.031     11.225
 466   -2     11.082      3.158     11.828
1285  488    -11.522     -4.173     -7.982
 651   -2     -1.803      0.016      8.775
 728   12      4.682     -3.709      4.823
   8 1201     15.257     10.182      2.256
  -1   -2     20.388     -3.887     -4.075
1178  468     23.417    -15.697     11.947
  -1   -2    -14.525      5.467    -11.816
 441  734     18.432     -8.666      9.949
  -1 1191     22.300     11.650     12.001
 617  645    -11.254    -13.066      5.493
  -1   -2     11.585      0.517     -3.681
 554   -2     -4.978      7.163     -3.256
 522   -2     -8.579     -3.841     11.365
 844   -2      2.855      7.097      4.492
 896   -2      3.022      3.423      8.405
  -1  663      7.684    -17.105      4.452
1258  554     15.465     17.572     10.654
  50  555      5.281     -3.867      0.739
 536  625     22.630      0.104      6.365
  -1  582    -17.364     -6.439      3.804
 601   -2     16.383    -13.471      5.105
  -1  655      9.100    -11.224      7.630
 803  423     -6.140     17.753     10.480
1291   -2    -17.687      4.292      8.441
 480   -2     14.314      9.863     11.963
  -1   -2     -4.755     14.174      6.441
 270   -2     19.858      9.840      4.444
 550 1092     -8.510    -13.180      5.663
  -1   -2      5.563     -2.998     -7.325
  -1  176      8.739      5.603     12.127
 308 1209     18.678     15.096      7.249
  -1   -2    -16.230      3.960     -8.561
 647   -2     22.333      1.959      0.884
  -1  415     -0.404      6.082     -9.694
1259   -2     13.645      6.233      4.398
  -1   -2     16.044     13.597      3.685
 688   -2     -0.005     16.189     11.979
  -1   -2      4.277     13.901      8.513
 229  772      6.611     12.786     -1.880
  -1  265     -3.512     -3.443      1.605
1083   -2     22.824     15.167      7.343
  -1  421     18.027      7.082     -4.909
1065  701     14.644     17.324      5.914
 888  840     22.922    -12.909      2.470
 401  512     -2.241      0.369      5.769
  -1  624      5.862    -11.329     -3.300
  -1   -2     22.728     15.019     -0.462
 395  428     -5.540     -9.525     -3.334
  -1 1020    -16.487     -0.473     -5.251
1256  144      2.473     -1.284      7.074
  -1   -2     -4.599     -9.387     -1.529
  -1   -2     20.275     10.787     -1.224
1254  735    -11.634    -10.865      6.738
 314   -2     20.256     -1.747      6.467
 923   -2      2.036      2.212     10.664
 993  889     11.263      6.695     10.262
 440 1200     20.185      0.458     11.131
  -1   -2     16.016     -9.124     -4.026
  -1   -2     25.169      1.172      3.335
  -1   -2     -5.421      5.853     -3.079
  -1  493      8.136     10.693     -0.879
 957  980      5.720     -9.451      4.602
1035  299     22.651      5.116     11.791
 992  420    -13.328     -7.627     -1.747
 196   -2      6.913     12.511      1.048
1133  713     -2.883     -5.181     12.043
 246  302     11.415     -5.128      8.960
 283   -2    -17.679     10.790     10.510
  -1 1176     -4.874      6.532      8.837
1164   -2    -11.358    -11.004     -0.661
 934   -2     -1.050     13.586     11.315
 677  587     -0.712     -1.165      5.776
1046   -2     23.177     -8.849     11.643
  -1  319      0.880     -0.080      2.435
1240   -2    -16.055     -7.764     10.400
  -1  675     -6.894     -5.869      0.139
 546   -2      9.274     -1.221      5.860
  -1   -2     15.440     -4.790      1.154
 389  770      8.529     15.111     10.646
  -1   -2     -3.781    -16.140      2.327
 568  977     13.818      5.413      5.762
  -1   -2     -9.820    -14.646      3.055
 581  592    -14.166     -4.905     -5.504
 721  729    -12.830     -9.786     11.872
 247  406      6.048      2.325     10.701
 807   -2      6.473     -9.985      9.252
  24   -2      3.633     -3.541     11.235
 233   -2      8.360     -0.969      2.006
  -1  741     20.948     16.317      3.560
 763 1037     19.174     13.197      8.636
  -1   -2    -13.842     -1.107    -12.025
  -1  417     13.785     -6.934     12.217
 830   -2      3.667      9.055      9.019
1131   -2     -4.291     -7.453     10.521
 296   56     21.427     -0.555      0.834
1147  378     16.069     -3.614      8.952
 740  768     -1.383     -6.781      1.613
  -1   -2      5.469    -15.310     11.677
  -1   -2     19.432      7.249      6.193
1121  773      7.591     -1.912     -2.033
  -1   -2     15.265    -15.966      4.032
1220  546     -4.231     14.975      5.105
  -1   -2      0.088     13.876     -2.511
 649  316     22.905     14.522     11.020
  -1  189      2.879     -4.663     -9.814
  -1   -2      7.375     -8.304      9.439
1234  231     -5.715     -3.986     -0.294
  -1   -2     -4.012     -6.986      6.887
  -1  442      0.909     -6.049     -1.967
 618   -2     13.165     16.535      8.030
 377   -2     14.238      3.417     10.738
 504  562      0.692    -10.635      5.603
  -1  599      3.505    -12.541      9.728
 210   -2     15.043      4.360     -9.987
1057   -2     -7.436     15.790      5.590
  -1  259      2.384     -8.788     -1.534
  -1  824     -9.064    -10.565     10.554
  -1  607     14.583     11.041     11.644
 500  695     14.904    -10.547      8.809
 678   -2     15.216      1.660      4.730
1080   -2     23.983     15.906      3.636
 535  716     -7.998    -13.693     -1.135
 758   -2    -18.866     13.445      7.334
 100  892    -11.168      0.829     -1.243
 755  502    -14.451      7.634     -4.710
  -1   -2      8.960     14.602     -1.931
 903  229     -2.315      7.962      7.028
1064  215     22.336      7.298      3.843
 495 1032     16.722     12.439     11.771
 608   -2     17.373      2.897    -10.849
 445   -2     24.357      7.226      8.761
 837   -2     22.103      8.953     -1.442
 360  885     -5.238     11.693    -10.120
 990 1100      3.833    -15.053     -4.425
 533   -2     14.443     -2.668     -2.720
1122   -2     11.708     -9.042      9.672
 655   -2    -15.674      3.537     -2.936
  -1  230      9.394     15.246      7.368
  -1   30     21.402     -8.284      4.884
 886 1208     -4.953     -4.803      5.014
 659   -2     22.048     -3.142      8.591
 640  197     11.822    -11.900      5.179
 238 1161      2.323     -0.060      9.670
 165  313     15.600     -6.792     -1.541
1245   -2     -5.479    -10.685     11.537
  -1   -2     -2.752      6.650     -3.779
 739 1273     16.269     15.815      7.734
 359  416     -1.260     -5.291     -6.587
 836  425     19.349     11.400      5.445
 218   -2     16.951     -9.643      2.232
 981   -2      5.870    -12.716      7.511
  -1   -2     15.222      6.426     -9.892
  -1   -2     15.786     10.524     11.477
  -1   -2     10.004     -5.420     -6.616
 920  644     24.911     14.924     11.202
 573  256     19.441      4.757     -4.664
1059  859    -19.513    -12.238     11.078
 131  483     16.410     -2.249     -3.522
  -1   -2      9.410    -12.372      6.373
  -1   -2    -12.202     12.162     -6.311
 770 1199    -16.008     12.742     12.586
  -1  796    -18.157     13.470      5.875
 443   -2    -11.463     11.277      3.887
  -1   -2     24.884      9.013     -0.044
  -1   -2     -1.537      2.518      1.877
 134   -2     -9.094      5.204      5.734
 158   -2      3.969      4.373     10.248
  -1  559      5.237     -5.340     -3.018
 752  513     26.428     -1.424      8.818
  -1  356     -8.187      4.905     11.499
  -1  323     -9.329      5.996      0.844
  -1  884      3.933      5.774      5.239
  -1   -2    -13.711     -6.300     -9.813
 782   -2    -13.725     15.219     12.490
 894  790    -16.292     12.116     12.664
 555  595     -3.361     -8.696      3.408
 603   -2    -10.405     12.389     10.588
 847 1332    -12.200     14.446     11.865
  -1   -2     24.656      7.250      0.001
  52  708     -7.870      5.249      0.142
 976  851     -1.212     12.574     12.091
  67   -2      4.843      9.205      6.957
 915   -2      4.281      2.942      6.044
  -1  179      1.316      7.176     11.802
  -1  842     -1.964     14.685     11.395
1115  349     -4.255    -11.282     -3.447
  -1   -2    -13.398     14.939      9.112
  -1   -2     28.096    -14.792      6.532
 605  422    -18.655      6.446     10.945
  -1  684      8.452     10.304     10.645
  -1  473     -2.707     17.926      9.606
  -1  219    -12.214     13.267      2.635
  -1  667      6.495      5.848      9.122
   0   -2    -10.999      3.568     10.855
 161  314      1.817      3.802    -10.383
  -1   -2    -16.972     -0.455     10.328
 828 1021     -4.523     13.851     10.003
  -1   -2    -11.810     10.888     -0.980
  -1  921     -4.721     19.493      9.724
  -1   -2      9.394     12.369     12.565
  -1 1144     22.454     -8.528      1.762
 984   -2      1.956     10.806      7.140
 777   -2    -12.443      1.631      8.048
  -1   -2    -13.764      3.677     10.882
  -1   -2     -2.404     11.344    -12.423
  -1   -2    -10.259     -8.327      1.006
  -1 1110     -4.366      2.042     -0.205
  -1  243     -2.625      1.723     -0.991
 146  858    -15.698     14.455      7.212
1226   -2    -14.479      0.505      9.673
1022 1135     28.488      3.820      8.548
 859   -2    -11.100     16.557     11.919
 735   -2     11.635     -6.788     11.142
  -1 1175      1.898     14.165      7.961
 226  811    -12.209     -3.541      3.739
1135   -2    -12.242     10.228      9.604
  -1  677     20.052    -16.726      6.450
 151  479     25.781     -5.505      8.954
1108   -2      0.391      8.307      5.317
  -1   -2     -5.706      2.785     10.074
  -1   -2    -18.304     -0.767     12.740
  -1  807    -17.894      3.170     10.037
 507 1270     16.700      6.475     10.877
 178  870    -13.221     -1.128      4.551
  -1  386      9.046      7.923     10.924
  10  119    -10.634      5.116      3.974
  57  404     -3.807     -0.995      5.208
  -1   -2    -17.605     13.477     12.055
  -1   -2    -12.063     -2.043     12.734
  -1   -2     14.519     -1.719    -12.617
  -1   -2      4.476     14.870     -3.046
  -1  967     18.378    -12.764      6.950
 963   -2     21.346    -12.846     10.151
 592   -2    -12.425     12.734      3.616
 644  411     -9.892     -7.134     12.025
 717  906      5.301    -12.709      2.044
 519   -2    -15.493     -3.440     -9.819
  -1   -2    -12.499     13.099     12.279
 973  399     26.353     -5.748     12.216
 347   -2     -8.858      2.153     11.951
  -1   -2    -15.248      4.396      5.293
  -1 1040     -2.709      4.028     11.552
 557   -2     25.540     12.587     12.422
 791 1275      1.219     16.985      0.910
 943  991    -12.040    -18.791      5.645
  -1   -2     -6.585    -14.005     -7.038
  -1   -2    -16.657     13.966      0.809
  -1  182     19.921      7.934     12.688
  -1   -2     25.977     -9.685      1.860
  -1   -2     -5.713     -0.640     -6.624
 447   22     12.216      3.164      9.730
 953   -2     -2.605     14.805      9.400
 579   -2      5.130    -15.625      4.398
  -1   -2    -20.086     -2.561      4.564
 722  143      5.214      5.170      7.673
 950  719    -14.861     -0.966      3.445
  -1   -2     -4.323     14.004      8.235
 965  847     12.200    -16.031     -0.043
  -1   -2     -1.891      6.950      6.055
 344  476     20.515     -7.172     -4.416
 508 1056    -10.880      1.527      7.006
 794  336     -7.754     11.603      8.676
 615  912    -19.044      8.660     10.470
  -1  935    -14.757     12.666      9.162
  -1   -2     19.209    -16.989      7.236
 412   -2     -8.808      8.117     -3.114
  -1   -2      3.816      2.114     -5.250
 842 1279     -0.370    -14.178     -6.977
  -1   -2     19.763     16.785      2.253
  -1  987     25.983    -14.384     11.077
  -1  715     24.065     16.802      7.968
 832  915    -21.254     -2.987      9.398
  -1  464      4.384     -0.693     11.789
  -1 1136     18.882     -2.346      7.275
  -1   -2    -15.580     13.274      6.429
1062  762     -7.989     -6.496     12.069
  -1  194    -13.734     13.382     10.233
 380   -2    -19.424      6.059     11.538
  -1  914      3.471     18.589      9.249
 169   -2    -20.880     -0.214     11.717
1110   -2     21.973    -12.401      7.727
  -1  185      7.667      8.484      5.950
  -1   -2      7.225      7.262     -6.748
 244   -2    -14.008     11.838      8.935
  -1   -2      9.883      6.669      0.318
  -1   -2     12.432     14.080     11.427
 337  717     17.038      4.069     -0.125
 133   -2      2.018     14.972     10.505
  -1   -2      3.278      6.135     -2.467
 975  841     28.872      6.064     11.692
  -1 1094     18.433     -9.873      9.304
  -1  540     -8.352     -3.348      6.623
1084 1046     -4.396     -9.146     -7.211
  -1  102     21.747     -5.458      3.494
  -1  693     -8.661     14.858      9.385
  -1   -2    -10.437     -0.059     -0.516
 572   -2     13.986      6.964      1.364
  -1   -2     -7.785      8.809      6.786
  -1   -2    -17.045     -6.516      7.169
  -1   -2    -14.589      0.494    -11.600
  -1   -2     20.829     -0.956      9.599
 878   -2     -7.338    -11.311      5.520
  -1  854    -16.715     -5.415     -9.713
 776  844    -20.972     -2.040      9.540
  -1   98    -13.906      2.829     10.183
  -1   84     13.597      1.357     10.152
1193   -2     20.579    -17.330      5.579
  -1   -2     10.536     -0.626     -4.316
  -1   -2      2.465     10.797      6.778
  -1  867    -16.237      8.175     -7.525
  -1  946     -1.343    -16.358      5.301
  -1  688     13.694     -5.323      0.507
  -1  466     -1.743     13.313      5.106
 931 1284     -5.337     -5.621    -10.850
  -1   -2      2.926      9.188      1.048
 901  954    -11.593     16.128     -4.432
 285  882     -4.124      8.564      8.435
  -1   -2     10.793      3.518    -10.393
  -1 1030      0.422      8.188      6.644
  -1  694    -12.312     -8.502      4.259
 972   -2     -6.324    -16.534     12.620
  -1  147     20.408     14.703      7.980
  -1  849    -16.104     17.747     11.011
  -1   -2     -9.966     -2.198     -0.225
  -1  810    -14.602     15.102      8.177
  -1   -2     10.669      2.955      0.716
  -1 1043     23.675      1.537      5.020
  -1  905      8.648     14.327     12.100
 305  402      5.313      5.230      0.732
  -1  945     -2.830    -11.972      7.261
 908  638    -18.694     -6.991     12.069
 589  108     10.314     -8.008      4.818
  -1  317     -0.064      7.758      9.064
  -1   -2    -13.648     11.100     -3.032
  -1  335    -18.821     10.402     11.948
 490  407    -16.142      1.521     12.146
1195   -2    -13.071    -19.695      9.460
 914  482     22.683     10.910      9.573
  -1   -2    -18.827      7.163      9.432
 854  551    -18.080      8.827     11.357
 526   -2    -17.488     -9.955      1.187
  -1   -2      8.275     17.827     11.262
1308   -2    -15.669     15.638      9.717
  -1 1188      4.858     15.480      8.369
  -1   -2    -21.064     -6.476      6.044
 940   -2    -14.162    -12.954     12.087
1060   -2      5.141    -15.727      0.562
  -1   -2     -1.874     11.224    -12.189
 629   -2     12.050      4.458     11.893
 753 1139     -2.023     -5.730      8.840
1200  633     13.202    -18.861      8.087
1092   -2     21.556     15.556      7.740
  -1  277     -0.431      4.886      6.622
  -1  751     12.413     -6.965      2.580
  -1   -2     -6.135      6.194     10.773
  -1   -2    -19.444      3.487      5.095
  -1   -2      8.090    -11.098     -4.221
1172   -2    -19.081    -15.855     10.710
  90   -2      4.335      1.384     12.324
 301  567     10.405     -4.310      8.246
  -1   -2    -14.610     -9.508      8.969
 982   -2     -6.021      1.432     10.461
  -1 1027      2.027    -15.202     -3.790
1137   -2     -3.787     11.738     11.957
  -1   -2      7.252     -0.252      6.287
1171 1034     25.099    -17.389     10.757
  -1  382     -2.401     19.296     12.088
  -1  737     -2.894    -16.000      1.586
  -1   -2     18.737    -17.303      4.520
 895 1282     -9.630    -14.672     -2.305
 614  995     -6.535    -10.029     11.836
  -1   -2     -3.481     -0.055      6.715
  -1  937     -3.106     14.099      5.943
1043   -2     17.769    -20.602      4.393
  -1  294    -16.682     13.221      1.503
1094  753     12.997     10.531      9.414
  -1  733    -14.917    -11.246      2.147
  -1   -2      2.803    -12.507     -6.269
  -1  839     28.930      6.004      9.092
  -1   -2     -2.991     -0.670      4.955
 626 1182     21.232      5.984     10.877
  -1  572    -14.162     -6.369      8.657
  -1  818    -19.085     -1.772     12.341
 516 1023     11.822     10.485     -3.222
 861   64     -8.660      6.975     -2.894
  -1   -2     26.406      5.251      8.882
 483  276      0.879     -2.149      8.919
  -1   -2     -8.736      8.001     -1.987
 200 1066    -16.820     -5.503      9.836
  -1  387     21.608      2.950      9.447
1058  610    -19.234     -8.851      2.371
  -1  221      3.979     12.982      7.173
  -1  649     10.774     -8.130     10.553
  -1 1249     28.184     -5.710     12.325
  -1   -2    -17.876    -10.620     -1.057
1196  846     11.880    -18.725      5.538
  -1  898      2.061      6.105     10.249
1045   -2    -13.720    -17.495      4.670
 695   -2     18.316     16.426      8.201
 708  711     -4.585     13.378      3.605
 621 1068      1.610    -13.898      1.774
  -1  881      2.070      9.205      4.151
 373   -2     15.673      6.566      7.443
  -1  122      3.211      0.546    -12.156
  -1  687    -11.992    -13.837      1.522
  -1   -2     28.223      0.822      8.016
 952   -2     23.596      5.199      6.061
  -1   -2     12.706     12.712     11.270
1142 1018      5.052    -14.568      8.571
 979  560     22.521    -11.137      2.391
  -1   -2      2.727     11.469      2.148
  -1 1171     19.647      5.132      8.551
  -1   -2     14.508     -7.968      2.449
  -1   -2     -0.683     17.662     11.063
 598   -2     25.877     -5.242      4.393
  -1  443      6.695      3.348      5.431
  -1  911     22.888    -16.970      9.436
 563   -2     12.610     -2.677     11.155
  -1   -2     11.972     -1.545     -9.552
 916  682     20.194    -11.712      5.223
1109  424      3.873     11.635      8.259
  -1  990     -2.125     -9.361      1.976
1099  766     10.984    -15.083     -1.016
  -1   -2      7.392      8.810      6.610
  -1   -2     -3.140     19.037     10.186
1073   -2     -9.937     -8.828     11.762
1158  899     -3.210     15.421     12.310
1004  626     23.450     -0.500      3.167
  -1  450     18.243      9.145      1.930
 653  552      9.893      1.407     11.057
  -1  930     20.475      6.592      2.980
  -1  525      2.575     13.141      2.194
  -1 1196    -16.553     -8.716    -12.158
 756   -2     12.968    -10.131     -1.566
1129  445      8.664     11.144      8.096
  -1  517      7.394     11.561     10.065
 764  658    -11.617     -4.813      8.533
  -1   -2     16.467      4.313     -2.807
  -1  689      7.903     10.559      7.335
  -1 1207     10.133    -16.394     11.444
  -1   -2      9.728      6.213     -0.258
  -1   -2     18.236     -4.634      8.774
 882  613     16.503     -5.255      4.540
  -1   -2     11.406     -2.734     -4.340
  -1 1217     13.029    -15.712     11.550
  -1   -2      7.959     -8.353     -9.307
  -1  876     20.378     10.808     11.419
1277   -2    -12.485     10.370      7.207
 111  435    -16.780     -2.234     10.215
  -1 1097     21.722    -11.795     10.497
  -1  566     -1.201      2.731     10.314
 154   -2     14.784     -1.914      0.736
 448  886      9.129      3.111      7.358
  -1   -2     14.413      4.671     -4.598
  -1  506     -5.450     16.274     10.892
  37   -2     -6.754     -2.554     -9.186
 291   -2     16.347     -1.065      9.775
 335  437      8.646     11.590     12.231
  -1   -2     -0.341     -1.239      2.789
  -1  972     -2.851    -16.845     11.027
  -1   -2    -17.786     11.783     -4.921
  -1   -2      0.102    -11.818     -2.806
  -1  874     16.238    -17.704      8.475
  -1   -2     11.399     13.411     10.888
 898   -2     -2.892    -13.445     -0.549
 713   -2     23.118      0.988     12.477
1224  384     25.081     -9.035      9.035
1191  461     23.514    -18.498      9.585
1123  697      5.928    -11.127      8.402
1014   -2    -17.577    -15.963     12.130
  -1  270     -2.221      0.872      4.297
  -1  469      9.104      3.759      8.079
  -1 1229     24.021     19.164     10.892
  -1   62      0.782     -2.028      6.032
 810   -2     24.175     15.738      9.336
 771   -2     16.038    -13.461      2.386
 690  602     -5.199    -12.490      8.264
 619  978     10.378      6.886     12.079
 798  775     27.152      6.083      4.803
  -1   -2     18.655      5.789    -12.215
  -1  767     -0.981     -8.806      7.211
1242   -2     -3.727      0.892     10.593
  -1  630      3.641     14.922     12.351
  -1  872     16.363     -0.258     11.809
  -1   -2     14.449     12.951      1.915
 860 1318    -11.144     -0.967     11.472
  -1 1173     10.481    -10.784     12.026
  -1   -2    -14.079      2.737     12.220
 422  474     -4.020     16.438      6.934
1091 1061     -0.670      5.844     -4.735
  -1  754     29.190     10.716      9.839
 630   -2     25.049      1.230      7.107
  -1   -2     10.274     12.143     10.377
 464   -2     -7.355    -13.717     11.243
  -1   -2     -5.525     12.500      8.891
 799  279     28.085      8.317     10.522
  -1   -2     21.122     16.795      1.095
 379 1165     -3.030      6.986      4.751
  -1   -2     10.567    -15.797      1.018
 726   -2     24.154    -12.525     11.509
  -1   -2     22.442      1.850     11.938
 870 1096    -16.773     10.383     -8.059
  -1   -2     -4.438      2.766      2.061
  -1   -2     13.003     -1.630      8.533
  -1  721     -5.933     -7.158     11.654
  -1  224     23.675      4.516     -3.694
  -1  891     24.968    -10.551     10.594
  69   -2     10.852     -9.722      2.648
  -1  680      2.578      3.065     11.420
 734  769     20.536      1.347     11.256
 805   -2      0.868     14.872      8.011
  -1   -2     23.381     11.741     -5.754
  -1 1085     -3.563     -1.412      4.222
 838   -2     13.709     15.097     10.564
1222   -2     12.333     -7.203     -4.467
  -1   -2     19.582     15.208      1.373
  -1 1088    -16.849    -17.425      3.205
1077 1125    -14.048    -10.529      1.437
1184   -2    -17.237    -12.830      8.394
 998   -2      5.853    -16.409      7.784
  -1  777     20.395     -7.743     11.488
  -1   -2     16.554     -5.799      8.177
 593  413     -3.208      7.061      7.688
  -1  390     13.104      2.659     -2.527
 514  826    -17.370    -10.812     10.811
  -1  374     21.952     -2.879     10.145
 849  926    -16.044     18.082      1.876
  -1   -2    -15.341      8.178    -12.231
  -1   -2     -8.932      5.322      3.686
1113  620     14.903     17.092      8.416
  -1  817    -15.840     18.970     10.320
1139 1287     -4.131      4.561      9.277
1145   -2    -10.269     -9.298      2.707
  -1  730      4.144      8.095     11.545
  81   -2      9.358      8.399      2.963
  -1 1060     17.803     16.660      5.076
  -1  641     25.538      5.325      6.874
  -1  438     15.916     15.513      3.532
  -1  938    -10.568    -16.920      8.758
1103   -2    -12.008    -15.099     10.349
 715  910    -18.492     11.716      9.437
  -1   -2      2.726     11.271     12.156
1189  453    -21.780     -8.965     11.613
  -1  664      9.804     -5.654      3.727
  -1  100     22.071     11.092      9.334
 905  908      4.760     10.174      9.232
  93  216      4.100     -1.962     10.752
 820   -2      9.326     12.918     12.280
 711   -2     13.360    -11.096      6.304
  -1   -2      1.629    -12.910     12.196
 892  795    -15.407     14.922     12.660
 792  368      0.054     15.973      9.659
  -1  668    -11.921    -11.072     11.231
 945  440    -17.675    -12.451      5.710
1199   -2      8.287    -19.639      9.589
  -1   -2      7.903     -4.524      8.947
  -1   -2     27.608     -4.384     11.507
  -1  743     -0.541      0.424     -9.656
 142  863     10.356      5.663      6.343
  -1   -2      4.043    -11.617      9.225
  -1  603     20.209     -4.956     11.620
 588   -2    -11.396     -9.977     -0.216
1040   -2     11.389      6.044      0.973
1087   -2     17.621     -8.450      5.582
  -1   -2     -7.221     19.676     11.499
  -1  531     23.341      7.704      8.487
  -1   -2      6.363     -0.661    -11.337
 840  515     25.160     -0.099      9.160
1264  350     16.801      9.589      9.648
  -1   80    -12.062     12.636     10.760
  -1  184      6.719     11.034      9.133
  -1  815      8.398     15.703     11.924
  -1  271     -1.766     -5.704      0.391
  -1 1106      7.723      7.410      9.026
 969 1017     -7.793    -16.069     10.781
  -1  207      2.218    -11.227      2.161
  -1  463     15.795     14.133      9.165
1130 1042     -5.539    -12.457      6.306
  -1   -2     24.965     15.341      8.482
 250  251     24.085     -2.249     10.721
  -1   -2     -1.668    -12.345     -4.444
  -1   -2    -14.545     -4.860     -4.974
 225   -2     17.426      7.179     -8.212
1050   -2     24.568    -14.320     10.206
  -1  949     22.839    -10.541      8.333
  -1 1219     24.180     23.558      6.090
  -1   -2     27.533    -16.562     11.964
  -1   -2     10.128    -19.311     10.241
1169 1011    -21.087    -14.435     10.770
1186   -2     14.679    -23.711     11.451
  -1   -2    -17.450    -19.658      9.329
  -1 1220    -26.895    -10.432     10.766
  -1   -2    -11.127    -20.697     -2.999
1176 1225     25.732    -17.961     12.556
  -1 1186      7.403    -22.008     11.273
  -1   -2     11.366    -17.279      9.906
  -1 1218     15.861    -22.206      2.949
  -1   -2      9.103    -24.649     10.618
1168   -2     -7.157    -19.814      8.236
  -1   -2     -0.088    -23.039     10.452
1182   -2     16.964    -20.898      9.050
  -1   -2     -7.080    -22.887     -3.943
1179 1231      0.594    -23.103      5.238
  -1 1102    -24.978    -13.971      8.892
  -1  755    -15.628    -16.777      8.798
1075  897     24.290     17.226     12.707
1180 1227     19.692     24.052     12.446
  -1 1148      3.726    -19.869      4.449
  -1  880     16.163    -22.769     11.517
  -1   -2    -25.303    -10.256     11.064
  -1 1230     27.326    -22.662     10.024
  -1 1122     -9.452    -18.978     11.561
  -1   -2     29.421    -25.328     11.396
  -1   -2     -8.485    -23.883      1.090
 419   17      3.618      2.389      3.373
  -1    4     13.062     -8.917     11.681
   2   -2     12.849     -8.847     11.558
  -1    6     -3.354      0.989      6.535
  -1 1274    -11.239     13.852     11.095
  -1 1237     23.043     -3.440     11.146
  -1   -2     16.274      0.494      5.763
  -1   -2     16.240      0.448      5.677
1212 1289     16.469      3.559     -8.058
  77   -2     18.834     -6.237     10.668
  -1   -2    -10.527     -2.116     11.895
 596   -2    -16.176      6.427      2.540
 216   -2      8.817     11.635     10.006
  -1   -2      1.268     -4.265     11.996
1280   -2     16.784      0.797      9.151
  73 1334     -9.463     -3.034     11.354
  -1   -2     15.200      3.224    -10.457
  -1   -2      2.585     -4.316     11.913
  -1  718      7.076     -7.709      8.411
  -1 1290    -14.801     -1.783      5.741
 123 1077     -1.700     13.241      7.439
 433   -2     -7.818     -6.489      9.833
  -1   -2     -3.876     -0.439      9.435
 846   33    -16.644      1.072     10.989
 541   -2     19.432     -7.488      3.937
 436   -2      9.718      2.948      6.206
 338 1303     23.521      5.426     -0.631
 502 1269      1.613     -9.788      8.115
 264 1025      6.013     -8.453      9.529
1288  485     18.814     16.695      4.031
  -1  523     -2.795      5.897     -7.768
  -1  963     24.217     -0.749     11.283
1255 1000     18.529     -9.914      8.980
 374  359      7.006     -8.575      1.664
 665  893      8.487     14.055      9.086
1032   -2     -9.034    -10.579     10.189
 245 1022     24.652     10.970      4.900
  -1  520    -15.391     -4.583      7.609
 850   -2     -3.756     15.884      3.492
 471   -2     12.718     -2.206     -7.584
  82  169     14.178     -3.077      4.392
 345  263     16.705      7.251      7.706
  -1 1065    -13.247     13.867      7.967
 909 1259    -13.364     13.991      8.525
  -1   -2    -11.056    -11.010      3.508
 452   -2     19.456      6.638     -1.121
 457   93     -7.170     -0.813      2.730
 450  290      6.347     10.045      5.759
 910  322      7.872    -13.733      1.715
1273   -2     -3.406      1.024      6.687
  -1   -2    -11.239     13.852     11.095
  -1   -2    -10.514     -2.173     11.940
1284  749     19.422      5.072      2.608
  -1   -2     12.974     11.293     11.050
  -1 1307     15.609      2.473     -1.740
1243  771     23.759     -2.814      9.283
  -1   -2      5.682     -2.576     -1.390
  -1   -2    -11.239     13.852     11.095
  -1   -2    -10.514     -2.173     11.940
1279  310     18.688      3.017      7.995
  -1  821    -14.316     10.672      6.394
  -1   -2     16.274      0.494      5.763
  -1   -2      6.925     -3.580     -7.975
1286 1302      6.885     -3.540     -7.914
  -1   -2    -11.239     13.852     11.095
1282 1280    -10.514     -2.173     11.940
1303  152      1.756      4.205      7.168
1307 1314     12.974     11.293     11.050
1298   -2     15.609      2.473     -1.740
  -1   -2    -11.239     13.852     11.095
  -1 1311     24.126      2.723      1.351
  -1   -2    -11.239     13.852     11.095
1281 1299     16.274      0.494      5.763
  -1   -2    -11.239     13.852     11.095
  -1   -2    -11.239     13.852     11.095
  -1   -2    -11.239     13.852     11.095
  -1   -2    -11.239     13.852     11.095
  -1   -2    -11.239     13.852     11.095
  -1   -2    -11.239     13.852     11.095
  -1   -2    -11.239     13.852     11.095
  -1   -2    -11.239     13.852     11.095
  -1   -2    -11.239     13.852     11.095
  -1   -2    -11.239     13.852     11.095
  -1   -2    -11.239     13.852     11.095
  -1   -2    -11.239     13.852     11.095
  -1   -2    -11.239     13.852     11.095
  -1   -2    -11.239     13.852     11.095
  -1   -2    -11.239     13.852     11.095
  -1   -2    -11.239     13.852     11.095
  -1   -2    -11.239     13.852     11.095
  -1   -2    -11.239     13.852     11.095
  -1   -2    -11.239     13.852     11.095
  -1   -2    -11.239     13.852     11.095
  -1   -2    -11.239     13.852     11.095
  -1   -2    -11.239     13.852     11.095
  -1   -2    -11.239     13.852     11.095
  -1   -2    -11.239     13.852     11.095
  -1   -2    -11.239     13.852     11.095
  -1   -2    -11.239     13.852     11.095
1330   -2    -11.239     13.852     11.095
1257  961     -4.965      7.453     10.552
