1319
   0  172    -11.141      4.482     12.150
  -1   -2      4.433     -4.928     -2.150
1246 1301      0.711     -0.462     11.707
  -1   -2     12.928     -8.872     11.811
  -1    7    -10.933      7.526     10.071
 150 1342     12.587      0.166      2.545
  -1    6      4.863     -6.199     12.513
 166   -2      7.238      4.702      4.623
 264  521     -1.342     12.477      6.222
 476  110     16.436      3.644     -7.988
 802  961     -5.895      1.766      5.006
  -1    8     18.236      8.973      9.127
1245   -2     25.204    -15.051      7.029
 757   -2      8.999      9.416     -0.119
  -1   -2     18.525      5.183      1.963
  -1   -2     15.878      1.825     10.376
  -1   -2    -11.899      5.158      4.511
  -1   92    -14.768     -2.023      5.377
  -1  357      4.118      7.229     -0.082
  -1  844      5.730     -0.132     10.292
1192  142     18.959     -6.309     10.402
  -1  486     -0.873     -9.040     10.049
  -1   67    -11.272     13.892     11.125
  -1   -2    -14.888      9.835     11.383
1262   -2    -14.242     10.574      6.604
 133   -2     17.123      3.100     -3.423
 887   -2    -15.962     14.858      5.938
  -1  655     -2.157     14.897      7.549
 927  646     -5.764      7.619      9.288
1266   -2     -8.090     -1.228      5.300
 600  932     -1.515      4.136      3.410
  98   37    -10.247     -2.192      7.124
 737  656     24.101      5.510      4.211
 346  730     11.329      7.633      3.518
  13 1240     13.595     -6.521     11.065
  -1  170    -11.758      8.850     11.467
  -1  127     14.334     -2.873     -5.292
  -1   35    -13.756      7.250      3.106
  -1   18     -4.389     -0.826      2.063
  -1 1330     -7.085      7.739      2.502
  -1  474     -3.281      1.017      6.493
 174   -2    -15.694      1.296      9.357
  76   -2     -5.716     -0.656      4.392
 832   -2     -4.095      7.970      0.616
  -1   -2     -1.578      0.416      1.866
1188  584     16.682     -8.814      7.525
 946   25     -1.737      6.300      0.567
  -1   -2     15.488     -6.609      0.263
1282   80      9.719      4.364     11.310
 521   33      5.687      0.582     -4.687
  -1   41     15.027      3.923     10.749
1199   -2     13.978     17.001      8.491
  61   76     22.755      2.540     11.678
 696  872     20.761      7.691      1.781
1056 1289     15.216     -0.549     -1.818
1308   -2     -4.792     -1.558      7.556
1111 1296     23.482      4.989      8.432
  57 1245     -9.588     -2.944     11.507
  -1   -2     -8.171     -1.654     -0.644
 227   -2     -6.310      5.018     -6.090
  -1   71     13.992      4.139      3.690
  -1  112     22.968      3.278      6.454
  -1  173    -11.347     -0.530      8.341
  84  856     -5.340     12.111      8.778
 187   -2     13.690     -2.317      1.081
  73 1251      6.997      4.651      7.794
  -1   -2     12.766     13.073     -6.718
 558  679     16.149     14.344     10.459
1069  524     12.267      9.148      9.472
 671  729      5.161      8.989      8.875
  35   -2     11.947     11.438      8.836
 100  148      9.698      2.626      6.829
  -1 1144      3.511      2.457      3.899
  -1   -2     17.095      6.335    -12.498
 161  122      9.510      4.898      7.787
 639   -2     20.001     13.099      6.234
  25  147      5.282     -1.581    -12.684
  -1   -2     16.699      7.686     -5.115
 821  884    -17.221     12.736      9.227
 811   -2    -12.268     11.318     10.827
  80   -2     14.941     -8.017     10.495
  -1   -2      8.142     -2.780     -4.554
 937   -2     -3.555      5.648     -3.055
  -1  246     -4.129      7.910     -5.538
  -1   -2      5.711     -0.449      8.343
  -1   -2      3.689     11.757      1.326
1206   26      1.967     -2.311     10.552
  -1  251     -1.774     10.864      5.191
  -1   24     -5.634     -0.018     -8.057
 534   -2     19.204      8.991     -2.960
1326 1335     20.422     -3.400     -6.698
  -1  135     15.485     -1.266      1.641
  -1   -2     16.939     -9.712      2.040
  -1   -2     20.870     10.427      5.982
 795  150      1.218      7.367     -0.514
1194   -2     19.836      4.574      9.216
 792  810    -13.353      7.302     -1.326
1123  511     16.544     -2.829      4.688
 317  151     13.626      2.976      3.880
  -1   -2     10.279      0.377      5.490
 957  998     -2.317      2.643      7.128
 115   -2    -12.851     -0.887     10.617
 267  292     15.616     -7.731    -12.201
 242   -2     -6.894     -1.131      6.177
  -1   -2     -1.018      7.200      6.571
 328   -2      7.653     -7.786      5.952
  -1  256    -16.176     -2.562      2.402
  -1   -2     23.551     -3.531      2.414
  -1   -2     25.705      1.292      6.530
  -1  527     21.424     10.642      3.908
  -1   -2     15.135      3.199    -10.525
  -1   56    -19.512      3.860      6.418
 360   -2      2.443     -1.686     -0.069
 307   -2     23.505      7.079      4.541
  -1   -2    -13.404     -5.782     11.400
  56  431     -8.583     12.698     -4.716
 138  191     -0.312      1.966     -5.300
  -1  144     14.786     13.249     -5.390
 738   -2     13.462     -5.810     10.816
 172 1258     13.860      6.205     -4.443
  -1   -2     15.915      9.044     -5.259
  -1   -2     -7.757     11.472      0.210
  -1  174     -0.587      0.943     12.175
 935  109     13.804     -3.628      0.633
 956  806     -9.557      3.916      8.945
  -1 1305     16.730      1.816     -1.406
 515 1160      5.778      0.611     10.782
 134  933     -1.607      1.121     12.456
  48   -2     16.622      0.942      9.290
 924  265     26.367     -5.817     12.454
  -1  309    -19.728      6.581      7.803
  -1  209      7.961      4.440      7.818
 539  168     13.379     11.895      8.849
 149   -2      4.281     10.279     -7.389
  -1   -2    -11.118     13.887      7.302
1071 1291     10.954     -0.863     -5.285
 221 1263     -5.863     13.504      6.229
 125 1255      2.802      3.628      0.738
 578   -2      6.534      4.661    -11.860
 167  326     16.039     11.798     -3.824
1260   -2    -19.214     -0.108      6.601
 268  538      3.118     -7.010     -5.480
  -1   46    -13.523      5.693     -2.045
  -1   -2    -19.703      3.371      9.037
 695   -2    -19.289      9.361      8.712
  91   -2     14.471     -8.003      0.854
  -1   -2      4.291     -9.538      1.958
 673  488     -8.740     -3.826      6.089
 875   -2    -16.419     14.490      3.158
 132  869    -12.933      2.427     11.013
  -1  394      9.110     -3.627     12.337
  -1   -2     16.626      7.043     -0.032
 660   -2      1.622     -5.319     11.032
1021   -2    -12.002     -1.784      5.252
1137  912      0.253     13.447      7.729
  -1   -2     13.918     11.692     -3.915
 918   -2    -17.067      2.753     10.815
1005  195      2.101     16.220      7.679
  -1   -2    -17.846      5.475      8.297
  -1   -2     10.426      4.918      8.344
 607   74     23.263      2.578      6.610
  -1   -2    -11.241      1.545     -5.464
 306  189     22.351      0.769     -0.873
  -1   -2     12.114      8.905     -7.605
 233  231      8.441     14.843      5.877
 423  228     20.075     13.667      8.165
 872  177     -3.892     -0.877      5.308
1198   -2      2.865      4.347     12.309
  -1  278     11.513      5.505    -10.025
1285   86     24.656     -0.894     11.537
  -1  356      9.506     15.516     11.697
 139   -2     25.488      2.005     10.176
 876   -2     24.667      5.393      9.227
 220  282     19.400      7.843      8.266
1185  104     -7.710     15.827     10.551
  -1   -2     -0.312      9.976    -10.793
  -1   -2     26.377     -6.274      8.052
 503  257     -9.338     10.184     -1.274
  -1   -2    -13.277      1.055     12.073
  86  437     20.019      2.861     -4.208
  -1   81      5.321     -2.940      4.167
 237   89     19.435      3.075      2.305
1306 1320     25.432     -7.002      7.397
  -1   -2     -1.204     -3.104      4.099
 836  996     -4.271      4.419      8.946
 724  365    -13.423     -4.333      4.507
  -1   -2      3.307     11.942      8.496
 198  205     25.208     -4.321      5.403
1330   59     15.877      2.139      6.336
1092 1292     13.663     -1.644     -0.756
 919   -2     15.863     11.096     -4.496
 628   95    -11.351     -4.588      9.596
  -1  330     10.712      1.988      2.038
  -1   -2     10.423     -6.898     -9.701
 880   -2    -19.205      0.815      9.164
 653   -2    -15.227     -9.440      7.461
 407   -2     19.798     12.827     10.991
1084    3     -3.729     16.326      7.705
 261 1266      7.566     14.177     11.079
 304  207     24.678      0.682      9.533
 432   49      3.120      0.313     11.266
 560   -2      3.983     10.008      5.453
  -1   -2     13.014     -6.146      7.773
 211   39    -11.057      9.917     -7.097
1307   -2      0.378     14.788      8.041
1277   -2     -7.814     -6.384      9.876
 303 1078      0.163     12.401     -8.010
 923 1290     11.134     -4.447      3.047
  -1   -2     19.045      2.774      7.215
  -1  262     21.579     -9.767      9.101
 722   -2      8.893      0.621      7.034
 538 1057     24.166     -2.052      7.494
  -1   -2      9.447     -5.647     10.832
 305   -2     -7.603      7.972     -0.582
 962   -2      4.443     15.235      0.152
  -1   -2      0.934      5.852     11.981
  -1   -2    -10.115      9.672     -4.329
  -1   -2     -8.597     10.634     -7.423
 381 1278     22.249     -3.859      8.901
  -1   99     -9.270      1.314      9.796
 104  539     16.775     13.633     -0.540
  -1  118     27.073      7.066     11.365
  -1   -2     10.410      8.529     -7.026
  -1  385    -10.072      8.187      5.379
 153  455    -11.674      0.301      2.504
1283   -2     14.734     12.809      4.492
 274   -2     -9.949      1.179      9.801
 615 1005    -17.629     -4.889      9.902
 465  627     12.526      4.684     -6.247
 266  128      6.898      6.367      1.656
  -1 1024     24.078     10.806     11.319
 143   -2     18.325      9.315     -1.522
  -1   -2      5.083      7.656     10.666
 278   77    -14.477      1.138      2.913
  -1  187    -12.542      7.776    -12.052
  -1   -2     14.994      3.264     -3.304
  -1   -2      6.925     -2.334     -7.890
  -1  320    -11.078     11.580      8.338
  -1   -2      6.320     -8.582      1.233
  -1   21    -12.896     -1.991     10.428
  -1  523     16.446      6.653     10.663
  -1   -2      2.332      5.234     10.046
 656   -2      0.227     -2.737     12.488
  -1   -2      3.344      6.186     -0.708
 377   22     21.208     10.303     10.698
  -1   -2     11.889     13.291      0.079
  -1   -2    -10.785     16.568      8.464
 838   -2     -5.484     -5.877     12.205
 742   -2     26.942      4.915      8.503
 663   -2     15.928     -6.420     11.430
  -1   -2     -0.469     14.631     -0.627
 892   -2    -19.166     -6.915     10.883
1146   -2    -18.576     11.082      9.710
  -1   96      2.093     -2.449     -2.640
 461  973    -14.218     -7.518     11.591
 943   -2    -17.476     -1.677      9.351
  -1   -2     18.307      0.075     -3.320
1129   -2     10.348     -7.868      4.483
 523  452    -15.723      4.798     -9.716
 425  595     12.520     -7.027     10.812
 820   51    -17.469      0.286      4.171
  -1   -2     -5.275      5.605     -5.476
  -1   -2      6.193      0.853     -8.102
  -1   -2     21.990     -8.150     -2.600
 202  347     10.763      6.155      6.191
  -1  905     -0.597     -1.030      4.899
  -1   -2    -12.150      5.783     -6.951
  -1  371     17.472      4.203      5.475
 545  620     15.992      8.747      4.736
 740  312     24.290      8.655     11.018
1257   -2     -4.571     13.529      3.031
1016  334     11.420      9.276     -0.600
 230  391     16.022      1.448     -1.353
  -1 1094     25.350      1.014     12.532
1203  178     -2.112      9.695      7.686
  -1   -2     -5.348      9.308    -10.964
  -1  418     22.020     -6.543     11.371
1159   87      9.373     12.099     10.922
  -1  922      7.680      2.196      7.217
  -1  506    -16.098      3.270      3.852
 710  633     15.154      6.158      5.672
 176   -2      9.207     13.554      4.990
  -1   -2      9.413     15.300      1.954
  -1   -2    -18.959     -7.905      9.452
  11 1193     -2.341     -1.591     10.268
  -1   -2     11.668      7.381     -2.331
 530   -2     10.149      1.028      1.121
 126   -2      9.779      9.816      5.967
1200   -2     -7.371     12.974      0.343
 334  248    -10.478      6.104      4.173
 988  161     -0.116      6.468      1.376
  -1   -2     15.835     -2.000      1.239
  -1   -2     -5.488      7.294      7.306
 441  203      2.786     -8.207      2.803
1288   -2     19.238     -4.414      1.370
 814  864    -17.734      3.444     11.794
 528   -2      6.169     -2.621     -2.821
 273  342     25.743     -7.968      7.786
1207  545     16.513      6.123      8.384
  -1  167      1.964     11.355     10.834
1311  358      4.819     11.450     11.568
 555   -2    -13.358      9.513      1.457
 446   -2     23.536     -0.958      8.776
 698  382     10.544      0.136     -5.543
 443   -2     24.300     -5.478      6.425
  -1  852    -11.018     10.072     11.018
  -1  289     17.276     -8.746     12.547
 986 1181     21.223     -4.879      2.287
  -1  453     19.020     13.537      4.982
 860  714     24.119     -2.946     10.329
 144  903    -12.220     10.921      0.996
  -1   -2      8.483     -6.902     -4.521
 806   -2    -20.282      2.118     10.270
 915 1319     16.986     -3.167      8.547
 649   -2      2.388     -8.999      0.610
 891   16     -2.830     -1.423      0.424
 707  563     18.583      7.750      0.178
  -1  483    -17.488     -4.190     11.686
  -1  573     18.283     15.316      7.877
  -1  217     19.522     11.639     -4.053
 798 1283    -13.638      1.395      8.092
  -1  244     -2.058     -6.437      2.980
  -1  774     23.726     11.885      8.149
1154  652    -17.001     -7.627     10.073
 201   -2     22.357     10.336     10.648
  -1   -2      1.794     -1.089     -7.483
  -1   -2      5.064      9.238      5.633
 301  560     -1.799      8.623    -10.490
 625   -2     17.668     12.224     -1.382
  -1   -2      1.251      3.724     -1.526
  -1   -2      7.212     10.663     -3.727
  -1  202     23.553     -4.070      5.437
 869   -2    -13.596     14.038     11.677
 170   14     -9.910     -1.234      5.544
 258   -2     -0.861      1.756    -11.143
 178  360     23.505      0.478      7.496
 543   -2     11.212     12.150      8.051
 455  183      8.972      3.037     -6.239
  51   -2    -15.742      6.970     -7.327
  -1   28      2.442     -4.269     11.233
  -1   -2     18.298     -2.294     -7.485
 316   -2    -14.293     -1.001     10.837
  -1  769     13.258      1.292     -9.095
  -1   -2    -12.765     -4.533     -6.453
 299 1271     21.826    -16.569      3.043
 546   -2     -4.698     -7.191      6.461
 494   -2     -9.084     -7.032      8.830
 514  341    -13.870     -1.708     -7.914
 544  967     -1.958     13.955     11.085
 763  273     11.781     16.639      4.787
  -1   -2      3.337     -3.745     -0.942
 223  717     27.005      8.100     11.032
 605   -2     24.336      6.703     11.259
  -1   -2     16.986     -3.258      1.287
 839  559     -5.161    -12.747      0.073
 894  767     -3.813     -7.656     12.327
 774   -2      2.278     14.585      9.993
 638  537      7.790      8.609      6.468
1162   -2     -5.301     16.087      6.838
  28  708     15.808      2.665     -3.473
1314   -2      5.968     15.513     10.036
 502   -2    -16.758      1.574     -4.876
  -1  163      5.035      4.028     10.557
 280  429    -15.003     -1.072     11.160
 930   -2    -19.229     -3.646     10.854
1197   -2     12.913     10.905     12.133
  -1 1000    -15.876     -5.893     11.300
  42 1257     -4.621     -2.212      6.278
  -1   -2     15.976      0.385     11.371
  -1  419    -16.068      6.781     -4.054
  -1   -2     -1.288     -5.624     -1.966
  -1   -2     -8.846     -5.539      9.308
1046  703    -15.445     13.446      7.762
 203  807      0.471      5.582     -6.024
 708  542     11.846     -3.842     11.282
  -1   -2     11.727      3.811      1.052
 255 1172     19.168     14.645      2.083
 339   -2      5.077      4.588      8.022
  -1  725      7.903     13.946     -5.230
1301   -2     -4.922     -2.095     12.423
  -1   -2     17.791      3.396     -9.825
 257 1244     14.071      2.978     11.517
  -1  976     18.029      5.147      7.871
1179   -2     -5.580     -1.712      1.149
  -1   -2      7.994      9.770     11.965
 379   -2      2.137      9.221      3.874
1035 1133     19.033     -0.965      9.629
  -1  325     10.995      5.375      2.020
1293  254     17.929     -5.167      3.838
  -1  117     -0.915      6.814     -8.803
 232   -2     -1.501     -1.164      4.828
  20  339     -3.110      7.531      1.013
  -1   -2     -9.270     -7.092      5.549
 285   -2      0.073     -1.538      7.887
  -1  160      3.190      4.149      9.831
 873  526     15.736     15.229     -1.065
  -1  424     -1.280     -4.575     -1.363
  50   88    -13.323      8.855      0.697
  -1  873     -5.437      8.648      1.859
 252 1011     20.780     -5.114      9.802
 370   -2     13.633     -6.013      6.239
1195   -2     18.887      7.127     -5.607
 690   -2    -13.962     -7.541      7.327
 383  200     11.688     16.640      8.309
 900   -2      7.739     13.254     10.334
 777   90    -20.442     -0.818      9.377
 911   -2    -15.058      0.690     12.467
1052   -2     23.196      1.052     11.387
  52  314     -1.356     13.053      1.119
  -1  281     25.136      3.403      2.832
 743  298      4.537     10.318     -3.234
 344 1273     23.363     16.430      5.759
  -1  255      7.967      5.394      9.185
  23  143     22.780      6.225      4.339
  -1   -2      6.552      5.029     10.300
  -1  919     12.108     -6.333      6.132
 107   -2     -1.471      0.916     11.163
  -1  141     18.432     12.156     -7.818
  -1  219     11.727     -5.814    -10.850
  -1   -2    -19.261      2.638     11.276
  -1   -2     -2.571     -9.077    -12.290
  -1  305     14.670      9.234     -8.717
 513  907      5.810    -10.367      6.296
 655   -2     20.884      7.451      7.168
 235  258    -14.827     -4.834     10.327
 366 1274     16.972     -0.537      7.266
  40   -2     19.808      6.583     11.368
1147  677      8.090     -3.421     11.679
 916  861      2.853      6.268      9.634
1249   -2     16.209      3.369      1.361
  -1  316    -10.811     -4.418     11.070
 747  740    -13.772     -4.723      1.672
 411  921     -5.556     14.181      8.052
  -1   -2     15.523      3.549     10.537
 668   -2     -5.247     -9.714      1.915
  -1  311     16.296     11.932      7.540
  -1  355     -8.896     14.054      6.036
 369  132     24.076     -7.425     10.991
  -1   -2     -1.134      9.331     -4.510
  -1 1025     18.451      4.120      3.500
  -1   -2      6.550     -3.530      8.138
1080   -2     13.635     -6.504      3.550
 395  313     16.749     -4.301     -7.142
 333  702     21.662      3.179     -5.031
  82   -2     -6.643      2.332     -6.669
  -1  400     -7.102      7.365      5.907
  -1  315     15.477     17.452     10.908
  -1   -2     12.094      4.107      7.934
  -1   -2     -1.137     -0.078      2.811
  -1  283      7.446     14.354      8.275
 658  407    -16.291     11.740      2.726
 445   -2     -5.148      6.442    -11.826
  -1  944    -10.528     -8.764      6.092
1061  626      9.397     -5.281      1.972
  -1   -2      5.991    -11.059      8.503
  -1  911     -4.531      1.920      7.569
  -1   -2    -19.142     -1.558      9.819
 593   -2     13.022     15.088      8.603
  -1  433     17.819     13.813     12.169
1125 1128     15.103     14.093      8.022
 903  286     11.417     11.017     12.235
 466   -2     14.507      9.289      9.302
1077 1167     -6.479    -12.454      5.317
  -1  395     -2.480      4.642      9.733
1280  692    -15.471     -4.672      6.258
  -1   -2     -2.142      9.683      2.328
 851   -2      8.384    -10.061      4.694
 951   -2     -3.141     -4.635     -2.961
  -1  271    -18.777     10.067     12.047
 853   -2     11.030      7.315      7.848
  -1  533      5.665     -9.549      4.908
 256  881      3.668     15.772      4.042
  -1  350      3.115     10.731      9.813
 185  152     16.726      7.248     -1.749
  -1  333     13.821     -5.024      8.181
  -1   -2     20.634      9.791      3.573
  -1   -2     -7.262    -11.240      2.009
 382  990     -2.877     -3.518      6.888
  69  680     -4.431     13.554     11.086
1117   -2     18.850      8.737     10.316
 938  789    -16.349      6.350      7.159
 350   -2     23.712      6.159     -0.798
 399   -2     16.168     -2.580     -6.434
 562  587     -2.086     -6.125     10.062
 721 1050     -4.803      2.250     11.448
1160  634      8.445    -14.077     -4.931
  -1  528    -15.214      9.819     -2.315
  -1   -2    -12.919     -3.664     -5.561
 393   -2      4.408     -2.890     -1.554
1209   -2     14.849    -16.519      4.815
 840  822     10.271     17.081     12.124
 498   -2      7.213     14.785      6.708
  -1  169     -3.921      6.559    -10.226
 177  608      6.959      8.461      1.263
 496  628     -2.458      3.827      9.608
  -1   -2      4.363     -0.227      8.913
 162  966    -17.486      5.624     11.808
 700  972     -7.152     -6.563     10.903
 347  715     23.083      3.548      9.127
  -1 1089     13.273    -10.535     -3.537
  -1  727     18.871     -8.637     -0.516
1312  129     16.484    -10.342      5.766
  -1  146      0.703      2.157     11.188
  -1   -2     18.327     17.077      7.416
 478 1276     10.680     -5.127     -3.878
 990  505      6.585      2.848      9.063
  -1   -2      5.698      3.263     -2.355
  -1  368     21.618     12.599      9.645
  85   -2      9.492     -2.920      0.221
 421  241     -0.423      9.021     -1.038
 755   -2     16.548     13.300      5.747
  -1  443     17.625      0.396      5.781
1193   -2    -11.797    -11.198      7.124
  -1  607     18.601      9.524      3.590
 205   98      0.375      2.844      3.158
  -1  485    -12.290      1.440     10.258
  -1  349     10.695     -7.455      9.259
 611   -2      2.364      0.128      7.769
 479   -2     -9.324    -14.041      4.549
  -1  663      3.216      3.741     -2.002
 190   -2    -14.027     -0.594     -7.290
 110   -2     11.176     -7.064     12.516
 899   -2     11.056    -11.091      3.089
  -1   -2     -0.512     -2.521     10.528
 439   -2    -17.599      1.985      9.267
 717  410      0.409    -10.102      3.905
 759  950     -4.159     -0.705     12.756
  -1   -2      6.180      3.964     -8.007
  -1  188     20.262      8.958     -6.528
 586  551      5.344     13.152      9.245
  -1   -2     27.169     -1.672      8.418
  -1   -2     25.946      7.147      7.880
 499   -2     16.702     15.415      8.256
  -1   -2     21.088     10.284      0.548
  -1   -2     -9.622     -6.714     -1.231
  89  404     11.921     14.120      3.400
 766  773     20.978     16.258      4.861
1049   -2    -15.584      0.768     10.961
  -1  691     -9.606    -15.375      4.220
 596  544      8.981     12.719     -6.236
1002   -2     17.747    -15.918      4.835
1120 1264    -14.373     -9.787     11.996
1181   -2     20.923     -5.795     -0.016
  -1   -2      2.592     -0.960     -3.663
 753  746     16.504     -8.324      1.711
 712   -2     22.978      0.465      0.924
 718   -2     15.355     -4.258      7.076
  -1  687      6.222     -4.932     -2.064
 689  853      0.898    -11.592    -11.255
1038  291     -2.769     -1.605      3.784
  -1   -2     -5.602      8.122     11.102
  60  517     10.333     -5.403      8.458
 585   -2     17.855     16.860     11.246
 733  392      6.833      1.555      0.281
  -1   -2      4.430     15.104      6.086
  -1  600     18.178      1.392      1.494
 731  857      6.327     -0.537     12.150
 444 1135      8.148     -8.243     10.507
 627 1175     16.339     -9.601     10.930
  -1   63    -15.534      2.233      7.685
 969  536     21.693      5.137      8.189
 290  597     16.859     -1.519     10.143
 922  689     -2.073     -7.971      5.430
 141  705      7.033     -7.294      1.348
1144  121     -1.539     -7.268     -2.440
  -1  310      9.456     14.957      0.635
 884   -2     20.844     11.023     10.917
  -1   -2     -4.035      7.894     -2.504
 813  803     -0.467     17.293      9.781
 196  408     20.766      8.566      0.712
 120 1299     25.334      2.534     11.652
 584  502     -6.941     16.695      8.758
  -1   -2     -3.918      9.472     -7.865
 430  575     25.904     -0.988      2.762
 506   79    -13.069     -0.163      5.000
 310   -2     10.327      6.317      7.672
 594   -2     -1.884     -5.947     -5.197
 559 1028      0.415    -10.524    -10.514
 551   -2     17.688      2.776      8.374
  -1  113     22.429      4.608     -2.159
 137  989     -3.611     -3.039      1.941
  78  460     16.823      6.993    -11.618
  -1   -2     10.912      1.103      7.149
  -1 1186     20.697     14.195      9.796
  -1   -2      5.971      1.585      9.317
  -1   -2     25.884      3.688      6.230
  -1  293     22.672     -8.147      2.078
 750  621     -2.003      4.016     -3.915
  -1   -2    -12.779      1.958     -0.085
 657   -2     11.481     -2.160      0.589
  -1  581      6.523      3.640     10.912
 989   -2     -1.401    -12.290     -3.746
  -1  444     13.052      8.343      2.322
  -1 1159     18.433     11.517      5.914
 550   -2     23.949     -6.519      0.316
  67  941     17.145      1.433      5.155
  -1  261      0.262     -0.393      4.815
  -1   -2     15.641     11.510     10.476
  -1   -2      0.745      9.850      4.098
1003  138    -19.286      6.871     11.149
 403 1023      6.568      2.234     11.494
1261  405      9.341     -4.643      4.012
  -1   -2     15.230     -4.014    -11.542
  -1  514     13.909     14.955      9.446
1075 1354      3.015      6.662      2.818
  -1   -2     11.187      2.178    -10.562
  47  867     10.160      4.023      6.277
1109   -2     13.050     15.948      9.449
  -1   -2     21.246      1.429     10.057
  -1   -2     22.146      4.264      5.197
  -1   84     -5.750      4.463     -9.697
1141  272      5.699      7.253     11.994
 331   -2     14.645      8.090      4.345
  -1   -2     14.411      7.663     -4.851
  -1   -2     13.500    -12.812     -9.035
 621   -2     -9.873    -16.999     10.674
 422   -2     19.903      4.062     -5.508
  -1   -2     20.727     -2.104     -9.061
  -1   -2     10.530      8.622     10.363
1063   47     10.185      2.835      4.899
  -1  106     -2.540      1.767      9.929
 214 1064     19.093     16.791      2.896
  -1  946     18.762    -13.996     10.367
  -1   -2     -9.525    -10.644      2.679
 862  987    -18.534      7.030      5.704
  -1 1122    -14.528      8.948      7.565
 865  577     18.636     -8.087      2.191
  -1   -2     17.365     -5.880     11.435
  -1  589     14.531    -12.488     -5.374
  -1  739     -9.697     -6.660      5.762
  -1  821    -15.737      5.554     -5.464
 356    9     19.109     -4.978      7.709
  -1   -2     21.764     13.239      3.608
 463  377     21.673      3.915     -5.229
1043 1015     -6.849     -8.334     -5.832
1182   -2     10.001     16.274      5.114
 216   -2     24.866     12.183      8.780
  -1   -2     20.223      4.347    -11.485
 597 1085     -5.161    -10.675      7.363
 505  709     16.521     16.300      2.907
  -1   -2      6.259     -3.010     10.693
  -1   42     -5.448      8.927     -6.438
1189  866    -19.155    -11.256      9.312
 693  613    -11.277    -10.959     -0.277
  -1   -2     -8.644     10.806    -12.087
 554   -2      5.277     -2.850      9.403
 797  937    -12.283     17.356     11.087
 618  984      3.932     -1.192     -2.946
1274   -2      1.732      8.498      8.984
1166  568      2.722     -5.472      7.981
 589  366     22.878     -1.208      4.975
 378   29      8.691      8.958      7.452
  12  661     15.534      1.428      2.107
1097 1162     23.118    -12.755      2.341
  54   -2     20.201     -5.193     12.201
  -1   -2     16.441      5.083     -1.053
  -1  630      5.896     14.902      9.392
  -1   -2    -15.646     -1.447      6.086
  -1   -2     16.095      5.309     11.399
1050   -2     26.187     10.133     12.014
  -1  494    -16.150    -10.253      7.188
 979  579     -7.805     -2.689     11.865
  -1  224      6.330     11.297      8.447
 323  673     -3.229    -11.469      9.054
 676   -2     -1.528    -10.697      1.068
 428  558     11.329     -1.123      3.369
  -1   -2     22.710     15.139     -0.132
 429   -2     -9.871     -7.118      9.430
 453  459      5.828    -10.445     -0.994
1287 1315     19.978     12.201      3.688
 598  610     16.116      8.377      9.345
  -1  670    -18.309     -4.553      5.172
  -1   -2     12.938     13.750      8.337
  -1  456     13.422     -7.625      5.428
 314   -2    -16.150     -7.597      2.199
 947   -2     22.774     12.196     11.186
 685   -2      3.745     -4.593      7.439
 942 1110     -9.274     13.996     11.443
  -1  101     -7.371     -0.077      8.039
  -1   -2     -7.550     -3.372      2.273
  -1   36     16.725      3.379     -4.714
 729   -2     18.724     15.353     -1.716
  -1 1008     -0.001     -7.868      8.107
  -1  899     21.787     -3.662     -3.283
  -1   93     16.202     -6.922     -2.087
  -1  378    -17.986     -7.586     11.394
1191 1067      4.830      6.445      8.046
 193 1161     22.228      6.830      3.713
  -1   -2    -13.943     -0.722     -2.818
 300   68     19.095      5.211      8.108
1176 1149     25.361     10.348      7.606
 239   -2      7.304     11.085      6.572
  -1   11     13.830     -6.160      9.686
 619   -2     19.653      2.849     10.930
  -1  491     25.977     -0.449     10.117
  -1  369     16.795     17.200      7.571
 189   -2      6.555      8.305     -7.235
  -1  898     21.282     16.449      1.406
  -1   -2      9.080    -12.457    -11.214
1079  532      1.558     -3.949      6.612
 896   -2     -7.872     -9.564     12.119
 885  427    -19.639     -9.564      9.196
 716  672      1.355     -9.735     -0.190
 931   -2     -4.175      7.237     10.674
  -1   -2     -0.644     -8.122     -7.762
1065  951     21.295     16.798      7.532
 745   -2     19.511    -17.300     11.357
 662   -2     15.055      7.264     -8.398
 888  237     16.973     -0.224      8.905
 616   -2      0.749      4.301     -8.813
  -1   -2     14.042    -11.369      6.818
1165   -2      0.684     -5.362      4.674
 164  242     17.533      6.312      8.178
  -1   -2      3.439      7.071    -12.280
 650 1012     15.869     10.211     10.731
 145   -2    -12.402      6.029      2.698
 788  981    -12.480      4.133     -0.392
1009   -2     12.352      2.991     10.441
  -1  552     21.292     -5.687      4.952
 504  779      9.115     -6.976      2.593
 723  503     21.951    -10.553      5.209
 687   -2     17.047    -12.871      7.003
 906   -2    -11.850    -13.836      2.383
1006   -2     10.653     11.758      9.106
  -1   -2     -8.305      7.840     -2.024
  -1  622    -13.208     -3.026      6.419
  -1   -2    -16.773      4.927     -5.701
 675 1281    -12.178     -9.805      9.422
  -1  402     -2.411      8.320      6.586
 808   -2      6.392     12.429     -4.339
  -1   -2      8.967     -1.743      5.268
1127   -2    -14.632    -14.641      4.271
  -1  604    -14.612     -3.281      9.898
  -1   -2     12.397      3.732    -12.197
  29   -2      4.479      2.301     10.447
 948 1190     -7.217     -6.385     12.229
  -1   -2     -5.151     -6.091     -1.059
 549 1355      9.622      2.804      2.397
  -1  936     -8.429    -14.624     -0.118
  -1  825     23.023      9.596      4.429
  -1   -2     -6.453     -0.585     11.588
  -1  119     -2.064     -0.593     10.476
 677   -2     21.489     15.394     11.119
1305  185      2.911      2.514      9.938
  -1 1196     23.592      6.848      9.683
 475 1112     19.991     16.546      6.881
1163   -2    -11.330    -13.324      5.739
  -1  294     10.035     -0.487      6.502
  -1  519     -6.409     15.436      2.644
1013   72      7.895      4.534     12.045
  -1  259     17.149      0.265     -0.259
  -1  771     13.018      6.338      8.322
  -1   -2     -2.282      5.411     11.572
 337   -2     21.321     -8.340     -2.247
  -1  596    -19.631      0.581     11.428
 632   -2     17.285     -2.692     12.023
  -1   -2      5.316     -3.648     -9.920
  -1 1166     24.031     -4.991      9.240
1300   -2     16.058     -3.106      6.978
1017   -2      8.452    -16.432      6.497
 679  780     -5.056     -8.904     -5.973
 529  745     19.566    -12.191      3.527
  -1  226     21.706      7.705      3.141
  -1  102      7.247      7.813      1.613
 624  835     -4.427     -6.585      7.713
  -1  351     17.288     13.693      0.836
  -1  512     10.016     -1.742     12.035
  -1  171      6.510     -8.507      8.115
  -1   -2      9.720     15.211     10.798
1118   -2     26.482     -0.875     10.527
 321   -2     -0.427     10.742      8.203
1232 1069     26.252      5.315     11.372
  -1  863    -14.521     -6.329     -5.505
  -1   -2     19.922      2.195     -7.746
  -1  785      1.678    -11.734     -0.600
  -1   -2     -5.440     -1.208      6.984
  -1  549     22.508      1.096     11.616
  -1   -2     -1.216     -8.361      0.270
  -1  667     21.028    -11.488     10.873
  -1 1041    -10.208    -10.389     11.871
 180   -2     -1.586     -2.980     10.537
  -1 1265     19.533      2.713      4.207
  -1   -2    -11.678     -3.966      2.784
  -1  940     19.129    -11.130      8.662
  -1  653     -0.910     -8.313      3.983
  -1 1164    -16.503    -15.604     11.569
 734 1032     24.241      3.054     11.062
  -1  733     -9.405    -10.377      8.003
 726   -2      4.148    -12.063      6.228
  -1   -2      8.021     -0.799      1.298
 843  287    -15.115     12.578      3.730
  -1   -2     26.531      2.405      5.759
 834 1063    -21.035     -3.046     10.343
 871 1101      0.699     16.049     10.630
  -1   -2    -12.636     10.175      6.366
  -1   -2     -1.621      5.028      5.024
 349  432    -14.645     11.368      0.471
 958   -2    -12.050     15.464      9.842
 789  269    -15.251      7.180     -4.589
 817   -2    -10.827     11.651     -2.212
  -1  263     25.495     12.438     12.636
 408   -2     28.773      8.006     11.390
  -1   -2    -11.591      0.200      8.401
 968  917     28.369      3.979      8.477
1024 1187      0.575     -4.025     11.341
  -1  321     24.530      9.259     12.782
 122  458      5.751     -1.764     10.459
 973   -2     26.915     13.755      6.676
  -1  642    -14.382     10.992     12.557
  -1   -2     -7.597      1.001     10.587
1183  111     23.428     -5.617     12.346
  -1   -2    -12.916     12.484     -0.129
  -1   -2     -2.487     12.457      9.445
  -1   -2    -14.658     -2.323    -12.435
 404   -2      8.398      6.499      6.785
 684   -2      3.230     13.986      4.953
  -1  611    -13.769     -2.202      2.271
  -1   -2     14.175      2.663     10.875
  -1   -2     12.916     12.666      3.728
 631  833     16.213    -17.485     10.891
  -1  457     14.638    -10.059      9.626
  -1  451      4.311      6.288      3.143
 822 1284      5.088    -15.604      4.486
  -1   -2    -13.733     11.803      9.807
  -1   -2     -5.156      6.561     -5.499
  -1  897     26.118    -12.062      4.470
1008  550     -3.789     17.318      5.818
 886   -2    -19.012     12.323      8.724
  -1   -2    -17.319      9.169     -3.764
  -1  477      8.939      2.937      7.108
 637  585     23.498    -11.552     11.706
  -1    0     -7.334      4.043      5.291
  -1   -2     -4.146     16.506      0.081
 154   -2     -6.076      2.883     -1.975
  -1  253    -18.608     -1.028      4.411
  -1  755     -8.127     -5.496     -0.134
 124  830     25.767     -5.506      8.948
  -1 1095      3.190      8.994     12.067
  -1  618     21.880      1.026      6.375
1157  387     -7.480     -0.658     -6.411
  -1 1039     16.626     17.242      5.978
 800   -2     -3.158     13.729     11.902
  -1  198    -16.451      0.241     -3.080
  -1  942    -11.474     11.468     -1.298
1059  752     10.256    -17.841      5.374
  -1   -2    -16.570    -13.305      8.106
 208  493     -4.380      9.650    -11.476
 620  624     19.617      1.224      8.960
1068  909     22.007    -18.026     12.642
1184  416      9.277    -11.113     -6.014
  -1  574    -16.849     12.565     11.229
  -1   -2     11.512      0.811     -7.880
  -1  896      3.158    -14.702     -3.962
  15  858    -13.477      8.496      8.756
  -1  270     -0.222     -1.597     10.993
  -1   -2     -6.399     10.175      6.771
 720 1070     -4.787    -10.401      9.597
1066   -2     23.265    -17.043      8.371
  -1  285     11.970     14.226     10.035
1142   -2      4.068    -13.784     10.444
1134   -2    -17.165     17.417      9.097
  -1   -2      6.230      1.628     -5.629
1204   -2      1.229    -10.516      6.945
  -1  824    -12.820      1.597      8.238
  -1  804    -14.606     15.570      7.576
  -1   -2    -17.134      8.701     -0.110
  -1 1132    -15.054     14.609     12.809
  71  636    -16.385     12.084      9.137
  -1   -2      0.113      1.005      9.492
1213  675     18.082    -19.283     11.087
  -1   -2      0.411     -0.176      9.557
  -1   -2    -11.948      2.630      9.021
  -1   45     16.230     -0.270     11.165
  -1   -2     10.248      9.723      8.663
  -1   -2     27.934      7.168      4.792
  -1   -2    -15.127     -3.474    -12.473
  -1 1098     -0.247     19.656     10.977
  -1   -2    -11.851      6.613     -8.534
 648   -2     16.070     -0.296      6.353
  -1   -2     17.295    -15.234     -9.864
1271   32      2.159     -1.393     10.641
 670 1048      9.970    -11.289     10.023
  -1   -2    -13.527      1.069     -4.450
 841   -2     25.138     -8.979      0.461
 474  157    -14.990     12.090     11.058
  16  155    -11.354     15.057      9.843
  -1  751     20.498     -0.422     11.589
  -1   -2    -13.236     12.169     10.047
  -1 1119    -11.689     18.891     12.509
  -1  895     -3.311    -17.280     10.195
  -1  164    -19.884      6.260      3.765
  -1   -2     27.208      5.202      3.384
1150   -2     15.053    -18.723     10.367
  -1  870     30.044      7.136     11.424
  -1  393     -3.025      8.465     11.134
1248  507     13.065     -9.620      9.837
  -1 1007     -6.015     16.840     12.676
 179   -2     -1.524      7.733      9.952
  -1  665     -3.668      4.047     -2.071
1101 1316     18.318     -6.487      5.065
  -1 1332     -3.971      4.048     10.719
  -1   -2     26.954      9.431      7.567
  -1   -2     -7.651     10.916     12.184
  -1   -2    -20.336     -4.960      3.918
 928  747    -11.369    -14.358     -2.357
 359   -2    -14.332      9.729      8.792
 295  243     23.234      3.586      4.742
  -1 1087    -19.389     12.835     11.142
 320   -2    -18.807     -0.476     11.234
  -1  328      1.100     12.856      6.805
  -1   -2     26.351      3.002      5.582
  -1  210     14.593     -6.498     10.976
  -1  731     22.927      8.983     -2.529
  -1  541     24.002     17.170      7.165
  -1   -2    -12.122     14.435     11.658
  -1   -2     29.403      6.164     11.779
  -1   -2     27.681      2.648      6.755
 590   -2      1.577     -8.454     -3.916
  -1   -2     -4.089     -9.722     -0.511
 471 1040      8.185     12.243     10.294
1242 1324     25.921    -16.276      8.306
1086   -2    -13.652      8.703     -4.161
  -1  588      4.989     -8.433      2.977
 282  666    -13.317     -0.572     10.433
  -1   69     -9.673      8.196     11.797
  -1   -2    -14.655     10.923      4.132
  94   -2      2.626     10.427     -2.041
  -1  566     -4.462     -6.661     12.491
 116  324      9.070      6.275      0.972
1173   12     19.151      4.327     -1.670
 341   17    -12.284      7.006      5.193
 874   -2     -5.873     16.189      9.098
 294  481     10.455     16.978      7.317
  -1  346     15.226     14.956     11.377
 484  345     24.426     11.845     12.235
  -1  440     13.305     -6.569      9.303
1175   -2     22.436    -15.665      8.016
 983  268     -1.903     15.980      1.213
  -1  865     26.364     14.453      5.050
  -1  658      4.612     17.934     12.414
 566   -2    -18.408      7.412     11.276
  -1  478     28.453     -6.335     10.769
  -1  362     10.697     -3.266      6.655
  -1   -2    -20.376     -8.328      2.364
 784 1074     -6.913     16.530      3.213
1045   -2     -7.414     15.153      6.170
  -1  678     19.361     12.497      1.305
  -1  218     23.305      8.453      0.570
1094   -2    -11.368    -15.633      8.862
  -1  674      5.540      6.321      0.139
 893  790    -13.014     16.055     10.116
 932  920    -13.064    -19.692      9.496
1058   -2    -13.546     -8.920     11.741
 291   -2      1.580     11.350      5.191
  -1   -2     -3.021     -2.020     -1.791
  -1   -2     11.877      3.630      5.816
1057   -2      0.764    -16.009      8.151
  -1   -2      6.587      1.692     10.873
1140  836    -15.879     14.515      7.352
  -1  379     22.972      4.795     10.160
 410  728      0.883     17.243      7.799
  -1 1034     20.367    -14.645     10.828
  -1   -2      0.507    -13.415     -4.999
1170 1072     -2.602      8.247     10.443
  -1  462     17.988    -16.389      7.162
  -1   -2     -6.153     12.273     -3.409
  -1  891    -12.189     10.369      9.049
1136   -2     27.383     -5.917     10.089
  -1   -2     11.708     10.039      8.362
  -1  616     -6.426     -9.910      7.327
 902  548     10.423    -16.468     10.284
  -1 1130    -17.588    -15.169      5.641
 966  797    -13.162     15.041      6.131
  -1   -2     15.678     -1.645      0.341
  17 1115      2.258      9.936     10.703
1090   -2     25.511     18.028      8.363
1072  848     18.361    -17.646      6.526
  -1   -2     25.833      1.485     10.974
  -1   -2     17.756    -11.205     -6.063
 847  307    -19.683     -5.143      9.842
1036  598    -19.728    -10.339     10.939
1103 1294    -14.416    -14.346     -5.799
 254   -2     -8.965     -2.900      7.927
  -1  304     -8.537      9.519     -5.022
  -1  732     23.325     15.365      9.039
  -1  594      5.456      0.283      7.620
1033 1288    -16.448     15.319      8.103
  -1  811     25.035     12.697     -2.252
  -1  250     -5.144      6.230     -1.576
  -1   -2     18.519     13.434     -3.175
 452  593     15.490      5.674     -4.718
 779   -2    -14.688     12.029     -3.306
 401   -2     -4.731     15.506      7.604
  -1 1189    -17.165     10.534     11.521
  -1 1150    -18.374    -11.042     12.367
  -1  153      4.053     -8.678     -0.576
  -1   -2     16.058     -6.295     -3.886
  -1   -2     11.961      2.823      4.842
  -1  948      5.243    -14.604     10.423
  -1   -2     14.434     -2.975      5.486
 819   -2     18.403    -14.241     -0.850
 372 1051     -6.344     -9.680      5.129
 772   -2    -13.375      1.471      4.444
 142  540     10.406     -1.888      6.604
 686   -2     13.213     -0.566     10.846
 148   -2      5.262      4.977      8.770
  -1  934      8.628    -15.645     -2.088
 826 1056     28.073      8.217     10.205
 415   -2     20.905      2.777     11.896
  -1   -2    -17.357      9.999     -5.532
  -1  882      1.776     17.653     12.281
 365   -2     16.842    -20.815      9.404
1225 1042     25.187    -15.074     11.327
1023 1029    -10.271     18.154      9.658
  -1  927      4.287     -4.051      8.664
  -1   -2      3.207     11.460    -12.455
  -1  741     18.589     -6.319      2.398
  -1   -2     -9.482      8.918      6.204
 473   -2    -18.294     -7.922      9.448
 486  212     -4.515     16.620      9.803
  -1 1044      5.224     14.622     10.443
  -1   -2     -8.322    -12.694      0.314
 604 1014      4.390     11.945      9.682
 385  332    -11.067      8.711      0.438
1201   -2      6.695    -14.352      4.518
  -1   -2     -5.528      4.501      5.000
  -1  693     -5.595     -6.731     10.482
  -1   -2      5.102    -11.794     -4.399
 368  555     25.361      5.030     11.669
  -1  252     19.054      0.082     12.445
 601 1280     10.858     -9.311     12.501
  -1   -2      0.011     14.701      8.566
  -1   -2      5.377      7.609      6.101
  -1  982     14.986     16.407     12.028
 977   -2     14.065    -16.187     11.588
 909 1287     -1.570      8.524      7.866
1020 1065    -15.966     15.414      9.540
  -1  682     -1.717    -12.907     -6.331
 633  808      4.910     14.017      5.321
  -1   -2     -7.543     -6.132      3.511
  -1   -2     14.186    -14.278      1.373
 327   -2      1.774     13.920      7.441
  -1   -2     24.186    -10.305     -3.717
  -1   -2     21.386      4.544     -4.585
 861   -2     -4.313    -15.015      9.395
 793  492     25.542      2.070      5.264
1067 1212     24.527    -17.153      7.803
  -1 1237     14.663      2.416     12.652
  -1   -2     -4.429      3.440     10.790
  -1 1121     10.584     11.472     11.659
  -1 1058      3.747      2.273      8.101
  -1   -2     18.938     -8.494     11.007
1114   -2     27.435      0.392     10.545
  -1   -2    -12.516     -9.663     11.862
  -1 1253     17.712      8.488     10.492
 447  712    -13.565    -10.584      2.473
 981  938     -8.232     13.009      7.084
 945   -2     -2.447     15.245     10.556
  -1   -2      8.495      5.542     11.431
  -1  426    -14.864     -1.352      7.058
1000  842    -19.373    -11.311     -0.725
  -1   -2    -17.517    -10.016     -7.886
  -1  319     17.344      7.479     11.912
1171   -2    -15.602     -7.418     10.556
1161   -2      1.997    -15.179     -3.837
 850  158     -8.195     -4.097      9.426
 480   -2     11.693    -14.519     -0.884
  -1 1060     11.122     -9.177      8.391
1302  530     17.091     -2.538      8.311
  -1   -2      7.307     10.992      8.449
  -1   -2    -17.560      6.046     11.784
 576   -2     24.585     -3.716     11.364
 561   -2    -15.440    -10.101     12.100
 818  490     22.497      8.356     -7.119
  -1  906    -18.381     11.632     -3.919
 462   -2     -0.206     -5.988     10.709
 192   -2     17.328      6.078      2.533
 482   -2     17.235      8.835     -4.321
 127   -2     21.444      9.634      6.343
  -1   -2      2.374    -12.116     10.449
 917 1037    -17.071     14.985     11.424
 705   -2     17.448      3.747      9.507
 760 1109      2.984    -12.344      5.725
  -1  354     25.977      1.810      8.700
 367   -2      5.671     10.390      7.764
  -1  893      5.446     10.632      2.780
  -1  302     -7.864     -2.323    -11.300
  -1   -2     10.287     17.871      9.816
  -1  792    -17.258     10.952      4.863
   2   -2      6.762      2.626      6.465
  -1 1079     13.225    -18.824      8.059
  -1  376     11.368    -12.138      3.448
  -1 1174     15.831      7.084     11.993
  45   -2    -16.223      6.631      9.832
1064  698     10.395    -14.350     -3.221
 859  442     25.873      6.901      4.325
  -1  564     25.841     -3.694     12.014
1219  553    -12.976    -17.585      9.416
  -1  484     25.659     -5.988      8.753
  -1   -2     23.370     12.662     -9.423
  -1   -2     -7.521     -6.401      4.705
 728   -2     -0.248    -12.570      6.975
1284  344      4.330     -6.016      0.235
 997   -2     26.591     11.532      7.686
  -1   -2     13.587    -17.746      9.129
  -1  994     -4.509     18.000     12.380
  -1   -2      5.524     11.320      6.582
 810 1254     27.424     -8.542      9.866
  -1 1033      8.308     -4.687      6.524
 978 1118      4.663     -7.496     10.902
  -1 1018      1.762     -0.035      5.484
 736   -2      6.011    -14.727     12.482
  -1   -2     -5.118     -4.205      0.821
 848  531     22.499     -1.085      8.773
 934   -2      6.697     18.300      6.607
 186   54     -4.407     11.333      9.313
  -1  216     12.056     -6.499      2.539
1128   -2      2.673     -1.536      8.902
  -1   -2    -11.479    -11.146     -8.070
 218  706     15.615     -5.881     11.001
  -1 1309    -12.062      9.079      1.872
  10  234     -3.494     14.329      5.333
  -1 1195    -10.997    -11.244      3.368
  -1  659     20.743      6.514     12.132
  -1 1081     11.623     15.157     12.086
  -1   -2    -17.679     14.929      7.808
 516  306     -3.551     -2.930     -2.823
  -1   -2     21.649      4.898     11.659
 526   -2     15.991      0.680      5.795
  -1  223     14.709     11.643     -2.183
 420  396      6.988     12.019     -1.021
  -1  690     20.660     -2.036     10.112
  -1   -2     -3.806      5.175     10.999
1107 1295     15.480      8.612      7.474
  -1  664     -1.588     12.201      8.452
1088   -2     -9.719    -14.760      2.690
  -1  829     12.822    -13.450     12.202
  -1   -2     -9.220     -7.710     -4.234
  -1   -2     -2.332    -12.104     -7.406
1235   -2      3.167    -15.627     -0.920
  -1  428     19.259      8.297     12.219
  -1  476      8.110     -6.741     11.045
  -1   -2    -10.876     12.980      7.595
  -1  796    -10.213     -8.261      0.966
 925 1066    -20.138    -14.634      9.333
  -1   -2      5.310     -0.694      4.118
 965   -2    -14.836     19.036      6.891
 416   -2     18.883     10.320     10.034
  -1   -2    -17.594     11.739     -5.098
  -1  660      9.405      8.494      9.875
 448  590     15.771     16.230      9.106
 289  190     25.377     -0.758      8.579
 533   -2    -18.683     -2.285      8.392
 856   -2      3.012     11.509     11.862
  -1   -2     -3.392      6.193      1.289
  -1   -2    -11.884    -15.579     -5.061
 790  149    -19.337      5.699      9.287
  -1   -2     18.063      6.933     -4.450
 995   -2    -13.839    -12.623      6.204
  -1  743     18.465      1.912     12.168
  -1  625     21.514     14.941      4.031
  -1  422     17.369     16.932     10.598
 602 1256     22.642     -5.220      4.012
 537   -2     16.743     12.320     11.989
 213   -2     12.980     16.424      4.128
 449   -2      7.697     -4.460      8.938
 877  768     12.014     -3.010      9.098
  -1   -2      4.946     -2.348     11.064
  -1  910     -0.984     -4.993     11.303
 882   -2     21.911     18.952     11.264
 783   66      6.460     13.072     12.420
  -1   -2     24.127     15.634      9.785
  -1 1247     10.078     -5.988      7.335
1186   -2     -5.817    -15.315      6.337
 980  196     23.026     -2.618      9.916
 362   -2      2.747      6.413      8.208
 870  662      3.615     -2.425     -5.331
  -1  441     14.171      9.268     -3.323
  -1   -2      1.429     15.846      5.585
  -1  710     -1.449    -13.777      0.312
 579   -2     17.975     15.402     11.772
  -1  964     23.105     17.477      4.149
 692  701     10.148      0.479      5.436
 199  654     10.005     11.164     10.031
 311   -2     22.233      9.984     -2.106
  -1 1143      3.423     -6.373     11.263
 858   -2     -9.828     16.212     10.679
  -1   -2    -12.797     15.727      9.921
1026  554     25.668     13.509      9.330
  -1  383     13.219     17.930      9.347
 354  165     23.507     10.716     10.161
  -1  970      6.344    -13.531     11.588
 136  943     10.161      7.516      0.488
  -1   -2     19.885    -17.453     11.655
  -1 1198     -4.495    -14.429      6.603
  -1 1047      7.189     16.968     12.285
1143   -2     14.928    -12.090     10.762
  -1   -2      0.981     -4.740      0.018
  -1 1137    -10.034      0.398      1.631
1230 1019     -6.154    -20.421     10.496
  -1 1111     19.017     -1.788      5.231
1105   64     19.140     12.424     11.099
 414  497     -1.030     10.731      2.321
  -1 1099    -14.741     15.074     10.856
  -1   -2      8.352      5.510     11.803
 635  683    -14.335     -9.438     11.474
1047   -2     24.495      3.763      9.721
  -1 1120      7.150    -20.128     12.746
  -1   -2      0.814    -18.638     10.182
1229 1207      7.754    -22.945      8.180
  -1   -2     -3.857    -18.584     12.051
  -1   -2     14.916     28.160     -0.114
  -1   -2     16.158    -22.667     11.446
1217 1204     16.671     27.776      4.881
  -1 1206     27.917    -22.240     11.241
1216   -2    -25.560    -14.766      9.767
  -1   -2      2.317    -30.099     -5.668
1202   -2    -14.729    -16.437      9.515
  -1   -2     17.444    -15.372     10.679
  -1 1201     17.416    -29.200     -6.283
1221  783     25.262     16.476     10.591
1231 1026     -1.210    -19.043      8.840
  -1 1227     13.597    -24.964     12.543
1215 1003     24.240     17.332     12.650
  -1 1230     27.590     10.488     12.874
1233 1222    -21.253    -13.528      9.218
  -1 1213     23.724     23.538      4.763
1234   -2     -1.628    -23.402     10.204
  -1  974     25.891    -18.956     12.983
  -1   -2    -12.087    -27.329     -7.194
  -1 1215    -28.452     -7.741      9.761
  -1  913     25.035    -17.146     12.791
 926 1233      0.185    -22.457     11.943
  -1   -2     11.557    -31.670    -11.750
1237   -2     26.133    -21.710      7.275
  -1 1188    -14.684    -13.627     11.881
1220 1200    -27.518    -13.240      9.049
  -1   -2     12.974     -8.865     11.954
   6   -2     15.977      1.864     10.224
1250 1304    -10.630      7.323      9.619
   8 1238     18.496      5.232      1.802
1255 1307     18.284      1.976      6.175
  -1   -2    -11.272     13.892     11.125
 386   -2    -19.628      3.367      9.150
  -1   -2     14.452     -2.838     -5.246
 373  435     20.316     -3.392     -6.822
  -1   -2     -8.312     -1.551     -0.968
  21  233     -8.090     -1.720     -0.397
  41   -2     15.027      3.923     10.749
  -1   -2     -4.086     -3.326      2.967
  87   -2     18.189      8.979      9.203
1106   20     -0.513      9.766     11.515
  -1 1252      9.569     -2.603     -1.014
  -1 1248     18.389     -6.534      1.741
1254 1336     -5.384    -12.505     -0.303
  -1  381     -3.555      3.727     10.664
  -1   -2    -14.960      9.786     11.343
1270   -2    -14.960      9.786     11.343
  66   -2    -14.806     -2.095      5.444
  -1  192     -2.369     -0.699     10.022
 527   -2     22.960      7.485      5.706
  37 1243      8.112     -2.766     -4.593
  -1   -2     25.734     -7.827      7.709
  -1   -2     12.229      4.186      8.414
1281   -2      9.444     -5.703     10.720
 159   -2     -8.697     -3.980      6.453
 270  176     -9.835     -4.506      6.829
 281   -2     -3.128     -0.288      2.906
 319   -2    -18.065      5.603      7.777
 129   -2     23.477     -3.472      2.452
  -1   -2     20.315      5.450     -1.916
  -1   -2     21.930     -8.158     -2.986
 229 1017      7.259      5.192     10.504
 269   -2     14.602     -4.644     -1.429
  -1   -2     -8.068    -10.805     10.699
1151  445     21.320     11.540      9.368
  -1   -2    -13.466     -1.390     -9.870
 194  340     16.076     15.171      1.754
  -1   -2      2.988      6.546      3.258
 259   -2     -1.709      6.202      0.210
  -1   -2     15.597      3.582     10.628
  -1   -2     -3.311    -17.280     10.195
  -1   -2     20.001      9.284     -3.377
 525   -2      5.493      6.154      7.428
  -1   -2    -16.162     14.139      5.875
 293  615     12.830     12.900     -6.743
  -1  510     -4.336     16.689      7.351
  83  760     15.527     -7.962     -0.927
  -1  115     18.629      3.065      8.208
  -1   -2     16.158    -22.667     11.446
1029  602     12.595      0.255      2.338
   3  154     13.006     -8.848     11.804
  -1 1303     12.803     -8.969     11.818
 396  105    -11.272     13.892     11.125
  -1   -2     16.748      7.722     -5.300
 929  186    -19.219     -0.124      6.195
  22   82     -3.555      3.727     10.664
  -1 1246     -9.530     -2.874     11.243
  -1   -2     20.315      5.450     -1.916
  -1   -2     12.229      4.186      8.414
1264 1310     14.352     -2.937     -5.004
1267   -2     15.198      3.227    -10.481
1251   -2     16.699      1.848     -1.382
  63   -2     18.493     -6.502      1.687
1296  479     -7.861     -6.296      9.614
1294   -2     21.747     -3.860     -3.270
  -1   -2     -3.311    -17.280     10.195
1343 1347     20.401      5.471     -2.071
  -1   -2     12.229      4.186      8.414
  -1   -2     -7.076      7.687      2.596
  -1   -2     -7.118      7.770      2.471
  -1   -2     16.748      7.722     -5.300
  -1   -2     -3.311    -17.280     10.195
  32   -2     -7.076      7.687      2.596
1273 1311     12.229      4.186      8.414
  -1   -2     16.748      7.722     -5.300
 825 1346     -3.311    -17.280     10.195
  -1   -2     16.748      7.722     -5.300
1352 1353     16.748      7.722     -5.300
