1315
 189  620     -1.805     -0.688      1.409
1305    5     12.905     -8.914     11.961
  -1   -2     15.969      1.942     10.445
 693   -2      4.831     -6.172     12.514
   4    0    -10.667      7.782     10.539
  -1   -2    -14.147     -0.256     12.792
  -1  509    -13.509      9.874      4.709
   8   -2      7.462      1.413     -1.507
  12   -2      0.757     -0.492     11.781
  -1   -2    -12.911      6.318      8.772
  -1   12      0.866     10.579     10.660
  -1   39     17.143      3.116     -3.475
 898   -2      2.412     10.177      4.766
  18   11     16.433      3.619     -7.946
 955   -2    -15.117      0.396      4.553
1022  293    -14.355     10.589      6.270
 739  244     17.398     12.411      2.206
  75  335    -11.891      1.536      8.630
  -1   -2     -3.808     13.001     11.955
  -1   -2     17.415     11.388     -2.096
  44   47     19.362      3.265     -3.883
 826  510     -3.567      6.594     10.608
  88   -2    -14.655      2.359     -2.565
1164  262     23.673     -3.582     11.522
1128  270     13.288     12.559      9.895
 503   -2      9.432      2.621     11.592
  87  807    -10.625      3.875     10.545
 926  104      6.623      5.597      5.618
  -1   14     16.743     -9.125      7.588
  -1   -2     16.675      9.577      2.545
  -1   41     24.430     -1.959      7.342
  55 1238     -0.882     11.764     12.091
  54  503     17.122      4.435     -6.350
  -1   -2     -3.170      3.429     12.066
  -1  285      0.937      8.239      6.421
  -1   -2    -12.240      7.257      3.224
  -1   30      6.407     -8.930      1.096
  39  101     11.455      3.199      2.892
 103  206     13.387     11.787      8.825
  -1   34      9.794      4.341     11.355
  -1  112     -7.058     -0.977      2.283
  -1  963    -13.215      1.052     11.887
  72   -2     -4.493     -1.987      6.964
  -1   -2     19.397      5.120      2.671
  -1 1051      0.421      0.291      6.389
  -1   -2      6.595     -6.938     -9.008
  -1   -2      7.812      1.967      3.561
  -1 1245     25.991      3.907      7.864
 354   42    -17.397      7.887      8.979
 163 1152     -1.941      9.631      8.035
  -1  413      5.971      3.507      3.935
  30 1229     -7.121      7.696      2.621
  -1  473     18.238      1.733      6.227
  47   -2     16.772      7.792     -5.497
  -1  291     21.433      0.379      8.080
 314 1005     -4.162      2.045      6.971
 269  489    -16.422      0.551      0.103
  -1   69    -16.721     -0.916     11.114
1277 1032     16.276     11.850      7.615
 564  997     -3.134      8.789     -2.078
 160 1254     10.119     12.083    -11.568
  -1   -2     -3.649     -1.461      4.895
1217   -2     12.160     14.773      8.144
  52   -2     -5.873      9.007     -6.685
 559  144    -11.506     10.401     -4.422
  -1  822    -12.734     11.141     11.714
 474  105     13.221     -3.042      2.649
 369   87     -4.729     13.260      5.383
1259   -2     18.904     -6.273     10.447
  65  716     18.578     -0.015     -4.194
  -1   -2    -13.418      7.324     -1.264
 135  223      4.263     10.248     -7.272
  -1  166     -1.757     -6.891     11.612
  -1  365    -14.835     -2.250      5.970
  -1 1132     13.052      6.320     -0.907
 449 1264     18.280     -2.514      3.393
  -1   71      2.339     14.340      3.708
  -1   -2      0.444      4.395     -8.155
 119   -2    -17.425      4.432     -1.120
 645   -2      7.492     -2.591      1.941
 176   -2      3.890      3.019     -4.512
  -1  318    -13.832     -1.817      1.537
  -1   -2      4.038     -1.429     -2.672
  -1 1076    -15.043     12.957      3.614
  -1   70     -5.295     -1.857      6.853
1317   -2     17.318     -0.338      2.335
 161   -2     13.393     -6.410     10.796
  -1   -2     -6.440      0.799     -1.339
 288   -2    -13.035     13.989     10.749
  -1  268     22.126     -0.959      9.127
  -1   -2     16.158      2.986      2.197
  -1   -2     16.749     13.448     -3.850
  -1  178     -0.294      1.939     -5.417
1286   -2     24.829     -7.741     12.242
 703  422     12.543     10.499      6.072
  -1   -2      4.912      4.634      2.756
 111   78      1.365      4.594      8.429
 191   -2     17.783     14.125      8.917
 290   -2     15.864     -3.835      1.557
  -1  689     10.424     10.331     -2.686
  -1   -2     -4.912      6.840     -4.933
 246 1142      8.636     -8.254     11.755
  -1  161      8.867     -9.091     11.195
1313  213     10.685      4.224      9.199
  -1   -2     13.096     -8.433     -4.101
  -1   68     19.556     12.742     10.548
  -1 1074      6.288      9.862      5.840
 248   -2     22.135      4.133      8.639
  -1   51     -9.609     -2.980     11.481
1180  162      7.287      5.697      0.320
  -1   -2      8.113     16.577      6.670
  -1   -2    -10.308     -2.231     11.645
1063   -2      7.913     13.445      8.897
 183   49     -3.988     -6.240     -6.131
  -1   -2     14.565     11.382     -6.901
 181  250    -17.900      5.187      7.913
  -1   -2    -12.913     -1.481      1.198
 265 1257      8.323      8.568      0.754
1288   52     25.372      0.912     12.027
 238  194      5.762      0.634     10.616
  -1   -2     11.560      0.906     -2.041
  61   64     17.799      0.859    -10.641
 273   -2     -3.693      3.932      6.917
  -1   -2     18.845     -1.996    -10.667
 576   -2     16.696      5.871      7.620
 177   -2      4.475      2.669     -1.347
 458  841      4.165     10.230      8.669
 847  157    -11.851     14.914     10.701
 592  344     12.421     -2.662     -1.596
 344   -2    -16.614     -0.472      5.724
 643   -2     17.937      3.560     10.230
 745  857     18.190    -14.847      8.972
 399   -2      7.570     11.190     12.057
 979   57     -3.698     -0.191      4.209
 294   37      9.098     13.605      5.008
1264  855    -10.793     16.548      8.449
 384  219      8.939     -5.856      5.694
 757  675     22.607      2.012     -2.551
  83  276    -11.850     10.583     -7.853
  -1  297      7.009     12.097     12.455
 606 1001      4.400     -2.236      2.742
  -1  202     18.498     -0.049     11.741
  -1  388     22.045     -8.218     -2.447
  -1   -2     14.192      4.069      3.085
 714  680     15.039      5.603      5.153
  -1   -2     19.219      0.117     -2.387
1251 1293      1.798     11.347     10.500
 145   -2     17.614      4.409      4.444
  -1   -2     13.851      0.892     -6.042
  -1   -2      5.419     -3.612    -12.289
 101   -2    -13.171      2.457     -4.087
  -1   -2     -5.024      2.314    -10.288
  -1   -2     -7.802     -6.372      9.881
 118  214      7.479     -7.956      5.935
1272   77      3.281     12.863     10.993
  -1   -2     19.381     -8.557      6.202
  -1  181     21.040     13.541     12.316
 401   -2     21.961      6.557      2.265
 582  536     10.986      5.239     10.818
  -1   -2      9.315     12.459      8.963
1065   -2     13.763      2.691     12.245
 132  865     21.582      1.878      9.002
1092 1281     19.516     12.494      7.061
  46   -2     -3.022     14.399      5.251
 528   -2     13.641     -5.336      4.525
 545   -2      7.105      4.660      8.003
  -1   -2     10.614     -4.908     -5.229
 261  264     -3.344     -6.803      4.326
  -1   60     -3.070     13.700     12.096
  26  239     -2.367      2.535      7.173
  37  370     -5.095     -1.654      2.502
 110  995      8.462     -2.047     11.716
 377   -2     18.683      9.551      8.143
 905  827     -0.674      4.445      5.889
  -1 1088     10.890     -0.199     -0.922
  -1   -2     11.260      3.054     -9.649
1145  281     15.254      3.487     11.415
  79   -2     25.422      1.969     10.175
1162   -2     15.664      6.002      8.701
 482  391     25.984     -6.143      8.974
 216  460     -7.299     -2.440      1.958
  -1   -2     15.147     -0.442     -2.273
 987  359    -11.218     10.130      3.131
 253  159     13.000     -6.160      7.593
 489   -2    -19.776      3.359      8.803
  -1   54    -10.203      9.318     -5.376
 333   -2     24.252     -3.264      3.597
  -1 1248     18.245     -0.521      4.911
 305   -2      7.055     12.971     -2.712
  -1  265     20.550      3.340     -3.581
 341   24      8.825      9.480      0.330
 414  409     -6.005      1.191      9.166
 485  557    -11.116     -4.860      9.074
  -1   -2     -2.929      7.766     -8.822
 124   -2     -7.219      1.984     11.141
 102  138     21.356      5.159      9.367
1167  139     14.675      2.571     11.981
  -1   -2     -2.294      6.141     -8.378
1182   -2    -13.086     15.596      6.841
 753   -2     -0.631      0.168      5.512
 802   -2    -17.655     -1.380     12.494
 975  542     -1.913     10.512      5.667
 213  348    -12.500     10.223     -2.889
  -1   -2      5.114      6.051     -5.920
  80 1009      8.758      2.663      9.696
 106  154    -17.377      3.438     12.383
 464   -2      5.879     14.792      9.439
 445   -2      0.461     13.054      5.817
 462 1167     -1.430      9.838     10.936
  -1  137      0.232     -2.669     -0.459
  -1  375     -4.708      8.907      3.427
  -1   -2     16.854     13.020      2.436
  68 1242    -14.640     13.461      9.410
  -1   -2     21.278     10.280      5.013
  -1  469     -3.050     -3.239      9.158
  82   -2    -11.968      0.740      2.386
 954  579     -5.388    -12.780      0.190
1055   -2     -1.282      4.093      7.727
  -1   -2      2.991      9.877     -7.365
 415 1262      8.195     -6.652     11.644
 565  743     -4.653     -4.245     12.504
 152   -2     25.842     12.955     11.289
  -1   -2     20.643     10.370     -2.873
  -1  493     -7.384      6.424      3.075
  -1  229     10.354     -1.669      8.146
  -1  273     14.284    -12.220     -4.414
 304  277    -14.494     -0.126      8.320
 255  321    -18.040     -2.392      5.051
  64 1241      1.692     -0.286      6.575
 219  283     21.176     14.369     -3.456
 247   -2     -6.973     -0.708      6.133
 585  541     -3.344     -8.050      6.709
  -1  109      7.400     -1.917     11.441
1137  721     18.133     -3.080      9.316
  -1   -2      8.637      9.820      2.126
  -1 1246     19.094     -4.224      9.581
  -1  151    -14.109     -0.443     -6.880
 227  261      3.296     14.904     10.598
  -1   -2     14.967     12.606      1.009
 226   -2     10.639      7.648     -2.131
1012   -2    -15.039     -9.411      6.806
 286  255      0.040     -4.579      7.953
 348   -2      4.092      7.127      4.573
1166   -2      3.127      6.179      9.536
 141 1250     15.473     -1.316      1.497
  29   -2      9.777      4.212      9.641
  -1  626     -3.986      1.933      9.019
  -1   -2     15.067      1.103    -11.275
1285  317    -14.511      8.263     -5.389
 256  160     -7.532     -4.359      7.991
 814   -2     -7.549     15.574     10.752
  96   -2     20.063     -5.464     10.268
1048  713     14.571     -8.629     11.481
 897   -2     23.931      0.175     12.442
 392   -2     24.642      4.696      5.926
1088   -2     -1.241     -1.095      9.142
 402  102    -16.675      6.255      6.549
  -1   -2     20.006      8.718     -0.001
  -1   -2    -14.378      4.223    -12.214
  -1  426    -12.076      3.801     -5.899
  -1  302     23.515      0.402      7.572
  -1   -2     22.205     10.671     10.675
  -1   -2     16.777      0.628     -4.511
  -1   -2      5.862     -0.355     12.215
1258   -2     19.051     11.729     -4.365
  -1  209     -7.313     12.596      1.020
 696   -2    -14.158      6.772      1.545
 274  449     27.494     -3.007      9.865
  -1  639    -17.274      5.520     11.678
1105  110     17.915      1.681      9.752
 779  106     25.561      1.312      6.823
  -1   -2     17.847     12.629      7.474
  -1   -2    -16.477     11.869      2.514
 916  210     25.382      4.382      6.423
 939  482      8.281      4.296      4.288
 424   -2    -14.805     12.273     -3.439
  -1   -2    -14.230     -1.842    -10.873
  -1   -2      7.504      3.786     -1.058
1161  186    -16.041      7.987      1.239
1316   40     17.888     -1.391      5.760
  -1   -2     -8.138     -6.353     -5.330
 727   -2     -9.876     -7.359     10.389
1123  617      0.179     -2.238      8.938
  -1    6     14.455     -5.278      4.385
 285  909    -15.237     11.288     -7.411
 613 1000     14.220     13.815     10.976
 171  793     23.385      5.291      8.787
 321   -2     10.969      0.911      8.374
1300  361     10.370     -7.887      4.524
 270   -2     -9.574     14.027      4.617
  -1  278     -4.821     13.320      9.637
  -1   -2     14.957     12.187      8.506
 558  349     14.252      8.140      4.446
1295  319     -2.441      6.366     -1.110
  -1   98    -11.788     -0.523      2.086
  -1   -2     16.632      6.908     -0.472
  -1 1141      5.159     -3.829      0.772
 884   -2      6.851      0.930     10.074
  -1  749      6.642     13.934     -5.114
 698 1269      5.177      3.759      8.372
  -1   -2     -9.971      8.296      5.372
  -1  362     13.429      3.201     -1.573
 799   -2     -0.269     -1.314      5.269
  -1   -2     21.945      8.259      9.407
  -1   65    -11.668      0.017      7.673
 200   -2     -1.889      1.063     12.393
  -1   -2      1.526     11.069      2.548
  -1  177     13.674     -6.104     10.711
 946  874     25.861     -7.498      9.828
  -1   -2    -19.196      2.111     12.246
1098  868     -1.441      8.256     -3.811
 355  325     -4.627     13.662      3.202
  -1 1122     14.156      3.672     11.622
 676  641     17.806     -8.637     -0.103
  -1   -2     -2.182      8.461     -9.651
 648   10    -15.617     -2.165      8.911
  -1   -2     10.851     -7.537      9.850
 515 1023    -14.922     -9.751      2.465
  -1   -2      4.051     10.337      4.760
 142 1138      2.757     -4.149      9.179
  -1   -2    -10.365     -4.616     12.117
  -1  778      8.420    -10.646     10.122
  -1  446      9.961      9.942      7.992
  -1 1048      0.100     16.444     12.427
 298 1258     19.982      7.298     -3.084
 812  733    -19.794     -0.911      8.574
 549  851    -16.986     12.755      8.309
1220  685    -17.573     -6.364      4.599
  -1   15      9.702      4.553      2.285
  -1   -2     23.483      8.264     -0.228
  -1  457      8.523     -3.901      2.765
  -1   -2      1.566     -1.467    -11.755
 851  421     -7.366     11.707     -8.627
  -1   -2     22.773      4.109      4.980
 701 1187      9.842      8.206      4.923
 199  298     -1.567     13.537      7.361
  -1  597     -0.133      5.294      9.728
1184   -2     -0.431     -6.606      4.736
 469   -2    -11.880     -6.663     11.641
 542  636      5.491      1.624      8.125
 816  120    -14.459      2.383     12.319
  -1 1081      9.339     13.170     11.848
  -1   -2     -1.211      8.716      3.884
  -1  117     -4.668     -0.692     10.946
 134  303    -17.635      0.296     11.897
1084 1280      8.610     10.592     -3.736
  -1 1165     19.845      4.659     10.473
  -1  578     16.668     13.692      1.157
  -1   -2    -14.443     -6.357      1.788
  -1  485     15.973     -7.716      4.751
  -1   48     -7.735      7.663     -3.418
1050   -2     -5.284     16.094      6.734
 675   53      6.381     -0.365    -12.191
 360  296     16.755     -4.427     -7.343
 756   -2     10.368     -2.925     -3.904
 383 1261     10.055      0.941      0.901
  -1   -2     -4.151      5.257      1.177
 601   -2     21.143     16.442      4.430
 182   -2     -5.300     14.596      3.013
  -1  258      9.705     -3.071     -0.210
  -1  450    -10.512     -8.666      7.295
 277  461      5.201     -5.844      4.454
 144  594     -4.314     14.534      2.893
 209   -2     12.525     11.545      8.682
 366   -2    -11.040     -0.910      7.430
 662   -2     -5.245     -5.595     11.132
 988  453     20.796     -3.024      8.904
 664 1094     -5.201    -10.219      6.037
 385  323      0.013     -6.665     -4.358
  -1  331      5.819      1.653     -6.088
 207  163     18.399     -6.553      1.642
  -1   -2    -20.617      1.441     11.152
 387   -2    -12.735     -3.178      4.876
 603  526     25.827      8.267     10.513
  -1  146     22.976     -3.187      3.761
  -1  732     22.512     12.978     11.379
1131   -2     24.880      0.622      9.178
  -1  572     11.309     -6.216      5.507
  -1   -2     -1.405      8.780     11.776
  -1   -2     -0.171      9.016      6.740
 322   -2     13.086      0.479      1.466
  -1   -2    -13.022      3.894      2.551
1206   -2     10.008     11.092     10.214
 380   -2      8.285     -6.508     -3.651
  -1   83      5.062     -0.920      7.483
 396   -2     -5.738     -2.735      1.371
 934  267     -4.587     17.854     12.195
 179   -2      6.660     16.965      7.881
  36  165     11.498      4.276      3.230
 560 1266     19.791      6.276     11.589
 551   -2    -16.703     -2.008      4.211
 107  182      2.467      0.574     -3.383
 521   -2     12.735     14.016      3.025
 375   -2     23.971      5.353      6.476
 651  236     10.029      9.632      5.441
 350  420      0.477     -5.949     10.983
  -1  310    -18.887      5.402      2.506
 697   -2    -10.221    -12.967      3.011
 282   -2    -16.535     -3.212      5.092
  -1   -2     19.217     -4.444      1.278
1157   -2    -10.724     -1.423     -3.363
  77   -2      3.944     -0.810      8.193
 315   -2     20.696     -4.710     -2.383
  -1  650      0.534     12.272     -1.502
 670   -2     24.290     -4.640      9.621
 700   -2     10.842     13.111      7.487
  -1 1004     -6.693     -8.524      4.861
 842   -2     28.020      3.878      9.727
1298  799    -18.524      8.067      4.150
 541   -2      6.303     12.301      6.656
  -1  533     27.715     -4.236      8.665
 425   -2      1.144     -2.863      9.275
  -1   50     -3.795      3.184      9.105
 224   -2     -2.171      3.796     10.466
 168  601      1.590      4.842     10.637
  -1   -2      7.490     -4.159     -3.752
 428   -2      6.583     14.168     -1.510
 185   -2     10.702     -4.168      7.260
 421   -2     12.289     -5.862     12.305
  -1   -2    -10.389     -7.252     11.521
 361  150    -10.895      7.787      4.223
 839  147     -6.119      6.367     -2.719
  -1  307     19.170      4.907     10.938
  -1  666     22.564    -10.452      9.697
  -1  992     15.004     -6.985      9.319
 716   22     -2.426      1.332      6.800
 579 1035     20.841     14.149      8.884
 901   -2    -11.410    -13.263      5.678
  -1  798     -5.243      4.213     -9.011
  -1   -2     17.859      3.359     -9.955
 297   -2     -9.295     -6.983      5.664
  -1   -2     24.383     -0.638     11.467
 306   -2     18.813      9.229      0.832
  -1   -2      1.176      4.744     -5.203
 205 1177      5.615      1.991     -0.088
 930   -2     -2.886     -1.049     10.792
 467 1192     23.511      5.316     -0.898
  74 1243     17.378      7.987      6.823
  43 1308     18.183      2.247      6.585
  -1   -2     12.884     -9.776      5.796
  -1   -2     21.324      4.698     -2.423
 962  279     -4.005      5.050     -0.069
  -1   -2     18.961     -0.630      1.268
1274 1294      8.505    -10.182      4.619
  -1   -2     -4.592     -7.200      6.580
 300  571    -12.938      5.348      2.392
 590  251    -14.096     -7.991     10.846
 929   -2    -15.154     12.721      9.409
1114  869     15.811    -10.739      3.946
  -1  559     20.180      3.977     -8.539
  -1   -2     21.956      8.682      2.769
  -1   -2     15.953      0.748      2.523
  -1   -2     17.131      8.423     -0.348
 952  406    -13.086     -1.206      6.214
 761  174    -15.787     10.180      1.681
 400  826     -0.243     11.607      1.684
  -1   -2      2.077     -9.208      5.179
 326   -2      5.582     -3.277     11.383
 993  474     22.763     -6.360      9.898
1254  379    -11.068     -1.812      2.099
 508  248      6.735      8.182      8.913
 252  193    -11.920      7.359     -2.722
 443  456    -10.301      1.324      8.001
 349 1069     13.711     16.434      8.151
 406  727      6.284     -6.178      9.892
  -1   -2     18.086    -11.179      5.469
 342   -2    -19.462      2.012      9.718
 837  973     -8.099     13.246      7.610
1104   -2     -4.568      7.547      9.424
 243   -2     23.935     10.958     12.144
  -1   -2    -15.763      5.369     -3.155
 536 1265      1.084     -9.505     -1.187
 744   -2     -7.172     -6.566     10.947
  -1   -2     10.765      2.962      0.581
 520   -2     21.219     -4.831     12.525
  -1  531     11.848     -5.794     -5.519
 785   -2      3.682      2.193      7.994
  -1  204     19.828      7.856     12.550
1020  585    -19.482     -2.220     10.724
 534  672     11.447      5.897      3.330
1307  517     17.200      8.735      3.411
 272  917    -18.359      1.960      7.909
 527  394      6.756    -12.446      8.568
1156   -2     16.125     -8.319      1.938
  -1   -2     13.125      0.778      3.534
  45   -2    -10.621     -4.538      3.765
  -1   -2     18.957     -6.015     11.843
 663   -2    -12.799     -3.433      1.218
 983   -2    -11.940     14.157     12.000
  -1  758     18.436     -2.057     10.988
  -1  540     -1.408     12.579      6.582
1124  744      0.743     -9.063      2.868
 710 1237     19.932      2.963      5.940
  -1 1007     -7.543    -12.582      7.261
 336   -2     25.275     -7.215      4.881
 657  179     13.392     17.982      8.894
1261   76      6.861      3.921      5.216
  -1 1309     16.567      5.323     -6.743
 827  191     25.975     -7.713      8.697
 894  840     -8.794     -1.781     10.141
  -1   -2     22.634    -12.533     -0.924
1196   -2      3.401    -14.439      3.767
  -1   -2     14.381      3.601     -7.870
 231   -2     22.828      0.043      5.766
 178   84     20.057    -11.096      5.089
 441  741      5.817     -3.580     -5.558
 772 1259     14.514     16.199      6.315
 367 1136      2.795     -1.978      7.252
 138  107      2.999     -0.728     12.024
 198  532     21.426     10.334      2.803
  85   -2      9.145     15.154     10.544
  -1   -2      7.956      8.791      7.097
 788   -2      7.470     -3.251      3.449
1193 1130    -15.086    -16.008     11.085
 928  927     24.048     16.635      7.934
 167   -2      1.520     -3.133     -4.986
 530   -2      5.806     -9.035      6.911
1280   -2     -4.566     -3.276      5.500
 422   -2      0.202     -1.476      7.549
 472   -2     14.686     -9.902     10.621
  -1   -2     20.952     13.309     -5.735
  -1   -2      0.239      2.987      6.780
  -1  488     26.616      9.381     10.651
  -1   -2     11.612     -4.032     11.391
  -1  556     22.757     15.058      7.652
 726  237      7.028     10.698     -8.230
 843   43    -13.559     -4.016      7.216
 556   -2    -11.401     -7.198     -3.677
  -1  659     24.384     -8.185      8.802
 943 1174     22.806     -8.186      1.192
1054   -2     15.317     12.492     -2.586
 317  505     19.178     14.519      7.650
 104  358      1.358      0.649      3.944
  -1   -2      8.087      4.687     11.916
 947 1098     17.410     12.277     12.062
  -1  172      2.755     -2.912      9.046
  -1   -2     -6.382     11.408     -9.132
  -1   -2      6.519      9.426     -4.278
  -1   -2     -0.599     10.962      6.111
  48  417     18.054      2.911      4.844
  -1  256     16.824     -2.214     -0.885
 618   28     -6.287     12.845     11.772
 386  610      5.053     -2.650     -1.868
1036  336     22.858     11.094     10.622
1135   -2      3.794    -11.359      8.107
  -1   -2     -2.258     -7.935      5.665
1226   -2     -4.072    -17.987      8.501
  -1  660      4.224     15.397      1.134
1207  228     10.549     -2.407      4.365
  -1   -2      1.343     11.159     -3.225
  -1 1041     -0.136      1.458      9.170
 953  284    -12.915     -2.566      7.159
 617   -2    -18.821      0.649     10.356
 510   -2    -14.249     -2.211      7.719
 760  669      0.432    -10.457      2.916
 457  649     14.659     -5.638      6.240
 487   97     26.053      3.665     10.846
 374  780     25.561     -5.169     10.095
 959  722     12.306     -2.360      7.269
 338  549     24.978      1.681      4.830
 605   -2      9.733     -4.543      9.644
 283  647     -3.097     -4.041      6.271
 494  588     23.891     -3.473      9.399
  -1  592      7.061     14.420      9.729
 169   -2     22.206     11.378      7.370
  -1   -2     -3.687      3.357     -0.220
1189  679     -8.790     -5.436      9.474
 364   -2     17.904     12.312     -7.778
  -1   -2     21.528      4.900     -5.932
  -1   -2     -0.487      5.330     -4.761
 865  795     18.497     -6.183      4.879
 828   -2     -8.756      8.612     -4.114
 950  905     -5.206     15.286      3.511
1033  561     -4.022    -14.732     10.075
  -1   -2     -3.377     -4.212     -2.611
  -1   -2    -18.957     -0.208     11.247
 471   -2     12.845     12.789      5.749
  -1   -2     -7.708     11.395      8.330
 172  280      0.624      9.800      4.249
  -1   86      4.954      9.834      4.568
  -1   -2      7.017     -0.613      8.186
  -1   -2     10.409      8.618     10.399
 159   -2     14.549      6.806      7.868
  -1 1171     10.522     -6.424      8.333
  -1  637     -6.698      2.299     -6.194
  -1   -2     25.733     -3.468      4.690
 612   -2    -17.550      5.450     -1.284
  -1   -2    -13.634      1.016      2.835
1154   -2    -14.892     13.816     11.592
  -1   -2     -0.551      9.727      7.352
1210  360      0.972     10.958      6.352
 465   -2     12.071      2.844      8.881
 475   -2     -7.714     15.358      6.402
 957   -2     12.857     -7.304      4.763
  50   -2      1.622     12.896      7.647
  57  810    -12.196     11.950     11.599
  -1  783     -4.086     -4.145     10.115
 653   -2     21.193     11.328     11.127
  -1   -2    -16.914    -10.647      9.070
 629   -2    -11.413    -11.245     11.486
 674 1112    -10.389    -11.369      2.897
 228  736     19.422      9.327     -2.155
1301   -2     21.932     13.346      3.061
1121 1018     -1.127     12.742      1.627
 832   -2      4.929     15.607     11.848
 280  326     15.498     -5.683      9.334
1053  436    -12.429      1.862     -0.284
  -1  127     13.344      9.982      7.964
 128  141     11.743     -0.149     -8.707
1149  586    -17.859     -8.782     11.905
 923   -2     -9.722      8.366     11.206
 972  430     10.871     11.522     10.070
 610   -2    -17.916     -7.630     10.631
  -1  111     19.617     -1.855      2.574
   9  346    -10.119     -3.633     12.212
 175  645      2.501      5.700     -3.829
  -1   -2     10.047     -1.750     11.091
 114   93     17.808     -0.750      7.708
 444   -2     10.965     16.580     12.115
 390  723     15.168      4.700     -0.136
  -1  678    -16.429     -5.039     11.025
  -1  508    -16.245     10.720     -3.806
  -1   -2      5.938     -8.240     11.334
  32 1173     18.512      4.966      6.579
  -1   -2     24.177    -12.239     11.448
  -1  498    -14.265     -8.659      9.144
  -1   -2     -6.000     -2.071     12.493
1127   -2    -11.139     13.788     -1.017
  -1   -2      1.874     -1.880     -0.198
 334   -2     -8.735     -5.795      4.557
 908  691    -11.871     -6.047      7.680
 869  657     16.953     -1.685      9.528
1178  606      8.868     -8.547     -3.329
 863   -2     -4.958     14.027     11.269
  -1  655      7.225     -5.784      1.493
1192  710     18.037     16.548     11.416
  -1  374    -15.674     -3.289      3.265
 395   -2      3.641      2.679    -10.612
 324   -2      1.842      2.693     12.411
  -1  864    -18.548     12.034      6.361
 578   -2     -8.177      2.902      7.812
1097  393     19.190     10.600     10.206
 570   -2     -5.966    -11.867      6.375
 388   -2    -17.682      9.149      1.363
 906   -2    -10.513     17.255     10.232
 123   -2     -4.235    -11.930      4.449
  -1   -2     14.990     -2.418      7.413
  -1  906    -10.968    -14.860      1.659
 343   -2     -0.716     15.894      5.619
 790   -2     25.943      6.870      8.592
  -1   -2      5.396     -7.618      1.492
 956   -2    -12.002     -1.248      8.544
 245   -2      9.119     -1.068      6.195
1001  746     -2.295    -10.806      6.724
  -1   -2     17.763      3.561      5.044
 320 1202     19.476    -17.295     11.457
 689   -2     21.190     -6.130      8.630
 416   -2      2.446      0.739      8.395
  -1 1188      4.084     18.025     12.284
 980  833     -6.336     -8.352      6.908
 591   -2      8.358    -13.005     -1.937
 940  401     -3.240     -2.060     10.153
1284  468     13.344      9.975      0.794
 638   -2     24.861     -0.335      1.376
  -1  233      3.127     10.297      7.422
  -1   -2     -0.084    -10.295     -0.104
 329  315     19.660     11.324      3.340
1312  329    -16.191      4.033     -8.827
1278   -2     18.443     -8.849      3.332
   7   62      3.922     10.925     -0.583
  -1   -2     15.558     -0.922      9.487
 914  220     15.948     13.741      3.253
  -1   -2      9.383      5.849     -3.709
 517  656     25.453     10.103      6.219
  -1   -2     10.442     -3.126      2.882
  -1  756     19.306     14.744     -2.816
  -1   -2      2.954    -13.685     -8.211
 801   -2     23.693     13.840      2.018
1130   -2     13.826    -11.266      6.586
 292   -2     -0.937     -6.515     -5.524
  -1   -2     24.318      3.437     11.020
 616   -2     -2.824     -8.687     12.235
 665  975     18.962    -17.360      4.593
 637  661     16.771      2.063      4.579
  -1   -2      2.517      0.153      5.544
 750   -2     16.851      7.915      8.705
 567   -2    -12.674     -9.596     12.032
 149  682     -4.805     -5.376      6.507
1225  730     14.822    -17.914     12.262
 652 1151      4.189     13.313      7.642
  -1   -2     -0.035     -1.754      4.036
 423   -2     13.150      3.244      7.361
 518  240      5.902     -3.006      9.832
 240   -2     20.003      7.117      9.714
 611  688      7.245     -1.945     -1.824
1197  480     -4.443    -10.210     -0.886
 302   -2    -16.598      3.115      2.211
1186  499     -6.021     -7.088     11.659
1132   -2     24.330      6.816     10.026
  -1   85     18.042     14.289     11.279
 346   -2      6.869      2.078     10.695
 628  247     10.665     14.174      7.813
 122  889     16.746    -10.086      5.650
 202 1256     23.564      7.516      9.273
 562   18     21.842      1.797     10.170
  -1  937    -18.426     -7.847     10.973
  -1   -2     16.752      6.409      3.596
  -1 1078      8.210     16.168     10.098
  -1   -2      8.169     13.264      1.592
  -1  786     25.759     -3.203      8.297
  -1   -2     19.381     14.187      0.007
  -1   -2     -2.861     11.314     -4.569
  -1   -2     12.807      0.029     11.887
  -1  327     12.772     -0.999      4.826
 925   -2     -9.970      4.459     -3.833
 381   -2      5.565      9.329     -9.672
1086 1071     10.432    -14.488     -3.364
  -1   -2     -3.515     15.251      6.449
 550   -2      1.101      9.320     10.716
 995  355      3.961     -7.771     -1.877
  -1   -2     16.683      5.292     -0.160
 635   -2    -10.436     -3.477      7.955
  -1   -2     -3.752    -11.591      8.033
  -1  714      1.304    -12.697     11.032
 432   -2     24.004     -3.100      7.408
  -1   -2     25.191     14.511     10.322
 442  339     21.096     -5.244      2.424
  -1 1050      6.715      3.138     12.181
1080  287     25.857     -8.526     10.503
  -1   -2      9.271      2.031      7.420
1007  850     22.600     -9.902     10.118
 389  854     -7.261     -7.138     11.857
 371   -2      8.901     -3.541     11.352
1183  694      3.933     -7.428      6.556
1143   -2    -11.430    -15.594      9.216
1191  292     11.136      6.841     10.181
 764  600     18.345    -12.482     -5.582
  -1  404     -3.649      4.511     -1.547
1138  987      0.155    -12.272      5.384
1221  203      2.254    -12.396     11.857
 695  784     -3.385    -12.120     -2.111
 461  584    -13.091     -8.547      6.389
  -1   -2     12.524     15.437      1.366
 555  665     27.356     -8.259     10.532
  -1   -2    -11.417     -4.999     10.252
 966   -2     10.751    -12.832      5.717
1100 1131    -12.191    -15.638      5.860
  -1   -2    -15.640     -9.542     -2.748
  60  737     -9.821      5.735      2.370
  -1 1056     20.372     16.591      6.913
 913  757     22.017      0.663      4.789
  -1   -2     -7.178    -11.438      8.067
  -1  373     16.600     -2.473      6.256
  -1  511      7.892     12.411      1.060
  -1  788     -0.907    -12.555      4.035
  -1 1312     -8.357    -10.207      9.452
  -1   -2     13.677      4.085      3.546
 463  514     -0.404     -3.117     10.917
 742  589    -19.128     10.371     11.782
  -1  836     -4.262     16.736      7.269
  -1  539      6.603      9.117     11.030
  -1   -2      7.259     13.084     11.613
 948  271     23.305      8.779      6.048
1049  103     17.650     -5.614      9.658
1211  501    -18.203    -12.620      6.888
 455  427     -0.328     -3.648      7.554
 771   -2     -5.775     -0.660      9.590
1223  935      6.481    -13.135     -1.960
 466   -2      2.025    -13.894      2.979
  -1  308     18.958     -0.585     -2.501
  -1  616     -3.287    -10.796      4.030
  -1 1176      9.989     15.378     11.821
1136  625      8.886     14.148      1.326
  -1  768    -20.468      3.642      8.307
 239   -2     22.135     13.892      9.700
 912  552     -9.339     -0.957     -6.112
  -1  520      2.541     -7.821     -3.238
 719  751     19.225     10.692     -8.808
  -1 1191     15.581    -11.421     11.751
  -1   -2     20.877    -13.331     11.961
 308  750     -9.121     13.098     11.262
  -1   -2     18.311      7.335     -8.016
  -1  683     18.656     11.464     -7.241
  -1  735     24.554     14.549      7.723
  -1  483     10.684     -8.441     10.035
  -1 1105     11.147     -4.321      4.459
  -1  548      7.183      1.664     11.649
 784   -2     18.210      1.248     -8.282
 501  972     18.784     16.277      5.586
 780 1066     23.541      0.274      8.664
1102   -2     25.879     14.639      7.048
  -1   -2     13.890      9.175     -3.197
  -1  622     19.548      0.731      7.186
  -1   61      9.014     -4.532      7.778
  -1  676     22.916      9.789      8.202
  -1  752     21.774     14.350      3.606
 890  130    -11.601     -0.723      8.154
 413   -2     22.832    -15.648      5.879
 479  475     21.386     18.171      9.869
  -1   -2     10.359      9.877      9.651
  -1 1045     -5.063    -11.823      6.545
 498   -2      4.709     -0.617      0.493
  -1   -2     21.411      1.157     -0.774
  -1  776     15.034    -15.302      2.343
  -1   -2     11.278    -12.346     -3.457
  -1  816     19.148    -13.558      4.044
 999   -2    -16.801     13.456      8.877
1000   -2    -18.679      6.623      6.141
  99  916    -13.264     13.840      5.933
 798   -2     29.018      1.491     10.145
  -1  934     -1.199      6.887     11.438
 942   -2     27.252      6.740      7.490
  -1   -2     -0.532      3.632     -1.239
 217  472      0.465      7.234      5.060
  -1   -2    -16.682      0.966     10.974
  -1  481    -21.041      2.207     12.300
 964 1082    -20.456     -2.666     11.157
  -1  962    -17.716      9.802     11.991
 741   75      8.264     15.049      5.676
  -1   -2     -9.986     -0.006    -10.932
  -1  731    -20.231     -2.118      8.110
  -1 1011     25.177     -9.369      1.190
 902  774    -16.184     -9.289      2.667
 203   -2     -8.585     10.359     -6.266
  -1   -2     17.311      6.929      7.424
  -1 1053     -1.721     14.895     10.993
  -1  354     26.897     -6.748      9.155
 899 1114    -18.696     -7.489      0.721
  -1   -2    -14.263     11.595      0.840
1289 1273    -20.199     -4.759      3.397
  -1 1026     24.752    -10.166      9.163
 660   -2     20.940     -7.085    -11.334
  -1  835    -21.071     -9.418      7.219
 740   -2      5.940    -11.179      8.373
 815   -2    -16.620      1.948     12.185
 133  811    -21.238     -1.648     11.975
  -1  314    -15.752     -1.725      6.824
  58  155     17.972     13.495      6.952
  -1   -2     20.430     -6.360      8.086
 682   92      4.061     10.990     10.619
 910   -2      8.003     14.910      9.529
  -1  842    -10.226     12.612     -1.517
 655   -2      3.405      3.491      8.507
 233   -2     -6.402     -2.908      7.553
  -1   -2     -9.368      2.469     10.194
  -1    8    -12.786      9.270      3.304
 831 1092     28.077      6.104      7.644
  -1   -2     -5.745      1.294      5.277
 805   -2     -8.605     16.912     12.324
 834 1274    -13.418     -5.841     11.239
  -1   -2    -16.288     -5.026     -8.186
  -1  118     27.154      4.765      9.833
  -1  983     -3.308     18.444      8.952
  -1  882     -0.887     14.369      0.789
  -1   -2      7.174      5.957      7.932
  -1   -2    -11.973     -8.592     12.693
  -1   -2    -15.355     14.420      7.647
  -1  299      4.344      3.464      8.714
  -1   -2      0.495     12.004     12.534
 813   -2    -16.204     16.674      6.283
  -1   -2      8.283    -11.168      6.608
 190   -2     14.016     14.486      6.338
 922 1277     18.029      8.703      0.379
  -1   -2     26.218      6.826      5.215
 589  729     -7.798    -11.701      3.578
  -1  515     29.160      6.565     12.567
  -1   -2     -9.165    -11.660     -8.929
1011 1046    -18.290     12.954     11.177
  -1   -2     -5.118     17.652      4.362
 121  707     26.354     -5.078      7.573
1134   -2    -19.379     -6.386     11.190
  -1  829    -11.905     17.537     12.600
 998   -2     26.993      9.504      4.187
 353   -2    -19.001     12.274      8.736
  -1   -2     -2.768     12.089     11.289
  -1   -2     18.695     -1.346     12.386
 614  595     -1.764     -1.829     10.632
 870   -2    -19.556     -9.893      9.237
  -1   -2     18.857      1.565     11.365
  -1  853     26.980     13.703      6.468
 889  961    -11.569    -13.260      9.285
  -1   -2      1.363     -6.264      6.640
1202   -2     25.619     12.899      8.832
  -1   -2    -13.128     -0.480      9.627
  -1   -2     -3.056      7.990      5.847
  -1 1057    -15.581    -10.593      9.294
  -1   -2      0.815     10.516      7.075
  -1   -2     12.102     -3.376      3.974
 680 1025     13.995    -16.277     11.708
  -1   -2     17.907     -0.907     -0.443
  -1 1059      0.480     15.990     10.075
 417   -2     24.131      4.856     12.292
  -1  698     18.636     -7.557     12.302
  10   -2      1.392     -7.219     12.617
  67   -2     -9.806     15.648      6.600
  -1   -2     -0.547    -10.740      9.276
 426   -2     14.423     -2.952     10.928
  -1   -2     10.690      4.306      3.432
  -1   -2      7.143      5.502      5.241
  -1  546    -13.832     -2.450     -0.209
  -1   -2      5.947    -12.769     -9.884
 958 1022     -4.895     17.860      8.863
1181  353     12.181      4.204      8.925
 800  487     11.186     15.903      3.348
 235  693    -16.397      1.426      4.471
  -1  425      1.382      2.483      5.221
1296 1127    -12.558     13.287      5.395
 420  364     25.372     -1.134      5.685
 193   -2    -17.124     -1.442     -1.088
1246   -2     18.046    -19.494     11.245
  -1  371     13.198     -5.377      8.332
  -1  894    -22.273     -4.880     10.568
 554  553     -3.108     14.487      3.522
  -1   -2    -11.455     -6.894     -8.590
1198  813     14.472     18.661     10.605
1133   -2      2.391      7.879     11.733
  -1  671     18.600      8.567     10.610
  -1  269    -17.889     13.545     12.531
  -1   -2     -1.554     -8.857    -12.347
  -1   17    -15.523      0.409      4.133
 598  667     23.976     10.344      9.457
  -1 1037     28.027      6.923      7.740
 917  566     14.452     13.516     -7.698
 891 1276      8.267     14.771     -1.340
  -1  954     -4.678     11.037     10.474
 230   -2     19.170     14.789      5.719
 174  136     -6.017      8.147     -5.213
  -1  596      5.256    -10.514      5.217
  -1 1036     15.805    -17.829     10.058
  -1   -2     15.955      7.936      6.156
  93 1147    -12.131      7.120      5.051
  -1 1017      7.063    -13.079     12.521
  -1  892    -11.004     11.832     11.579
  -1 1272     28.600      1.446      9.593
 492   -2    -12.920     -4.255     12.587
  -1  245      6.445      6.433      4.727
1016  208     14.722      2.635      7.943
1101   -2     -5.245     15.185     12.168
 631   -2      1.444    -10.494      4.483
  -1  739      1.189     -6.006     -0.805
  -1   -2    -20.750      9.629      6.305
  89   -2     22.550      3.350      9.399
  -1   -2    -13.884     -9.308     10.060
1175   -2     22.114     -2.077      9.065
  -1   -2     12.431    -10.882      4.890
1056  470     17.151     17.269     12.130
  -1  925     -2.121      1.249     10.595
  -1  399     17.987     13.450     -4.836
 721   -2      4.593    -17.847      9.075
 976  337     -8.675      1.408      6.575
  -1  845    -17.897      5.217     10.497
1037  500      0.386      9.085      1.861
 860  684     -4.254     16.593      5.334
 807   -2     21.580     15.262     12.421
  -1  266     27.345      4.231     10.694
1103   -2      1.567     19.025      7.972
1147 1143      8.021    -17.550      6.566
1024 1079     -1.620     13.489      9.867
  -1   -2     -1.165     -1.738      1.962
  -1   -2     -2.608     18.995     12.543
  -1   -2     -6.080      9.447      3.888
 811   -2    -19.419     -5.698      7.762
 624  754      3.175     15.450      4.650
  -1  465     -8.924      2.575     10.114
  -1  478      2.181     -5.284     12.129
  -1   -2     22.096      5.555     -6.028
  -1  847    -16.356     18.174      2.519
  -1 1190    -15.936    -12.805      9.451
1008   -2    -20.042      2.571     11.612
1004   -2     -3.455     -1.540     -2.667
  -1  999     23.423      2.015      9.974
  -1  184     -8.771     -3.958      2.552
  -1  748    -13.609    -13.574      0.872
  -1   33      5.217     12.981     11.224
  -1  806     -3.183     -1.680      7.296
  -1  263    -12.043     13.037      2.338
1115   -2     13.135     -4.253      7.565
  -1  817     25.611     11.125      4.643
 533  755     16.250    -13.455      5.611
  -1  681    -19.290     -1.905      9.056
  -1   -2      1.368      3.182      6.703
  -1   -2     12.533      4.382      3.706
  -1   -2     22.378     -3.347     12.047
  -1   -2      3.937    -12.252      2.462
 856 1090      4.573     14.058      4.135
  -1  970    -15.395     19.797      9.206
  -1   -2    -17.144      7.602      2.784
 263   -2     -3.287      2.149     -2.141
  -1  149     -4.328      7.440    -11.902
  -1  573      4.084      6.678      6.358
 819   -2     -7.493     -9.363     10.512
  -1  745     23.841     -1.097      1.740
 647   -2      6.458    -13.588      4.605
1074  352      2.373      1.198     11.853
  33  126     24.455      0.036      5.663
  -1   -2     24.234      5.891     -1.001
 990  188     11.690     16.698      9.129
 876  121    -11.000     12.219      4.754
  -1   -2    -19.106     11.302     12.100
  28   -2    -18.466     -1.146      4.533
  -1   -2     -0.900     -0.679     -6.814
 281  386    -18.049      5.821     11.055
  -1   -2    -13.084     15.918     10.037
  -1 1166     -5.960     16.125      9.280
  -1   -2      4.271      4.951      3.817
  -1   -2      2.528     -0.467     -2.868
  -1   -2     23.095     15.341      9.149
  -1  142     -0.347      7.874     -7.543
  -1  569    -10.466     -1.442     11.799
  -1 1296    -10.945     12.279      1.372
  -1 1015     -3.949     -9.985     -9.289
  -1 1249     19.257      2.407      9.898
  -1   26    -17.878      3.433     -0.701
  -1 1279     -6.369     14.685      8.042
 237   -2      9.694      6.106      5.019
  -1 1060     -1.249     19.220     10.596
  -1   -2     23.229      3.891      3.495
1227   -2     23.855    -17.227     11.264
 539  619      5.430     -9.848      0.483
 319   -2     -5.397      2.756     10.086
  -1  809     -8.040      5.026      0.046
1163  912    -13.067    -19.692      9.457
1111  646     -3.517    -16.044      2.012
  -1   -2      5.601     -1.405      7.304
  -1  838    -13.354     10.071      8.454
1069   -2    -12.707     14.815      1.640
  -1  615     18.509     -7.408      8.410
 499   -2    -15.372     13.410      7.869
  -1   -2     -1.493    -12.868      4.190
  -1  367      3.819     14.009     12.202
 729  627     15.609      7.466      9.816
  -1  612     -6.055      3.161     11.244
  -1  454     16.813     11.931     -2.388
  -1  215      6.952    -12.248     12.207
 435   -2    -18.818     -4.554     12.242
 725  913     14.641     -0.451      3.225
  -1   -2     -8.555      9.466     -4.948
1077  224      4.721     -3.730      5.241
  -1  133      2.066      6.936      8.849
  -1   -2     24.605      9.827     11.829
 692   -2      8.583      8.586      9.959
 687  390     20.579     16.183      8.448
 639  123     16.915      2.494     11.459
 818  338     -3.698      4.490      9.584
 977  624     15.223     17.337     10.941
  -1  550     13.362     11.430      1.495
  -1  580    -14.554     -4.082      7.896
1090 1044    -10.589     -5.881     -3.206
 208   -2      8.418     10.238      7.140
  -1  932     23.740     19.581     12.601
1113  834      7.645      2.246     -5.234
  -1  389     21.709    -12.956      5.560
 669   -2     18.283      8.277     11.591
 476   -2     21.140    -15.098      3.138
  -1   -2     11.464      8.620      7.285
  -1  591     -6.477    -16.045     10.118
  -1   82     -7.766     -0.039     -7.862
1238   -2      8.559    -19.653      9.816
  -1  791     -7.831    -15.405      2.057
1239 1196     24.852     17.010     11.602
  -1 1049      0.909    -16.227      8.286
 706   -2     23.750      9.561     -3.492
1079   -2    -10.023      7.935     11.819
  -1  881     25.073      3.731     10.967
  -1  197     21.632      7.113      7.957
1071 1170    -14.765     16.361     11.559
1027 1021    -10.940     17.846     10.236
 758   -2     21.205     10.184      0.751
  -1   -2      4.759     12.866      2.711
  -1  357     -0.332     -7.476      1.925
  -1  306    -18.536     -6.931      5.374
1229  709    -11.700    -17.671     11.237
 480  631    -13.494    -16.588     11.430
  -1   -2    -17.263     12.157      0.744
1095  977     -1.852      2.573      8.762
  -1  502    -10.364     -4.946      0.823
  -1  347      7.673      0.451     -1.899
 495   -2      4.373     -3.236     -5.776
  -1   -2     15.902     -9.516     -4.120
1158 1282      9.410    -16.148      7.486
  -1 1099     24.431    -14.610     12.559
  -1   -2     27.097      3.439      6.773
  -1   -2     23.974    -16.242      7.450
1013   -2     23.739    -12.986      9.352
  86   -2     -5.848     -1.850      6.193
  -1  726    -14.508     -2.033     12.122
 362   -2     23.658     18.600      6.997
  -1 1295     25.047      1.126     -0.172
 357   -2    -13.459     -2.402     -1.916
 873  789     17.906      9.330     12.154
  -1 1193     -3.052     -8.055      2.869
 767  644     17.358     12.409      7.785
  -1   -2     24.402    -10.167     12.609
 340   -2      7.768     11.621      8.095
  -1 1075     15.791    -16.514      2.638
  -1  697     27.261     11.416      7.421
1173  843    -17.180    -10.305     12.125
 830   -2      7.723     -7.760      9.480
  -1   -2     -3.382     11.648     10.588
 671 1155     -1.369      5.796     -8.551
 561   -2      5.588     16.123      7.756
 232   -2     -3.482     15.134     12.149
  -1  919     -5.267     19.798     11.972
 762   -2    -13.862      9.939     11.296
1087   -2     -1.669    -13.891     -0.162
 137   -2     -3.521     14.687      9.948
1019  582     22.555      8.795     11.515
 699   -2     25.537     13.542     10.045
  -1  740    -15.261    -10.452     -6.450
   3  985      3.075      8.357     -1.456
  -1   -2     19.345     11.402      8.517
  -1  135      7.450     16.983      9.881
1091   -2      9.827     -6.980      8.900
1214  231    -14.487     -7.204      8.023
  -1   -2     12.366     -2.906      7.342
  -1  699      5.704    -14.849      2.384
  -1   -2    -18.769     13.820      7.942
  -1  918    -10.998      2.105     11.306
 587   -2     19.780     -2.084     10.340
  -1   -2    -11.297     -3.336     12.409
 938  400     -7.078     16.699      5.034
 776 1148    -12.457    -11.894      5.473
 433  363     14.423     -8.163      3.086
1212   -2      5.597      9.123      5.895
  -1  115     11.357     -9.660      6.586
 571  295      3.950      7.611      8.117
 886  964    -18.228     14.643     11.703
 525   -2     -3.043     16.461     11.540
1041   -2    -17.885     10.911     12.415
  -1   -2     -8.511    -18.643      7.225
 569  492     -5.879     -7.229     -9.708
  -1   -2     -0.879      9.784      9.229
1047   -2     -9.141    -13.689     12.121
  -1   -2      3.364      5.890      6.671
1213  955     19.398    -10.728     10.582
 686  901      6.720     -8.235      9.539
1195 1016      7.248    -16.843      2.445
1044 1115    -15.322     14.599     10.058
 557   -2     12.513     -5.754     11.023
  -1   -2     -1.186     -4.838      0.611
  -1   -2      8.040     -1.005     11.625
  -1  953     13.523     13.592      6.705
 965  724     12.919    -14.705      6.188
  -1   -2     18.656     -8.048     -4.377
1234   -2    -11.100    -17.827      7.881
 640  410     22.581      6.083      6.725
 309  635      9.575    -12.090      0.251
  -1 1189     27.373     12.436     10.530
  -1   -2     16.070      8.670      0.520
 573   -2     -1.484      5.154     10.914
1043   -2     -7.227    -14.337      1.855
1052   -2      9.762     -2.070      7.942
  -1   -2      0.530     15.828     12.108
  -1 1111     -8.088    -16.403     -2.550
  -1   -2     -5.889      4.333     -9.105
 967   -2     27.619      0.378      9.974
  -1  518     21.639     12.426      5.510
1273  384     14.627      9.118      6.928
  -1   -2     -0.494    -17.681      7.901
 376  712      8.971     13.532     10.164
  -1   -2     24.607     -3.914      9.922
  -1   -2      2.506      8.204      6.382
  -1  690     -0.429     -2.702      8.888
 775  252     21.015      8.723     11.342
1209  885      0.190     12.107      9.684
 347  696     -3.349     -5.890      4.971
 659   -2     15.661      4.447      6.689
  -1  638     21.397     10.862     10.770
  -1  495     -1.804      7.875      7.122
  -1 1031    -17.288    -11.218      0.791
  -1  424     27.488     -0.332      8.557
 981  575      0.534     18.967      9.617
 683   -2     -9.779     13.100      0.226
 363   -2      7.359     -1.263      2.525
  -1   -2      0.381     13.658     -4.500
  -1  828     -4.503      0.512      5.191
 143   -2      6.868     -8.303      1.078
  -1   -2     13.657     -9.935     -5.704
  -1  607     -9.449     19.119     12.351
 846    4      5.366     -7.305     11.160
1009 1063     10.897    -15.005      1.410
  -1   -2     10.701     -3.264     -3.246
 130   -2     16.530     12.724     12.084
  -1  491     11.309     -9.880     12.531
  -1  998      3.563    -11.754     10.441
  -1   -2     -7.100     -3.196      6.247
 746  537     12.412     -9.751      9.261
 523 1169     17.829     14.470     10.595
  -1  949    -15.977    -12.731      0.366
 921  419     20.373    -11.607     12.255
  -1   -2     10.717    -15.462      9.156
 747  790      2.136     14.753     10.098
  -1 1102      0.139    -15.386      7.859
 845   -2     -4.338    -20.642     10.346
  -1   -2     14.142    -12.590    -10.006
  -1   -2      1.676     -6.452     -5.762
 316   -2      0.121     12.702      3.298
  -1   -2      2.349     -3.127      4.151
 825   -2     -2.822     -9.299      2.271
  -1  738     -9.227     -8.535     11.057
  -1  304     -7.780     -3.502     -6.214
  -1 1061     -4.761     18.246     10.217
 734   -2    -13.578    -14.471      6.137
  -1   -2     11.260     -0.021     -3.501
  -1 1160     -6.674    -20.602      9.803
  -1   -2     21.643     -2.186     -6.665
  17  825    -12.353      0.111      4.666
 911 1123     22.210     -3.471     10.275
1243   -2     19.279     24.696     11.454
1233 1197    -27.432    -10.187     10.653
1245 1159    -24.851    -13.697      9.430
 768  767      3.183    -20.915     11.353
1228 1199     12.684    -24.263      7.576
1236 1186     21.625    -16.954     11.921
  -1  590    -19.627    -15.019     12.658
  -1   -2     14.913     28.169     -0.137
  -1   -2     -3.095    -22.260     -1.089
  -1  915    -26.124    -14.728      9.946
  -1 1217     15.927     21.944     12.016
  -1   -2     15.642    -22.064     10.051
  -1   -2      3.912    -28.844     -1.872
1302   -2    -16.870    -20.390      7.747
  -1  771      9.456    -18.659     11.880
1219 1208     20.143    -25.183      9.597
  -1   -2     24.327     18.907     11.308
  -1   -2    -15.046    -26.472     -0.581
1235 1209     16.909     25.120      9.150
  -1   -2     28.485    -24.950      9.888
  -1  984     19.590    -22.833      9.702
  -1 1292     27.471     13.778     12.238
  -1   -2      7.502    -21.357      8.461
  -1  753    -18.252    -15.908      3.770
  -1   -2     10.624    -27.945     -7.683
  -1 1225     27.301    -22.589      9.773
1244 1216    -18.685    -13.655      8.902
  -1 1120     -8.173    -20.851     10.846
  -1   -2    -15.815    -16.499      0.086
  -1 1133      9.317    -21.840     11.997
  -1   -2     15.969      1.942     10.445
 451   -2     16.110      1.728      9.931
  -1   -2      7.300      2.468      5.651
  -1   -2     11.153     -4.365      2.951
  31   -2    -13.845     -1.909      1.149
  27   45     13.832      4.713      9.865
 251   59     13.289      2.733      6.992
  -1   -2    -12.226     -0.181      3.400
  -1 1286     18.924     -6.178     10.175
  24  466     15.628      2.472     -1.807
  -1 1255     -0.756      0.564     11.136
 970    3     -0.875      0.599     11.065
  38 1234     16.797      7.721     -5.307
  -1  523     -8.696     -4.039      6.407
 222   96      3.416      6.637      2.315
  -1   -2     16.737      9.606      2.662
  -1  140     -7.861     -6.303      9.603
  84  773     14.460     11.184     -7.362
 129   -2     23.119     -0.734     11.111
 331   -2     26.651      5.293     11.457
  -1   -2     16.737     13.532     -3.837
  -1   -2     16.711     13.426     -4.006
  -1  199     21.811      1.612      9.717
  -1 1303    -10.797     16.488      8.404
  -1  230    -17.188      5.640     11.681
 212 1101    -17.955      7.478      3.801
1330    2     16.032      2.018     10.507
 158   -2     19.345     -8.549      6.278
1276   -2     24.574      1.577      1.237
  -1  119      7.640      5.381     -0.085
  59   -2     15.827     -0.738     -8.694
 337  628     12.356    -10.921      4.787
 147   -2     -5.417      5.641      6.418
  -1   -2     -2.346      1.592     11.859
 656   -2     -0.675     -5.985      1.085
1268  706     -7.806     15.272      6.556
  -1   -2     23.568      0.434      7.765
  -1   -2     26.065     13.096     11.368
  -1   -2     -7.261     -9.078     10.202
1081 1052     23.123     13.652     11.248
1275   -2     -3.974     -9.886     -9.479
 871   -2     13.902     -6.385      9.176
1290   -2    -12.035     12.824      1.835
  -1  920     -2.273     -7.775      7.024
 404   -2     20.530     -0.203      6.130
 672  113     -0.636     -1.064      5.183
1216 1145     -1.942     16.904      2.364
 497   -2      9.488      5.509      6.363
1165   -2     26.022     13.084     11.260
 858  434     -5.614     13.532      9.876
  -1  849    -13.273     14.967      4.042
  -1   -2    -14.464     11.987      1.429
1068   -2     18.264      1.811      6.134
  -1  686      9.214     -6.521      8.584
  -1   -2     16.737      9.606      2.662
1255  471     16.742     13.493     -3.743
  -1 1283     16.692     13.351     -3.861
1311   -2    -13.999     -2.087      2.397
 109   73    -13.638      7.408     -0.481
  -1   -2     10.969      5.179     10.900
1336 1310     10.955      5.214     10.905
  -1  148      5.368      0.238     11.511
  -1 1077     -7.289     -9.008     10.076
1318   -2      1.575     -0.233     -2.581
 529   -2     -5.335     -1.930      7.128
1306 1297      7.300      2.468      5.651
  22 1227     -8.101     -1.722     -0.351
  62 1299     16.737      9.606      2.662
 165  490     18.126      7.449      4.715
1338   -2     -7.289     -9.008     10.076
  -1   -2     16.612      5.328     -6.835
1341 1314     11.095     -4.420      2.954
  -1   -2    -10.797     16.488      8.404
1335   -2     16.612      5.328     -6.835
1319   -2    -10.797     16.488      8.404
 575  463     -0.715     -4.391     -4.356
1347 1315     12.468     -6.188     -2.280
