1248
  58   -2    -11.139      4.507     12.106
  -1    3     -9.079     -0.453      7.842
 866  472     15.954      1.728     10.174
 856   -2    -18.052      2.158      6.199
  25   13      4.583      3.639      2.950
   6 1199     -2.200     13.127      4.195
 294  559    -11.587      5.040      4.515
 439 1060     12.884     -8.898     12.013
  46   -2     25.830     -5.293      5.566
  -1  369     16.408     11.128      4.394
   8   -2      0.844     10.602     10.650
  -1   -2     -3.405      0.227      8.022
  38   21     -5.912      6.124     -7.874
  -1  454     -3.304      1.096      6.751
   0   41     -9.349      5.324      6.400
 118  606     -4.798      1.850    -11.539
  79  334     -8.444     10.805      1.878
  -1   64     11.968      5.396      5.994
  -1   -2     -2.230     14.993      7.291
  69   -2      5.596      0.463     10.399
 450   -2     -4.239     -0.412      4.974
 646   25     -5.815      0.303      5.942
 283  143      3.176      9.614      5.751
  52 1207     15.191      3.771    -10.506
 583   -2    -11.845     -6.483      8.248
1140   -2     -4.207      4.440      9.132
  -1  253     -5.822     -0.783      4.458
  -1   -2      8.894      9.448      0.002
 398   -2     -2.602      3.029     12.682
1066   -2     -3.714      8.147     -0.371
1229 1255     18.880     -6.143     11.163
  16   -2    -14.286     10.635      6.461
 166  999      9.546      3.411     11.542
 787    0     -9.486      4.018      5.410
 410   -2      7.453     -2.583      1.747
  -1   -2     -9.056      9.117      6.610
  -1   -2     -9.214     13.514     11.052
  -1   20     -5.279     -0.763     -5.667
 752  904     22.813     -3.693      7.914
1071  195      3.777      5.612     -1.380
  -1  149    -15.972     -5.452      4.537
 354  693     23.028      8.014     11.378
  -1  246      3.302     12.041     -8.612
 427   -2     12.170      2.325      0.476
  41 1206     13.868     -3.653      0.758
 674 1096      7.865      1.947     12.128
  -1   -2      9.757      3.230      5.211
  -1   -2     20.658      6.489     -1.029
 224  108     14.929      5.726      5.170
 136 1216     20.376      9.521      6.993
 203  680    -13.331     10.864      0.191
  -1   -2      1.681     -2.827      5.225
 563   -2      1.876     -1.790      7.262
  -1  753     12.391     10.212     10.769
  -1 1252     19.902     12.659     10.998
  -1   55     17.505     -1.962     -3.265
  -1   -2    -11.971      8.574      6.685
  -1  496      5.836     -2.014      5.052
  23  337      7.999     13.915     -5.470
  -1   -2      6.589      4.040      5.931
1254  307     14.968      7.352      2.467
 575   -2     17.237      0.402      0.634
 363  285     19.437     15.016      5.311
 419   -2    -11.870      8.119      4.545
  -1  277     13.517     13.662      4.818
 697  196     25.461     -1.499     10.247
1021   -2    -13.914      6.886      6.319
  -1 1008     22.123      6.049      4.201
 582   -2      7.238     16.821      5.745
  -1  425      1.958      8.515      0.086
 321   -2    -16.579     -3.172      4.048
 781  625    -13.553      5.481     -2.240
 311  947      6.097     -0.686      9.809
 895  618     -1.061      3.532      2.307
1157   -2     -8.191      6.558     -4.186
 531  372    -16.404     -0.496      6.214
 671  271      2.948     -0.977     -3.835
 396   -2     16.747      5.426     10.454
 201  610     19.116      5.676      7.912
  -1   -2      5.429      8.873      8.405
  -1   -2     14.883      9.882     -9.855
1076  410     -4.206      2.631      9.459
 536   -2     11.800     -5.379     11.969
  -1   -2      1.261      4.509      8.225
  -1  199     16.355      6.430     -9.237
 402   -2    -12.189      7.147      1.867
  49   -2      5.927      5.199      3.977
  -1  101    -13.873     -0.893      2.688
  -1   -2     18.061     10.473     -0.333
  -1   -2     10.280     -0.012    -11.653
 930  951     -0.728     11.035      4.009
1218  118     16.102      2.506      8.771
 382  122     21.804      0.472      8.550
 600   -2    -14.549      0.029     11.584
  -1   -2      9.823      4.289     11.390
  -1   -2    -11.646     15.179      9.472
 672  304     16.526      0.260      4.570
 104  898    -12.670     -0.983      5.125
  -1   -2    -11.958     -1.628      9.199
 552   -2      6.227      4.804    -11.004
  -1  239      5.740      7.559      7.019
 677   -2     13.375     11.847      9.109
 182   -2     -1.805      0.781     11.855
1175   -2     -2.824     -5.487      7.550
  89   -2     -3.182     -1.960      7.284
  -1  184     23.395     -2.562      8.990
  -1  113     17.218     -2.246      8.071
 599  328     18.243     -4.853      8.454
  40   -2     15.644     -1.598     -0.998
 362 1144     18.908      4.677      7.289
  -1   -2    -10.559     -2.426    -12.229
 712  461      7.243     -7.553      5.062
  -1   53     21.363      0.422     -0.474
 257   -2     -0.016     -2.004      8.431
 142   -2     19.863     13.032      6.019
  -1  209     20.017     11.691      7.967
  30  322     12.386     14.786      6.563
 732  167      6.904     -0.983     -6.882
  -1   -2      4.639     11.908      3.937
  -1   -2     13.638      9.247     -9.630
 139   -2      4.929     -6.193     12.177
  -1   -2     19.445      8.137     -1.182
 117   -2     -9.423      8.803     -2.651
  75  107    -19.797     -1.072      8.430
 306  186     10.426      7.138      0.669
  -1  591    -18.213     -4.202      6.226
 956  852    -12.127     14.554      9.568
 245  144     -0.604      0.179      5.543
1230   84     18.893     -1.565    -11.111
  -1  724     11.302     -4.620      3.296
  -1  104    -10.536     11.235      5.458
 867   -2    -15.043      0.374      4.610
 652   39     -5.714     -0.640      9.077
 690 1080     16.457      7.726      2.151
  -1    1     -0.471     -1.074      5.126
 299   -2      9.485      4.971      8.133
  -1   -2      5.657      6.919     -5.497
  -1   -2     14.241     11.512     -6.098
 320   -2    -14.696     -2.415      5.294
1152   -2    -17.384     12.606      9.128
 948   79      6.700     -9.939      1.247
  -1   -2     14.394      7.209     -9.454
 115   -2    -12.781      0.304      7.097
  -1   -2      6.887      1.547      8.046
  -1   -2     15.683      7.335     -4.078
 280   -2     23.472     -6.662      1.080
  -1  128     18.231      0.929      7.821
  -1   -2     22.647      9.177      7.704
  -1   -2      9.719      0.299     -7.299
  -1   -2      0.677     11.450     -1.950
  -1   -2     16.591      2.549     -0.625
1262   -2     -5.566      4.854     -4.075
  47  739      2.754     -1.530      6.059
 138   -2     24.995      2.800      3.767
 597   70      3.478      4.817    -11.766
 423 1234      3.531     -0.007     -4.722
 561  116     19.543      5.786     -0.308
1098  259    -11.040     10.780     11.071
   9 1140      9.684      1.848      9.899
 152   -2     15.476    -10.873      4.629
  81  735     -1.099     -1.507      3.920
 317 1229    -18.790     -8.131     10.051
  74  913      6.942     -8.618      4.899
  -1 1045     25.231     -1.112      5.385
 521   -2     16.678     13.304     -3.422
  -1   -2    -18.062      7.565      3.834
  -1   -2     -4.846      8.894     10.426
  -1  159     19.324      1.819     -6.849
1147  120     24.092      5.978      8.038
 467   -2      8.868     10.261      6.356
 162 1219     22.782     -8.227      1.472
  -1  882      3.764     10.634      0.628
  -1  943    -13.220      1.123     12.344
  -1   -2     16.680      9.361      2.156
  -1   -2      5.659     13.876     10.275
  -1  534    -14.416      5.666    -11.791
 122   -2     -9.599     -3.201     11.792
 460   -2     21.697     -2.640      3.484
  -1   -2     11.419      8.446      7.362
 629  839     12.509     11.820      7.923
  -1   -2    -11.874     -6.947     -4.429
  -1   -2     22.472     -0.810      3.763
  -1  181     16.800      7.005     -0.301
 263  212    -19.104     -2.862      8.939
 179 1223    -12.755     10.925     11.820
  -1  734     28.064     -4.802     11.623
  -1   -2      8.100     15.040      2.787
  -1   -2    -12.075     11.791      1.612
  -1   -2     19.470     -3.153     -2.300
  -1   -2     12.161      4.064      8.957
  35  761     -5.986     -3.070      6.421
  -1  356     14.984      2.962      8.835
1044  499      6.111     10.044     11.650
 121   -2      4.794     11.016     -8.313
  -1  276     -1.080      3.454     -3.908
  -1   48     -1.237      0.892     11.359
 928  617    -13.780     -8.932     11.479
1053  414     17.030      0.733      9.355
  -1   -2     13.010      4.729      6.445
  -1   17     -6.098     -1.923      1.956
  53  345     -2.414     10.307      8.970
1135   -2     13.672      0.291      0.999
 425  750     16.839     -1.614     10.277
1149  274    -12.638     10.971     -5.363
  -1   -2     -1.100     -3.556      7.506
  -1  152     10.390     -1.674      8.309
  -1   -2     -7.809     -6.290      9.381
 565  743     -0.291    -10.790      1.538
1255 1269     -3.192     -6.462    -11.188
 272  158     -3.304      5.717      1.846
  -1   -2      6.513     -0.958    -12.763
 360  489      7.233     -4.041      2.708
1112  580     12.172     -3.252      7.680
  -1   -2      8.434      9.264     -6.889
  -1  545     18.009      0.639     -5.170
  -1   -2      7.859     13.242      6.545
 137   77    -13.475     11.588      6.521
 491  364     16.295      7.237      9.553
 653   -2     16.334     -9.344      5.893
  -1   -2      6.216     -2.629     -1.801
 239   -2      5.787     -7.488      0.413
 101 1210     -3.225      9.548      0.516
  -1   -2     13.362      4.997    -12.560
  -1   -2     -7.116      2.274      6.316
 295  325     -7.387     -6.496     11.202
1008  781      8.152     13.670      9.340
1030   -2     22.757     10.836      9.791
  -1  187      4.820      2.282     -7.357
 106   -2    -15.313     -0.639      5.129
 326  923    -14.885     -8.250      5.366
 397  205     -3.056     14.259     10.922
 328  520    -10.202     -2.239      7.635
 273   -2    -10.697      7.580     -1.574
1240  458     23.380     -1.091      5.796
  -1   -2     23.078     -0.938     11.160
 217   -2     -0.017     -1.967     11.905
 221   -2     20.204      4.120      7.469
  -1 1069     14.632      8.675     10.390
 178   -2     -9.885      9.369      8.243
 740  297     13.573     -6.801      3.444
 103 1245    -17.924      5.458      4.101
  -1  140     -9.964      9.596     -6.749
  -1   -2     12.002     -6.556      6.385
  -1   -2      7.235     13.958     -0.189
  80   -2     12.694     13.980      2.972
  -1  849      0.660     10.246      1.095
 602  824     10.665     16.606      5.647
  -1   -2    -12.173     -0.182      1.137
 850   -2     -1.691      8.519     12.463
  -1   -2     12.702      2.003      6.446
  -1  172     -5.036     -9.716      2.398
 896   -2     22.836      3.114     10.440
 134   -2      6.589     10.669      6.537
 478  486     -1.383      7.152     -0.480
 945  247     14.358     -8.387      1.914
  78 1250     -2.058      3.301     10.213
  -1   -2     -4.876     -6.665      7.529
  -1  436      5.200      2.616      1.557
  -1  281     -2.066      4.912     10.645
 935   88     -5.641     -1.647      5.997
  -1   -2      5.719     -5.069     -7.099
  -1   -2     11.735     -0.093     -7.543
 185  350    -20.705      2.534     11.470
 908 1064     25.201     -2.533      5.641
  -1   -2      9.077    -11.163     -6.395
  -1 1138     -2.837      3.630     -5.031
  -1   -2     -8.997     -1.824      5.212
 516 1235     18.136     13.176     -6.358
 520   -2    -15.525      7.820     -4.508
1012  936    -13.407      7.214     -1.541
 904   14      2.145     11.450     11.049
 207  469     -6.510      8.479      1.115
  -1   -2      7.547     12.889     -8.592
 812   -2    -16.665     14.410      3.626
  -1   -2    -11.328      1.887     -1.543
  -1   -2     17.495     12.944      6.873
 210  484    -13.045     -0.838     10.345
1054  135     -0.144      4.950     10.553
  -1   -2     -2.942      9.880    -10.586
 495  588     -2.179      3.812      0.841
  -1  157    -11.289     -3.379      9.251
 639  910     -5.874     16.197      9.480
 818   -2     -2.949      4.173     -2.725
  -1   -2     12.170     -1.502     -6.042
 365   -2     13.111      0.406      6.614
 411   -2     -2.293     -7.899      6.793
  -1  488     16.296     11.278      0.214
 517  238     20.918      2.741      7.841
 144  586    -18.274      5.309     11.000
  -1  640      8.601     -7.711     -7.388
  66   -2     26.005      2.926      7.664
 657  263     19.299     -1.636      8.176
  -1   -2      4.221     10.193     -7.245
  29   -2     25.516     -0.808     10.484
  -1   -2     19.659      9.728     -5.993
  -1  402     -5.313     -1.630      0.729
  67   -2     17.463     -1.511      8.084
  -1  994    -14.645      8.242    -11.633
 319  344    -12.692      1.691     -0.205
  -1  593      2.154     -1.357     10.555
 864  171      0.124      7.313     12.129
  -1  633    -16.518     -1.894      4.453
1263   -2      8.285      8.173      2.168
 358  702    -12.238      2.077      2.680
 253   -2     -9.566     -6.842      6.252
  -1   -2     19.400     -7.549      4.084
  -1   -2     24.373      6.449     11.495
  -1   -2      1.175     -0.437     10.977
  64   -2     16.061     -3.620      4.001
  -1  305     -2.414      9.777      3.528
  -1  777      2.720      0.171     12.584
 489  463     13.780      8.311      4.580
  -1   -2      1.432     16.766      5.720
  -1   -2     15.502      9.785     -8.910
  65   -2     -6.888     -1.174      6.523
 830  482     -4.651      9.875     -5.446
  -1  498    -20.302      1.229     10.016
  -1   -2      8.929      2.770      6.334
  -1   -2      3.077     15.277      4.819
 172   -2    -13.838     -0.625     -7.711
 763   -2     24.252     13.522     12.397
1115   -2     15.794    -10.920     -8.678
 836   -2    -17.543      5.633      8.660
  -1  215    -14.374      2.997     11.840
 426   -2    -16.342      4.909     -7.360
 285 1106     -3.392      8.618     10.653
  -1  260      5.539      4.277      8.017
  -1   -2    -12.980     -6.292      2.092
1144   -2     19.722    -17.180     11.299
 566  338     15.202     -4.184      8.637
  -1   -2      8.771      2.516    -10.277
 337  568    -13.991      6.988      3.716
  -1  156      0.218     12.496     -7.292
 656   -2      6.822     -8.387     10.348
  84  191     21.520      4.918      1.312
 452   -2     18.351     -0.367     -3.509
  -1   -2     -1.761     -7.685    -12.734
 128   -2      7.152     -9.274      5.742
 289  589     21.789     -6.160     11.556
  -1 1157     12.431      2.042      8.791
 937   -2    -13.523     13.774      2.785
 145   -2    -11.376     -5.384      9.570
 212  551     20.587     15.228      7.084
  -1   -2      6.813     13.135     -1.251
 209   -2    -18.355      8.624     10.196
 983   -2     18.811      7.236      6.136
  -1   -2     20.196     13.683      7.832
  -1   -2     -2.460      2.464      6.537
 688   38      1.689     -2.306     10.458
  -1   -2     21.698     -1.624      7.589
 703  597     21.207     -3.169      9.782
  -1  289      7.609      9.117     -0.431
 254   -2     16.887    -10.633      7.960
 386  392    -10.520      8.241      4.452
 202   -2     16.493      1.610     -4.154
 912  635      1.232     -5.755     -3.634
 610  471     21.366      5.143      8.841
  -1   -2     12.506      2.577    -11.933
  -1   -2     16.564      8.217     11.472
1128  664     10.155      7.926      5.823
 373  405    -17.165     -3.501     10.068
  -1  513      4.008     -1.259      0.347
 153  647     23.867      8.017      5.645
  -1   19     13.736      1.341     -4.765
 141   -2     -5.537     13.951      4.256
  -1   -2      9.004     -0.563     10.301
  -1   -2     23.647      6.190      3.497
 435  413     -0.134      2.075     -8.874
1010  416     -1.573     12.805      9.527
1055   -2     13.255     -2.004      9.328
 952   -2    -19.316     -0.670     11.082
 803   -2     -6.453     -9.668     -6.967
 795   -2    -16.571     13.414      8.135
1151  948     -9.583     10.649     12.437
 871  282     23.920    -11.809     12.243
 361 1052     -7.597     -9.161     -2.009
 234  100    -16.544      4.758     -4.210
 574   11    -10.973      5.529      5.616
  -1   -2     25.042      3.704     10.995
  -1   -2     -5.632      5.986     -0.510
 754 1241     -7.444    -10.105     10.192
  -1  313    -11.974     14.465      3.645
 216  262     -4.350      8.058     -2.735
 422   -2    -16.302     -5.385      7.261
  -1  427    -16.879     -8.281      3.808
 223  166     12.584     -2.296     -8.095
 378 1233      3.372    -11.293      0.817
  -1   -2     -7.331     11.574     -3.117
 428  749     18.636     -5.395     -0.540
  -1  419      8.005     10.959     11.964
  -1  622     15.154      8.201     11.906
  -1  508    -11.543     13.839     -1.619
 233   -2      7.883     13.874     -2.530
  31   -2      6.041      2.665      9.340
  -1  302     -2.014     13.946     11.066
  -1   -2     19.991      6.739      4.361
  -1   -2     13.551      9.477     10.275
 926  183     15.658     -5.513      8.457
  95   -2     16.127     13.931     11.581
1073  627     24.270     -7.880      7.210
  -1  192     -1.586     -5.125      0.078
 909  371      0.263      3.169      2.726
  -1   -2      4.329     11.180      4.736
  -1   82    -14.257     -1.457     10.693
  28 1009      8.500      2.357      4.113
 511   -2     19.759    -16.996      6.975
  -1   -2     10.854     -6.271      5.614
  -1   18      6.788     -2.786      4.256
  -1  978     21.320    -10.955      3.870
  -1  592     13.212      0.715     12.491
  -1  114     -8.003     -5.411      3.355
1224   -2     20.077     12.510      9.265
 266 1084     24.141     -5.683      7.417
 645   -2     19.335      9.875      7.192
 384  616     -0.899     -2.237      8.379
 655  604      0.703     -9.631     -0.245
  -1   -2     25.954      4.491      8.121
  -1 1023      1.934      9.236      4.237
1118  396      3.420      9.886     12.127
 785  327     15.181     -0.130     -8.459
 768  897     -3.110     16.484      8.300
 485   -2      7.067     -7.680      8.262
  -1  346     -5.922    -13.866     -2.556
  -1   -2     14.177      2.519      1.085
 238  295     -4.285     14.032      2.943
  -1  541     -1.213     -2.835     -3.941
 764  922     13.929     11.423      9.174
  -1   -2      9.091     -3.640     12.273
  -1  536     -9.289      1.003      9.355
 262   -2    -11.807      2.117      6.657
1034   -2    -11.793      7.422    -12.229
 424  686     18.203     -9.350      1.216
 219   36      9.801      2.109      7.582
 778   -2      5.825     -3.011     10.728
 418   -2    -13.547     -2.825      2.561
 312   -2     -6.062     13.004     10.858
 734  569     27.977      3.938      9.786
1124   -2     21.973     -4.766      8.577
1085 1161     -5.481    -11.462      7.695
  -1  415     -2.304     -7.070      4.298
1176   -2    -11.587     -4.752     10.208
  -1  428     -9.919     -0.619      2.721
 468  306     17.795      8.495     -4.654
 461  303    -13.427      9.844      2.364
 416 1085      5.680     -3.444     -5.822
 167 1026      1.751     12.135      3.484
 549   -2     -5.636     14.887      4.664
  -1   -2      4.604     10.710     11.756
1100   -2     -4.655    -12.998     -3.003
  97  251     11.368     10.479      2.590
 755  935     19.960    -12.244      3.541
  -1  233      9.063     -0.426     -6.862
1248  384     -0.079     -6.660      8.714
  -1  132    -16.449     12.052     11.218
 528   28     12.269     -2.466      2.552
  -1  403    -20.095      7.078      9.609
  -1  474     -2.829      5.502      0.037
 123 1105      8.221     -3.089     11.901
 523   -2     23.667      4.369      1.354
1122  963     14.267    -10.895     -0.536
  -1   -2     -3.989      3.525      0.023
 722   -2     21.806     -6.959      1.760
 606  408    -19.963     -2.906      9.572
  -1   -2     -5.817     16.046     11.919
 730 1095     -7.657     -2.948      3.859
 976  863    -12.538     16.493      8.771
  -1   -2     -0.249     10.639    -11.282
  34   -2      7.476     15.341      4.549
  -1   -2     25.629     -6.049     10.019
  -1   -2      3.990     -1.294     -3.338
1132   -2      4.733     -3.373     -4.868
 338  956      7.327     13.730     11.930
 513  391      1.688      7.003     10.161
  -1   -2     11.429      8.457     11.046
  -1   -2      8.207      5.393      7.543
  -1   -2     21.362     -1.450     10.948
 503   -2     21.170      7.479      4.267
 881   58    -12.701     -0.234     10.088
  -1   -2     23.479      9.137      4.745
 303   -2    -11.725     -3.424      6.440
  -1   -2     -1.680     -7.756      4.002
  -1   -2      7.611     11.527     -5.820
  -1   -2     -2.429      3.803      4.667
 334  290     17.263     13.387      0.665
  -1   -2     19.198     -5.232      8.036
1143  218     15.898      2.647      3.756
1077   -2      7.867    -10.594      5.090
 737  426     12.032     -2.830     11.279
  -1   -2      2.012     10.648      3.932
 580  163     25.356      1.444      7.255
 436  732      5.253     -0.528      6.733
 213   -2      8.297     -1.914     10.620
  -1  275      6.435      2.001     11.414
  -1  298     20.258      4.669    -10.900
  -1   27      3.881      2.888    -11.385
  -1  690     -7.698     14.135      8.443
 623  359     -1.469     -1.960      9.190
  -1  634     17.689     -2.275     10.900
 391  283    -10.224     -0.144      7.941
1056  642     -8.646     -6.433     10.703
 992  352    -17.631     -4.691     10.573
  -1  505     16.447     -4.192     -7.801
 488  288    -11.897      2.780     12.064
  -1  452     13.154     -3.937     -4.212
 200   -2      3.089     12.610     10.748
  -1   76     16.866     -2.396     -2.705
1052  651      6.133      3.448     12.322
  -1 1132     17.928     14.106      9.584
 417 1146     -6.338    -14.454     -0.264
 894   -2     26.168     13.081      8.684
  -1   -2     -8.714     -0.841     -6.609
 726   -2     17.702     -7.797      6.464
 232  563      7.297      5.812      2.811
  -1  287      5.848     -1.705     10.454
  -1   -2     -9.781    -12.993     -3.300
 301   -2     15.153     -3.059     10.329
 302  759     13.414     -5.770     10.591
  -1   -2      2.003      2.569     -9.779
 705  543      5.396      7.757      3.948
 533   -2    -11.527     -7.301     -7.707
 637  576     -6.913     -7.795     10.082
  -1   -2     -9.669      7.834     -8.930
1086   -2     -2.224     12.011     10.434
  -1 1251     20.148     11.800      5.595
  -1   -2     17.347      2.711      3.257
  -1   97    -16.043      0.334      3.877
  73  467     20.773     -0.276     11.959
  -1   -2     14.716     14.747      3.466
  -1   -2     17.244     -3.587      7.752
  -1  790    -14.710     13.622     12.011
 165  620     10.958      2.724      0.129
  -1  365      9.853      8.214     12.208
 577 1067     -0.215     14.399      2.126
 554  475    -19.416     10.297      8.581
 878  412     16.087    -13.951     -4.001
  -1  566      7.695    -10.894      9.091
 413  299     -1.453      2.418      6.040
  -1  378     16.651     13.962     -1.823
  -1 1200    -15.760      9.459      6.631
  -1  705     -6.153    -14.366      9.004
 932   -2    -20.020     -5.668     12.569
  -1   -2      8.318      4.135      0.440
1020 1247     17.082     -7.502      2.049
 704   -2     15.435     17.768     10.238
 469  712     18.308      4.742      7.277
  -1  316     -4.916     -5.367      7.896
1035   -2     -3.957      7.694      1.235
  -1  497     17.045      6.298      5.444
 157   -2     -3.588      2.369     11.680
 525 1236     -1.522      1.624     11.232
  -1   -2     -2.017      4.155    -11.178
 933  273     -6.139    -12.437     -7.020
  -1  516      8.286     14.728     -1.268
  -1  409     -4.095     13.439      4.942
  -1   -2     14.008     -6.466     -7.002
 372 1077      2.025     -5.208      1.491
1184   -2     -0.566    -16.497      3.201
  -1   -2     18.901     -2.783      8.337
  -1   -2    -11.207     -9.705     10.027
  -1   -2     20.482      6.615      5.741
 901  796     12.604     15.749      2.938
  -1   -2      8.937     -6.686      3.441
 595  189    -16.675      7.762      3.071
 508   -2     -1.096     -6.547     -7.028
  -1  291     -3.267      4.712    -11.418
1130   -2     10.758     13.305      7.331
 560  594    -18.568    -13.412      6.276
 390   80     20.250      3.542     -1.509
  -1  681     19.324     13.791      3.275
  -1   -2     13.675     12.264     -9.699
 304   -2     -2.266     10.220     -0.609
 457  477     10.258      9.184     -7.948
 175   -2    -10.098     12.745     -0.899
  -1  792     24.222      7.530      3.254
 957 1036     23.343    -15.761      6.303
 633  547     12.504    -10.790      4.940
  -1   -2      2.490      3.607      9.344
 109   -2      8.342      1.892     -9.994
1110   -2    -19.937      8.477      9.428
  -1  294      3.132     -3.132     11.916
 659 1238      0.473     14.010      9.946
  -1  695     -7.586     -8.545     -0.328
 729  659      5.618     -8.019     -3.468
 433   -2     26.803      2.019     11.583
  -1   -2     -3.565     -7.401     -5.650
  -1   -2     -1.656     14.220      3.874
 522  691     13.543     -2.410      5.947
  -1  701     14.179     17.544      9.997
  -1   -2     -8.514     -9.834      4.551
 614   -2     21.702     15.981      7.819
 939  638     -3.075    -11.318      1.840
  -1   -2      6.960    -14.359     -3.495
1057 1062     22.771      7.396      0.689
1046   -2      0.261     15.313     11.062
 681  742     10.437     -7.748      4.267
1032   -2     10.774    -16.214      0.494
1062  539     24.675     11.102      8.967
  -1  485     -4.173     -2.054      4.976
  -1   -2      5.393      5.348      7.148
 409  611     10.672      1.618      2.755
1170    9     -4.987      1.859     -7.572
  -1   -2     16.824      6.953    -11.574
  -1   -2      8.934     -3.658     -2.975
 400  234    -15.738     -0.079     -5.683
  -1   -2    -19.569    -10.215     11.107
 551  953    -14.694     -9.219     11.582
 617   -2     21.624    -11.598      6.401
  -1   -2    -15.638     -8.665     -0.280
  -1   -2     -5.487     -9.110      3.425
  -1   -2     -3.418     -3.666     -7.721
1041   -2    -14.111    -11.892     12.284
  -1   -2    -14.376     -4.173     12.582
 949   -2     17.145    -16.092      6.160
  92   -2      7.295     13.815      8.429
 946   -2     10.293     10.074     10.401
 524   -2     22.087      0.334      0.737
 746 1059     24.126     10.494      8.654
  94  770      8.431     -4.355     12.293
 974  919    -19.308     -6.047      8.147
 938   -2     13.666    -10.500     -5.258
  -1   -2     -1.013      2.177     10.745
  -1   -2     18.719    -14.200     -3.405
  -1  755    -12.454     -3.862      1.653
 192 1213      4.154     -0.042      8.485
  -1  577     19.746     -5.741      5.760
 470  679     14.969    -15.969      3.942
  -1  989      8.245     -8.902      9.482
 380  457     22.206     -4.891      2.120
 695  561     16.018     16.387      2.500
 585  652     18.243     -9.110     10.236
 978   -2    -14.000     13.124      7.999
  -1  716     24.737     10.582      5.648
 701   -2     18.874      3.204      0.437
 349  330    -15.171      2.820     -8.996
 667   -2      6.185      9.198     11.335
 584 1004      4.845    -11.764     -4.157
  -1   16     25.661     -4.273      6.250
1167   -2      0.239      8.527     11.707
 684 1150     21.250     17.881      7.498
 352  886     -0.782     -3.579     -0.307
 543   -2     -3.816    -10.089      7.817
  -1   -2     25.810      5.789      4.755
  -1   -2     23.513     -4.694      1.839
 749   -2     -1.847      2.975     -1.288
  -1   -2     11.768     -7.676      6.233
 184  841      6.857     12.043      5.766
  -1   -2     18.208     -2.450      3.464
1078   -2     -0.140    -12.944      7.394
 296   -2     11.581     -4.134    -10.894
 741  418      5.946    -10.712     10.135
  -1   -2     -3.130    -10.460     -0.730
 258   -2      7.577      6.512      9.132
 802   99     21.608      3.699     -5.658
  -1  292      2.000     -0.108      5.410
  -1   -2      4.462     -2.655     10.086
1009   -2     24.076     12.449      9.223
1168 1125     -3.745     -8.297      9.265
  -1  812      8.396     -3.923      8.235
1204  810    -18.847    -13.116      9.134
 990  164     -1.834      5.598     -1.599
 127  881     20.422      9.717     10.902
 505   -2    -20.177     -0.188     10.531
 963  818    -18.559     -4.780      2.858
  -1   -2     14.192      2.377      5.410
 332   -2     -6.113     14.347      8.994
 444  671      0.329     -9.660      2.534
1123  525     14.998     -1.838      5.488
 773  608     20.919      5.632      8.362
 950   -2     13.346     15.265     10.857
 665  217     25.101      0.204      8.450
  -1   -2     24.706      6.033      2.527
 929   -2     16.134      6.764      7.011
 132  237      7.965      2.839      8.834
  -1  109      9.501      1.075      7.137
  -1  223     12.930     11.550     10.996
  -1  225     20.688     13.693     -5.307
1022   -2     -1.573     14.981     10.486
  24  665     18.685      1.638      1.873
 873   -2     24.246     -2.207      8.895
  -1  145     16.356    -10.716    -10.516
 448   -2    -19.282      6.621      9.800
 824  546    -14.440     -5.927     -3.581
 725  401     -4.235     -8.218     -9.580
 173  954      9.799     -3.541     -2.345
 907  565     10.923    -10.283      8.960
1136 1028    -16.057    -11.621     -1.940
 100   -2    -13.862     -7.805      0.501
 779  596    -12.303    -11.406      0.559
  -1  160      8.648      6.594     -2.226
 519 1058     26.043     10.194     10.023
  -1   -2     14.846      8.734      3.847
 537  404     -5.024     -3.937     -8.221
  -1  628      4.051     -7.265      5.603
  -1  675     16.775    -14.777      1.177
  -1  248     16.276     -3.594      9.810
1216   -2     26.717     10.052     12.279
  85   -2     10.814     -2.782      9.683
  -1   -2    -11.044     -0.028    -11.336
 434   -2     14.291     -1.350     -1.871
 227   26      3.000      6.161      9.462
  -1   -2    -14.558     -4.550     -2.095
  -1  514     16.793     16.450      3.470
 191   -2      1.477     16.826      8.795
 724   -2     11.659     -8.989      9.256
 364  704    -11.825      2.224    -10.420
 379  736     -6.678     -6.768     -7.812
 622   -2     22.270      7.943     -2.379
 635   -2     19.637      0.457      7.214
 126   -2      4.439      1.674     -9.768
  -1   -2     15.698     -7.586      5.270
 984   -2      5.929    -12.621      7.460
1017  791    -12.851    -11.130      8.870
  -1 1079     21.119     10.350      1.010
 844   -2      3.052    -14.782     11.869
  -1   -2    -16.514      2.677     -6.383
  68   -2    -10.070      5.934      3.849
  -1  890     21.136    -14.795      8.267
1162  347      4.440    -10.536      8.282
  56  170    -13.905     -6.829      8.997
  -1   -2    -12.383    -10.534      3.097
1025  115     10.344      2.982      7.978
1284 1268      9.758      8.128     -7.975
1185  713     19.793     17.051      7.192
  -1  758      6.660     -9.888      9.962
  -1   -2    -11.308    -10.356      0.148
  -1   -2     19.271      9.584     12.098
1200   -2     25.410     15.136     11.409
1220  707     25.381     -1.160      2.136
 553   -2    -10.968      1.097     10.438
  -1  879     16.641     -7.628      0.020
1178  779     20.281     13.459     -2.887
 430  637     23.553      5.920     11.359
1003   -2      2.490      0.324      8.823
 393  511     -8.356     -3.653      7.266
 925   -2    -12.150    -14.306      2.479
 493  137     20.154     10.870     12.239
1013   -2    -15.385    -10.623      0.950
 252   -2     -6.040     10.960    -10.366
  -1  182     23.351     -0.265     10.705
  -1  578     -8.846     17.228     11.358
1129   -2     23.582    -14.098      4.894
  -1  966     10.400    -14.797     -4.047
  -1  526    -15.673    -14.150      2.982
 404 1040     21.757     13.182     10.868
 453  360     -1.868     -9.201      0.860
 982   -2     16.646     12.582     11.344
  -1   -2     19.443    -11.415     -8.395
  83  124     15.800      8.061     -0.956
  -1   -2     14.107     -9.451    -11.061
 954 1090      5.636    -14.129      5.846
 719 1239     10.583     -5.921      1.223
  60  351    -11.726     12.891      3.079
 774 1159      1.543    -10.456      3.731
  -1   -2     10.918      9.666      3.278
  -1 1032     -8.673     -4.391     12.148
  -1   -2     13.032     13.954     -0.893
  -1  340     -2.735     -1.961     12.661
 840  774     -3.122      1.225     -0.267
 959   -2     26.623    -10.189      4.912
  -1 1107    -19.615     -8.380      2.921
  -1  462    -19.738      5.294      6.895
 910   -2     -0.280    -11.011      9.578
 817 1243      2.860     16.744      4.976
 267  727     16.541      1.991      0.576
  -1   -2     14.366    -13.941     -6.010
 853  117    -18.985      2.234      8.744
  -1   -2     13.082      4.106     -2.953
  -1   -2     -2.800      1.902     -0.847
  -1  194    -15.609     14.233      7.447
 794  450    -17.822     10.219     11.202
  -1   -2    -13.736      8.056      2.558
 569  139     11.405     -8.480      3.159
 760  673      5.815      7.330     11.118
 133 1222      6.614      4.643     11.858
  -1  517     -3.850    -10.125     -9.324
 451  222    -14.790     11.766      5.506
  -1   -2      1.203      9.744      3.828
  -1   -2     -7.416      4.001    -10.871
  -1   -2      1.602     10.363     -5.444
  -1 1068     -9.198      2.957      8.691
  -1 1244     -3.498    -17.415      9.963
  -1  769    -21.368     -3.082      9.372
  -1   -2      7.643      9.275      5.535
  -1  981      8.575    -13.481     -2.548
 799   -2    -14.768      1.374     10.176
  -1  655    -11.721    -11.132      7.096
  -1   -2      4.675      4.418     -7.672
  -1   -2    -16.125     -4.861     -8.580
  -1  430     25.896     -7.431      9.691
 492   -2     -4.689      1.939     12.583
 573  179     17.961      4.598      6.116
 403   -2     -1.770     14.761      6.126
  -1  866     19.749    -15.364     11.028
1007   -2    -11.303     12.977      9.337
  -1   -2      9.094      3.792      0.649
  -1  373    -10.983     14.360     10.053
  -1  501    -19.890      0.872      5.892
 797  708      7.473     14.763     10.687
 796   -2    -17.246      1.763     12.712
1093  757     27.653      4.896      7.964
  -1  244    -13.141     14.842      4.024
 865   -2    -16.502      1.998     12.258
  -1  970     27.989      6.224      7.558
 800   -2    -15.491     16.366      4.670
  -1  836    -17.619     -1.414     12.264
  -1   -2     -3.192      3.590      1.196
 883   -2    -13.767     19.208      6.078
  -1  134    -19.172      0.856     10.063
 662   -2     24.092     15.382     10.071
  -1   -2     21.000     14.921     -2.179
  -1  899     23.482     11.688     -5.971
  -1   -2     -1.084     -2.670     11.872
  -1  926     -1.163     12.615     12.156
  -1   -2    -11.974     11.895     -4.985
1005  106     20.823     -9.392      1.588
 155  361    -11.741     -3.669     -2.474
  -1   95     -5.288     15.929      7.023
  -1   -2     -0.494     -0.583     10.771
  -1   -2      8.312      0.214      0.700
  -1   -2     20.322      9.425    -10.345
 333  928     -7.387     -1.259      5.283
 660   10      4.030     -5.938     11.722
  -1   -2     -2.225     -0.962      0.499
  -1  231     -7.005     13.527     -0.782
  -1   -2     25.558     -5.182     10.036
  -1  630     22.858      7.551     -5.316
  -1  465     24.313      9.360     12.156
  -1  341      5.975      1.268     11.525
 198   -2     -5.917     -2.156      6.245
 743   -2      8.023     14.304      5.258
  -1  808      4.055      7.177      4.468
 548  460     26.593      7.152     12.214
1006  229    -11.875      0.384     10.195
  -1  949      9.495    -11.257      8.445
 226   -2     -5.353      9.566      8.160
  -1  326     -7.131      5.107    -12.284
 868   -2     -5.236    -15.302      8.962
 967 1136      1.488      3.649      4.067
  -1   -2    -11.646     -0.808      6.099
  -1   -2     -1.973      1.420     -1.027
 834  941     25.154     -8.931      0.181
 914  811      2.388     20.111     11.830
1018  719     19.594     -2.427      2.497
 356   -2     21.165     10.206      5.186
1091   65      8.087     16.699      6.539
 350  226    -16.950      4.797     -1.454
  -1  478     20.098     -5.157     11.697
  -1   -2    -19.733      7.000      2.900
  -1  873     -7.376    -12.988     -3.903
1208  715     20.731     15.897      7.421
1126  895    -12.358     15.481      9.700
 819  798    -16.047     17.853      1.477
  -1  490     16.525     11.770      7.967
 388  797    -14.441    -11.244      0.348
 220  674      5.719     -0.296     -6.194
 567  562     -2.582     -5.439     11.534
 890  267      1.089      6.442     -1.467
 559 1020     -6.254     11.466     12.189
  -1   -2     24.481    -11.191      4.265
  -1   -2      1.002     14.782     10.194
1045   85      1.129     10.671     12.378
  -1   -2    -13.243    -15.182     -3.832
  -1  111     27.008     -1.130      6.075
  -1  932    -14.813     -2.599     11.270
 264  138     14.035     -9.099      4.403
 889 1246    -15.484     -3.527     -6.265
1070   -2    -16.706     -8.355     11.346
  -1  859     24.143     14.720      9.894
  -1  348      8.777      3.533     -8.905
  -1 1111    -12.605     11.607     12.586
 731  700     -0.403     -4.833      5.049
 529  548      3.633      4.128      9.432
  -1  730     13.331     -2.153      2.062
  -1  315     23.857     10.862     12.104
  -1   -2      4.556     -4.390      6.277
  -1  738     25.213     11.970      2.547
  -1   -2     26.863      2.592      4.443
1024 1000     -3.260     14.597     12.025
 739  598     -6.643     12.174     10.184
  -1  357      8.021    -11.634     -5.144
 412  557    -12.276     13.911      7.917
 256  731     11.332      5.413      9.798
  -1  821     24.345     -6.078      9.602
1084   -2    -17.001     -2.101      9.584
 927  228    -17.672     10.847     11.903
  -1  278     -2.142     10.173     11.623
  -1   -2     -6.062      2.458      6.752
  -1   -2     -2.055     11.395    -12.510
  -1   -2     -0.453      0.931     -9.710
  -1  136     17.944     -0.216      8.534
  -1  370      0.967     -7.149     -4.000
  -1   -2     -0.385      9.687     -2.144
  -1 1115      3.528      2.178      7.839
  -1   -2    -12.703      8.238     -5.918
 550  663     -0.099     15.884     11.305
 650  380     26.886     -1.618      8.440
 625   -2     -4.713    -10.465      9.575
  -1 1049     -6.727     -9.709      8.362
  -1   -2      4.021      7.385    -10.212
1075  527     24.417    -16.093      6.334
1251   -2     19.528     -1.038     11.083
  -1   -2     23.081     10.755     -7.277
1067  726      5.925    -15.234     12.172
1125   -2     24.476      3.873      4.583
  -1  946     24.496     11.882     12.174
  -1   -2    -14.471      7.161     -0.410
 558  558      2.674     12.579      0.927
1272   -2     -3.776      3.269     11.967
  -1  506     -6.859    -12.228     10.365
 609  889     14.004    -15.610      3.183
 190  995    -17.030      2.922     10.750
1217  983    -11.992    -17.747     11.936
  -1  343     17.421     14.163     11.962
  -1   -2     10.014      5.738      2.837
  -1   -2     25.213     -4.237     12.301
  -1  639     22.085     -6.518     11.302
  -1   -2     22.110    -14.575     12.016
 875   -2     -1.171     19.287      8.631
  -1   -2      3.841    -16.348     -1.002
  -1   -2     12.149    -16.186     -5.533
 941  709     17.125     15.001     11.231
  -1   -2     -5.470      9.056     -5.298
  -1  398     -8.965     -5.584      9.592
  -1  819      5.247     13.860      7.772
  17  756      9.402     13.693      5.795
  -1   -2     25.731     15.887     11.968
1113  632    -16.379     15.965      8.530
  -1  714      0.720      6.979      5.499
  -1   98     -9.843      5.482     -4.279
  -1   -2     22.175      1.754      7.353
1072  676     -3.492      6.740     10.600
 250   -2      4.165     10.404      4.086
1171   -2     18.601     -4.620      5.286
1174   -2     -1.017     13.748      8.847
 483  265      0.556     -2.895     11.396
  -1  211     20.215     -8.157     -3.401
  -1   -2    -11.419     11.707     10.602
  -1 1055    -17.469     -6.740     12.013
  -1   -2     22.709     -2.457      6.735
 642 1030     -6.178    -13.889      2.640
  -1   -2     21.627      4.252     -9.619
  -1   -2      9.228      0.893     -2.094
  -1   -2      0.166    -12.292     -7.228
  -1   -2     -5.425      7.313      0.181
 998  933    -12.016    -18.507      6.308
 562  929      8.390     17.185     12.306
 618  887     -9.589     17.844      5.943
 464  572     12.275     16.153      9.500
  -1 1037     21.638    -12.139      3.165
 838   -2    -16.216     11.621      9.711
 854  902     -1.274     14.170      3.515
 757  308     15.654      9.472     11.387
 530   -2      3.983    -11.665      7.314
  -1  587      8.043    -14.196      1.521
  -1   -2    -14.088      1.100      3.506
 327  571     24.848      1.768      3.630
 343 1042     21.191     13.161     12.032
  -1  802     -5.775      4.914     -7.343
  -1  376      3.933     -5.914      1.115
  -1  329     -7.623      5.008     -5.887
 842 1073     -5.597     19.942     11.621
  -1 1162     -0.844     18.796     11.865
  -1  438     15.052     -8.323      1.629
  -1  153     24.979      2.886      9.394
  -1  321     18.729      3.861     10.655
 514   -2      1.875      3.627     -9.954
  -1  892    -12.492     -4.743      5.802
 788   -2    -12.432      9.654     11.415
1033   -2     13.991      3.723     -6.985
  -1   -2     12.320     12.269      7.905
  -1   -2      1.467     18.052     12.207
  -1   -2     16.991    -14.317     -3.182
  -1   24    -14.088     10.133      7.347
1146 1201     -0.900     15.691      6.487
 863  531     23.307     15.165      9.205
  -1 1056     -5.821    -15.627      5.636
  -1  595      0.677      3.249     -9.241
 847  685     22.336      0.523      3.468
1099 1248      2.757      5.074      4.264
  -1   -2     16.233      3.198      7.710
  -1   -2      6.255      2.309     -1.192
  -1   -2     -0.536     10.821      3.260
 313  666     18.761      8.720     10.939
  -1   -2     15.296     15.261      3.398
1105   -2     24.965     10.482     10.858
  -1  483      8.856    -14.117     12.362
  -1   -2     11.970     -5.282      7.952
 849  931      8.430     10.564     10.163
 546  703      6.051      8.569     -8.016
 515  961     -9.353     12.006     11.551
  -1   -2     -3.964      1.849     -1.959
 851  176     26.449      6.888      3.978
  -1   -2     -1.667      3.398     -1.756
1028  997    -10.678     16.991     11.332
 751  146    -10.049     16.160     10.061
 964   -2    -18.417      7.381      8.343
  -1   -2     -7.191     11.850      2.074
  -1  470     11.914     15.258     10.610
 898  767     22.069     -1.037      7.795
  -1  816    -20.759     -5.836      7.397
  -1   -2     24.962      7.685     12.515
1181   -2      7.087    -13.815     11.525
  -1  992    -18.381     10.968      9.206
  -1  688     16.261    -13.538      5.242
 761  600     21.826     -0.578     10.456
  -1   -2      1.768     -5.597     -2.387
  -1 1053    -13.582      0.368     -0.169
1050   -2      3.369      6.644      9.894
  -1   -2     -8.982     15.078      8.973
  -1  822      2.798     -7.921      7.503
 588  801      1.093     -5.308      9.455
 798   -2     27.627      6.479      5.826
1250  698     10.832      4.161     10.306
  -1   -2     -4.480      1.435     12.052
 114   -2      7.257      6.743     -2.847
  -1   -2     13.227     -0.537      4.450
 116   -2     22.714      0.817     10.699
  -1    7     14.170     -8.728      8.098
  -1   23      6.894      5.221      5.902
  -1  473    -11.876      0.584      4.692
  -1  746      4.174    -10.074      5.253
  -1   -2      0.323     16.214      0.452
 958  367      6.141     12.752     12.169
  -1   -2     14.658    -12.532     -5.004
  -1  937    -13.396     -5.998      9.568
  -1   -2     18.464      7.064     -5.996
  -1   -2     -4.986      8.463     12.813
 421   -2     -7.776     -5.629     11.427
 772  717     -7.734      4.312      1.543
 880 1047     27.519     -0.405     10.179
  -1   -2      1.465     -2.646     -2.963
 839   -2      5.341     18.639      7.722
  -1   -2    -12.419     10.906    -11.289
  -1   -2     22.677      5.848     12.036
 440   -2     15.088      1.519      7.803
1131   63     23.304      7.676      8.380
  -1  654     -4.596     -9.008     12.398
  -1  862     -4.170      9.935     11.395
1139   -2    -11.393    -16.044      9.183
  -1 1103    -15.333     19.640      9.171
  -1 1101      8.539     -2.837      1.415
 260   -2      4.473     -2.304      8.053
  -1  503     18.068    -10.688     10.587
 903 1113      1.895    -12.709      6.665
 218   90     15.835     -6.331     11.805
  -1   -2    -13.749    -14.713      8.296
  -1  942    -11.762     -4.446      4.888
  -1   54     -2.011     -5.921      7.798
   4  312     12.284     -7.930      9.368
1068   -2    -17.986     12.203     11.925
  -1  842    -16.553    -10.065     12.542
 586   30    -12.788    -11.431     12.266
  -1  955     -6.738     18.901      9.855
 636   -2      1.269      7.645     -0.345
  -1  636     -4.391    -15.985      0.773
1189   -2    -20.309    -12.444      8.728
 545  544      9.224     -1.063      4.912
 564  845    -18.572     -4.029     12.369
 694  967     -7.011     -3.801     -5.392
  -1   -2     -5.081     -2.396     11.235
  -1   -2     -1.587     -2.910      0.622
1141   -2     25.544     12.007     12.086
 113  619     17.547     -1.738      9.148
  -1   -2      8.449    -11.893     -1.089
 348  495    -12.786     -1.839     -2.879
  -1   -2    -19.772    -14.992     12.381
  -1   -2     -2.914      7.016      3.656
  -1  319     -8.773     15.892     11.445
  -1 1046     21.620     11.952      9.108
 944  567      8.684      6.545      3.984
1042  939    -15.087     15.956     11.261
 981  615     15.311    -18.716      9.686
  -1   -2     -0.214      4.482      0.354
  -1  668     -3.918    -16.591      3.525
  -1  252      4.047     -7.053      2.807
  -1  603     12.945      8.838      0.234
  -1 1097      0.817     18.788      6.953
  -1 1120    -15.992    -14.415      8.425
  -1  173     21.608     15.585     11.406
  -1  649     21.140    -13.526      7.141
 876   -2    -12.353     13.111      9.763
1244   -2     -5.035    -11.467      5.937
1111  888     24.481     14.490      4.497
 568   -2     -3.306     16.335     10.811
1019   -2     24.884     -4.225      7.598
  -1   -2    -15.608     -3.593     10.514
 692   -2     17.248     16.821     11.140
  -1  491      0.332     -1.808     -6.662
1133  754     -2.792    -13.489      4.766
  -1  806    -11.139     -0.779     -2.604
  -1  832    -10.435      1.906     -2.852
  -1 1100     -8.372    -17.795      1.553
 616   15      9.685      9.933     -1.933
 581  737     23.826    -13.481     12.011
1233 1035      9.670     15.808     11.952
  -1  110      7.221     -0.114     11.610
  -1   -2     25.445      4.740      9.114
  -1  645     19.830     -1.561     11.857
  -1  880     16.993     -7.944     -4.810
1080  220      5.579     15.604      8.721
1264   -2      4.815     13.314      4.198
  -1   -2     16.293     -9.189     11.179
  -1   -2     15.076    -10.916      6.640
 666   -2    -10.270    -10.199      8.895
  -1 1075      5.220    -15.539      4.592
  96  148      7.461     11.001      7.547
1137  959    -13.497    -17.127      5.516
  -1   -2    -21.016    -13.779      4.350
  -1  335    -20.139    -10.274     12.219
 733   -2     -7.510    -14.310      0.275
  -1  383     17.025      7.731      9.136
  -1   -2      3.886    -13.031     -8.878
 607  669      2.883     -3.873      9.563
 395   -2     24.077      3.121      7.551
  -1   -2     -6.094    -12.087    -12.076
  -1 1131    -15.815    -20.453      7.405
1232   -2     17.731      6.170    -11.820
  -1 1122     -0.722      4.657      1.946
  -1  760     -0.807    -12.452     -3.207
1231  556      3.889     -1.499     11.988
  -1  279     -6.122     11.691      9.462
 619  553      5.883     -4.185      9.520
1101  584     14.123      4.043     10.182
 940  320     -4.508     12.200     10.226
 951   -2    -10.624     14.859     12.317
1158 1044     -3.284      8.719      7.169
  -1   -2      1.638    -14.098      1.968
  -1  911     27.188      9.024      9.741
 735   -2     -3.255     13.994     10.454
  -1   -2    -10.612     -5.979      9.898
  -1   -2    -12.461     -9.057      8.829
 111   -2      4.274     -1.160      9.284
  -1  646     -1.859     -8.285     10.003
 750   -2     17.277      3.207     -9.469
1059 1126    -20.078    -15.014      8.730
  -1  706     24.690     12.245     -5.865
 146 1121     23.727      8.398     11.324
  -1   -2     20.651     -5.633     10.259
 454   -2     15.596     10.979      9.215
  -1   -2      1.847    -10.567     -5.090
  87   -2     17.398      5.073      4.790
 717   -2     19.298     18.445     10.879
  -1 1197     23.117    -17.989      8.850
 811 1092     22.576     -6.420     12.372
 877  950     22.936     17.387      3.801
 986  168      0.147     16.557     11.321
1029  476      3.452     17.133     12.051
 455   -2     -7.280     17.013      7.880
  -1   -2     27.234      1.466      7.923
  -1  133      3.200     10.100      6.120
 748   -2     19.441     -8.575      3.912
  -1   -2     21.583      1.502      9.681
 447  694     14.736    -12.543      8.994
1206   -2    -14.245    -15.206      8.676
 663  648     18.324     16.079      9.602
 699   -2     -3.060     -4.402     -1.568
  -1   -2     19.768     -6.559      9.957
  -1 1196      3.457    -20.525     11.732
  -1  445    -19.403     11.408     11.601
  50   -2     15.652      0.238      8.302
 598   -2    -11.348     -9.013     -1.168
  -1 1129    -15.497     13.908      3.798
1148  740      9.275      9.757      7.045
  -1  656     10.544     -7.216      4.888
  -1 1012     22.764      8.972     11.241
  -1   -2      3.346    -11.774      3.647
1120  920    -10.709     -6.807     10.793
  -1 1038     14.787    -18.097     10.782
  -1   -2     -8.263     -5.702      6.649
1014   -2     20.331      8.045     11.945
 377  429    -15.240    -10.938      7.966
 934 1208      3.769      2.645     11.039
  -1   -2     19.180    -24.396     -5.261
1187  868      7.431    -20.720      7.297
1192 1166     25.264     22.868     11.935
1210 1169     18.638     22.506      7.826
1202  991     -1.540    -23.564     10.258
  -1   -2      3.935    -28.788     -1.808
  -1  733      2.610    -17.460     11.456
 922 1123     11.901    -18.477      6.101
1199 1171     19.140     25.061     11.137
1207   -2     16.560    -23.221      7.230
  -1 1180     29.076    -16.706      8.696
  -1 1188     23.606     18.500     12.555
  -1  537     26.466     13.466      9.768
1212  612     24.624     16.810     11.359
  -1   -2     25.088    -22.811     12.388
1257   -2    -17.352    -16.411      9.703
1201  683     24.754    -17.533     11.338
1203 1178     14.476    -22.547      3.683
  -1   -2    -17.701    -12.784     11.438
  -1   -2      9.240     27.091     10.600
1198 1019     -7.996    -20.667      6.697
  -1 1078    -18.586    -22.121     12.229
1213 1189     16.132    -22.829     11.576
1194   -2     -1.611    -20.775      4.605
  -1 1194    -24.174    -14.749     11.659
   1   -2     -9.125     -0.526      7.898
  19 1202     -3.392      1.056      6.854
  -1  826     -2.206     15.007      7.390
  -1 1265    -11.237     13.867     11.126
  63   -2      6.105     -0.512      9.771
  -1   33     16.389      3.708     -7.845
  -1 1266     16.498      3.488     -7.805
 147 1218      8.569     -1.996     11.683
  -1   71     19.917     12.664     11.292
  77  206     18.064     10.444     -0.425
  -1  661     16.842     -1.882      9.315
 124 1214     14.345      2.985     -1.585
 305   -2      0.572     10.201      1.127
  -1   35     19.014     -6.186     11.362
 370   -2     -2.140     -5.396    -10.955
1238   -2     -2.739      3.702     -9.915
 164 1221    -11.619     15.154      9.688
 235 1226    -17.365      4.614     -1.402
 255  180     19.493     -7.613      4.213
  -1   -2    -13.581      7.159     -1.550
  -1  996     -9.597     -7.016      6.408
  -1   -2     -3.920    -10.153      8.814
 494  214     13.763     10.192     11.395
  -1   -2      9.457     14.446     10.743
 970  915     25.583     -5.212     10.179
 375  540     14.179     17.544      9.997
  -1  142    -16.926     -3.265      4.924
1241 1260      6.861     13.211     -1.309
  -1  555    -10.453     -6.946     11.061
 297 1228     19.810     -1.885      0.027
  -1  741    -14.296     -6.439     -4.440
1063   -2     22.791     10.247     -3.502
 621 1237    -15.984     -7.479     -4.706
 170   74     -0.815      5.684      0.204
 814   -2    -12.129     11.846      1.410
1259  670     23.033     -6.949     -5.021
 630   -2     21.376     15.156      8.921
 555   -2     -3.483    -17.487      9.799
 449   -2     26.348     13.063      9.038
 782  535     23.576      1.115      7.968
 879   -2    -16.350      4.677     11.412
  -1   -2    -11.237     13.867     11.126
  18   12     -2.259     15.076      7.196
1271   42     -9.028      9.137      6.502
1223   32     -3.591      3.744     10.797
1225 1264    -12.278     -0.141      1.130
1239 1258     16.532      9.386      1.963
1274 1262     -0.181     -7.941     -7.036
 247  193    -13.581      7.159     -1.550
  -1   -2     -6.153    -14.366      9.004
1282   -2     16.498      3.488     -7.805
