1324
  -1  775    -11.129      4.484     12.120
   2 1231    -10.421     -2.265     11.794
1235   -2     15.962      1.814     10.373
1292 1296     12.890     -8.884     11.847
  10   14     -0.700     -0.502      2.119
  -1   17      5.669      1.372    -10.292
  -1    5    -10.768      7.555      9.644
  33   80    -13.810     -0.633     12.260
  -1   -2      0.883     10.578     10.613
   4 1232      3.066      0.705      3.415
  26   -2     -3.576      3.636     10.952
  -1  160      1.952     11.052     10.881
  -1  137    -10.447     10.097      5.594
  -1   -2    -18.035      2.212      6.127
 234  378      6.091      1.107      8.899
1175   -2     11.278      3.456     10.838
  -1   -2    -11.257     13.864     11.059
 789 1308     -4.926      2.222     11.327
  -1   -2     -9.678      3.924      4.817
  -1   51      4.775      9.478      4.548
  -1   -2      5.688      0.219     -5.404
1237 1237     15.834     -3.193      4.308
 536  105     16.409     11.108      4.301
  77   24      0.718      6.661      9.767
1156 1098     10.801      5.963      8.145
  19 1240      2.720     10.083      5.112
 542   -2     11.580      6.495     -8.909
  74   54     16.960    -10.023      8.104
   7  593    -13.946      6.918      6.505
  32 1243     18.941      2.718      7.200
1263 1292     22.159      4.368      8.779
  37 1244     16.653      9.407      2.233
  45   39    -15.872     -5.127      4.197
  -1   -2     16.481      3.608     -7.945
  -1   -2     -3.788      8.224      6.901
 433  768    -11.326      4.377      1.654
  -1 1236      3.455      2.398      3.624
  27  147     -8.079     -1.793     -0.257
 365  380     20.640      3.695      6.527
  -1   -2     23.384     -3.656     12.021
 547 1026     -2.369     14.746      7.210
 852   -2     -2.998     13.673     12.199
  -1   25      0.141     -2.530     -0.499
 136  507     14.285     11.412     -6.121
  96   -2    -14.771     10.388     12.617
  -1  472     -9.533     -3.103     11.570
  -1  235     11.705     11.471      9.590
  -1   41     -5.968     -0.845      4.067
  64 1249     13.335      0.860     -4.197
 101   57     -8.043      7.421    -11.489
  -1   58     -4.027      5.044     -0.178
 779  314    -14.262     10.549      6.393
 922   -2    -10.829      9.562      1.864
  -1   -2      7.463      5.199      9.298
  31  339     19.341      6.409     -0.337
 199  430    -12.386     -0.015     -1.971
  56   -2    -10.425      7.607      7.578
  -1   -2     18.893     -6.292     10.437
  -1   -2     18.870     -1.532    -11.132
  -1   -2     17.282     -0.935      8.693
 241  930    -19.875      3.440      8.932
  -1   85     11.329     -4.683     12.758
1010   -2      2.135     -2.567      5.249
 245  112    -15.847      1.160      9.222
 124  238      1.072      1.442     -5.509
  91  131     10.385      4.170     -7.353
 319   -2     18.769      4.901      1.821
  23   -2      9.605      3.131      5.838
  -1   82      3.370      0.028     -7.292
 174 1256      5.531     -6.520      0.814
 357  113      6.360      3.822      5.726
  54   -2      1.804     -0.053     -0.576
 360  384    -12.058     -0.443      3.647
 191  439     15.307      1.151     -0.529
  -1   -2    -12.146     -4.095     12.069
  -1   -2    -13.443      1.146     11.977
  -1  115     -9.418      8.891      6.726
  -1   -2     26.670      4.338      7.801
1282  469      6.384     -0.114      8.451
 786   -2     26.824     -4.219      8.905
  -1   -2    -12.867     -2.046     -3.248
  -1  580     13.423      4.674     11.272
  -1   -2      5.926      5.289      3.841
 122   -2     21.527     -2.697      4.063
  -1  743      0.757      0.104      3.849
  -1   -2     -0.320     -4.099      2.629
 469   26     20.610     -3.270      9.104
 982   -2      4.962     -6.246     11.932
  -1   -2     -2.137    -14.817      2.865
  -1  296     19.813     12.977      6.087
 129   -2     -8.420     10.811     -3.130
  -1   87      2.460      0.997     -6.503
  -1  191     -0.568      3.193      5.211
  -1   70     -7.959     -3.686     -5.753
  -1  533      9.112     15.491      1.652
  -1   -2     16.210      1.790      4.704
  97  168      0.046      9.053      9.702
 596  725      8.255      3.330     10.799
 667   -2    -13.670      0.994     -1.409
 474   -2     21.822      9.763      6.109
 516  680     26.055     13.294      7.903
  -1  993    -17.750      9.124      0.944
  -1  943      7.097     12.528     -9.232
  -1 1069     12.271      2.661     -0.411
  -1   -2    -15.911      1.122     -4.253
1200   20     23.825     10.246      6.411
 160   -2    -16.543     -0.620      6.182
 114   -2     17.051      6.816     -0.994
  -1   -2     21.888      3.293     10.239
 283   -2     11.179      1.535    -11.433
 272  678     16.792     -5.478      4.718
  -1  620     10.743      8.468     12.332
 698   -2     -3.644     -1.883      7.811
  -1   -2     22.044      6.031     -3.944
  59  136     16.684      1.129     -5.456
  -1   -2     -5.473     -6.270     -8.486
 321   -2     21.057     16.141      4.492
 308 1091     -1.439      0.791     11.221
  87  150    -17.741     -1.344      7.753
  73  938     -5.431     -1.345      1.215
  -1 1302    -14.830     -1.968      5.458
 866  317     10.726      9.061      6.143
  -1   -2     12.965      7.644     -3.916
  -1   -2     19.859     11.037     -2.139
  -1   -2      5.975      7.045     -8.457
 119 1253      2.821     -3.105     -4.945
 273   -2     -1.292     14.323     12.100
  -1   -2     22.742      4.030      5.651
 676  415     -7.497      6.675      2.098
 250   -2     20.418      9.295      5.286
1112   48     18.816     -8.365     11.846
  -1  236      2.651     -1.354      8.619
  -1   -2     14.237      2.543     12.001
  -1   -2     15.378     -1.086     -1.583
  -1 1013     20.130     -1.831      6.895
  -1   77      0.493     10.601      7.348
  -1   -2     21.699      5.226      0.863
  -1  645     20.871      9.987     -0.201
  -1  379     -5.501    -13.485     -0.530
 105   -2      7.855      8.344      3.543
1061  347     12.455     -5.746      7.040
  -1   -2     12.582     -2.131     11.342
 275  686     -5.098     -5.774      7.991
1234  138     16.808      0.929      9.325
  -1   -2     15.909      3.478      3.089
 103 1251    -10.890     11.115      1.913
  -1  170     -6.520      0.675     -9.592
1074   69    -13.460      7.375      3.307
  -1  117     -7.850     -6.380      9.751
  -1   -2     -0.010      5.433     -4.289
  -1   -2     -0.870     14.271      0.593
 892   -2    -17.784      9.724     11.925
 688  999     -5.075     15.857      6.976
 634  129     24.908     -4.429      7.728
 158 1255     26.451     -6.253      7.998
  -1   -2      8.177     -2.745     -4.802
  83  183    -17.218      5.632      0.245
  -1   76     20.162      2.566     -4.461
1075   -2     17.647     -2.626      3.299
  -1  689     -5.341      6.412     -1.566
  -1   -2     12.081      1.648     10.359
  92   -2    -10.381     10.927      6.235
 152  217      2.557      5.576     -6.919
  -1   -2     -0.285      2.471      9.261
  -1  130      0.948      3.524     -9.514
 460  272     12.173      9.288      9.704
 164   -2      7.336     -1.965     11.611
  -1   -2      3.460      0.821     10.661
  -1   -2      7.767     -0.369     10.184
 154  273     -3.442      7.104     -5.874
1081  356      6.864     11.956     12.456
 432  512     11.697     -5.361     12.321
  -1   -2    -14.958     -4.014     -1.310
1007  873      1.909      9.160      4.173
 192  102     10.675     15.508      8.444
  -1  808     24.258     -1.942      7.158
 449  163    -11.528     15.843      5.954
  -1   -2     -6.407      4.960     -4.704
  -1   -2     12.493     11.776      8.196
1253  265     -3.865      1.996      8.401
  41  159     10.776     11.685     -0.446
 908   -2    -17.786     -1.260     11.162
  71   -2      0.587     16.070     11.318
 184   -2     12.334     14.712      8.490
  -1  531    -17.991     -2.188      8.075
 988  151     17.938     12.212      4.819
 183   -2     -6.663     -1.773      0.392
  -1   -2      0.063      3.740     -9.291
 106  572    -11.957      0.693      2.377
 654   -2     10.378     -1.663      8.188
 407   74      9.692      2.772      9.891
  -1   -2     15.626     -3.424     -5.376
 517  266      9.035     11.312     -5.722
  -1  335      6.971      7.396     -0.788
 112   -2     13.471     11.741      9.023
  -1  869     17.340      5.485      5.718
  -1  204      5.159      2.441      1.409
1238   -2     16.004     12.764      2.516
 132 1254     16.506      6.937      5.624
  -1   -2    -13.246     -3.497     -9.259
  -1   -2     10.477     10.603     -0.342
 788  450      6.265      9.009     -7.073
  24   -2     15.777      0.251     -4.714
 104  456      1.817     11.868      8.330
1202   -2     12.479     -3.128      6.973
  -1  251     -8.537     -1.566      3.140
 139   -2     22.061      8.559      9.670
1147   -2      9.099     -3.617     12.262
  -1 1275     26.722      9.227     10.430
  -1 1136     20.160      6.313     10.575
  -1   -2    -12.147     -7.319     12.499
1024  344      1.939      8.101      9.232
 548   -2     18.038     12.148     -7.317
  -1 1181    -10.991     -1.239     -3.456
  -1   -2    -19.208     11.048     11.758
  88  237      8.914      4.112     10.835
  -1  254     25.037      0.990     12.319
 942   -2     23.138     15.355      0.179
  -1 1150     -1.518     15.553      5.549
 374  135     10.271      1.349      0.781
  -1  679      3.373      6.656      2.747
  -1  911      6.568      3.611     11.049
  -1  324      6.267      5.536      0.136
 411 1264      5.586     -8.440      0.602
1029   30     10.818      0.349      1.307
 689   -2    -15.699    -10.688      8.889
  -1  284      5.996      1.301     -6.117
1035  663     24.992      4.546      5.897
  -1  297     16.389      6.419     -9.351
 722 1173      5.496     11.787      5.058
 959  111     11.706     16.466      8.291
 232   -2     11.481     -6.191      8.133
 871   -2    -11.987     12.106      9.060
1158  591     24.305     -0.511     10.105
 244   -2     20.128      6.104      3.033
  -1  193     16.073      7.818     -2.260
  -1 1065    -16.555     -8.196      4.391
 385 1146     22.034     10.091     11.072
  -1  910     22.137     -8.210     -2.309
 729 1004     15.532     14.816      2.724
 931   -2    -15.261     13.736     10.949
  -1   -2     12.924      8.387     -9.917
  -1  419     20.840     -3.998     -1.610
 524  361     -0.589      6.753      1.757
  -1 1116     -2.380     10.164      3.427
  -1   96     20.965      7.705      2.318
 314   -2     -5.253     12.150      8.946
  -1  186     22.610      2.207     -2.194
 589  134     19.165      0.010     -2.321
1188   -2     23.673     11.754     11.387
 118   -2     15.583      6.825      3.864
  -1   -2     10.577      7.520     -3.562
 320 1100     27.104      2.055     12.519
 218 1258    -14.281      0.854      1.918
 274  731      6.651     15.007      9.092
  81 1079     -3.192      8.759     10.370
  -1  192     22.829      0.894     10.505
 561  440     18.554     16.125      9.219
  -1  224    -14.763      4.002      1.295
1133  411      5.400      7.322     11.157
 123  243    -14.014     -0.384     -7.540
 854  970     -5.162      0.039     10.347
 693 1007    -20.470     -2.599     10.935
 284 1260     25.446     -5.769      9.155
  -1 1282     -4.838     -1.272      7.447
  -1  409      4.456     -7.079     -5.243
  -1   -2      9.341      0.638     -5.620
 814  496    -15.464     14.857      3.876
  -1  260     12.907     -7.642      5.468
1308   -2     -7.055     -1.031      6.328
  -1   -2     -4.210    -11.294     -3.641
1105   -2     11.319     -9.583      6.777
 392  377     -1.409      3.205     10.055
 182 1034     22.502     -4.470      6.301
1218 1076     20.910    -14.056      7.975
  -1   -2    -19.087     -9.140     11.077
  -1 1044     -2.780     -1.401      0.585
 873 1117    -14.395     14.775     10.593
  -1  365     11.136     10.492      5.501
 774   -2    -20.110     -1.354      9.155
  -1 1110     -4.779     13.508      2.583
 674   -2     21.450     15.884      9.117
  -1   -2     17.916     -6.177      2.995
  -1   -2     -1.285      8.673     -4.351
 970   -2     22.761     -1.433     10.688
  -1   78     -0.460     11.553      2.855
  -1   -2     -3.230      2.162     -2.197
  -1   -2     18.570      6.703     -2.342
 759  492     14.731     -5.303      5.460
 653   -2     11.541     -6.222      5.465
1093   -2      2.072      8.059     10.758
 379   -2     24.807      3.027     11.645
  -1  240      7.024      8.667     10.283
  -1   -2     13.761     -6.123     10.391
  -1   -2     -1.995      2.439     -2.303
  -1   -2     20.083     10.023      7.972
  -1   -2     17.029     -4.244     12.413
 156  617     13.125     -9.639      5.749
 565 1126      7.384     14.314      4.409
  -1   -2     -3.278    -13.747     -3.609
 442  340      5.295     -9.965     11.989
 111   -2     -9.835     -4.694     12.084
  -1 1008     -1.557     13.325      7.582
 436  684    -12.879      2.136      0.267
  -1   -2     -5.096     -4.122     -5.303
 721   -2     11.753     -2.566     -5.518
  -1   91     17.810      0.609      3.657
 212  216      0.633     -1.082     -8.212
  -1  146    -12.488      9.690     10.893
1239   -2     13.134    -10.209      9.745
 345  659     -1.511      6.209      8.543
  -1  107     -0.500     -5.372     10.209
  -1    4     12.804     -8.419     12.388
  -1   -2     11.842      4.744     -0.214
  44  789     -1.101      4.118      7.875
  -1   -2    -14.827     10.998     -1.407
  -1   -2      0.047      0.309     -4.334
 638  277     -0.100    -10.704      2.247
 311   -2     10.065     -6.695     12.088
 822   -2      3.243      5.863      3.600
 402  225      0.506     -9.768      2.810
  -1   -2     -9.696      4.844    -11.273
 248   -2     14.733     13.765      9.561
 278  518     19.991     11.741      8.069
  -1   -2     13.536     -4.554     -8.734
 393   -2     20.856      6.128     11.852
 777  352    -20.203      1.240      9.935
 208   -2    -13.549     14.289      3.479
 440  291     23.513      0.308      7.539
  -1  275     25.961     -7.588      8.961
 576  306      8.971     13.064     10.623
 301   -2     10.161      7.892      7.089
  -1  207    -15.458      5.943      0.846
  -1   -2     15.606      7.777     -5.541
  -1 1109     25.411     -1.483     10.423
 294  650     17.532     -7.794      6.261
1196 1199     24.292     13.568     12.323
  -1   -2     20.169     -5.491     10.393
 527   -2     16.058      2.598      8.704
1134  383     15.275     10.656     10.031
  -1  443     -5.290      9.686     -2.364
 637   -2     10.689     -6.511     11.148
  -1  423      4.727      6.683      2.743
1152  965      2.253      1.086      8.489
  -1   -2     11.746      2.138      4.986
1255   -2      1.229     -8.546      8.204
 155 1106      3.846      4.808      9.193
 227  734     23.421      8.219     11.063
 226  299     12.137      3.726     10.802
  -1   -2     12.364     10.579     -2.257
 235 1085     22.922    -14.530     10.525
 622  318     16.757      4.875      6.098
  -1  925     -7.443     -7.368      0.018
 995  397    -17.230     13.011      9.384
 332  182     10.864     12.211      8.021
  -1   -2      8.032      0.727     -6.857
  -1   -2    -10.754      4.840     -3.069
  -1  187     17.077     10.697     -2.782
  -1  293    -12.513      9.432      3.385
 162   -2     -2.919      5.226      0.368
1050   92    -15.110      1.270     -8.275
  -1   -2     25.110      8.609      5.920
 518  200     24.223      4.467      5.662
 696  312      7.122     -7.457     10.456
1184   -2     20.396     -0.422     12.415
 159  718      0.274     -1.508      7.210
1198    0    -10.522      6.151      3.981
 793 1281     10.782      4.373     12.176
 481  171      6.298     -4.953      7.535
 932 1067     -5.401     13.871      8.005
  -1  749      8.697     -0.774     10.384
 331  754     16.231      8.880     10.011
  -1   -2      7.488     -0.813      5.296
 543  484     15.616     11.895     -4.345
 198  702     -2.177     -6.945      4.181
  -1   -2      6.235     -7.539     -7.544
  -1  467     17.779     14.222     -0.505
 645  402      3.934     -2.255      3.631
  -1   -2    -11.247     -9.561     10.399
 238  142     18.422     -5.490     -0.591
  -1   -2    -13.256     -9.580    -11.759
1044   -2     17.991    -14.745      8.833
 317   -2     18.857      1.235      9.129
  -1   -2     -7.366      3.961     -5.270
 891  233    -19.069      6.154      7.526
 496 1188     17.895     -8.079      8.274
 338   -2    -11.756    -11.217      7.214
 701   -2     21.724     13.003      3.943
  -1   -2      5.812      2.201     -5.859
 366   45     11.867     -3.151     -5.683
1015   50      3.151     10.693      7.434
 833   -2    -17.995     -7.407     12.251
  -1  553    -17.330      3.106      0.607
  -1  336      3.477     -4.766     12.338
 464   -2     24.283     -8.227     10.651
  -1  321     -1.782     -0.168      8.613
 862   -2      9.974      3.609     12.211
 841  624    -11.580     13.783      1.454
  -1   -2     -9.584      9.626      7.857
1130   -2     -9.547     -6.856      6.385
  -1   -2     14.747      8.517     -6.110
  -1   88      5.480      0.122     12.212
 816   -2      1.074     14.515      3.642
1103   -2      9.853     10.183      7.583
  -1  247     -7.140     16.821      7.656
  -1   -2    -12.487      2.308     10.542
  -1   -2     -2.422      3.439      9.712
 612   -2     13.261     12.589      9.977
  -1  203     15.761    -10.868      4.911
 593  735     -7.320    -11.787      2.689
 888  548     -2.857     -8.286      7.273
 717  664     20.660      2.819      7.974
  -1  697      8.265    -10.273      5.218
 661  429      7.853     -0.669     12.017
 140   -2     -5.575     11.873      1.261
  -1   -2     -7.786     -6.030     -9.754
1118  842     -9.905      2.155     11.556
1269   -2     14.330    -11.588     -7.758
 905  327     17.087     12.574      8.035
  -1  367    -14.073     -7.538     11.713
  -1   -2     -0.439     10.781    -11.369
1288   -2      4.342     -2.507      8.894
  -1   -2     12.183      8.578      6.834
 769   -2    -12.287     -3.220     -3.286
  -1  984    -11.788      0.362      9.322
 201  603    -17.583      5.266      8.419
  94  481     20.949     10.474      4.955
 887   -2     25.764      3.178     12.435
 737  452     17.066    -16.182      9.750
  -1   -2     20.214      5.525      7.511
 727   66     10.628     -1.873      5.940
  -1   -2     19.404      3.910     -2.314
  -1   -2     16.308     -1.182     11.248
 430   -2    -12.058      5.509     -6.711
  -1  681     12.094      6.152     12.289
 817  675     -2.684      4.777      5.407
  -1  648     17.594     -2.009     10.073
  -1  699     24.252     -3.196      3.699
  36  927     10.555     -4.398      7.776
  -1   -2     -9.003    -15.076      2.670
  -1  972     22.315     13.252     11.493
1245  644     17.211      7.528     -2.820
 825   -2     11.647     -0.371      7.960
1172  771    -17.951     -3.067      5.859
 454 1120      1.532     -3.636     10.375
1016  424      4.638     -4.178      2.199
 611    2     -9.538      0.601     10.795
  -1  466    -11.275     -7.237     10.113
  -1   -2     12.533    -10.834      4.890
  -1   -2     10.977     10.559     -1.251
 710  584     14.575     15.887     10.344
 950  729    -13.043     -2.748      7.038
  -1   -2     24.961      1.049      2.259
 535 1270      5.070     -1.447      4.642
  -1   -2    -14.957      4.721    -10.415
  -1   -2      5.851     -1.563     11.449
 127   -2    -15.886      6.764      3.497
 872  767     -3.061      3.494     -1.660
 681  458     -2.879    -11.726      7.784
 867  549      9.332     -6.580      9.296
1002 1107     15.586     13.964      1.713
 768  564     22.754      5.165     11.585
  -1  579     20.086      9.284     -3.076
  -1  189     16.451     -3.012      9.595
  -1 1052     20.890     -3.744     12.124
  -1  929     14.119      4.483      9.845
  -1   -2     15.182     -6.449      7.947
 546   -2     10.201     -0.377      8.231
 948   -2     -0.511     -1.851      7.676
 954   -2     -7.767     13.980      6.191
1294   -2     -8.005     -2.398      6.959
 134   -2     24.444     -3.122      7.905
  -1   -2      4.770     -1.082      8.673
  51   -2     -9.149      6.239      5.260
  -1   -2     -3.328     -6.607      4.050
  -1 1123      4.063     12.914      5.676
  -1   -2    -15.038      3.213     -9.605
 899  862    -19.285      9.148      8.862
 901  460    -14.253      7.794      1.761
  -1  445    -20.461     -3.633     11.105
1128  631      8.152     -3.403     11.541
  -1   -2     11.084     -4.587     -9.954
 534  590      9.253      0.453      5.653
 441  305     -1.515     13.804      5.876
1045  990     22.190     -2.922      8.707
 744  449     -0.052     -7.206      0.465
  -1   -2     -6.216     10.458     -6.299
  -1   -2     -4.519      6.189      8.841
  -1   -2     21.827      0.545      7.912
  -1   -2      0.452     -6.606     -5.134
  -1  851    -17.574    -15.196      5.472
 577  355    -15.006      0.369     -1.505
  -1  270     -5.261     15.022      4.046
  -1   -2      2.324     12.572     -9.037
 336   -2     -3.587     -7.507     -5.687
  -1  846    -18.959     11.992      8.916
  -1   -2     -3.119    -12.218     -5.471
 578  662      8.156     -9.919      1.246
  -1  426     21.264     -4.074      8.984
 783  386      6.090     12.856      8.549
  -1  790     -1.488     17.774     12.158
 455   -2    -10.207     -7.858      3.603
 946   -2      7.443     12.030      3.895
  -1  390     18.957     16.646      3.931
 592  554     16.712     -4.392     -7.070
 723  785      1.463     17.899     11.493
  -1  568     10.157     -6.323      3.313
 925  761    -11.950     11.998     -2.048
  -1  707     -1.928    -17.977      6.917
 484  320      1.318     11.056      4.852
 742   -2    -17.098     -3.829     11.917
1003  982     17.212    -15.433      2.804
 307  952      8.099     14.497     10.264
 251  369     11.093     -1.182      7.949
1142   -2     -1.537     10.687     10.107
 829  267     -3.787      8.967      9.963
 753   -2     -3.589     -6.758      9.339
 472 1266    -10.605     -7.234     11.659
 713   -2     18.463      5.563      4.753
  -1  211     18.040     11.765    -11.121
 509   -2     24.844      6.527     10.455
 461   -2     15.451      7.147      7.358
 933  959      5.784     -8.419      5.313
  -1  278      5.625     14.065      3.628
 956  462      5.460     -9.423     -4.320
 288   -2     10.668      4.644      7.885
  -1   -2      5.544    -14.722      0.433
 368   -2      7.215     -2.265      0.923
 856   -2     -0.379     11.172      0.020
1058  830     -1.954     -0.102      4.983
  -1   -2    -12.755     -7.959     -4.187
  -1   -2     20.460      3.572      2.045
  -1   -2    -12.322      9.942      7.979
 384  757     -3.674     -2.979      0.752
  -1  558      8.222      4.936      5.487
 482  448     -6.425     14.972      2.281
 422  357     24.296     -4.157     11.545
  -1  231     22.694      8.397     -1.610
 478   -2     -0.253      3.097      7.848
  -1   23     -0.323      3.188     12.026
  -1   -2     14.362      0.751      2.090
 490  281      6.407    -10.221      8.547
 766   -2     17.090     -9.256      2.440
  -1   -2     -0.994      6.934     -4.773
 706   -2    -14.767     -3.004      4.270
  -1   -2     13.047      3.345     11.746
 847 1062     18.478     15.139      6.346
1194  866     -6.036     16.117      9.334
1107  875     -0.825     13.505      5.399
  -1 1094     14.400     12.185     11.561
 383  544      8.374    -11.668     -1.321
  -1   -2     20.417      9.353     -7.863
  -1   -2     10.063     15.405     11.840
  -1   -2    -14.358     -7.374      3.923
 434  608      0.350     -6.112     10.697
 685   -2      9.675     15.205      1.613
 588  252     26.578     -6.349     11.526
  -1  368      7.616     -6.125      5.638
  -1   -2     13.451      0.195     10.225
 621  431     17.191     -1.435      7.407
 714  746     12.011      7.637     -3.536
  -1  641    -14.477     -2.671      7.390
 500   -2      5.977      6.799      6.894
 627  332     11.295      3.466     12.686
1281 1193     24.745     -1.609      3.931
 690   -2      0.474    -11.904     11.833
 239   -2      7.733     14.087     -4.381
 293  784     20.836      1.049    -10.429
 389   -2    -10.418      0.155      2.901
  -1   -2     16.534     16.284      2.744
 738   -2     14.638     -4.701     12.025
  -1  863    -10.980      9.729     -5.996
  -1  557     21.136     -7.288      9.989
  -1   -2      5.807     -0.197     -9.736
  -1  257     -4.361     -4.208      9.997
 175  370     24.928      9.088      8.071
 147   -2    -11.489     -4.125     11.459
  -1   -2     17.565     -5.656     -6.412
 405  350     -4.861     -2.538      8.568
  -1   -2     16.248     -9.855     10.542
 764   -2     11.599      8.271     10.207
  -1  209     22.482     10.575      5.827
1148  956     24.845     10.223     10.084
 526   -2     25.449      1.118      6.848
 142  989      4.930     -2.178      4.653
  -1  615    -16.741      5.258     -6.140
  -1  610     20.882      6.652      8.868
 515  283     -8.057     -5.032      9.392
1078   -2     -0.643    -10.769     -4.130
  12   -2      8.904      3.214      2.803
  -1  888     19.149    -13.762     -3.256
 401  733     -3.804     -8.221      9.160
  -1   -2      9.194     16.048      4.399
  -1   -2      3.071      4.425     11.220
 566   -2     -5.722     13.231      4.480
  -1  706     23.001      7.670      8.087
 823  245     -5.702     11.728      8.710
 751   -2     -9.946    -14.735      3.068
 562  701     14.836     15.566      6.023
 952   -2     21.754     14.725      6.310
 656   -2     19.821      0.889      8.781
 644  400      7.707     -0.190     -1.094
 149   -2     23.819      0.824     -0.204
  -1   -2     13.856      8.531      5.184
 296  218     11.129     -2.241      2.022
  -1   -2     12.989     -5.836      5.991
 143   -2     16.786     -1.808      9.943
 691 1105    -11.902     -8.061      2.196
 354 1323     -2.632      5.466     -7.425
  -1   -2     17.108      4.707    -11.679
  -1   -2      8.322      5.397      8.442
 408   -2     15.212     17.155     11.156
1222   -2      7.022    -17.630      7.371
  -1  696     -3.187    -10.975     -2.208
1221   -2     25.490     14.557     10.320
  -1   -2     -2.241     -3.794     -4.865
 372 1131     18.849      4.365     10.486
  86   -2     21.618      1.906     -0.486
  -1   -2     -2.888     10.154    -10.236
 618  541    -10.015     -0.861      4.904
 957  301    -12.934      7.468     -8.468
  -1   -2     -0.361     12.767     -6.789
  -1  447     25.320     -1.106      1.576
 487   -2     23.819      0.547     10.016
 590  176     12.982     -1.663      8.931
  -1  714     19.406      1.757     12.222
  -1   -2     20.600      3.388     -8.620
  -1  495     17.026     -9.416     -3.404
 897  726    -17.870     -8.822     11.899
  69   -2     -3.907      3.617     -0.345
 849 1002     11.380    -15.529      0.902
 529  700     21.573     14.006      5.388
  -1  201     18.664      7.431     -5.922
  -1 1030    -13.353     -6.356     11.050
  -1   -2      6.741     -6.319     -7.544
  -1  997     -0.195     -7.984     11.580
  -1   -2     12.888     -0.118     -6.699
1092  326     -1.759     -1.426     11.538
 538 1271     -3.294     -2.699      4.883
 381   -2    -17.471     11.227      6.856
  -1   43     -4.040      8.484      5.007
  -1   -2      7.786     -3.531      9.855
1051  323     23.215      9.124      4.851
  -1   -2     21.885     -9.443      9.044
  -1   -2    -13.008     -8.716     -4.125
 606  239    -15.571     -0.427     -5.874
 765  534     24.152    -17.164      8.840
 835   -2     26.139     -7.800     10.285
 608  319      6.305     -9.633     -9.956
  -1   -2      0.620     -8.120     11.586
  -1  519     14.335     15.822      1.685
 919  396     18.500      1.756      3.046
  -1   -2      7.234     -1.441      2.722
 347  234     20.823     -7.018      0.775
 639  205      1.303     -6.792      0.459
1141  870     13.445      7.388      0.647
1004   -2     13.639     16.934      9.209
 670  513    -13.435      9.881    -12.078
1018  652     19.556      7.269      5.166
  -1 1155      8.858    -15.013      3.773
1166   -2    -15.135     -8.549     -5.961
1111   -2     21.471      9.578      3.621
1009 1058    -16.616    -11.401      7.387
 128   -2     10.242      2.427      9.398
 131   -2     -8.218     -5.989     11.658
  -1  722    -14.627     -8.219     -0.576
 194   -2      3.326     16.045      6.460
 684  184     -9.451     -2.457      3.159
 290   -2     -2.862     -4.819     10.681
  -1   -2      2.448      3.303      4.758
  -1   -2     -2.497     -5.642     -9.388
1211   -2     23.230     15.965     11.136
  -1   -2      7.636     -4.568     -1.123
1079  949     -9.208     17.094     12.260
 269   -2     18.369     -0.901      6.734
 750   -2      3.211     -2.373      9.118
  -1  422     21.468     16.454      1.915
 195  346     15.104      7.017     11.557
  -1   -2      3.131     -3.276     12.208
  -1  704      6.683    -11.939    -11.976
 375   28      5.406     -9.554      5.162
 754 1128     16.192     -4.886     10.318
  -1   -2     15.039     14.264      6.293
 633   -2      9.752    -12.574    -10.343
 306  351      5.537      9.577      5.162
 271   -2     -0.935      3.366     -1.773
  -1 1064      5.778    -15.252     12.064
 974 1077     -5.237    -12.758      6.464
  -1   -2    -11.556      7.548     -1.682
  -1  987     24.253     -6.510      9.720
  -1  602     24.609     -3.988      2.504
  -1   -2      9.313      5.380     -5.695
 421   -2     19.124    -17.530     10.472
1131  643     24.072     -9.518     12.056
  20  294     19.259      0.047      2.698
 289  960      1.463     -2.808      9.502
1065  573    -16.115    -12.634      3.808
 700  585     -3.662    -11.769      2.442
1285 1035      8.611     -2.435      9.885
  -1  772      3.089     -1.482      9.383
  -1   -2      3.228      1.388      6.597
 599   -2     21.680      6.974     12.061
1059  727     -2.158     -6.074      9.471
 669   -2      2.827    -13.269     11.874
1040  576      0.760    -18.603     10.560
 734   -2     21.260    -11.513      8.796
 243  213      4.654     10.977     11.334
  -1  428     -1.324      2.475     -4.016
  -1  540     14.211      2.407      5.227
 581  601     26.312      2.479     12.340
  -1 1043     17.435      7.068      6.884
 330   -2     24.500     -3.683     11.992
  -1  828     -0.729      5.218     -0.873
 990  694      9.527      4.257      3.031
 880   -2     16.154     13.792     11.561
  -1  470    -16.530     -6.872     11.305
  -1  717     20.063     14.642     11.407
 903  139     15.952     10.706     10.691
 166  530    -16.049     -3.406      6.072
1048   -2     -7.860     14.600      8.091
  -1   -2      9.874    -10.290     -8.747
  -1  501     -5.851     -6.030     10.467
  -1   27     17.794      2.213      3.145
1161  500     18.937    -11.657      6.439
  -1  670      2.639      4.577      2.685
  -1  157      8.784      6.309     -1.620
 265   -2     15.707     -7.509      5.016
1163 1124      8.480     -2.582      6.076
  -1  651     22.537     14.506     10.607
 748   -2     18.820     17.912     11.670
 657 1189      6.280     -9.338      7.950
 677  574     -0.242     -7.872      6.702
  -1   -2     16.080    -11.096      8.701
 539  298     21.215     -1.543     10.021
 673   -2     16.092     -6.435     11.164
  -1   -2      2.663     12.045     -9.624
  -1   -2     -0.513      6.046    -10.063
 342   -2     16.415     13.082      5.517
 531 1038      1.536    -10.551      1.968
 256   -2     20.831      1.790      7.374
  -1   -2     21.753      1.597     -1.705
1165  561      6.287    -10.727      4.371
  -1   -2    -15.393      0.866     -6.519
  -1   -2     22.818     12.199      7.378
 425  967    -17.558    -12.044      5.173
  -1   -2      6.045      4.977      4.952
 732  464      7.492     -6.459      2.489
  -1   -2    -12.798     11.535     -6.395
  -1   -2    -11.474    -15.027      3.256
  -1   65    -11.521      5.361      4.370
  -1  206    -10.819      7.421      3.851
 173  819    -15.366      1.214     12.134
 686  228     -2.964      9.301     -2.061
 818   -2    -10.989      3.301     11.322
 805   -2     25.114     -9.442      1.241
  -1  538     20.420     -2.774      4.186
 493 1001      1.338     14.412     11.003
  -1  868    -17.607      3.352     11.686
  -1   -2     29.031      4.889      8.820
1241  838    -11.779     14.893     10.854
  -1   -2     -1.512      2.550      1.851
1178  309     -3.207     11.558     10.217
 800   -2     27.796      6.037      8.319
  -1   -2    -19.852      0.528     11.134
1262   -2    -10.189      9.142     -3.417
  -1  503     18.534      8.600     12.252
 953   -2     20.597    -16.237      8.785
  -1  786    -20.322    -14.885      9.118
 224  145      9.947     12.867      7.355
  -1   -2     -7.315      7.104    -11.190
 292  820    -16.992     11.934     10.406
  -1   -2    -15.970      6.674      8.251
  -1  891      3.787      9.291      9.220
 863   -2    -17.457      2.009     11.805
  -1  597    -18.113    -16.483     11.151
  -1   -2      4.023     14.035     -6.808
 697  563     -1.305    -14.530     10.584
 506   -2     17.361    -12.937      0.918
  -1 1144    -13.670     -8.014      7.186
  11   -2      1.652     11.786     10.367
 994  258    -15.376     10.340      5.564
 955   38      0.216     18.008      3.696
  -1   -2      2.876     13.058     -5.775
 266  668      3.179     12.686     10.689
  -1   -2     -5.566    -19.987      8.116
  -1  792     29.125      9.236     12.620
  -1   -2    -20.336      0.568      8.857
  -1   -2    -21.095    -10.927      7.533
  39  831     -2.069     13.828     11.216
1025  253    -10.953     -2.620     11.235
  65   -2     -3.123     11.224      7.825
  -1  264      9.624    -12.662     -0.227
1170   -2    -18.652      6.946      8.971
 839  353    -13.125     15.840      9.799
 949   -2     -1.890      9.434      6.065
1137 1192     26.972      7.322     10.999
 780   -2    -17.887     -0.859      5.669
 519  304     -3.131      5.592     -4.576
  22  755    -10.077      0.779      8.976
  -1   10    -17.091      0.499     12.155
  -1  636     -0.744     10.867      6.427
  -1   -2     12.552     -1.237      1.186
  -1   -2    -13.747     13.624      0.050
 540   -2     23.841    -14.389      5.131
1121   -2      7.279     -5.218      5.786
 587  333     -1.957     14.663     11.444
  -1   -2    -13.016     12.337     12.783
  80  856     -2.065      0.083     10.549
  -1   -2     20.398      5.375    -10.150
 504  177    -17.106      3.134     -3.402
 795  954     27.739      7.264      9.148
 560  535     -9.701     11.798     -0.691
 898  880    -21.530     -4.532      9.608
  -1   -2     -3.455    -17.389     10.020
  -1   -2     18.095     15.810      2.870
  -1   -2    -14.326    -11.894     -2.392
  -1 1092     26.067      6.100      4.173
  -1  713      6.614    -16.393      4.352
  -1   -2    -12.062     -4.497      4.396
  -1   -2      1.436      7.200      7.424
  -1  520     22.117     14.396     -4.851
  -1  721      7.827     12.063      0.511
  -1  629      0.238      0.315      9.762
  -1   -2     23.702    -14.273     11.955
  -1   -2    -10.792     -2.509    -12.105
  -1  149     -7.898     -1.782      8.223
  -1   -2    -20.362      4.836     12.654
 648  779    -13.861     13.475      6.794
  -1  872     28.415      3.889      8.641
  -1   -2     -0.374     10.222      4.978
1171 1159      6.368    -12.675      8.335
  -1  406      1.378     -5.936     -0.692
  -1 1072    -11.317      7.068      2.493
  -1  879    -18.948      7.411      9.482
  -1  646    -10.845      0.940      6.693
  -1   -2     20.307     -3.302    -11.028
  -1   -2      4.033      9.728      2.694
  -1   -2    -19.654      7.734      7.666
  -1  418      9.775      6.462      7.614
 725  912    -14.715      2.506     10.692
  -1   -2    -12.276      8.045      1.703
  -1  803     -7.572     15.658     -1.072
 635   -2     14.525     10.535      0.747
  -1  783     -0.010     10.743     -0.226
 876   -2    -10.115     15.037     11.048
  -1  623     23.698     -3.419     12.559
  -1   -2     25.696      7.381      1.419
1101  621      8.632     18.013     10.009
1283   -2     19.113      9.812      7.700
 580  765     -9.095     -9.030     -7.783
  -1  241     -4.793     -0.957      8.938
  -1  486     -8.091     17.191     12.347
  -1   -2    -20.299     -7.854      2.806
  -1   -2     -9.913     12.486     10.631
  -1   -2    -13.198     13.820     -8.087
 920 1277      1.524      9.691     -2.852
  -1   60     28.113     -4.078      8.690
  -1 1294      0.752      0.080     -2.387
  -1 1087      5.177     12.922     11.323
  93 1066     18.558     -8.576      9.328
  -1  855      1.557     13.734      9.058
 944   -2     24.056      4.393     12.322
 262  528     11.571      7.185      8.635
 185   -2     -2.586     13.857      8.854
1206 1095    -11.500    -15.821      8.806
  -1   -2    -16.070      1.736     12.731
  -1  325     -4.602     13.563     10.649
  -1  412     13.235     -5.791     10.781
  -1  120    -16.661     11.585      1.874
 792  375    -15.547     -3.512     -6.380
  -1   -2      6.358     -9.741     -2.288
  -1  918    -18.684     -6.227     11.964
 361   -2     18.947      7.628     11.830
  -1 1049    -14.152     -8.550     10.603
  -1  334    -12.029     12.554     10.634
 874   -2      4.846      4.106     10.217
  -1   -2      5.301    -12.770      1.996
  -1  562      0.801    -12.990     -4.632
  -1  490    -10.730     -7.965      1.024
 983   -2     -5.009     15.140      8.609
  -1   -2     24.182      9.205     -1.636
  -1  976     -2.564     -1.950     10.478
 855  940    -20.043     -6.049      5.790
  -1  122      1.211      3.490      5.054
  -1   -2     13.251     -3.833     11.584
  -1   -2      3.126      5.650      9.763
  -1  161    -16.934      0.609      3.240
 824   -2    -19.742      2.295     10.606
  -1  773    -16.214     13.494      8.700
 842  550    -19.471     10.245     10.338
 843  405    -12.629     15.500      6.705
1136 1280     -3.851     17.558     11.878
 476   -2     21.282     -4.846      2.165
  -1  913    -19.941      0.705     12.467
  -1  596     11.871     10.787      4.346
 836  920     -3.458      0.853     11.078
  -1   -2     12.034     11.850     -2.826
 772  248     20.808     -5.116     10.233
  -1  781     -9.022      1.007      8.312
1037   86     21.659     12.531     10.024
 940   -2    -15.293     -1.084     -1.281
  -1    3     -2.557      3.062     12.815
  -1  886     -4.754      5.003      9.952
 410   -2     12.168     11.959     10.347
  -1   -2     -8.699      9.193     -9.928
  -1  532     -4.455     -4.966      2.982
 663  654     -6.519    -10.067     11.899
  -1   -2     27.504      6.449      4.718
 682   -2      6.166    -10.299      0.142
 335   -2     25.279     11.488     12.038
 881  924    -15.642     12.744      6.807
 930   -2     24.819     15.697      9.896
  -1  401    -15.476     -5.225      9.496
  -1   -2     22.940    -17.310      9.461
 763 1208     -8.722    -18.344     12.519
  -1  787     26.273      2.713      4.786
  -1  179     22.953     11.498     12.564
 910  801     -7.872      8.303     -2.811
 512  427     -2.167    -13.371      1.428
  -1  174     14.215     17.054      6.461
 503  758     -1.942    -11.374     -1.993
  -1  776     28.559    -10.349     12.215
 844 1112     27.436     -7.798     11.677
  -1  673     10.452     -2.864      9.441
 467  969    -11.560     15.359     10.655
  -1   -2     -9.224     -3.873     -4.743
  -1   -2     18.485      3.520      5.401
  -1   -2      5.173    -10.971      2.741
  -1  461      9.410     15.084     11.700
 716   -2    -14.550     -8.267      5.890
  -1  582     16.244    -13.566      5.236
  -1  896    -17.472     17.021      5.493
  -1   -2      4.832     14.819      4.241
 450   -2     10.117     12.358     10.120
 353  966     14.668    -12.146     -5.784
  -1 1032     11.927    -18.245      6.478
  -1  555     15.725     12.319     12.670
 705  444     26.499     -1.197     10.874
 557  491      9.083     11.594      6.436
  -1  996     -9.836     13.594      6.092
  -1  525     -4.640     13.694      7.331
  -1 1020    -12.008    -18.518      6.299
 846   -2    -14.925      8.114     -7.588
 643  459     -7.510     -6.227     10.255
1247   -2     -2.533      9.969      5.909
  99  360      6.546      3.353      7.544
 313   -2     -5.886     15.140      6.968
 409   44     12.016      5.935      9.984
1126  848      0.543      5.593      8.666
  -1   -2    -13.534    -10.633      2.461
 575   -2    -11.444      9.958     10.429
 787  807    -17.943      0.435     11.596
 799   -2      2.039     14.933     10.874
  -1  963     25.484     12.224     12.593
  -1  371     26.466      4.108     12.343
  -1   -2    -10.656     12.071     11.239
 445   -2    -17.546     14.699     10.990
  -1   -2    -11.986    -12.466    -11.838
 574   -2      0.627     -2.256     11.988
  43   42    -19.225      3.866     11.661
  -1   -2     -1.455     11.165    -11.636
  -1   -2      4.945      9.344      1.646
  -1 1322     20.649      9.029      8.762
 457   -2     17.539      2.478      9.018
1032  416     -5.060     16.269      9.241
  -1  292    -16.791     11.597     12.539
  -1  742     11.844     15.351     11.943
1006   -2    -10.538     -4.385     11.545
 724  607     21.489    -14.507      6.962
  -1  358      3.197     11.708      0.800
  -1 1202     22.308     -0.633     10.619
  -1   -2     -6.741      3.034     -8.330
 567  437     -5.860     -1.747      9.103
 884  181    -18.860     -7.340     11.195
  -1   -2    -15.637     15.242     12.240
  -1  341     13.934    -10.126     -2.813
 305   -2      0.712     10.594     -0.364
  -1   -2     24.286      8.519     -3.647
  -1  565     11.386      0.706      6.371
  -1   -2     -5.473     13.299     11.489
  -1  543     -4.033     -2.555      0.568
1208  950     13.195    -18.884      8.102
1157   -2    -11.132    -12.038      6.002
 595  833    -11.910     -6.885     -4.448
 964  709     27.460      0.358      9.322
  -1   -2     -0.873     15.392     12.615
  -1  148    -17.046      0.860      4.074
 615  343     16.359      1.141      3.454
  -1   -2     18.626     -4.287     11.557
  -1  642     20.481     11.827      4.927
  -1 1290     -9.747     -1.836     11.439
  -1   -2     -0.231     -3.734     -7.372
  -1  613     -6.316    -10.052      5.521
  -1   -2     11.831     16.146     12.234
1203  677     19.439     16.478     10.890
  -1   -2     -3.268    -13.033    -11.465
 130  295     24.426      2.778      9.280
 377  185      9.830     -7.828      9.489
 603   31     22.133     -3.759      9.328
  -1   81      1.581     -9.716      3.694
  -1   -2     -1.831      2.840     -7.559
1095   -2     -5.519     19.830     11.505
 624 1172      3.696      3.037      9.010
 848   -2     18.479     -9.404     -9.387
 812  958    -18.690     -3.129     11.241
  58   -2    -13.419     10.879      7.724
  -1   -2      1.031     -5.505      8.517
  -1  619    -20.252      7.763      4.959
  -1   -2      5.240     12.800      2.968
  -1   -2     20.128     -2.971      2.874
 921 1153    -19.740    -10.921     10.842
 770 1157     24.592     11.479      9.255
  -1 1005     26.168     15.876     10.810
  -1   -2     17.221      6.427      4.604
 170   -2     -3.540      5.772     -9.232
  -1   -2    -11.869     -8.726      7.790
 927   -2     17.676     15.282     12.348
 323  504     -9.655      1.559      8.051
1176  955    -10.702    -12.285     11.431
1049  935     -5.024     19.040     10.565
 510  308      7.320      9.547      5.042
  -1  961    -16.420    -17.489      9.613
 116  529     -1.790     13.482      9.841
 541   -2     14.025     -7.043     12.151
  -1   -2     15.798     -5.515     11.178
 180  121     10.755      8.393      2.324
 349   -2     -6.758    -12.736      4.274
  -1 1070     -5.995     15.573     12.353
 707    1     14.749      2.569     11.000
1143  995    -12.097    -19.158     11.355
  -1  478     -1.227    -17.643      5.969
 923 1168    -16.259    -12.490     11.509
 913  889    -17.563     13.279     12.452
  -1  376     -9.704     10.015     -3.013
  -1   -2     20.150      2.287      1.184
 573  723     19.204     -9.647      7.597
  -1   -2     -7.292      3.770     -1.354
 626   -2     18.905     15.802      6.623
  -1  487     13.397    -10.692      5.223
  -1   -2      5.174     15.163      9.009
  -1 1147      9.044      2.507     10.837
  -1 1104     23.458    -11.128     10.887
 702  123     -5.975      3.273     -9.781
  -1   -2     12.237     10.916      5.463
  -1   -2    -12.244      3.101     10.999
  -1  276      5.448     -1.104      9.690
  -1   -2     18.188      6.503      6.144
 870   -2     24.602    -14.742      9.052
 665  302     13.958     -7.299      7.476
 537   -2      8.814     -9.479     12.520
 363   -2     13.546      8.155      1.824
  -1   -2     17.192     13.109     11.717
 594  739     -9.030     14.792      9.521
  -1   -2     25.172      0.076      8.434
1076 1174    -16.165    -12.015     10.125
  -1    6      0.763     10.063     11.316
1102  124     20.694     -4.212      5.912
  -1  945    -12.563     -3.983     -4.169
  -1   -2     17.048     17.721      9.319
  -1   -2     -7.039      2.711     -1.808
  -1  522      7.264      7.492      4.327
  -1   -2      3.354      6.106    -10.467
  -1  109      0.454     16.698     11.429
  -1  850     10.772      0.895     12.435
  -1  441     13.747      6.490      3.257
  -1  345      4.436     13.688      5.694
1179  156      3.014      5.524     -1.873
  -1  968     -2.991     16.260     11.762
 344  221      1.396     14.816      7.295
  -1 1230     20.094    -17.762      9.552
1113  337     -1.733     -4.078      8.593
  -1   -2      7.145    -12.442     10.707
  -1   -2      4.189     10.427      6.737
 559   -2     16.381     17.675      8.142
 631 1203     -5.253    -11.383      5.409
1008 1226    -15.067    -18.904      9.348
1104  747     -5.312    -15.112      6.811
1168  635      9.100    -11.429      8.119
 712  683    -15.546     -4.079     12.384
1187 1093     -8.425    -13.198      5.430
 715 1200      3.436     17.779     11.425
 749   -2     -4.053    -10.080     -9.157
  -1   -2     16.492     -0.026      5.827
 971  559      1.412     -4.546     12.094
  -1  338     21.403     16.876      8.782
  -1  710     21.857      7.280      4.353
  -1  962     25.690    -14.945      9.973
 803   -2     13.840      4.373     -7.068
  -1  316     20.885    -13.058      6.321
  -1  737     20.500      7.797      8.937
 415   -2     -4.516     17.835     11.709
  -1   -2     23.923     -9.088     10.267
 752   -2      5.751    -10.888     11.805
  -1   -2     13.284      2.123      5.335
1169   -2     24.080     12.163     12.576
 458   -2     -2.224    -14.484     -2.017
  -1   -2     17.464     -1.324      4.499
 996 1130     -2.342     -7.909      9.651
  -1   -2     22.611     12.801      6.311
 965 1177     19.126     -2.340      7.793
 609  810      0.057     14.405     11.602
 620   -2    -17.318    -11.380     11.247
  -1 1050    -11.391     13.034      1.090
  -1   -2     -5.226      6.297      8.745
 339   -2      6.154      1.032     11.789
1036 1068     -9.878      6.636     -0.092
  -1  570     19.668     11.152      0.291
  -1   -2    -12.428      4.248     -2.596
  -1  917     -9.470    -18.503     10.333
  -1   -2     11.880    -10.628     -0.577
1097 1170     -5.294    -16.056      3.522
  -1 1014    -17.559    -12.061      1.656
  -1   -2    -20.454     -9.514      5.158
  -1 1278     22.633     -2.244     11.891
  -1   -2     26.519     -7.913      5.288
  -1  647     27.544     -1.493     10.439
  -1  389     23.715     10.042      5.419
 972 1108     21.908      5.807      8.615
 470   -2     19.297     12.359     11.278
  -1  599    -10.957    -13.150      4.433
 666   64     10.302     -5.441      7.532
 660 1086     23.616    -10.109      3.357
  -1   -2     -9.210     15.181     10.516
  -1   -2     17.059    -12.483     10.213
 767   -2     20.594     13.929      2.970
 909  259     -4.598     14.945     11.241
1124 1321    -10.013     16.056     10.110
 798   -2    -14.140      7.455      2.983
 747   -2      9.439    -18.951     11.790
1082  931      9.449     -9.895     -1.725
  -1   -2     -3.431    -12.431      8.422
 886   -2      6.691    -14.069     11.655
  -1   -2      0.763      2.231     -7.950
 757   -2     25.149     -3.711      8.097
 679 1273     -2.669     -3.581      4.543
1089   -2     22.225     -6.405     11.445
  -1  255     -1.954     10.302      8.160
  -1  385      6.267      2.858      2.521
  -1   -2     -0.021     -7.009     11.604
 981  901     -0.868     17.661     11.905
 875   -2     21.982     -0.473      9.657
  -1  682      5.528     15.425      6.641
  -1 1176     11.437      6.197      2.070
  -1   94     -1.585      2.763     12.190
 429  738    -11.481     -3.158      4.454
 831   -2     22.077     16.649      5.821
  -1  190    -13.626      9.317     -4.994
  -1  998      9.199    -17.582      4.990
   6   -2     14.895     11.431      3.581
  -1  876      0.009      8.672      6.296
 755 1027    -11.578    -10.508      8.768
  -1   -2     14.208      1.061      0.630
  -1   -2     21.569    -10.755      8.753
  -1  589     -0.651     -9.674      8.886
1080   -2    -14.576     16.905     11.630
1060   -2      6.909     17.433     11.561
  -1   -2     14.337    -10.994      4.541
  -1  438      2.616      5.530     10.948
  -1 1160      1.989     -7.491     12.314
 236  847     13.726     16.955      7.193
  -1   -2     -5.516     12.774     11.763
 100  981     -2.364      7.242     10.451
 762  493    -12.650    -11.720      7.869
 564   -2     24.231      7.543     11.528
 642 1003     25.687      1.996      7.143
  -1   -2      1.052      6.239      5.297
  -1   -2     -2.261     -4.791     -6.351
  -1  671     10.391      0.049     11.738
1090   -2     13.791     -4.481      9.539
 629  745     13.244     -5.559      3.140
  -1   -2      6.676     16.014     10.540
1193  932      4.948    -15.912      3.813
 647   -2    -13.751    -14.446     10.551
1033  798     26.649      9.414     -0.427
 997  941     27.559      6.904      5.484
  -1   47     -7.732     10.801     -4.162
 809 1162    -12.474     12.084     11.233
 894   -2      6.062    -16.500      8.115
  -1   -2      2.538     10.593      1.119
1284 1164    -18.575    -10.355      8.341
 423   -2      8.931      0.486     10.597
  -1 1051     27.327    -13.367      4.272
  -1  693      6.849    -14.296      5.968
 513   -2     -4.431     -9.264     11.219
  -1  933    -15.776    -19.974      6.328
 318  373     23.678      2.644      8.487
  -1  939      6.228      9.875     12.298
 613   -2      5.449     -1.999     10.736
  -1   -2    -16.655     -8.790     -5.813
 337   -2    -12.791     -5.374     11.966
  -1   -2     -5.514      4.991    -11.817
  52  246      8.768     -3.509      2.051
  -1  942     13.358     -3.924      7.980
  -1   -2      6.565    -10.949     -4.927
1207   -2      3.945    -28.788     -1.785
  -1  796     28.155      6.963     13.059
1154  832     21.030    -15.144     10.242
  -1 1212      7.006    -21.556     12.661
1216 1213     21.272    -21.234      8.121
  -1   -2     15.650    -22.122     10.130
  -1 1214     16.617     24.730      9.976
1230 1134     22.476     20.897      9.406
1177 1216    -22.180    -13.655      9.388
1227   -2      3.576    -20.370     12.162
  -1  921      6.429     23.194     10.450
  -1   -2     28.470    -17.243     10.063
1215 1229     -6.757    -22.582      5.211
  -1 1184    -15.305    -16.287      9.036
  -1   -2    -21.077    -17.162     11.457
  -1 1224    -23.847    -13.828      8.040
1229  836    -23.253    -11.259     11.562
  -1   -2     -3.711    -24.906      5.341
  -1  465     20.945     17.721     12.373
  -1   -2     25.440     16.556     10.956
  -1 1204     12.871     31.331     -0.895
  -1   -2      4.879    -18.891     12.897
1214  611     16.664     23.048      6.172
  -1  622      3.073      0.746      3.541
  -1   -2    -11.265     13.833     10.989
  -1   -2    -12.828     -2.073     -3.334
  14   -2     10.486      5.632      9.537
  25   -2      5.669      1.372    -10.292
  -1   -2     16.503      3.634     -7.729
 394   -2      8.075     11.713      8.900
  35   29     -5.379     -0.524     -5.799
  -1   49    -14.108     10.500      6.685
  -1   -2     17.376     -0.815      8.463
  -1   -2     17.314     -0.894      8.585
  -1 1287     -5.882     -0.817      4.306
  13  883      3.519      2.423      3.643
  -1   -2     23.317     -0.518      8.097
  -1   -2     23.254      1.756     10.180
 189  685      8.265      7.213     -0.876
  -1   -2      5.424     -6.370      0.475
 310  101     24.687      5.076      4.805
  -1   -2     23.987     -1.239      5.857
1250  141     24.220     -1.605      6.603
1249   -2     -9.474     -3.131     11.479
1233   -2     -9.614     -3.029     11.801
  50 1247     18.855     -6.266     10.602
  -1   -2     16.316      6.485     -2.343
  98   -2     19.243      1.570      6.908
1301   -2    -14.872     -1.844      5.602
  -1   -2     16.534     -2.457     10.954
 465  132     -0.426      1.684      3.867
  -1  728     26.813      9.261     10.696
1267   -2     26.813      9.261     10.696
  -1  569      9.960     -1.422      5.732
  53 1248      7.707     -1.610     10.979
 268   -2     -1.820      6.730     -1.252
  -1  382      3.057     -2.413      4.573
  -1   -2     10.164      2.553      8.281
 936  414     -5.973     -0.608      8.128
  47   -2      2.277     -0.075      9.737
 121   -2     20.073      2.465     -4.334
1057  488      3.525     -1.125      7.277
 895  196     16.979      5.236     10.857
 312   -2     22.406      3.727      8.689
  -1   -2      3.897      4.754      9.039
1014   -2     -7.346     -2.589     -1.888
  49   -2     20.673      4.796     -7.627
  -1  806     -3.896     -0.116      4.670
  -1   46     18.506      5.145      2.399
 247   -2     13.260      7.728      3.952
  61   -2     17.330      4.122      5.275
 178 1257      8.650      3.482      0.030
 544   -2     25.556     -3.239      8.943
  -1   -2     17.589     13.189      9.882
 145   36     18.209      0.287     -6.231
 494 1063     12.536    -10.902      5.055
 743   -2     -2.502     -9.356     -1.324
 144   -2     26.796      5.714      8.450
  29   -2      7.515      2.592      1.768
  -1   -2      5.477     -8.422      0.628
 246   -2     20.158     -2.815      2.988
  -1   99     26.554     -6.447      8.156
 309  715    -20.326     -3.694     10.896
  -1   -2     -3.440    -17.444      9.909
 477   -2     -1.011     -5.017     -1.345
 973   13    -10.939      5.307      5.833
  -1   -2     11.378      3.683     10.237
  -1   -2    -11.265     13.833     10.989
  -1   -2     17.298     -1.083      8.731
1244 1289    -12.828     -2.073     -3.334
  -1   -2     -3.440    -17.444      9.909
  -1   -2    -19.200     -9.732      8.241
  21  195     -4.062      1.753      8.845
  -1   -2    -11.265     13.833     10.989
1236   -2    -17.990      2.275      6.018
  -1 1305     17.328     -0.857      8.477
  -1   33     17.127     -1.045      9.093
  -1   -2     17.376     -0.815      8.463
  40   -2     -5.882     -0.817      4.306
1299 1301     19.130     -0.080     -8.018
1251 1291     16.316      6.485     -2.343
 810   -2     -3.440    -17.444      9.909
  -1   -2    -11.265     13.833     10.989
  -1   -2     10.865      2.487     -8.193
  -1   -2     17.328     -0.857      8.477
  -1   -2     17.127     -1.045      9.093
  -1   -2     17.376     -0.815      8.463
1307 1306     18.854     12.110     -5.003
  -1   -2    -11.265     13.833     10.989
 641   -2      5.507      8.408      2.255
1266 1310      6.654      8.424      2.169
  -1   -2     10.865      2.487     -8.193
  46   -2     17.328     -0.857      8.477
  -1   -2     17.127     -1.045      9.093
1043   -2     19.355     -7.471      3.891
  -1   -2    -11.265     13.833     10.989
1318 1318     10.865      2.487     -8.193
  -1   -2    -11.265     13.833     10.989
  -1  388     20.379      9.440      7.042
  -1   -2    -11.265     13.833     10.989
  -1   -2     16.436      3.713     -7.798
1243 1288     16.477      3.553     -8.047
  -1   -2     20.379      9.440      7.042
1327   -2     20.379      9.440      7.042
  -1   -2    -11.265     13.833     10.989
  -1   -2    -11.265     13.833     10.989
1326   -2    -11.265     13.833     10.989
 916   -2     18.865      5.109     -7.418
1259 1324     19.134     10.017     -7.082
1265  751     13.885     -8.394      0.375
