1304
  -1   -2    -11.353      8.965      8.709
1306   -2     12.956     -8.896     11.814
  -1    0    -11.177      4.495     12.208
 899  716    -10.901      7.512     10.030
  46   41      7.239      4.593      7.576
 253   11     -1.075      0.406     10.699
   1  804     16.040      1.864     10.176
  11 1258    -11.767      1.059      8.364
1266  382      0.679     -0.464     11.731
  97   -2    -12.907      6.063      8.656
  -1   61     -5.854     -0.712      4.230
  41   32     16.910     -4.870      6.805
 445  423      0.867     10.577     10.678
  -1   -2     11.608      6.576      6.301
  18   30      9.734      3.291      5.519
 821   -2    -16.704     -0.501      5.890
  -1   -2     -5.192      7.475     -2.417
1241  749     18.268      1.731      6.295
  45   97     -1.193      9.739      4.099
 443   -2     -3.267      1.021      6.637
  71 1264      9.253     -6.569      8.551
1249  343     20.410      5.834      4.758
  -1   -2      3.790     -0.572     11.238
  -1  887    -12.775     12.437      4.502
   8   -2      4.863     -6.221     12.477
 737 1117     14.681      9.074      9.922
  -1   -2      7.104      7.124      2.738
  -1   -2      2.353      5.692     -3.677
 142  354    -13.181      0.891     12.100
 117  100      6.250     10.142     -7.041
  -1   -2     -4.514      9.833     11.822
 849  377     18.878     -6.267     10.479
  -1   -2     -4.569     -0.929      2.397
 514   -2      7.788      1.290      8.366
 179   -2     -6.169      6.638     -0.491
1109  272     18.636     -4.916      9.025
  -1   -2      7.962     13.313      6.361
  -1   15     16.336      3.749     -7.980
1051   -2      2.560     10.108      4.721
  -1   -2      0.008     10.195      6.219
  62   -2    -17.271      7.417      9.708
1027  318     -3.641      3.802     10.780
 128   -2     -2.353     14.787      7.147
 731  544     24.188     -2.202      7.514
  24  474      9.365     -2.606      0.905
  57  421     14.449     11.336     -6.455
  -1   93     -9.761      4.301     10.539
  -1   -2     13.032     -4.913     -2.800
  -1   -2     12.645      5.571     11.506
  -1  121     25.119      4.147      9.210
 986  371    -10.893     13.254     -0.749
 749  980     17.792      9.679      7.573
 148 1005      6.976     12.090     12.527
  -1 1263     16.713      9.575      2.623
  -1   -2      8.787      1.017     -4.161
 125  297     -4.786     13.203      5.358
  -1   70    -14.233     10.525      6.561
  -1   87    -19.919     -1.127      8.704
 212 1141     12.964      2.098      6.461
  -1   92     25.460      0.878     12.258
 168   -2    -12.888     -1.940     -3.486
  -1 1000    -13.945     11.594      6.297
 962   -2     16.700      0.213      4.287
  -1   -2     17.570      9.954      0.252
  -1   -2      5.739      0.367      8.176
  -1   33     16.750     13.322     -3.698
  -1   -2      3.509     -4.356      0.584
  -1 1266     -8.051     -1.664     -0.453
 666  808     11.323     11.427     10.274
1119   -2     19.847     12.637     10.725
   7   -2     -1.856      9.596      6.607
 515   -2     14.320      6.678      1.850
 534   -2     -9.558     -2.957     11.451
 376   -2    -12.199     11.695     10.603
 792   -2    -16.782     -0.043     -1.628
 538   -2     10.412     -1.692      8.342
  -1  183     -6.257      8.628     -8.928
  -1  250     -5.265     -0.567      9.386
  -1  131     26.522      7.338     12.419
 221   -2     10.842     -0.194     -0.884
  -1  561      0.987      3.568     -9.607
 996   80     16.691      6.831     -0.631
 343   -2      4.870      4.032      7.360
  35  505     -5.964      6.425     -8.089
1075   -2     10.932     15.594     11.833
  -1   -2     -5.717      0.389     -7.409
1184   36      4.992     -1.095     10.580
 204  140     -0.962      8.228    -11.444
  -1  619     18.951     -5.166     -1.880
  -1  266     -3.943      0.017      4.672
 467   89    -12.142      9.880     -2.737
  -1  989    -17.926     -1.977      8.736
  -1 1191     15.172     -0.425     -2.267
  -1   -2      3.612      4.685     11.817
  -1 1006     18.481      5.237      2.052
 356  119     23.935      2.776      1.490
  94  676     19.804     13.026      5.729
1312  697     17.078      7.338     -4.691
 327  928      1.607      7.618      5.007
 832   -2    -11.207     10.170      3.125
  86   -2      2.589      0.284     -8.693
1289  828    -13.352     13.533      6.909
  -1   -2     18.545     -0.122     -3.531
 331   -2      4.132     -2.237      5.186
 392  259      9.484      2.582     11.667
  -1   -2      3.493      2.436      3.844
 118   -2    -13.927     -1.926      1.513
 152 1274    -16.249      4.989     -7.326
 615 1132     16.730     -9.095      7.595
 938   -2    -13.868     -1.584      8.176
  -1   83     22.846      6.079      4.380
  -1  375     -0.967     12.253     12.685
  -1  144      6.648     12.118      6.246
  -1  125     15.110      9.308     -7.886
 491  392      3.346      3.683     -2.987
1020   29    -15.194      0.605     10.037
  -1   56    -12.207     -0.256      3.221
  -1  435     -5.272     12.105      9.071
 469  472    -13.353     -4.828      4.654
  -1  109    -10.196      8.863     -4.406
  -1   -2     10.707     -1.246     -4.583
1261   -2      9.332     -3.250     -1.422
  43   -2      2.923      9.607      2.414
  -1   -2     21.182      2.649     11.900
  -1   -2      2.246     -7.550     -2.259
 294 1043    -19.232      3.967     11.199
  -1   -2    -13.382      7.331     -1.222
 994  834     -1.117      4.565      7.219
  -1  706      8.417     -4.307     12.264
  -1   -2    -11.318     11.063     -9.810
  87   -2     -5.060      9.653     -4.457
 328  790     13.676     -2.324      1.116
 189   86      9.051      8.655     -1.562
  -1   -2      4.246     10.232     -7.332
  -1   -2    -11.124      0.914      4.860
  -1   -2    -10.989     -1.262     10.120
  -1  145     11.390      3.525      6.842
  15  863    -11.572     15.284     10.004
 272 1281     17.289     -0.820      8.351
 336  840    -10.858     -4.543     10.114
 340   -2     19.717     -2.934     -3.309
1182   -2     -1.454     -1.215      4.704
1123  957     -7.777     -6.227      9.545
1305   -2      7.581     14.165     11.148
  -1  856     21.841     -2.052      7.648
1023  159      4.319      8.171      9.039
  -1  702     -4.741     -3.432     11.661
  -1 1319     10.903      5.125     10.939
  -1  826     21.930     -6.551     12.233
  28    2    -10.474      7.792      9.194
1273  181      5.967     -8.035     -0.831
  50  588     24.711     -1.041     12.225
 707  123     16.298      5.969      9.119
 583   72     -4.358     -0.796     10.380
  -1   -2      4.102      1.729     -0.669
  -1   68     19.158      0.085     -8.286
  52   -2     16.661      0.990      9.343
 655   -2     12.729     -5.779     10.470
  -1   -2      5.431      0.255     11.316
  -1   -2      8.388     11.592     -7.117
 208  176    -18.129      7.596      3.825
  -1   -2    -12.179      1.283     -2.099
  -1  171    -12.993     13.947     10.653
 823  694     -3.778     -6.559      4.464
 223   -2    -13.560     -0.247      9.236
 214   -2     -1.851      5.131     10.979
 493   -2      0.562      2.292      8.378
  -1   -2     15.045     15.432      2.839
1301  909    -10.810     16.510      8.493
 635   -2     -2.255      5.972     -1.470
 342   12     -1.270     -0.263      2.913
  -1  752      7.745      6.596     -0.279
  -1 1204     24.483      6.518     11.563
 275   -2     25.417     -5.295      5.693
 961   -2     13.055      1.821     -1.994
  -1   -2     -7.545     -0.544      3.971
  -1   -2     13.605      5.380     -3.780
 789   -2     -3.802      3.154     -0.126
 878  228     26.292     -6.234      8.278
  -1 1055     -7.050      2.398      6.184
 764   -2     -1.421     -2.872      4.494
 816  349    -15.782     11.759     11.973
  -1  133     -7.304      8.068     -5.576
 139  571     17.906     12.216     -7.244
  -1  154     20.016      6.308     -2.020
  -1  249      2.068     11.635      9.601
 233 1068    -11.320     -2.987      4.308
  13  385     -9.148     -2.392     11.015
  10   43      9.920      4.204     11.284
  -1   -2     19.253      2.214      1.092
1194  178     10.867      9.514     -1.010
1150   -2      3.346     -0.199      5.397
 133  496     16.075      1.911      5.523
  64  325     -5.918      0.343      3.472
  -1  134      0.763     -0.716      2.005
  -1   -2     -6.713      5.082     -8.073
1181   -2     -0.668      3.919     -5.601
 365  226    -15.743      2.039      9.877
 273   -2      6.244      9.859      5.801
  -1   -2     19.421      8.577     -1.287
 143  365      1.440     -0.650      7.638
  -1  110     16.082      1.216     -1.632
 293  678     20.893      8.814     11.139
  -1   -2    -12.042     -4.002     11.945
 968  285     12.054     14.453      4.131
  -1   -2     16.718      4.946    -10.882
 222  319      8.242      5.538      9.301
 489 1136      4.185      6.906      9.565
 661   -2     -0.812     11.748     -9.411
 167   -2     22.790      1.379     11.797
 157  803     20.422     15.285      0.079
  53   -2    -13.524      8.581      8.619
 296   -2      2.309     -0.503     -2.519
1083   -2      5.902      6.906      5.664
  -1  137     16.296      0.592     -6.576
  -1 1127     -8.148      9.387     -4.214
 785   -2    -17.966      0.361      7.924
  -1   -2     15.904     12.120     -5.065
 261   -2      3.215     10.768      7.773
 281  107     -8.065      0.147      8.427
 827   -2     17.765     13.076      6.052
 256   -2     16.615     13.297      1.448
1176   -2     22.172      4.733      3.274
  -1   -2     -1.542     -6.947     10.898
 649   -2     13.216    -13.733     -1.446
  -1  210    -17.451     -6.664      4.969
 402   19    -14.701      0.050      5.920
  60  391     -8.512     10.964      1.800
 593  587     24.058     -2.899     10.072
  -1  302     22.924      3.628      3.547
  68   -2     -5.288     14.978      3.945
1090  351     -4.847     11.221     -8.641
 716  264      9.765      5.876      3.775
 984  158      5.490     14.904     10.717
 135   -2    -18.671     -6.192     12.193
  -1  201     -9.649     -1.581     -3.868
 556  732     22.967      1.875      8.973
  -1  551     -2.889    -11.627      7.989
  -1  182     -0.318     -5.746      1.057
 548  841     -3.419      9.426      9.238
 161   -2     17.001     -3.308      0.516
1292 1292     10.760     -7.134     10.409
  -1  280      3.966      9.031      2.640
 983  177     -2.376     15.173     10.279
  -1   -2     18.756     -2.053    -10.245
  -1   -2      9.266      2.223     -1.017
  90 1194    -14.608     10.960     -9.638
1279   -2      3.375     12.761     10.885
  -1  536     18.560     10.520     -5.015
 814  833    -17.251      5.483     11.833
  -1   84     -1.250      3.874      7.376
 425 1332    -16.269      4.036     -8.225
1127   -2     10.832      0.743     12.401
  96  573     24.299     -1.873      7.318
 323  268      7.300      8.131     -4.744
  -1   -2     -7.278     -9.062     10.150
   9  402     12.521     11.789      7.992
  -1   -2     25.552      2.060     10.301
 812  589    -17.935     13.468     11.993
 922  270     23.576      0.357     11.053
 277  232      7.418     -1.904     11.610
 101  775     12.246      2.357      0.233
 831   -2      6.226     -9.317      2.182
 904  395     13.541      7.484     10.765
  -1  704     21.632     -2.735      3.224
  -1  255     21.736      6.630      5.041
  -1   -2     17.179      4.151      3.486
 203   -2     20.681     11.051      8.445
 850   -2     18.498      5.814      9.430
 683  243      5.320     -5.507      0.870
  14   -2     24.634      5.346      9.484
 149  148      5.580     -5.950      4.051
 177   -2     -0.366     -4.793     -6.593
  -1   -2      5.843     -7.089     -0.155
 334  170      7.649     -2.704    -12.150
  -1  390     11.313     -6.222      5.495
  -1  271     -1.277     -1.966      7.018
 122   -2    -20.706      1.335     11.157
 564  295     10.019      0.985      0.893
 210   -2      6.440     -0.386    -12.132
 305   -2     -9.076     -0.145      7.444
 923  528     26.293     -7.473     10.675
1247   -2     12.700     -2.072      1.177
1132   -2    -11.517      7.910      5.441
 614   96    -15.404     -0.753     -0.646
  -1   -2      2.367     10.586     -9.875
  -1   -2      1.534      7.771     10.067
 318  240      2.384      5.458     10.863
  -1  711     -5.984     -2.378      2.311
 473  625      7.450      0.848      4.930
 216  429     20.937      7.736      2.253
  -1   -2     10.003      2.147     12.364
 102 1261     -3.937      1.938      8.843
  -1   99      6.648     10.380     10.578
 711   -2     20.995      6.270     11.629
 126   -2     -1.782     13.042      7.160
 871  973     25.578      1.314      6.813
  -1  517     -3.741     -8.495      8.621
  -1   -2      0.408     -5.971     11.237
  -1   -2     15.091      2.857     11.982
  -1  768      9.029     -7.009     11.660
  -1  195      1.496     -1.406    -10.389
  -1  262     -9.629     -6.840      6.045
 809   -2     12.907     -6.186      7.419
  -1   -2    -16.623     11.845      2.311
  -1   -2      4.070      0.629     -5.108
  -1   -2    -12.525      7.989    -10.462
  -1  105      8.605      6.889      3.176
 665   -2    -11.473      7.103      2.058
1071 1328     13.009    -10.001      9.680
  -1   -2    -11.534      9.359     -7.240
 390  755     11.738     -6.435      3.537
  -1  165     15.948     14.592      3.001
 249   -2     23.654      6.111     -0.686
  -1   -2      7.270     -8.388     -7.157
  -1  854    -15.864      6.476      4.246
 681   -2     23.514      0.407      7.604
 642   -2     -7.950      7.107      1.501
  67   -2     24.333      4.462      0.901
 799   -2     15.190     12.070      2.543
 880  438     24.605     -7.990     11.850
  -1 1284      1.421     -0.127     -2.460
1116  108      9.059      1.050      6.054
  -1  457     17.354      2.262      3.257
 398  168     22.728      5.587     10.170
  -1  427     -8.641     -3.875      6.063
 215   -2     -4.431     -1.923      7.077
 846   -2     12.249     -3.155     10.394
 115   -2     -1.923     -0.322      8.902
1163   -2     13.635     -6.531      3.716
 482   -2     -4.338     -3.149      5.703
  -1  120     21.408     10.672      4.013
 134  794     26.868      8.094     11.375
 778 1299    -16.529     -1.249      0.171
 406  307      6.160     -4.120      4.869
 494 1182     25.905     12.954     11.224
 732   -2      5.574      7.624      2.973
  -1  335     20.626     11.748      7.465
 630   -2      5.990     13.329      7.322
 285   -2     24.877      0.622      9.229
  -1  267     -5.339     -1.853      6.829
 121   -2     14.313     -2.537      5.647
  -1   -2     17.932     13.428     -4.590
  -1   -2     20.917    -12.385      7.863
 848  214      7.838     14.482      8.410
  -1    6      4.263     -7.305     12.014
 450  350    -18.492      4.021      7.733
  -1   -2     23.703      0.973     -0.575
  -1  387     18.095     14.273      2.402
  -1   -2      1.541      9.093      4.065
  -1   -2     21.494     10.645      1.850
1282  533     20.717      8.953     -3.402
 449   -2      5.950     -5.902      9.689
 362   -2     12.335     14.884      8.156
 668   -2     21.954      6.627      2.115
  -1   -2      3.348     11.918     -8.746
  -1   -2     22.096     -5.052      7.854
 537  336     19.811    -10.930      5.025
 400  248     -3.205      4.996      5.142
   3  744      8.628      2.572     12.030
  -1   -2    -12.616     -7.988     -3.978
 667  937     20.371     14.733      7.809
  -1  550     12.339      9.583      6.543
  88  635      9.338      9.663      7.058
  -1   -2      9.373     -4.937     -3.147
  -1   -2     14.904      3.031     -3.038
 722  532     20.256     16.277      2.760
 116  682      7.390      0.508      2.503
 588  315      9.759     12.014    -11.464
 174   -2      6.194     15.129      2.660
 268 1108     22.813     -8.165      1.572
 539   -2     -7.982     -3.800      2.605
 525   -2     -5.335     15.856      7.152
  -1  317      0.468      3.372     -8.315
  -1  397     20.076     11.179      3.977
 861  189     18.974     -7.096      7.344
 775   71     -8.502     12.367      8.689
  -1 1118     20.648      4.137     11.979
  -1  194     17.915      1.987     -8.550
 474   -2      1.031      8.209      2.104
1005  956     18.919      0.436      7.537
  -1   -2    -14.335      7.665     -7.014
 815   -2     10.211     17.480      9.833
 586 1291     -4.869     -1.884      3.275
  -1   -2     13.065      6.984      2.160
1174  852      6.968     -3.105      0.467
  -1  138     -4.879    -13.153      1.335
  -1   -2     11.947     -8.133     -9.568
  -1  289      6.455     13.968     -4.806
 113   -2    -13.277     -0.799      3.596
  -1   -2     12.517    -10.822      4.898
 562  445     -3.906     17.676     11.702
  -1  311      1.313     10.985     -3.271
 542   -2     10.368     15.151      1.261
 288  598     17.645     -2.537      6.049
  -1   -2      6.993      0.947     -6.133
 344  734     17.266      8.542      3.587
 299 1052     16.262     -3.964     -5.459
  -1  281      0.168     -6.553     -4.731
  -1   -2      6.792      2.112     10.857
  -1  626     -4.340      8.098     -2.750
  -1  535     12.368     11.302      1.090
  -1  162     11.185      0.513      1.748
 567  762     18.006    -15.996      5.090
 399  975      3.846     -6.411     -8.099
 230  312     19.381     -6.521      2.336
 501  979     18.003     10.674     -0.144
  -1   -2      2.537     10.085      8.876
1197   -2     -0.718     -9.262     10.112
  -1   -2     18.694     -7.904     12.270
  -1  611     10.711     15.846      1.739
  -1   -2      8.259      2.951      8.991
 385  348     27.291      2.209     12.449
1284   -2     -8.649     -6.238     11.109
1238  425     15.791      3.332     -0.289
 279 1122     18.655      8.594     10.487
 176   -2      7.973      9.769      4.972
 963  960    -20.593     -7.513     12.545
 807  688     -0.417     15.788     11.159
 806   -2     26.133     13.569      7.832
  -1   49     12.824     11.747     10.909
  -1  846     24.219    -12.848     11.412
 388 1333      5.200      6.139     -6.198
  -1  789     13.673     -4.671      2.122
  -1  961     13.939      6.090      6.266
 252  379     26.003     -5.033      7.252
 857   -2    -18.535      9.016      9.943
 326  782     18.036     -7.639      4.157
  -1   -2    -16.577     -5.103     -1.354
  -1  607     -6.958      6.715     -1.459
 158   -2      3.380      6.617      2.558
 458   64     15.245     -5.301      9.117
 762  126     -8.087     -8.390     -0.306
 213   -2     -2.062      3.618     10.739
  40   -2    -16.730      2.908     -3.462
  -1  459     -7.131     -8.190     -7.061
  -1   -2     12.701     -9.604     -9.684
 292  875    -16.350      6.278     -5.589
  98   -2    -15.631     -3.633      4.342
 620 1061    -19.708     -7.324     12.049
 283  870    -15.239     14.075      7.910
 595  147     -7.568     -6.354     10.575
 316   -2     -7.286     16.894      7.964
1199   -2     -5.700     -9.031     -1.949
  -1  118     27.339     -7.710     12.128
1101  381    -14.518    -10.356      9.145
  -1  670    -12.586     10.345      6.505
 652  855      2.555     12.621     -2.287
  -1   -2      4.483     11.029      2.769
  -1  710      0.418     -0.372      5.124
 954   -2     -4.237     14.092      8.297
 650  640    -14.161     -5.263      9.803
 427  488      7.376    -18.100      5.322
  -1  612      5.025      0.304      4.599
  -1  481    -16.622    -10.329      8.149
 311  187    -15.848      5.963      1.518
 584   -2    -16.945     -7.533      9.354
  -1  403     22.936      0.137      5.990
  -1  378     -6.940     11.342     10.018
  -1  441     23.781     -9.365     12.583
 522   -2      4.355     -2.852     -1.554
 395   -2    -18.336     -0.498     10.347
  -1  106     17.217      0.701      0.328
  -1   -2    -10.370     14.888      7.914
  79  278    -15.846     -1.030      8.007
  -1 1037     12.785     15.433     11.007
 835   -2     -3.083      8.559     10.846
  -1   -2     19.394     -7.512      4.002
  -1   -2     -8.154     -6.737    -11.971
  -1   -2    -11.980      6.822     -4.544
 369   -2     15.306      3.553      6.149
 633  313     12.536      9.076     11.928
  -1 1014      5.653     -3.280     -6.285
  -1   -2     -4.793      5.185      6.873
  -1   -2     -5.842      1.261     -9.762
  -1   -2     13.953     -0.220      6.673
  -1  591    -13.632     -4.738      0.964
 497  929     18.428      6.571      9.578
 335   -2     -7.757     14.144      8.453
  -1  456     16.359     15.070     -0.739
 355   -2     23.470     -5.872     11.131
 461   -2     -1.005     -2.450      8.843
 378   -2     19.693      6.663      4.565
  -1  373      7.683     -0.503      3.803
  -1  629     -3.786      9.433      1.134
  16 1079     18.793      4.209     10.062
  -1   -2    -14.015     -1.299     10.884
 915   -2      8.608     11.980     11.099
 330   -2    -10.532     -8.855      6.146
 547  448     -3.777    -10.046     -9.066
1193  791     17.501     12.420     12.647
  -1  819     -8.955     14.060      6.196
  -1 1063     15.092     15.410      7.537
 653   98     23.626     12.127      6.032
1059  609     -5.180      8.597      1.246
  -1  725     -4.548      7.663      9.863
  -1   -2     13.498      9.810      0.833
  -1   -2      0.021      5.046      6.762
  -1   -2    -18.340      6.928      2.935
 791   -2      0.654     12.762      6.692
 262  380     -3.658     -7.030     -7.099
  -1  431      6.995      7.138     10.532
1155  473     23.964     11.067     11.904
 553   79    -15.761      3.622     -4.854
  -1   -2     10.938     -4.215      3.271
  -1  735     -0.007     -7.792      3.844
 225  191     -0.753      5.886     -4.483
  -1   -2      6.387      1.029     -0.691
  -1   -2    -19.241      6.094     10.260
 740  563     17.317     -9.538      3.699
 455   -2     20.331      3.442      6.842
  -1   -2     -5.144     -5.480     11.574
 154 1058     25.769      3.132      8.054
1225   -2     19.814    -15.362     11.275
1091 1049     15.181     14.885     11.132
  -1 1085      6.028     -7.440     11.347
 175   -2     11.133     11.496      6.560
  -1   -2      7.904      8.263     -1.511
 703   -2     18.430     -2.252     10.731
  -1   -2     -4.521     13.624      7.359
  -1  389    -17.943     -2.450      5.386
  -1   -2      1.883     11.366      4.203
 576  470     -1.921      3.790     -3.494
 957  827    -19.130     -2.577      8.198
 513   -2      5.167     -8.872      3.497
  -1   -2     11.089     -6.214     -8.802
  -1   -2     17.521     12.507     -4.702
  -1   -2     13.012     -9.854      6.158
 418  542     -2.929     14.095      7.028
1250  179    -10.576     -1.587      6.247
  -1  102     26.039     -2.145      3.802
 472   -2     -8.818     10.563      5.802
 557  723     -3.590     -9.455      0.303
 504 1289    -10.045      3.055     -9.823
  -1  334     10.335     15.128      7.628
  -1   -2    -15.832    -10.567      9.004
 721   -2      5.927    -11.630      8.545
 460   -2     19.528     -0.782     -1.560
  -1  857     11.825     12.630     -8.464
 838   47      8.331    -10.432      4.776
1147   -2     14.199     -6.099      9.450
  78  399      7.384     10.065      4.111
 251   -2     17.094      5.031      9.040
  -1   -2    -18.512     10.934      9.581
  -1  239      0.325     -1.520      7.683
  -1  316     12.889      3.536      6.789
 811   -2      3.913     14.918      2.881
 361  287     21.737     -6.065     11.777
 909  430     -0.214      2.606      8.815
  -1   -2      8.854      0.488     11.719
 834  645    -10.173     11.742     -4.240
 926  805      9.649      4.312     -0.609
 770   -2     -3.461      4.506     -2.471
1049  654     23.704     -5.299     11.982
1079   -2     16.343     10.974      8.567
  -1  891     13.731      2.714     11.845
  -1   -2     13.932      0.586      9.033
  -1   -2     16.581     -9.049     -3.038
 641   -2     19.439      6.034    -10.715
  22  899     -4.942      1.055      7.404
 612 1004    -12.151    -15.576      8.216
  -1   -2     11.723      6.138     11.145
 147   -2    -11.267     16.364      9.832
  -1  217      5.645      3.259      0.661
1054   42     -2.291      6.667     -0.182
  -1   -2      5.749      1.463     11.980
 684  596     -7.295    -12.062      2.311
 697  653     25.811      7.064      9.445
1146  994    -13.344      1.134      4.447
 524   -2     16.402    -13.483      5.166
1246 1315    -11.480     -0.108      7.510
1093  741     10.325      7.971     -3.185
 380   -2     21.552     -4.390      7.525
  -1   -2     24.433     12.178     12.673
1137  501     -9.736     -6.814     -1.261
  -1   -2      9.947      6.842     -4.716
1092   -2      4.307     10.320      8.274
1192  484     15.121     -2.556      8.274
 191  286     17.954     -1.687      6.096
 480  208    -14.864     -5.097      8.548
 581    5     17.691     10.664      3.315
  -1   -2      5.914     15.485     10.600
 730 1294     -1.134     -0.474      7.145
 754   -2      6.009    -13.433      4.384
1000   -2      8.578     -8.335     11.420
 646   -2     20.367     13.349     -2.310
 520  759      7.841     -2.630     10.114
1124 1304      0.389     15.751     10.318
 403   -2     -0.578     15.733      5.277
 952   -2    -13.604    -12.248     11.266
 434  493     24.625      1.538      1.473
  -1  553    -17.649     -7.429     12.243
  -1   -2      8.286     -9.534    -11.705
  -1  737     27.648      9.646     12.360
  -1   -2     12.927     -2.045     -4.662
  -1   -2      4.579      8.160     -7.445
 881  829    -18.254     -0.393      9.028
1179  932     25.608     15.117     11.195
 303  648    -11.837     -5.782      8.093
 726 1293     18.161      5.096      7.444
  -1   -2     23.034    -13.626     10.607
  -1   -2    -17.580      7.168     11.947
  -1   -2     -6.985      1.296     11.560
 756  642     22.385     12.134      8.140
 137   -2     25.365     -5.925      8.745
  -1  408     18.706      6.553      2.623
1067  292      6.781      1.603     10.036
 704   -2     -1.126     -6.835     -3.707
  -1   -2     17.955      7.545      9.245
1186   -2     22.027     11.582     12.484
 761 1215      0.780     -9.099      2.863
 306  582     16.712      5.207      3.420
  -1 1331     19.781      2.182      4.837
 947   82    -15.067     13.038      6.051
 600  774     17.659      1.879      9.301
  -1  781      9.802      2.747      2.555
 372  487      6.380     -8.893      7.716
 706  608     13.967     17.177      7.917
 487   -2     25.080     10.675      4.817
 991 1060     27.489     -4.800     10.217
 446  538     10.645     -4.819      7.800
 689  502     20.507     -0.573      4.738
 545  207    -13.149     -8.934     11.969
 561   -2     22.820      8.112     -1.362
 363  184     -4.066     -5.065     10.238
  -1  361    -15.512      6.473     -8.602
  -1  661      1.319     18.022     12.324
  -1   -2     24.928      6.429      4.044
  -1   -2    -16.110     10.564      3.711
1012   -2     17.826     10.059     10.633
  -1   -2     -0.499     -6.544      4.551
  -1   -2     18.894     -4.903    -10.106
  -1   -2      0.831     14.057     11.165
  65   -2     10.276     -3.671      7.268
  -1  615     17.636      7.980     -2.457
 736  594     21.821      9.741      9.535
  -1   -2      2.143    -12.154      5.145
 632 1124     -0.094    -12.120      5.848
 484  746      7.669     -9.684     -0.883
 259  977    -19.668     -9.757     10.293
 966  479     -3.644     -5.395     -2.374
  -1   -2     -4.043     -3.718      4.319
 312  480     16.769      7.189      8.196
  -1  560     11.422     -0.988      8.622
 575   -2    -18.449     10.974     12.142
  -1  486     -1.892     -8.716      6.506
 103  483      1.962     12.936      6.478
 320  610     13.486      4.976      1.040
  -1   -2     -0.248     -7.390     -3.507
  -1   -2      1.098     -3.849      7.026
1275 1324      1.961     -8.360      6.444
  -1   -2    -10.870      0.806     -1.090
  -1   -2    -12.487      3.282     -4.755
  -1  705     16.520     -9.522     11.307
 883   27    -11.522     11.243     11.905
  -1  793      3.105    -12.615      5.580
  -1   -2     -4.315     15.082      5.174
 710  602    -14.176     -8.001     10.575
  -1  675      5.472     14.349     -3.664
 435  990     17.232     13.023      3.489
  -1  393      9.882     14.514      4.772
  -1  620     23.750      4.898     -1.164
 679  701      5.064    -15.671      4.066
  -1   -2    -12.358     -5.078     12.218
  -1  714    -14.642     -3.746     -0.291
 481   -2     -6.127     14.424      6.711
 908   -2     -9.989      6.094      3.113
  -1   -2     21.836     15.066      6.629
1226  597     15.570    -18.159     10.437
  -1   -2      8.378     13.753      0.432
 863   -2     17.497     16.283      4.507
  -1  916      9.905     13.506     -4.201
1135   -2     25.989      4.457      8.484
1140   35      7.332     -2.161      5.876
  -1 1145      9.532     -1.566      9.698
  -1   -2     19.642     -4.312      0.552
  -1   -2      7.816      8.604     -7.613
 428  370     -2.274     15.399      2.816
 314   -2     27.592     -1.564      9.791
  -1   -2     21.175      8.034     -1.670
  70   -2      5.242     -0.450      5.200
  -1  510     -9.770     -6.752     -5.793
  51  575     20.281     14.757     11.989
 127   -2     14.446     11.965      2.690
1043  490     11.261     -9.804      6.597
 526   -2     10.123     -0.364      6.002
  -1  568     18.515      9.426      9.484
  -1  987     14.580      5.947      9.215
1077   50     21.147     13.433      3.501
  39  614      6.666     -0.779      8.505
  61   -2      0.393      0.578      4.367
 874  308     -3.969      5.015      0.148
  -1   -2     21.700      2.324      8.507
 499  651      7.855     -9.296      7.741
1133   -2     -3.783    -15.422     -0.150
  -1  644      6.499     14.933     10.358
 682   -2     19.498    -17.279     11.448
 690   -2     21.237     -1.956      9.136
 885  169    -19.693      3.941      7.466
  -1  478      9.616      7.821      7.619
1010   17     25.113     -1.465      7.970
 521   -2     -9.866     -7.124      9.503
 477   -2     -6.475    -11.674      9.844
  -1  569      3.049     -4.304     -8.209
1156  545    -10.967     -9.479      9.666
 183   -2     10.834      7.693      3.611
  -1  175      2.243      4.843      6.071
1070 1175    -11.294    -11.945      6.171
  -1   -2     -5.567     14.304      4.982
 373   -2      9.500      7.620      3.211
  -1  970     20.640      9.692      7.587
 352  984     22.404      5.745     12.294
 408   76     21.116     -6.982      2.127
  -1  577    -14.101     -7.894     -5.659
1007  667     -0.565      9.181     10.072
1168  396     -1.445     -8.684      3.628
 747  410     16.398      4.810     -1.377
  -1   -2     -8.645     13.862     10.166
 441  655     -1.946     -5.116      4.776
 670   -2    -17.432     -9.248      6.440
  -1  202     -4.418     13.428     11.053
 505   -2     25.413    -11.306     11.393
 688  938     21.685     -0.466     11.147
1138  530      3.629     -8.764      4.073
1259  497     11.489      5.775      9.595
 940  537    -15.636     -1.859      7.091
 132   -2     20.466     -0.340     11.453
1032   -2     20.323     17.410      8.524
1050   -2     -0.243     12.012     -3.772
  -1 1155     12.694    -17.641      8.198
 636   -2     17.546    -10.270      3.297
  26   66     17.880      2.936     -3.612
  -1  792     -0.101    -13.595     -1.761
  -1  368     23.346      6.621      1.340
 166 1022     24.621      4.177      6.092
  -1   -2     -4.884    -10.992      6.670
1057 1139    -10.085      5.041      3.103
  -1  300     18.700     -2.887     -0.633
 541  581     10.121      0.201     -5.700
 424  773      8.555    -12.848     -2.065
 974   -2      3.501      9.433      8.575
  -1  331     16.374     10.137     -0.644
 925  442     21.804    -11.144     12.350
 144  742      1.649     -1.288      9.536
 555  555     15.243     -3.904      9.937
1125  489     19.774     -0.843     -3.997
 594  415     12.243     -2.423      7.548
 932  623     26.919     -3.336      9.168
 422 1003     -0.903     -8.260     -5.933
 516  858      0.468     -4.258      9.078
1229  795    -16.656    -11.725      9.400
  -1  761     -5.401    -12.824     -3.740
 199 1018     23.343    -12.059      3.955
  -1  914     25.802     14.822      6.847
 112   -2    -10.975      3.882     -2.410
1212   -2     -3.987    -14.844      9.887
  -1   -2     21.931     15.879      2.696
  -1  306      4.110      4.618      8.254
  -1   -2    -15.136      6.802     -1.788
 351 1303     19.815     -5.563     10.519
 107  150     17.142     13.149      9.200
 596  712      3.283     -3.962     11.244
1098 1109      6.653      8.693     11.541
 845   -2     17.067    -11.403     10.931
1105   -2    -12.763     16.780      9.622
 451   -2      8.156      5.189      1.929
  -1  531     11.046     -2.898     -4.545
1004 1161     17.794     14.968      8.061
 743   -2     19.739     -2.209      7.514
 705   -2      4.458    -14.138     -1.769
 151   -2      4.360      1.558      9.062
  -1   -2     15.866      5.694     -7.183
  -1  601     -0.116    -12.873      4.064
 110   -2     19.964     -5.601      6.092
 611   -2     19.512     -1.935      3.427
1062  657     14.458    -17.828     11.942
 738   -2     25.421     -1.616      2.728
  -1   -2     12.213      3.618    -12.425
 492  511     21.809     -4.629     11.268
 610   -2    -13.675     -8.935      1.759
 498   -2     16.624      6.440      5.294
  -1  276     13.148     12.914     11.816
 421  279     -2.329     -5.856     10.789
  -1   -2      0.790      1.448    -11.839
  69  797    -13.130      0.995     -3.791
 702  783     14.263     16.356     11.503
 180  647     11.165      5.895      5.490
 217  516      2.342     -5.640      9.120
1253  726      9.671     -1.227      3.696
  -1   -2     -1.196     -1.957     11.642
  -1 1088    -12.094      2.187      6.565
  -1   -2     -1.371      9.219      0.729
  -1   31     -6.887     -1.872     -3.377
 842  812    -20.695     -3.999     11.255
1285  693     -2.999      0.691      8.906
  -1   -2     -7.212      0.614      2.468
  -1  404    -17.651      5.433      8.264
  -1   -2     25.012     12.155      1.485
 989   -2      6.730     18.099     11.057
  -1   -2    -11.925     17.380      9.997
  -1   -2     25.545    -16.226      6.855
  -1   -2    -16.380     13.757      0.911
  -1   -2     -2.334     -9.457     -7.675
 872   -2    -18.582     11.884      9.608
  -1   -2     23.236      3.410      5.592
1162 1040     27.146      4.808      9.683
 211  358    -13.197     -1.634      4.506
 662  452     -6.501     -2.539      8.288
  -1  731     -1.789     -0.654     -5.065
  -1 1165     24.534      9.261      0.487
  -1   -2     -0.595      5.586      3.888
  -1   -2     19.126     15.591      7.416
 685   -2     11.293     -6.912      9.482
  -1   -2     -6.053      9.733      3.673
 985  665    -14.050     -7.251      8.759
 708   -2      7.786     -4.683     10.825
 169   -2      9.879      3.010      9.106
1053  880     28.787      6.063      9.613
1122  213     -1.095      0.207     -1.006
1202 1222     -3.345    -17.320     10.141
  -1  246     14.074      4.129      2.272
1185   -2     -1.980      6.250      9.792
 786 1054     19.987    -14.424     -1.857
1011   -2    -16.386     13.894      6.240
  -1   -2    -18.385      7.327     -0.794
  -1  901     25.192     -8.928      0.242
 755   -2     12.566    -13.378     -3.820
  -1  861      0.531     17.655      4.210
 100   -2     12.129      4.327     12.080
 836  223    -17.547      0.252      5.557
  -1  418     -2.197      1.407     11.604
  -1  821    -20.228     -4.970      3.698
 927   -2    -11.980     12.780      1.691
  -1 1050     29.184      6.551     12.551
1065  388     -0.733     14.240      5.831
1153   -2    -11.551    -17.829     11.051
  -1  475     -1.028     10.410      9.640
  -1   -2     25.239     11.719      2.111
 624   -2     24.977     -8.931      8.390
  -1  161      3.219     15.147      5.143
  -1 1106      3.492     -5.873     10.723
  -1   -2     13.172     -7.937      2.715
1131   -2     12.276     15.865     10.583
  -1  695     21.678     17.027      2.609
  -1   -2    -14.467     13.830      1.831
  -1   -2     -7.764     -6.236     -5.819
  -1   -2    -16.047     -4.055     -7.777
 319   -2      6.435      0.372     11.981
  -1  422     28.544      3.897      8.839
  -1   -2    -15.128     -6.434    -10.283
  -1  922    -17.394      9.912     -5.577
  -1   -2      1.405     13.565    -10.427
  -1  227     -9.412      1.156      9.161
  -1  847     -1.581     17.346      6.226
  -1  936    -14.954     15.478     12.520
  -1   -2    -14.528     16.957      8.359
  -1   -2    -12.818     11.951     11.816
 787  851     -4.702     14.677     12.007
 618   -2    -11.899     -0.837     10.171
  -1   -2    -14.182     13.456     -9.878
  -1 1024     10.921     11.736     11.870
  -1  512     20.372     16.520      4.327
  -1  557     24.409     13.801     12.015
 744  969    -10.794    -16.106      6.837
 163   -2     -3.933     12.871      5.999
 889  996     -4.470     16.912      5.869
  -1   -2    -16.265     -5.049     -8.106
 914  603     -0.026     -2.168      9.091
 774   -2    -14.778     16.578     -2.774
  -1  818     26.293    -16.947     11.069
 676  740    -10.079    -14.542      3.483
  -1  339     -8.189     11.533     -6.836
 868  567     -4.919      8.774     -8.878
 717   -2     22.699     -5.255     -3.417
  -1  143    -19.918      3.319      5.262
  -1   -2      7.370      8.205      5.850
  -1 1273    -10.467     17.974      7.700
  -1  658      2.426    -14.109      9.121
  -1 1026     -5.245     14.223     -3.093
  -1   -2     -3.427      3.327      1.508
  -1  225    -13.792     15.426      8.135
  56  205    -11.055     11.296     -2.856
  -1 1153     17.265     17.028     11.720
  -1   -2     12.477     -6.038      6.589
  -1  222     -0.767      9.026     12.341
 853  924    -11.821      5.387      1.870
 998 1087     -6.790     15.149     11.894
1242   -2     21.177      2.551     -8.804
  -1   -2     -9.939      0.762     -2.864
  -1   -2      6.647     -6.777      3.600
  -1  142     -7.962     -2.063      3.529
  -1   -2     -9.970     -7.156     12.016
  -1 1056     -2.382     -2.396     11.049
 980 1218     27.938      1.070      8.571
  -1  650     13.778     -9.491     -6.420
  -1  811    -21.427    -10.974      6.155
 906   -2      2.231     14.815      6.791
  -1  265     11.353     11.717      3.708
  -1   -2     26.396     -1.417      8.760
 245   -2      9.771     16.040      8.642
  -1   -2     -3.889     17.062      6.111
1061   -2     -8.460     16.763     12.468
  -1   -2     15.205     -9.117      4.280
 950   -2     10.475    -16.050      0.208
  -1  471     28.470     -6.702     11.787
  -1  357      3.593     13.496      8.096
 768   -2      0.150     11.472      4.852
  -1   -2    -10.097    -15.301     -4.090
 282   -2    -19.451      6.748      7.362
1173   85     25.168     -9.059     11.046
  -1 1009     27.443      6.669      7.029
  -1  321      0.032     -0.056     -0.770
 170   18    -12.954      9.217      3.563
  -1   -2    -18.392     -7.149     11.665
 890 1095      3.850     16.353     12.530
  -1   -2     -7.390     -6.710     11.718
  -1  503     13.393     11.212     -1.979
  -1 1098     -1.435     18.491      8.172
 429   -2    -20.524     -1.629     11.878
  -1  876      6.924     13.183     10.720
  -1   -2     27.059     17.395     12.579
  -1   14     -0.364     10.081      1.904
  -1  911     -7.381      3.868      5.601
1047   -2     24.494    -10.315     12.455
  -1  757     15.461     17.423     10.791
1040  309      4.119     12.979      7.865
  -1 1120    -12.668     -0.256     10.672
 875  153     -7.200     -8.165     12.017
  -1   -2      8.111     17.869      8.658
  -1  514    -14.467      4.082    -12.165
 988  136    -12.248      6.380     -0.091
  -1   65      1.471     12.441     10.376
1088   -2     -8.619     17.602     11.192
  -1  748    -18.763    -13.765      8.729
  -1  801    -11.433    -13.494      5.417
  -1   -2      5.191     -7.292      2.511
  -1 1150    -12.872     13.483      0.837
  -1   -2     18.091     -2.803     -6.717
  -1  943    -22.125     -5.256     11.883
  -1   -2     22.942    -15.864      5.738
  -1   -2    -11.416    -14.147     12.509
 701   -2      5.251     12.852     11.401
  -1  406      5.111      4.457      2.683
 628   -2     12.546     11.775     12.219
1198   -2      1.599      4.646     11.133
 644  764     -0.684    -11.377      3.356
1214 1045      9.281    -18.684      8.026
1180   -2     22.618      8.438     -7.140
 973  918    -14.186    -10.726      3.844
  -1  892    -18.524     10.566      8.343
 658   -2    -15.740    -12.173      4.589
 470 1286     17.335     -7.667      7.846
  -1   -2     21.081      1.928      5.489
  -1  400     16.706      3.633      6.686
 185  353    -12.330     11.686      8.492
1231  717     12.706     -8.365     11.372
 788  543    -11.799      2.908     11.343
 828  683    -11.998    -15.580      6.276
1169   -2     -6.516    -13.843      3.679
  -1  991     -3.995      6.296     11.608
  -1   -2      9.873     13.275     10.401
  -1   -2     -8.809      2.091      7.859
1172  288     -8.444     -5.109     10.615
  -1   -2     17.300     -2.124     12.071
  -1   -2     12.985      0.278     -8.437
 444  515     23.433      3.480      8.793
 325  450    -17.969      5.952     11.347
  -1   -2      8.868     11.205      1.184
  -1  523    -15.652    -10.939      3.147
  -1   -2     -9.766     -5.735      1.633
1102   -2     25.876     -4.276      9.937
  -1  359      4.261      1.429      5.452
1009   -2    -13.058    -19.683      9.496
  -1   -2     -3.255      2.864     10.307
  -1   -2     -9.939     -3.590      5.771
  -1   -2      5.789      2.006     11.126
  -1 1047      8.591      9.325     12.372
 508   74      3.158     -1.342      4.343
  -1 1091      7.389    -12.894      2.948
 858   -2     13.316    -14.497     11.361
1216   -2      5.429    -18.596      8.836
  -1 1123     -3.306     -7.696      8.668
1008  494     22.297      3.402     12.113
  -1   -2      4.790      2.560     -3.875
 164  638     13.293     -5.448     10.491
1055   58    -12.916     15.296     10.145
 898 1169     -6.151     18.594      7.796
  -1   -2      8.115      6.463     -2.570
  -1   -2     -0.138     10.970     12.463
  -1   -2      9.827     10.501     12.349
  58  925     -3.163     11.418     10.059
  -1   -2     24.868     -6.965     12.038
  -1  245      6.001     -5.602     -9.339
  -1  662     17.928     16.392     11.927
  -1   -2     14.930      9.480     10.234
  -1   -2    -13.854      7.248     -2.094
  -1 1111      3.353    -12.475      0.003
 888  599      3.520      7.924      6.704
  -1 1178    -13.259     -8.295     10.028
 602   -2    -12.818      0.095      0.487
  -1  290     16.356     11.803      9.827
  -1   -2     -1.790     13.602      9.897
1033  507     16.152     16.005     10.135
  -1   -2     13.710     13.493      5.926
  -1   -2     25.895     13.586      0.022
1291  324     -4.126     16.430      5.740
  -1   -2     19.419      1.886      2.685
  -1   -2     19.060     -6.681     -6.479
1087 1144    -19.844     10.511     10.209
  -1  677    -10.137      9.061      8.021
 896   -2    -19.721    -10.891     10.441
  -1   -2     13.916     -7.962      6.865
 627  234     11.215     -1.032      1.724
 572    8    -14.255      5.696      6.869
  -1   91     11.502     10.876     11.517
 563 1046     12.456     10.602      6.526
  -1   -2     14.542     -2.927     10.696
  -1   -2    -16.231     18.406     12.108
 106  845    -15.081     13.062     11.160
  -1   -2      1.235      9.252     10.335
1151 1131    -11.097    -14.286      7.627
  -1   -2    -11.070     11.485     -0.036
 206  809     14.757     12.922     11.022
 197  333    -11.469     -2.969     11.447
 951  634     -6.616    -10.524     10.760
  -1   -2     18.376     -4.274      5.307
  -1  679     21.331     -8.467      7.598
 840   -2    -18.781     -3.920     12.122
  -1   -2     -1.165     -2.573     12.494
 757   -2     21.560     12.156    -10.761
  -1   -2      1.855     12.569     -0.689
  -1   -2     -9.490     14.005     11.471
 800 1084     24.125    -15.968      6.936
1068  584     16.894     -1.128      8.139
 733   -2     13.826    -11.383      7.292
  -1   -2      9.330     -6.221     10.965
  -1   -2     -1.340     11.074      7.363
1281  237     17.320     -0.301      8.913
  -1  215     24.752      0.994      6.179
  -1 1051      4.298    -15.133     12.729
  -1   -2     -9.879      6.608      0.843
1095 1244     14.480    -20.820      7.211
 409  203     20.166      3.077     -2.644
  -1   -2      4.819    -11.832     -3.626
 686   -2     -3.526     -7.842      6.160
  -1   -2    -14.206     -1.498     11.891
  77    3    -10.978     13.623      7.983
 457  699     11.354     17.412      7.625
  -1   -2    -17.473     11.536      2.635
  -1  293     10.349     -6.548      7.596
1115 1188    -17.192     15.282      9.084
1019  539     17.299     10.460      8.723
 833   -2      8.499     -6.086      1.838
1045   -2     26.069      5.871      8.397
  -1 1042      9.628    -17.606      5.627
 887  926    -15.607     15.835      9.915
  -1 1205     24.209     11.208     -1.759
  -1  464      4.229     -0.923     -5.461
 921  890     27.335      9.737      7.947
  -1  500     11.493    -11.005     11.823
  -1   -2     -9.239    -13.128      2.180
  -1   -2    -15.764     -8.219      7.645
  -1   -2      5.970    -14.874     12.522
  -1 1149      1.966      1.175    -12.190
  -1   -2    -10.894      2.451     10.707
  -1  802     14.572     -6.969    -11.450
 393  799     11.554     -7.305     -1.403
 512 1062      4.366     18.084     12.440
 798   -2    -19.792     12.394     10.914
  -1   -2     25.508      7.273      0.403
  -1  758     27.872      0.774     11.331
  -1 1069      3.405     11.951      9.130
  -1   39     -9.311     -1.695     11.447
  -1   -2     27.073     10.172      1.240
  -1   -2      5.075    -10.057      5.358
  -1 1162     18.780     -7.096     -3.696
  -1  458     -3.957     -1.427     10.121
 566   -2      0.880     -0.765      8.858
   0  842    -13.626      3.199     12.562
1160 1196    -17.887    -14.066      5.654
  -1   -2      6.138     11.214      3.855
  -1   -2     -0.046     -7.945     11.558
 485   -2     20.759     10.550      6.292
1269  815    -16.348      3.083      3.442
1220 1010     19.552     18.899     10.313
  -1  439     14.778    -16.134      0.700
  81   -2     -0.347      1.142      9.757
1268   -2      1.384     16.708     11.536
 735 1295      3.205    -10.759      5.055
  -1   -2      3.545      1.409     -3.558
  -1   -2      3.939      5.971      5.349
1311  656     17.618      1.292      8.900
  -1   -2      7.523     14.782      8.910
  -1   -2      4.189      2.315      4.269
 865  104     -1.291     11.576      6.240
1003   -2     -2.366     11.362      8.860
1085  434      2.321     -1.401      6.336
  -1   -2     24.679     17.281      6.241
  -1   -2     12.585    -16.310     -5.983
1094  220    -12.686      9.909     10.903
  -1   -2     14.790      3.564      9.150
 407   -2     10.899     -9.749      2.935
  -1 1067    -14.581      2.279     12.462
 226   28     -8.310      8.419      1.566
 302  888     -6.467     -5.652     -3.473
  -1  212     -0.411      8.928      7.127
 527  559     -1.636      8.894     -6.916
 453   -2     22.759     -0.257     10.475
  -1   -2      8.896      0.057     12.410
  -1   -2      3.032     -1.737     11.166
1187 1305     -3.676     13.565      7.089
  -1   -2     10.335      2.282      4.732
1170   -2     -2.844    -16.669     -0.380
  -1  284     13.698      0.181      2.217
  -1  796     -9.346    -16.696     12.142
  -1  981     24.307     11.342     10.201
 884   -2     -0.136     18.188      9.338
  -1   -2      4.609     10.052     10.874
1001  787      2.771    -11.161     -0.443
  -1   51     16.558    -11.659      1.500
 111   -2     13.590     -6.299      9.871
 580  455      4.761     11.354      8.645
 479   -2     20.933     11.774     11.814
 430 1179     23.012     -4.510      2.861
  -1   -2    -10.568     20.095      9.765
  -1  709     15.138     -1.784      1.387
  -1   90     -4.006     -2.299     -5.180
 337   -2     25.231      7.809     12.444
 341  303     -1.492     -7.712      8.932
  -1  633     -4.552    -11.223     11.021
 621   -2     17.534     16.120     10.057
  -1   -2     -4.146      1.063      9.508
  -1 1019      0.293     16.620     10.878
  -1   -2     19.223    -14.475     -4.439
  -1 1214     -6.682    -15.235     11.005
  -1   -2     22.891     -9.053     -6.349
 300 1158     19.988      7.555     11.590
  -1  579      9.549     -1.951      6.693
  -1   -2     14.939      4.412      8.675
 879  628     24.274      7.952      8.026
  -1   -2     16.216     -6.460    -11.552
 895   -2    -11.190     13.809      1.857
 530   -2     -4.178    -10.656     -1.334
  -1  258     -6.804     14.570      6.065
 867   -2     12.286      5.099      4.800
  -1   -2     26.061     -2.713      8.950
  -1   -2     -4.519    -14.430      7.369
  -1 1190     15.794     -2.586     12.349
 720  807      5.049     15.401      8.965
  -1   -2     -5.907     -7.132     12.205
 298   -2      1.857     14.102      8.111
  -1   -2    -17.996    -11.025     -3.044
 693   45     20.151      1.532     11.438
 970   44     15.278     -9.602      9.530
1031   -2     -0.397     12.503     10.238
1224   -2      0.011    -19.490      8.355
 280   -2     -0.290      8.588     12.312
 104 1164     12.721     -4.202      2.534
 656  729      3.085    -12.149      8.155
  -1  771    -10.079     -6.227      0.699
  -1  413    -18.882     12.716      7.277
1183  376      5.201    -14.283      7.894
  -1   -2     10.125     13.651      3.805
 825 1089     -8.223    -11.642     -7.681
 734   -2      0.197      4.585      2.710
  -1   -2      4.579    -10.008     -4.583
  -1   -2     18.504     16.622      1.483
  -1   -2     21.244     17.285      6.803
  -1   -2     26.551      9.568     10.795
 718   -2      2.371    -10.001     12.159
1039  342     -6.162     14.172      9.458
  -1 1268     12.575     -7.143      8.369
 605  720     21.347     18.243      9.793
 819 1128      8.054    -10.636     10.821
  -1  912    -11.105    -13.339      9.044
 919  806    -11.036    -18.747     11.104
1114   -2     10.836     -1.524      2.768
 822   -2      5.446    -15.616      4.608
  -1  853    -12.295      8.620     -2.739
  -1  394      3.982     -7.473      9.182
  -1   -2    -18.442     11.583     -4.446
1136 1093     25.478     18.097      7.489
  -1  384     21.989      2.897      2.552
  -1  953     -3.494      8.596      8.862
  -1   -2     14.322     13.516     -7.656
 231 1201     -4.754     -7.090      7.996
1206   -2    -17.795    -12.967     11.367
  -1   -2     11.818    -25.502      5.629
1223  756      3.207    -20.887     11.336
  -1  962    -10.320    -20.787     12.827
  -1  733     24.319    -14.706     12.467
1207   -2     23.698     19.634     12.537
  -1 1228     17.118     23.385      8.311
1204 1233     20.064    -25.358      9.543
  -1   -2     12.385    -20.122     12.387
1209 1248     18.272     25.962      8.959
  -1   -2    -24.797    -14.275     11.257
1205   -2     26.320     13.274     13.055
  -1   -2      3.013    -21.067     -7.174
  -1 1081    -23.602    -11.736     11.468
  -1 1239    -15.412    -19.091     10.202
  -1   -2    -17.276    -16.398      9.688
  -1 1121      8.381    -19.750      9.421
  -1   -2    -12.630    -19.334     11.826
  -1   -2     25.581    -21.675      2.057
  -1 1073    -14.317    -13.034     12.668
  -1   -2     -7.209    -28.520     -5.294
1175 1252    -19.972    -15.160      9.157
  -1 1254      5.226    -23.551      8.318
  -1   -2    -15.815    -16.519      0.122
1034 1146     -8.344    -15.788     11.498
1208   -2     -8.217    -20.849     10.924
  -1 1031     24.676    -16.371     12.089
1203 1251      6.070    -22.063     10.376
  -1 1225     28.123    -23.348     11.708
1213  966     -1.803    -18.845     11.165
  -1   -2     14.316    -23.209      1.802
1178   -2    -16.688    -12.341     12.054
1029  166     14.808     -0.354      6.608
  -1   -2      9.327      2.498     12.000
  -1 1260     18.117    -10.246      9.757
1299   -2     16.248     11.236      4.257
   2   -2     -5.824     -0.635      4.129
  38 1262      7.121      2.243      6.144
  12 1259      8.843      9.247     -0.676
 276   -2     -7.691     12.123      1.772
 500 1288     17.080      3.099     -3.469
  93   -2     -8.051     -1.664     -0.453
  -1   -2     -5.750      0.326      6.004
  82   -2     -5.750      0.326      6.004
1237   38    -10.401     -2.117     11.700
  -1   -2      3.420      2.487      3.799
  66  453     19.054     -1.616    -11.248
  54   -2     16.666      9.592      2.517
1248 1316     -5.551      0.326     -7.246
1113  436     13.319     11.188      8.581
  -1   -2    -10.468     -0.565      8.763
1164   -2      8.094     -0.520    -10.202
  80   -2     -7.923     -6.442      9.925
 196  576     -1.319      3.889      7.622
  -1  593      9.579      5.662      2.347
  -1   -2     18.979     -6.315     10.268
 657   -2      7.857      8.343      3.442
  -1  164     24.630     -0.838     11.763
  -1   -2    -16.320     12.001      2.874
  -1 1318    -16.649     11.775      2.166
1262   -2    -17.460     -6.624      5.101
  -1   -2     -8.773      9.880      4.828
1260 1320     12.458     -6.200     -2.478
  44   -2     19.656      5.922     -0.156
 171   -2      4.532     11.104      2.813
 266 1280     23.507      0.405      7.701
  -1   -2     -7.298     -9.088     10.262
 153  362      0.518      5.583      4.093
  -1 1317     16.544      5.311     -6.964
 760   -2     21.296      2.726     11.479
 358  149    -13.954     -2.321      8.111
  -1  128      5.336      0.562     11.726
 978  224    -14.503     13.304      9.714
 613  595      5.061     -6.347     -1.634
 321  254      3.760     -1.413      0.405
 186  526      4.638     10.771     11.705
 659   -2     -8.577     13.441     10.158
 286  346    -10.535     -8.176      9.210
 476   -2    -17.332      8.209     -0.117
 244 1277    -16.640     -8.043      4.039
 776  736    -19.974    -12.401      5.727
 958   -2     13.083     11.242      6.215
  -1  454      7.858     -3.082     11.181
 243   21     -5.728      9.226      1.489
  -1   -2     -0.573     10.906      6.514
 839 1300     -8.676    -14.245      1.380
 590   78      9.254      7.713      1.093
1278  401     11.009      5.161     10.744
 397   22      9.706      3.138      5.929
 528   25     10.952      5.042     10.985
 228   -2     15.082     -2.263     -7.109
 145 1272    -16.208     11.656      3.173
 248  386      6.286      0.186      8.977
  -1   -2      2.341    -11.503      6.852
  17  146      2.138     10.758     -1.841
  -1   -2     16.404      3.597     -8.068
  -1   -2     14.993     15.496      3.098
 987   -2     15.034     15.385      2.696
 645  522    -13.111     -1.671     -2.487
1300   -2     11.143     -4.475      2.952
  -1   -2    -10.770     16.588      8.549
1252  241     16.544      5.311     -6.964
 975   -2      6.776      0.141     11.316
1274 1323     25.619      2.105     10.055
1236   -2     12.807      1.864     -2.357
 948 1322     -7.298     -9.088     10.262
  -1 1100      6.744     12.376     11.712
  -1   -2     15.645    -11.762    -10.820
 772 1297    -10.770     16.588      8.549
  34   -2     16.404      3.597     -8.068
  -1   -2     15.645    -11.762    -10.820
  -1 1329     13.037     -8.862     11.841
  -1   -2      3.420      2.487      3.799
1308   -2     15.645    -11.762    -10.820
  -1   -2      3.420      2.487      3.799
  -1   -2      3.420      2.487      3.799
  75 1325      3.420      2.487      3.799
 763   -2      7.434      2.517      2.973
