1326
   0   -2     -9.968      5.932      8.255
   1   -2     25.095    -14.472      7.044
   5   -2    -10.960      7.411     10.290
1306   -2     15.901      1.999     10.310
  -1   -2     12.952     -8.843     11.747
  -1    8      1.043     10.606     10.564
  -1  309      6.162      0.049      9.402
  74  145    -10.756      8.208     10.416
 986   -2     -8.161      1.138     -8.747
   2    5      0.806     -0.399     11.743
  35   -2    -10.653      3.934     10.571
   7   -2     -5.929      1.737      4.992
  -1  154      3.716     10.950     -0.597
  33   43      0.806      3.702     -9.668
  -1  954      9.828      2.930     11.885
  60   11      4.872     -6.170     12.468
1055 1304      2.058     -0.185     -1.804
1239 1324     16.388      3.739     -8.062
  22   33      5.247     -1.580    -12.750
  14   23     -3.286      0.994      6.520
  -1   -2     -2.165     14.879      6.757
  -1   13     22.748     -2.934     10.323
1310 1340     -9.562     -2.930     11.480
  -1   64     -5.791     14.162      5.369
  89   -2      2.485     10.224      5.241
  -1   -2     13.290      1.031      0.133
  -1   -2     16.771     -0.194     -7.191
  -1   -2      5.537      6.446      2.397
 566   -2     -1.298     -4.675      2.877
  12  341      9.097      9.235      0.832
 389   -2     22.415      0.686     11.642
  51  406    -15.127      0.481      4.797
  20   -2    -11.932      8.655      6.761
  -1  104    -16.646     -0.472      5.711
  -1   65      9.642      3.232      5.106
  16 1047    -12.295     11.639     10.794
 108 1284     22.853     -0.772     11.291
  -1   -2     -0.531      0.945     12.400
  -1   -2     -1.016      2.319      2.618
 554  179     26.613      4.343      9.275
  -1   -2     13.145      8.484     -5.766
 908  391    -11.325     -0.045      5.998
  37 1253     -8.102     -1.642     -0.380
  -1   -2     10.644     10.205     -2.645
 409   21     -3.024     13.655     12.010
  47   -2     -0.058     10.293      6.235
 103  133     25.543      0.897     11.522
 248   -2    -16.474      0.635      0.272
 261  119      1.107      4.181      9.072
 343   -2     19.706     13.041      6.219
  67   -2      1.013     -1.144      8.796
 110  150     -8.058     13.814     -1.250
  -1   67    -11.314     13.948     11.116
1066   -2     14.628      9.093      9.828
 958   -2     -8.587      3.401      2.832
  -1    3     12.752      0.293      2.737
 801  780     -1.533      6.399      0.484
 228   20     -2.394      2.256     11.629
  39  109     19.795     -3.507    -12.527
1135  425     -0.790     -3.408      2.567
  -1   -2     12.217      4.038      8.532
  59  172     13.510     15.041      0.466
  -1  964     22.374     -3.615      5.685
 122   -2     18.898     -6.305     10.530
  -1   -2    -14.295     10.671      6.536
 148 1271     15.542     -1.146      1.371
 624   -2     17.051     -6.554      4.727
1308 1338    -15.934     14.919      5.948
  -1   54     -3.720     -0.136      4.451
  61   50     10.868      9.631    -12.437
 185   -2      7.013      4.257      5.927
1080   -2     23.981      2.800      1.606
  -1   80     18.210      9.027      9.072
  -1  525      9.916     -2.530      2.386
1175  336     13.116      6.956     -1.999
  95 1264    -19.808      3.372      8.785
 125   70     -4.548     13.599      2.991
 561  118     -9.603      4.249     -5.839
 392   -2     25.571      1.295      6.881
 468 1299    -10.163     -2.312      7.476
1012  665      8.116     -2.776     -4.451
 262  177     16.936     -2.755      1.548
   4  139     16.059      1.605     11.739
  -1   -2     -4.296     -3.777     -3.780
1088  585      8.331      0.522      3.464
  -1   59     20.896     10.367      5.939
1243   47     -8.068     -1.129      5.153
  -1   -2    -11.854     14.937     10.705
1288  117      2.029      1.573      9.770
 614   -2     16.388      9.300      2.011
1253 1329     14.449     -2.800     -4.799
 531   -2      9.286      5.506      8.604
  -1  530    -17.942     -6.536     11.828
  -1   -2     -2.630      5.056      5.785
  -1   46     11.384     14.097      2.399
 494   -2     11.319     11.485     10.409
  -1   -2      9.489     -2.921     11.390
 269  812    -11.643     -1.514      2.000
  -1   31      6.975      4.694      7.843
  -1   -2     12.929     -4.317     -2.168
  87   -2     14.026     11.113     -0.603
  -1   -2     16.474      2.221     -8.047
1182 1068     16.097      0.562      5.628
  76   -2    -14.867     -2.032      5.383
  -1   -2      1.273     -1.352     -9.742
 751 1109     -0.909     14.594      1.061
  -1   -2      9.111      1.938     -5.586
 224   49      2.822     -1.304      8.784
1059 1084      0.728      5.358     12.508
 129   -2     -2.245     13.468      7.771
 133   -2     18.212     15.851      3.021
 102   -2     25.320     -4.359      5.361
 173  354     -1.918      1.091     12.422
 385 1294    -13.469      5.731     -2.146
  -1   -2     20.405      5.496     -2.050
1039  790    -15.906     12.066     -5.033
 225  231    -16.139     -2.481      2.176
 543   -2     10.979     -1.256     -4.061
  -1   -2      8.254      3.022      7.147
 337 1063      8.390     10.040     11.015
  -1 1358     16.695      7.694     -5.123
 584   -2     -6.530      7.279     -3.478
 105   -2     -3.595      2.685     11.257
  -1   -2     -8.764      2.770      6.363
  -1  439     17.394     12.538     -1.446
 870   -2    -16.405     14.345      3.337
 130 1036     21.018      8.911     11.302
1176  292     14.164      4.167      3.273
  -1   -2     19.233     11.687     -4.153
  72   -2     15.038      4.074     10.596
1323   -2     18.286      5.199      2.628
  -1  161      2.043     11.747     11.686
  -1   -2      9.163      8.673     -1.999
 387   -2      6.327     12.254      7.213
 710   -2     -9.602     -6.759      6.302
  -1   92     11.794      1.270      3.367
1178  591     13.907      0.761     -4.960
  -1   -2     15.831      2.707     -3.535
 635   -2     21.539     10.664      3.353
 233   -2     -2.460     15.196     10.398
 764  614     -9.295      5.969      0.946
 243  286    -10.203     -5.638      6.363
  55  897      8.206     -3.125      3.813
  18 1085     -0.187      9.332     10.585
 398  164     24.034     -0.126      9.103
 955  262    -17.743      5.325      8.036
  -1  489     15.185     -0.405     -2.131
  -1  753     -2.889     -5.345      1.620
  -1   -2     16.405      1.299     -2.590
 427  899     -5.311     12.114      8.711
 866 1290     19.612      3.826     11.532
 127  123     14.464     -8.624     11.682
  78   -2     -3.792      8.244     -0.378
  83  677     19.988      4.799      9.609
 239  282     11.144     13.680      5.913
1249  283     10.934     15.573      6.816
1115   -2     10.220     -4.704      8.896
  -1   -2     24.356     -7.720      3.073
 214   -2     24.546      5.230      7.698
  92  515     19.761     12.769     10.764
1266   -2     20.994      9.844      3.543
 537   -2     12.186     -0.128      4.959
  -1   -2     -7.087      7.741      2.518
  -1  213    -11.530      7.052     -9.837
 177   -2    -19.943     -2.420      8.331
 690   -2     19.734     -0.594     10.669
 522   -2    -12.426     -1.069     -0.065
  -1  209      7.386     -7.315      5.756
  80   -2     -9.747     -1.086      4.681
  -1  446     21.242     -2.380     -8.946
 140   -2     -0.847     -9.000     10.069
  -1   -2      8.384     15.002      5.909
  -1   -2     19.566      6.518      3.603
 902   -2    -19.287      1.969      8.289
1089  832     15.328     -8.783      1.928
 730  457      6.505     -5.104     11.176
  70  483     17.768      5.974     -3.559
 282   -2      6.983     12.143     12.496
 645   -2    -15.261      0.592     10.205
  -1  195    -13.124     -1.561      4.930
  -1  352     -3.734     -7.777      9.893
  -1   -2     11.220     -4.327      2.968
  -1  982     13.015     -8.386     -3.593
 183  881     -9.734      9.642      0.349
 310   -2      9.800     10.217    -11.711
  -1   -2     -6.624     -1.735      0.352
  -1   -2      6.206      5.898    -11.655
  -1  291     23.070      5.044      1.594
 408   -2     13.495     16.638      8.407
 644  252     24.699     10.940      4.796
 112  277    -17.400      5.641     11.732
  -1   -2     16.120      0.824    -11.535
 527   -2     -8.498     -3.331      5.748
  -1   -2     -3.848     -0.864      5.285
  -1   -2      6.235     11.875     -3.438
  -1  848     13.638     -5.759      6.949
 838  801     -4.168     -1.027      8.959
  -1  266      1.111      4.791     -7.197
 460   -2     21.228     -5.565      8.837
  -1   -2     22.570     -2.520      5.483
 171  517      5.070     11.699     -7.109
  -1   -2     -2.730      5.619     11.877
 625  280     26.844      6.921     11.522
 217   -2     22.757     -5.265      8.883
  69  538      0.556     13.047      6.562
  -1 1273    -13.285      1.490      4.638
  -1   -2     25.484     -5.328      5.842
  -1   -2     14.222     13.392     11.656
  -1  130      4.928      5.777     -6.862
 360  451     22.403      4.412     12.196
 291  208    -13.485      7.491     -1.507
 748   -2      7.818     13.947     -5.144
 279  455    -12.631     13.266      5.474
 894   -2     -7.427     13.186     12.436
 321   -2     -5.714     -0.730      4.602
 719  359      4.212     10.213     -7.360
1058  971      1.309      7.267     11.596
  -1   -2     15.712     12.473     -3.166
 442   -2      5.817     -1.385      7.048
  -1   -2      4.085      3.732     -9.126
  -1   72      6.784      6.450      6.004
  -1   -2      0.136     10.476    -12.616
 716   75     13.682      3.642     10.020
 504  534     18.207     -7.773     11.193
  -1   -2     20.119     -2.463      9.265
 244   -2    -10.468      9.186     -5.483
 348   -2     21.601      4.749     10.127
 852 1312    -17.741     -0.018      4.971
  -1   -2    -14.835     -1.080     -0.253
  -1   -2     -7.799     -6.330      9.989
  -1   -2     13.682     -2.340      1.166
  -1  944     13.358      5.121      9.190
  -1   -2     -0.824     -4.755     11.153
 316  289     -9.179      9.232      6.538
 576  542     19.756      8.815     -2.063
  -1  490      7.903     14.875      9.403
  -1   -2     18.995     -1.867      6.335
  -1  274    -13.761     -2.352      8.533
 587   -2      0.023     -4.256     10.279
  -1   88      6.705      8.451      8.160
  -1   -2      6.996      2.962      1.900
 188  546     -6.098      9.885     -4.719
  -1   -2     18.392      1.699     -7.680
 223   -2     10.921     11.874      7.327
  21  584     -2.458     -6.286     -4.347
 206  975      7.866     -1.187     12.459
  -1   -2    -20.550     -0.662     10.057
1200   -2     20.146     14.999     12.085
 179  510    -13.168      0.968      9.657
 965 1165    -12.648      2.591     10.471
 626  580      7.643     -9.071      3.553
 289   -2    -15.991     -1.709     10.725
  -1   -2     -3.043     -3.641      6.805
  -1  298     -6.939     -1.142      6.289
 332   -2     19.353      5.648      0.634
  -1  694     -7.816     15.852     10.507
 391  874      1.671      4.855      2.760
  -1  649    -13.300     11.012     -0.249
 109  301      4.581      5.888     11.234
1111  724     18.998      5.438      7.952
 324   -2      3.054      6.194      9.885
1274   45      6.738      6.265      1.819
 515  647    -12.616     -0.564      9.959
 364  688      1.342     -2.901      9.634
1177  750     10.823      5.150      8.854
 251  652     -4.074     -2.911      3.757
  -1  889      3.221      2.504      2.047
  -1  187     11.787     15.391      1.198
 162  531     -1.948     10.840      5.802
  -1   -2     17.809      8.625      5.508
  -1 1012     22.114      3.409      9.803
  53 1010    -10.686     -0.648      9.009
  -1  398     21.989     16.041      2.492
 664   -2     15.780      2.199      6.223
 868  956     -5.808     15.368      5.352
  -1   42     21.867     -5.040      5.769
  -1  105    -10.988      6.527     -2.116
 212   -2     -3.105      4.150     -2.943
  -1   -2     21.337      1.675      2.776
 322  823      4.641      0.164     -6.726
1280   -2     22.229      9.633      6.683
 288   -2     12.519      9.124      8.828
1167  566     23.057      7.831     11.211
 591  192     -2.901      8.158     11.489
1173   10      1.054     10.665      1.645
 953   -2    -11.797     10.913     -4.282
  -1  916     23.751     -3.434     12.455
 414  254     10.631     -7.436      9.270
 841  250    -13.575     14.021     11.715
  -1  827      9.447      0.863      8.453
  -1 1090     25.579      3.425      8.525
 567  569    -19.625      5.743      7.516
 149  188    -13.522     -0.214      9.200
  -1   -2     12.658     -5.848     12.675
  36  626     22.565      1.451     10.746
 490  335     24.545      5.542      9.479
1017  148    -14.002      3.422     11.325
  -1   -2     21.921      7.565     -3.196
 374  427      6.581    -10.445      2.237
  -1   -2     11.602     10.576     11.502
  -1   -2     13.447     -7.983      2.218
1315   -2     10.662     -7.717      4.783
1054  281     17.976     12.551      6.967
 164 1272     -9.986      0.351      3.854
 980   -2      5.769     15.451     10.377
 250  464     -1.477      3.590    -11.812
1244  500      5.921      0.836     10.576
  -1   -2     14.784      6.631     -6.162
  -1  608     -1.743     -1.770     10.645
  -1  169    -16.023     11.810     12.099
 603   -2      9.752      6.937     -4.503
  -1  785     24.648     -5.530      2.821
 167  675     16.629     -1.794      9.901
1132   -2     18.520     -3.656     -0.109
 416  856     23.905     -8.700     10.644
  -1  218     21.779     15.471      5.387
  48  473     18.438     -6.502      1.838
 356  243    -17.355      5.547     -0.056
 399 1245     -4.546      2.539      7.839
 879  570     24.500    -15.190      5.338
  -1   -2     11.322     -6.217      5.469
  -1   -2     19.613     15.037      4.095
 831  285     25.180     -6.497      8.281
 277   -2    -10.083      8.254      5.290
 240   -2     19.106      2.801      7.175
  -1  361      4.693      4.124     10.437
  -1   -2     -6.697      8.181     -6.657
  -1 1006    -15.281      2.897      6.929
  -1   -2      8.583     -6.128     -6.009
  -1  393    -17.388     12.274      9.727
  -1   -2     24.558     -0.433     12.134
  -1   -2     13.456     -6.067     11.598
 756   -2      7.100     -8.067      9.411
  -1   -2    -11.709     -3.910     -8.737
 342   -2     24.409     -1.786      7.066
 384  315    -12.774      8.395     -0.442
  -1   -2      3.425     -0.463     -1.328
 139   -2     -7.654     11.244    -10.838
  -1   -2     -3.129      5.708      2.503
  -1  204      6.725      1.496      0.341
1094   -2     22.802     11.110     10.679
  -1   -2     -6.721     -3.289      8.783
  -1   -2      1.890     -1.285     -0.836
 331  210     -9.007     -5.827     -4.051
 381  158      9.222      5.127      3.395
 793 1031    -12.674     12.613      3.993
 669   -2     25.505      2.017     10.366
 797  433     -1.096     11.271     -6.982
 325   -2    -19.066     -0.317     11.445
  -1  564     -4.068     10.528     -2.510
 660  666    -17.590     -4.169     11.672
  -1   -2     13.527      9.982      1.169
 388  256     10.750     -4.076     11.821
  -1   84      4.893      9.347      6.694
1118   -2      0.836      5.373     -3.285
1075  839     -6.813     -8.362      4.955
  -1   -2    -14.552      4.102    -12.314
  -1  438     13.491      5.936     12.645
1031  699      6.589     -8.214      2.946
 727  742     25.222      9.838      8.349
  -1  671     21.551     -9.740      5.062
 201  436     19.720      6.454     12.350
  -1  773      0.870     16.041     11.021
  -1   -2     16.891     13.933      1.788
  -1  395      0.015     11.748      9.558
  -1 1137    -15.385     10.127      5.337
 871  967    -18.731     10.591      8.355
1056 1315     17.523     -1.288      7.336
  -1   -2      4.496      5.065    -10.972
1293  563     -0.030      7.923      1.471
 997   -2      6.462     10.087     11.450
  -1  508     22.321     -4.428     -4.862
  -1   -2     20.422      8.353    -10.225
 549  746     13.345     12.878      0.215
  -1   -2     25.063     -2.339      6.113
1073   -2      8.793      0.398     10.883
  -1   -2    -18.458      8.051      4.370
1192   -2      8.373     -7.511      3.069
 309  712     17.161     -9.299      2.950
  -1  318      5.128     11.898      0.734
  -1   -2      4.413     10.501    -10.841
 372   -2      1.241     -6.601     -4.826
  -1   -2     -9.851     -4.327     -5.843
 425  249    -14.163     -1.863      1.803
 516  581     22.495      6.298      5.525
 886  769    -13.977     12.848      8.616
 465   -2      4.653      2.060      9.916
  -1   -2     23.344     16.463      5.701
1024  142     -4.557     -3.141     10.723
  -1   -2      7.101     14.820      6.676
 488   -2    -14.507      7.775      5.237
 471   -2    -16.507     -2.556      8.752
  -1   -2    -16.574      2.893     -4.103
 375  245     24.142     12.341     12.500
  -1 1194     18.287      2.107     12.633
  -1   -2     19.081      2.387      6.826
 441  371      6.501     15.039     10.626
  -1   -2    -14.037      9.316     -5.654
1311  733     19.287      2.441      1.772
 682 1136     22.831      2.991     10.525
  -1  599      4.245    -10.488     -3.027
1106  745     22.427     14.864      7.926
  -1  215    -13.108     -1.480      0.758
  -1   -2     16.858      6.994      1.451
 794  805    -19.455      4.578      7.090
 404   53    -10.468     12.892     -1.672
1285   -2    -15.692     -4.422      1.047
 485   -2      5.120      6.091     -5.862
  -1 1058     20.718      3.932     -7.825
  -1  604    -11.147     -9.316     10.312
1313 1341      3.007     -8.395      1.852
1061   -2     -4.697      4.652      8.036
 698  463    -16.310      9.723     -2.125
1096   -2     22.506     -5.128      2.218
  -1   -2     19.124    -13.901     -3.334
 592   -2     12.618      7.367      7.932
 118   -2      6.390      6.306      7.535
1068   -2     -0.419      6.775      7.402
1040  519     13.408      2.346     -4.570
 612  571      1.042     -0.989      2.628
  -1   -2     12.726      1.156     -8.758
  -1  854     17.010     -2.692      8.446
 605   -2     -5.284     14.025      7.927
  -1 1044     25.127     -4.393      9.054
  58   -2    -11.030     10.521     -7.558
 467  607     13.945     -5.810      3.134
  -1  989     15.828     14.809     12.185
 557   -2     16.704     15.718      0.558
1235  340     15.803      2.872      9.293
 344  417    -15.975      7.010     -6.469
1007  833     11.819     15.559     11.302
  -1  472     19.290      0.018     -8.458
 661   -2    -14.494     -7.334      7.683
 736   -2    -19.138     -7.170     10.888
  -1  471    -10.448     15.782     11.823
  -1  583     12.665     10.015     -1.722
 595  606     16.577      6.096      8.758
  -1   -2      8.407     -2.105     12.102
  -1 1049    -18.362     -4.107      8.228
 899   -2     25.742     -3.498      4.847
1045   -2     -1.110     -8.313     -0.057
 564   -2      8.401     12.205      9.788
1010   -2      3.465     -3.239     10.658
  -1   -2      9.395      8.436      7.025
 406  594     15.458     -5.908     10.674
1159 1262      4.629     10.425      8.535
1120  511     -5.478     -3.279     10.209
 721  323     -0.859      1.446      6.349
1101  793     -6.258    -12.443      4.951
  -1   -2    -14.432    -11.860     -2.511
1086 1111     13.011     -0.403     11.287
 439   -2      3.650      0.361     10.167
  -1   -2      8.338      4.365      4.343
  -1   -2     16.626      8.704     -2.145
  -1   -2      6.180      3.537    -12.204
  -1  418    -14.332     -7.104     10.974
 426   -2     10.117     -0.010      2.441
 474   76     13.915      2.329     10.731
 684   -2      1.940     -2.962     12.430
 249   -2     13.165      1.919      5.852
  -1   -2      0.320      5.296      1.663
 579   -2     17.869     16.822     11.300
 500   -2     -3.136     -4.478     -3.419
  -1  469    -10.670     12.774      0.583
 489  170    -18.316      1.921      7.908
1237  686     14.361     -6.029      9.783
1085   -2     17.370     14.752     11.428
  -1   -2      0.327      0.912      1.275
1279  927    -17.624     -8.305     11.575
 117  868     -1.253     13.805      5.253
 668  447    -12.738     -1.707     -3.959
 246  146     15.181     -6.241      0.496
  -1  174     22.051     10.004     -0.460
 638   -2      2.157     -9.095      5.191
 733  178     18.322     10.271     -0.168
  -1   -2      6.995     -3.053      0.933
  -1  902     14.592     -3.466     -0.750
 869  885     -8.590      9.756      4.768
 943   -2      7.540     -7.424      2.011
 478  127     -3.429      1.205     11.290
 759   -2      0.966     -9.317      2.245
 410  461     12.630     -2.861      6.700
  -1   -2     -8.880     -8.993     -8.471
 819   93     -4.988     12.801     12.191
 826  193     25.661     -5.869      8.557
1060 1152     21.960     -1.964      7.478
  -1  313     -3.335     -7.041      3.387
 168  654     19.976     -3.903      6.872
 473 1300     -6.631     -3.982      0.019
  -1  640      7.557     10.005      5.537
  -1   -2     -2.665      7.941     -8.121
 538   28     -9.688      3.375     10.519
  -1  327     26.132     -3.964     11.257
 931  751    -17.908     14.278      7.215
  -1  550     -8.053      6.194     -4.738
 770   -2     25.193      7.499      9.401
  -1  499     -3.449      7.984      3.085
 544 1301    -16.427     11.623      2.804
   8  561      1.733     -5.465     12.242
1021  466     16.762     -3.873     10.809
1165   83     21.940      1.692      9.814
 355  185     25.630     -4.659      6.682
 964  487     15.446     17.440     10.431
 779  514     20.735      4.649     -7.319
1129  196      2.519     -3.047      4.637
  -1  978      0.054     -2.955     10.967
  -1   -2    -10.953     12.015      4.542
 271   -2     16.593      7.296     -1.338
1037 1199    -10.707     -7.222     11.351
 446  284      6.289     -8.481      1.224
1281   -2     19.589     -4.367     -1.471
 892  421     17.250     -0.674      8.046
  -1   -2    -14.211     -1.723    -11.026
  -1   -2     -7.744      3.824    -10.962
 464   -2      4.339     -7.323      0.741
  -1   -2     17.660     -3.811      1.936
 255   44     -4.211      4.252     11.653
 556  396     -1.715      3.865     -4.189
 961   -2     -1.263      3.099     12.289
  -1   -2    -15.933      8.483      1.818
1126   -2      0.585      7.350      8.411
  -1   -2      9.738      9.910      7.382
  -1  774      3.652     12.207      2.330
1198   -2      5.323      2.587      1.582
 670  459     13.031     -5.927      8.456
 599   26     19.524     -5.658     10.381
 368   -2      2.010     -0.274      6.224
 280 1282     22.190     10.423     10.693
  -1 1266     25.977      4.419      9.182
 796   22    -12.495      9.288      3.953
 785  470      9.219      7.379      4.939
 298   38      1.390     12.208      7.768
  -1  760     19.366     12.345     -0.991
 238   -2    -12.669     -0.181      2.990
  -1   -2     18.467     -4.771      8.714
  -1  257     15.037     14.238      7.062
 196   -2     16.691      2.332     -2.857
  -1   -2      5.357     -7.431     11.141
 782   -2     17.495     -9.845     -1.300
  -1   -2      4.125     -0.873      7.576
 456  124      2.016      5.292      6.100
  -1   -2     16.498     -9.553     10.698
 367 1291    -10.885     11.176      9.087
 594  297      2.849      5.790     -6.642
  -1   -2      7.405     -9.249      7.939
 263 1064     26.010     -5.487     12.375
  -1   -2     15.122      6.236      6.243
 694  782    -20.076     -3.372     11.906
  -1   -2     -8.157     -5.074    -10.796
 207  479     -3.291     -8.072      6.618
 235  379     -2.058      4.442      2.554
  -1   -2     13.728     16.520      4.726
  -1   -2     -9.334     -1.661    -11.973
 687  676     -4.512      8.213     -2.885
 652  588     26.372     13.469      7.820
  -1  660     18.754      3.711      4.788
  -1  491     21.450     16.360      4.106
1278  135     19.072     16.633      4.315
 970   99     10.631     10.283     11.869
1035  378     15.472     -9.871     10.864
  -1   -2     -7.067     -0.178      8.673
 120   -2      7.679     14.090     11.176
  -1   -2     23.019      8.852      5.726
 215  930     -5.382     -2.052      6.760
  -1   -2      0.234     -1.401      8.397
  -1   -2      1.790      0.999      0.462
1283  392     23.538      5.079     -0.536
  -1   -2     -5.345      3.748     -9.780
  -1  304    -19.170     -1.985     10.145
 766   -2     -6.893     -0.040      6.683
 665  128     15.361      7.090      9.379
  -1 1095      6.942     -2.453     12.393
 194  987    -16.353     -8.140      4.329
 152  630      7.320     -6.843      8.642
 236   -2      4.881      8.034     10.693
  -1  370      5.733      9.338     -9.857
  -1   -2    -18.222      6.697     12.156
 722  942     -9.354     -9.395      3.965
 646   -2     -2.541     -2.267     11.423
 780  646      7.701     -1.458      2.311
 763   -2     19.118     10.454     11.654
  -1   -2     16.369    -13.492      5.121
 431   -2     -1.177     -7.468      7.464
 274   -2      6.082     -3.352     -5.865
  -1 1153    -13.227     14.845      6.850
 547   -2     26.252      2.699      5.515
 741 1247     14.043     -9.899     10.543
1028  474    -15.563     12.775     10.455
 628  610     15.317      6.379      3.726
  -1   -2    -14.715     -6.648      2.560
  -1   -2      8.160     -5.239     11.429
 848   -2     24.429     -9.773      7.603
  -1 1344     13.298     -6.370     12.207
  -1  307     21.127     -2.077      8.801
 804   -2     -9.548     -0.585      8.750
 600  641     22.299     11.849      7.303
  66   -2     11.721     10.198     -7.383
 572   -2     12.532    -10.798      4.908
 740 1177    -12.707    -12.705      3.960
1187   -2      5.582     -5.077      1.306
 184 1274     10.213      2.757      5.011
 712   -2     14.721     11.634      8.626
  -1   -2     15.851     11.088     -4.693
 618  513     -5.625      0.454      6.010
 608   -2     -4.573    -13.115      0.599
 701   -2     24.455     16.337     10.676
  -1  485     -9.271    -10.893      2.395
  -1   -2     25.372     -1.733     10.233
  -1   -2     15.956    -10.969     -2.823
 938  444     18.049     -5.311      3.720
 856  907     -4.816     11.333     -8.826
1082   -2    -17.075    -13.265      1.019
 193 1275     23.490      4.015      4.402
 361   -2      2.751     11.645     10.661
  -1  167     -1.457      1.001     11.581
1223   -2    -16.076    -12.749      9.047
 580   -2     -6.885     -1.362      7.903
  -1   -2      5.948      9.358     -1.826
  -1   -2     21.337      2.648     -7.180
  -1  623      6.964     -9.109      9.203
 541  492      3.953     -6.822     -7.062
  -1   -2     -5.213     17.874     10.825
  -1   -2      3.928     -3.590     10.647
 462   -2    -10.673     -3.766      7.259
 476   -2     -0.089    -10.505      1.724
 202   -2     17.859     14.301     -1.185
  -1   -2     13.999     -6.497    -11.751
1139  507     -6.172    -10.406      3.298
  -1  152      8.469     -0.894      1.799
  -1   -2     12.577     10.782     -6.838
 100   -2     16.185      5.951      4.685
  -1   -2      7.418     -3.992     10.359
1121  573     21.796    -11.194      7.161
  -1  555     11.364     -2.672      4.797
 528 1009     21.636     -9.389      8.754
1194  622     27.188      9.915     11.426
1164   -2    -10.035    -14.703      2.778
 615   -2    -16.214      4.761     -7.609
 204  357      8.008     17.624      8.551
 219 1276     21.409     11.314     11.721
  -1  405    -14.385     -0.755      5.043
1163   -2     17.965     -7.844      4.163
  -1   -2    -10.912     -8.224     11.738
  98   -2     -4.680     14.050     10.138
 944   -2      9.408     -7.940      0.339
  -1   -2     11.019     -5.853     -1.471
  -1   -2      0.852    -12.330      5.410
  -1  522    -13.994     -9.853     11.782
  -1  560     21.332      5.880      2.093
 601   -2    -13.529      7.125     -4.950
 205  631    -10.685     11.297     -5.327
 708  917     -4.654     -4.561      8.810
  -1   -2     22.824      0.473      7.519
  -1   52     24.284      2.509      0.765
 226  883     -0.554      2.891     -3.269
  -1   -2     -6.253     10.474    -12.019
 643  199      2.060     -9.751      1.280
 247 1002      8.961     11.694     11.956
 227  526     24.884      7.812      8.219
1125  725     19.549     15.434     10.115
  -1  643     13.444     11.297      9.056
1025   -2      5.164    -15.663      4.159
  -1   85     19.224      5.403     10.426
 774   -2     12.141     -0.227      9.814
  -1  577      2.091     -2.720      9.681
 607   -2     20.818     16.835      8.638
  -1   -2     15.585     16.299      9.058
  -1   -2     13.296      5.931     -5.930
  -1  595     -4.821     -5.359      6.483
 718  419     17.227     -4.602     -7.692
  -1   -2     13.642     11.457    -10.514
1195   -2      2.579    -14.997     11.370
 197  477     15.624     15.839      0.845
 145   -2     13.721     -4.614      4.051
 676  664    -13.634     -9.072     11.853
 704  321     15.768     -3.843      7.025
 545  761    -17.815     -6.895      4.888
 328  350     18.333     -1.104      0.800
 359   91     14.292      9.759     -3.959
  -1  509     16.457      0.588     12.161
1271   -2      4.047     -2.667     -2.464
  -1   -2     -4.453     -8.374     10.678
 573   -2     24.564     10.937      8.840
 992  636      7.041    -12.890      1.163
 933   -2     -3.337     -9.299     10.575
  -1   -2     -4.639      6.900     10.051
  -1 1130    -12.894    -11.040     12.136
  -1   -2     14.955     -0.104     -3.836
 927   -2    -14.230      0.625      6.234
 181   -2      6.896      1.298      9.906
  -1  690     -5.917     -5.311      7.669
 394   -2    -15.534     -4.624      4.780
 787  540      5.564    -12.043      7.557
  -1  242      3.205     -3.902     -0.950
  -1   -2      1.154     13.003     -6.089
  -1  637     13.502     -0.510      7.927
 294  673     23.130      0.130      9.227
 935   -2    -17.576     -1.956      4.413
  -1   -2     19.167      7.246      5.110
 141 1040      8.513     15.712      2.484
 829  429      3.973     13.590      8.747
  -1   -2     -6.113    -10.417     -1.047
 216 1112     26.221      4.101     11.584
 760   -2     26.387      3.067      9.582
  -1   -2      1.106      3.096      0.714
 693   -2     25.702     14.640      9.535
  -1   -2      9.597    -12.203     -0.447
1124   -2    -13.773      5.306      2.734
  26  168      3.178      1.976      6.029
 189  374    -18.107     -5.234      8.571
  -1  545     -2.141      2.197    -10.189
1272 1028     -6.566    -13.765      3.810
 509 1125      7.459     -3.431      4.079
  -1  310     21.981     -6.430     11.713
 672  714     10.877      6.936      0.583
 700  443      7.807     -3.908      7.628
  -1  227     -2.718     -4.299      0.552
  -1   -2      7.248      3.006      5.809
  -1   -2     21.497     14.119     -2.985
  -1   -2    -11.716    -11.335      7.410
 481   87     -9.883      6.073      3.009
1156 1317     20.354     10.528      5.915
  -1   -2     14.148      3.069     -0.703
 914  524     -4.522     -9.519    -10.934
  -1 1097     20.814     13.941      5.701
  -1  615     16.044      8.554     10.048
  -1   -2     -7.985     10.397      6.330
  -1   -2     13.692     14.871      9.511
  -1   -2     25.209      6.731     10.534
 470   -2     -7.820      6.893      1.261
  -1   -2      5.860     -3.457      0.236
 507   -2     -9.491     -7.067      9.752
  -1   -2     16.178     14.817     -3.963
 571  906     -2.803     14.682      4.908
 811  611      5.372    -12.734      2.284
  -1   -2     -4.790      6.604      1.132
  -1 1065     11.121     -2.239     11.433
1305   -2     17.712      9.716     11.168
1097  869    -20.005     -8.844      9.901
1000   -2     -2.754    -11.730      7.782
1216  952     20.472    -16.725     11.164
 724 1016     -2.248      0.214      6.734
  -1 1005      1.070     -5.943      2.565
 525  360     19.804     -7.873      3.179
  -1   -2     -8.336     -6.882     -8.881
  -1  590     -6.063     16.156      9.639
  -1  549     -6.408     -6.850     -2.088
 390   -2     -5.796    -12.276     -5.422
  -1  648     19.977     16.696      7.311
 640 1305     10.024      2.578      8.423
  -1   -2      6.829     -0.378     11.490
1318  820     10.471     -9.471     10.728
 161 1099    -12.863     11.785      0.582
1023 1314     15.465      3.978      8.176
  -1   -2     23.183     15.135      4.504
 558  692      5.420    -11.352      8.639
 842  506     24.299     -3.001      8.467
 968   41     -0.740      6.087     -0.288
  -1   -2      8.706     -4.262     11.237
  -1   -2      6.567     12.230      4.697
1240  613     11.550     -7.131     -1.657
  -1   -2     23.634      7.499      6.712
 563 1269      0.372     -9.564      5.729
  85   -2     -0.231      1.141      8.814
 846   -2     10.384     15.539     11.064
  -1   -2     -0.239     -4.890      8.483
  -1 1060      6.424     10.844      6.910
 221  943     21.167      3.170     10.825
1099 1148     -9.880    -12.383      4.093
  -1   -2     12.513      7.618      2.878
 155   -2     -1.871      9.430      8.022
 631  454      3.184      0.601      3.379
 278 1067      0.745      1.998     -9.618
 445  558      8.230     15.833      8.550
 757   -2     20.065      1.112    -10.536
  -1  689     19.749     -9.458      0.835
 775  877     -2.349    -13.940      1.786
  -1   -2      0.565    -13.829      0.297
  57  991     24.387      4.193      7.104
  -1   -2     -8.786     -5.132     -0.300
 922  516    -10.222     -9.089     10.882
 147   -2     -6.622     -6.132     10.687
 777  332      0.713     -2.558      1.635
  50   -2     15.820     10.504      1.354
  -1 1048     20.418     16.839      3.843
  -1  149     19.470     14.326      1.295
  -1   -2     26.283     -1.987      4.565
 585   -2     25.712     -4.356      9.763
  -1   -2     26.333      9.689     11.268
 994  710     22.867     14.570     11.191
 783  565      3.938    -11.458     10.366
  -1  698     19.172     -0.024      4.616
 984  593     16.608    -13.597     -0.602
  -1   -2     -5.762     13.411     -1.721
 681  562      6.896     -0.604     -0.781
  -1  345      4.718     -4.047      7.841
1199  579     14.111     -9.351      8.049
  -1   -2    -15.625     -8.370     -2.005
 749  739     10.243    -13.730     -7.101
 723  639     -5.776     -9.096     -9.501
  -1  766     -1.452     -8.170      3.539
 463  263      4.063      4.865     10.516
 837  759     19.184    -13.020      7.343
 581  462     21.296      4.500     -1.665
  -1   -2      0.181      6.361      4.615
  -1   -2    -18.488      8.745      5.977
 929  644      5.242     13.843      5.733
  -1   -2     12.586    -13.382     -3.702
 816   -2     -4.429     15.919      5.977
 893  248    -20.442     -4.669     11.152
1168  904    -15.540     15.932      3.611
 679 1306     24.069      2.228     11.784
 218  216    -17.674     10.129     11.197
  -1   -2    -16.026     -3.995     -7.611
 347  401     23.764     -3.125     11.050
 293   -2     -8.009     13.865      6.742
  -1  497      3.590     11.718      7.388
  -1  879    -16.650     -0.855     11.567
1109   -2     -3.803     17.392      5.683
  -1   -2     -2.547      5.978     -0.226
 163  390     23.100     -2.346      7.827
 974   -2     -5.580      1.627    -12.475
 851  537    -13.857     16.174      8.117
1189  835    -14.119    -16.629      3.396
 211   -2    -12.146     -5.266      7.278
1219  651     23.298    -16.385      7.462
  -1  430    -13.213      2.762      6.430
 972  132     17.354     10.779     12.013
  -1  838    -17.619      8.019     11.832
  -1   -2     14.901     -7.151     12.760
  -1  867    -20.210      1.818     10.805
 606  736     -8.777    -13.332      4.967
 901  582     11.628     16.615      8.637
 619   -2     -7.471     11.419     12.437
  -1    9    -13.676     11.257      6.479
  -1  796    -13.376     10.917     11.452
 752   -2     12.700    -10.393     -8.116
  -1   -2     19.836    -12.703     -4.787
  -1  609      4.989    -15.051     -0.709
  -1   57    -11.804     -2.098     -5.507
  -1   -2    -14.129      0.051      5.526
 971   -2      2.215     14.417      6.029
  64   -2      2.518     -4.267     11.441
  -1  802    -20.066     -0.781      4.884
 877 1035     28.610      5.456      9.279
1036   -2     16.092    -14.203     10.162
  -1  602      0.510     17.645      4.262
1153  821      1.571     17.924     11.448
  -1  828      8.091     11.621     -2.996
  -1   -2     -6.454      6.787      9.662
 771   -2     -3.717     -6.411     10.260
 881  134     13.361      7.790     -6.280
 839   -2     -5.614     19.864     11.700
  -1  799    -10.817      2.285      7.478
  -1  460    -18.323      3.973      7.073
  -1   -2     -1.778     13.027     11.114
  -1   -2     -3.870     -3.159      8.084
 806   -2     -9.088      2.548     10.056
  -1   -2    -19.233     12.503      9.222
  -1   -2     10.487      5.003      7.887
 705 1307     -3.565      7.790      5.478
  -1  873    -13.596     14.694     12.141
  -1   -2    -12.031     -3.679      7.193
  -1   97    -10.006     -0.480      6.785
  -1  559      7.644      5.235      9.211
  -1  184     17.925     11.010      5.519
  -1  551    -16.482      6.290      6.635
  -1   -2     -6.781      4.010      1.554
 860    7    -12.253      7.002      4.874
  -1  194    -18.583      6.882      2.996
  -1  939     -1.901     -7.714     10.207
  -1   -2    -13.101     10.882      5.182
  -1 1145    -16.161      4.446      6.194
  -1   -2      4.504      7.354      4.988
 512  308     -4.047     13.938      6.286
 973  600      7.434      9.065     -7.639
  -1   -2     25.034     -4.078     12.695
1062  728     22.669    -10.734      3.058
  -1   -2    -12.002    -18.947     11.407
1043   -2    -11.222     18.535     10.876
  -1  115      7.575      6.261      2.938
 349   -2     12.382     -1.075     -5.667
  -1  288      8.623     -2.417     10.950
  -1  721     28.435      3.107     12.702
  -1   -2     16.148     11.993     11.512
 440   -2     15.719     -7.480     -6.885
  -1   -2      8.795     13.300     10.386
  -1  108     16.493      6.873     10.775
 444   -2     -7.222     -9.150     10.340
  -1   -2    -14.158     11.351     -6.023
 939  969     27.182      9.911      5.966
 799   40     -0.098     14.616     11.617
 354   -2     19.021     -2.440      7.803
 157  165    -16.525     13.179     -0.632
 314   -2    -14.928      6.632      4.737
  -1   -2      3.997     -9.659      6.274
  -1   -2     20.210     -7.801     -9.033
  -1   -2     -8.049      4.806      0.624
  -1   -2     18.024     -4.109    -12.237
 497 1138     27.084     11.212     11.533
1147 1147     -1.341     19.095     12.189
  -1   -2     15.710     12.566     -8.770
  -1 1168      8.577      1.513     12.524
 798   -2     -1.247     17.845      5.659
 855   -2    -15.591     13.136      8.566
  -1 1046     22.257      5.768      5.998
  -1  265     -6.944     -3.960      9.340
1049   -2     24.346    -16.417      9.353
  -1   -2    -12.097      4.382      4.513
  -1 1038     -2.762     -4.515      8.893
  -1   -2    -15.601     13.716     10.732
1011 1163    -20.577     -9.874      4.094
  -1   -2      0.308      8.556      3.657
1102   -2     27.550      1.004     11.310
  -1 1070     12.553    -14.148      0.886
1143   -2    -16.200     13.622     11.351
  -1   -2     -1.454     -9.618     -1.191
 536   -2      1.047     14.269     11.586
  93   -2     -2.394      6.464      8.971
 916  958     23.654    -14.376     12.072
1005  484    -16.987    -11.187      9.039
 909  701    -17.252     14.421     10.913
  -1   -2     24.171      3.920     -2.622
 437 1296     27.339      0.342      6.468
 295   -2    -16.335      3.083      3.444
  19  568    -18.281      1.583     11.221
  -1  259     19.062      7.708      3.469
  -1   -2      1.884     -0.035     10.789
 296  476     -7.811     16.187      6.538
  -1  598     24.236     17.149      7.130
  -1  504     -9.877     15.248      3.779
  -1  384      3.113     15.112      5.228
  -1  388      9.304      9.606      2.462
  -1   -2    -21.202    -13.358      4.831
 773   -2     22.605     -4.456     -1.884
  -1   -2      9.645     12.134      3.575
  -1   -2      4.858    -12.351     -0.416
  -1   -2     20.357     -0.825      0.389
  -1  247     -2.342     -1.700      6.747
1033  997     -4.634     14.015      7.142
1225   -2     25.957    -16.261      8.312
 457   -2    -17.836     -2.357     12.545
 913 1081    -10.480     14.138     11.471
  -1   -2     10.967    -17.111      3.985
  -1 1203     26.844      9.894      0.877
 988 1233     16.570    -20.165      6.482
  -1   -2     -8.898     -7.067     -6.392
  -1  853     19.953    -17.739      7.066
  -1   -2     -2.616     -8.709    -11.334
  -1 1091     14.622     -2.998      4.731
  -1   -2     24.558      0.159     12.186
 192   -2    -18.265      8.998     10.930
  -1   -2     21.968     -3.757      8.598
 565 1134     -4.495     16.847      5.221
  -1  668     21.516     15.450     12.029
  -1  726    -15.046     -5.798     11.992
 844   -2    -19.880      0.289     12.262
  -1   -2     23.967      6.250     -3.858
  -1   -2     -0.570      3.924     12.666
  -1   -2     -6.661     -5.148     11.834
  -1 1303     10.367      6.816      7.669
  -1  657      9.405      0.696      6.607
  -1   -2     -5.073    -12.692      5.722
  -1  137    -19.713     -1.696      8.835
  -1  779    -10.679     17.036     11.332
 717 1201     20.233    -10.251     11.911
  -1   -2     21.561      9.900      5.789
 678   -2     -7.793     16.149     -0.205
1016   -2    -17.248     10.149     11.869
  -1   -2     11.905    -12.249     -7.916
  -1   -2      0.210    -15.653      1.432
  -1  994      3.262      7.956     12.405
  -1  797    -21.539     -6.715      7.707
  -1   -2     25.344      2.223      2.216
 114   -2     15.543     -5.540     -5.423
  -1  935    -15.357     10.518      7.327
 990  715     17.457     12.345     12.193
 854 1190      1.233     -5.109      8.412
  -1   -2      2.602     -9.259     10.088
1015  809     -9.138      8.012     -0.408
1275  365     20.958      5.631     -7.530
 597  734    -12.864     -8.345     -2.375
  -1  706     12.669     13.622      7.414
  -1   -2     12.932     -2.381      0.244
  -1  814    -10.518     20.091      9.530
 887 1022     -6.909     -8.027      7.330
1064 1149      4.780      6.994      7.278
 936 1346     24.572    -14.470      9.313
  -1   -2     -0.432      7.159     -1.190
  -1   -2    -14.716     -4.522      7.899
 373  236      5.447     -8.182      5.438
  -1   -2     -6.550     -2.224     -9.627
  -1   -2     13.901    -12.381     -1.049
  -1  851    -16.581    -11.894      2.335
  -1  923     -9.060     10.299     11.353
 588   -2      6.716     11.115     -0.448
 327 1289      6.899     -1.573      8.274
  -1   -2      1.268      9.622      6.943
1087 1316     15.945      4.151      4.115
  -1  103    -10.204      0.890      5.447
 451  255     15.243     10.633      9.980
  -1   -2     -0.620      9.973     -9.640
 930  330    -19.617     11.022     10.826
  -1   -2     17.610     13.717     12.186
 318  860    -11.934     10.702     -0.145
 726 1094      9.431    -16.831      3.315
  30  803      9.795      4.666      7.728
  -1  311     16.521     15.005      1.047
  -1  426    -17.940      8.058      6.783
  -1   -2      6.931      0.458     -0.282
  -1  486     -2.322     12.495      7.861
1128  826      4.350      5.965      4.910
  -1   -2     23.538     16.617     12.655
 859   -2    -15.558     15.673      9.936
1212  963    -10.282    -19.471      6.608
1180 1205     18.079    -12.566      9.730
  -1 1160    -14.377     -9.779     -3.492
 264  222     18.308      3.703      7.498
 583  140     17.895    -13.983      7.966
 575  353      1.423     18.019      8.571
  -1 1187    -11.996    -18.543      6.322
  -1   -2     24.310      8.596     12.163
 975   -2    -16.978     13.418     11.429
1142  400      6.769     -8.160     10.049
  -1  574      0.423    -11.830      5.083
  -1  442     24.611     11.331     12.453
  -1  597     -1.365     -6.719      7.459
  -1  722     -2.961      9.509     -9.502
1183  186     10.864     -8.755      6.350
  -1   -2     27.810      3.695      9.454
  -1  521     26.204      6.963      8.549
  -1   -2    -15.058    -15.000     -3.518
 781   -2      2.964    -11.313      3.087
 493   -2    -16.795     -9.477      4.916
 673  449     19.723      9.717     11.828
  -1   -2     -9.661     -2.542      6.649
1127   -2     24.257     -9.835      1.560
 795   -2      0.318     16.095     10.344
  -1 1250    -13.681     11.877     10.554
 551   -2      9.540    -11.132     -7.582
1110  871    -12.240     11.582      1.785
 529 1078    -10.035      5.627      4.506
 186   -2     15.928     13.939      8.044
  -1  518      1.532     -8.953      1.044
 897  239    -12.663     15.558     10.910
  -1   -2     -0.785     -0.751      2.766
1027 1027     -5.905     18.718      7.052
 143   -2     13.313      8.489      3.673
  -1   -2    -16.239     18.106      2.631
  -1   -2     12.485     -3.313     12.375
 996 1121      0.455     13.504      7.612
  -1 1155      7.557    -17.433      3.373
  -1  619     11.059     11.386      5.760
 420  338     -5.234     -9.016      2.631
 158  576      0.872      5.462      7.626
  -1   -2     26.613     14.177     12.046
  -1  857     25.798     16.418     11.142
  -1  744     -9.781     12.021     -7.436
  -1   -2     13.326    -19.770      4.277
1207 1110     13.510    -18.647      9.803
1044   -2      2.506    -12.084     10.270
  -1   27      6.128      9.021     10.864
  -1   -2     -3.465      5.450      9.811
 397  747    -18.515      7.310     11.732
  81   -2     -9.464     -1.457     12.471
  -1   -2    -11.550     16.388     -4.062
1122   -2     -0.158     13.374     10.177
 814   -2      2.959     18.015     11.468
  -1  909     -6.025    -18.567     10.981
1042 1001    -10.083      6.656      0.754
  -1 1011     19.393    -11.995      7.209
  -1  992      0.417     12.524     12.426
1113  713     -4.317    -18.289      8.243
  -1   -2     21.883      6.723      8.038
1076   -2     -0.243    -10.326      5.023
 402   -2     17.952     12.050     -7.060
 237 1129      7.071    -12.233     10.173
  -1   81     17.566     15.000      9.966
  -1   -2      7.702      4.269      5.660
  -1   -2      4.903     -8.856      9.679
  -1   -2     18.784      5.432      9.034
  -1  778     11.266    -13.661      3.247
 430  627     18.122     -3.394      8.636
  -1  896     15.342     14.941      4.161
  -1  938     21.725     10.414     12.187
  -1 1030      3.551     12.998      5.641
  -1  628    -14.215    -12.044      6.799
1166 1218     10.980    -18.176     12.048
1155  382     13.905     -4.744      8.866
 533  849     -9.468     -9.515      7.253
1104   -2     15.313    -11.391     11.462
  -1  875     22.812    -12.852     10.780
 666  990     -3.114    -10.982     -0.431
  -1 1179     -3.864     19.289     10.022
  -1   -2      3.999      5.721      8.621
  -1   -2     -6.387     -4.983      5.996
 432   -2    -13.565     -9.541      8.092
  -1   -2     19.871     -1.371      6.360
  -1 1178      2.144    -14.053     10.183
  -1   -2     12.799     -3.175      8.508
  88  333      0.563      7.941      8.256
 946  415     -5.403     -7.424     10.081
 790   -2      7.977     -7.794     10.132
1081  348      8.389    -12.113     -9.151
  -1   -2     20.640      1.456      6.127
  -1   -2    -14.307    -18.698     12.416
  -1 1162     28.119      8.917     10.216
1136   -2    -19.141    -13.329     10.253
1191  625    -15.990     -9.097     -4.873
  -1  866    -16.849      2.667      0.540
  -1   -2     15.715     -3.633      0.019
  -1  719    -13.621     -2.664     11.496
  -1  634     24.299      3.760      7.261
  -1   -2     15.364      3.887      3.380
  -1   -2     26.746      4.918      5.059
 609   -2      9.689     13.090      8.455
 737  957     -4.437    -14.241      9.533
  62   -2     15.470     -9.467      3.401
  -1   -2     -5.437    -14.741     -1.561
 352  377     15.444     -2.518      5.409
  -1  767     12.734    -13.597     12.258
 867  807     29.792      6.050     10.646
 570   -2      0.676     -9.211     -6.064
  -1   -2      0.922      3.512     -5.222
  -1   -2     22.920     17.477      3.901
1047 1144     16.219     16.762      4.652
  -1  890     28.680      5.818      6.522
  -1   60     17.682     -5.073      9.579
  -1  480     23.871     -0.344      4.639
  -1   -2     -3.035      7.737     -2.618
  -1   -2     14.841      2.424      7.006
  -1   -2    -14.585     -8.575    -11.612
 523   -2     16.993     11.170      6.677
  -1 1053      9.209     15.411     10.925
 791  180     20.995      6.420      4.764
  -1   -2     21.181     -7.368    -11.053
1226   -2     18.836    -17.867     10.389
 320   -2      6.755     13.545     11.330
  -1   -2     13.416    -18.542      7.286
1169 1225    -19.096    -14.375     11.350
  10  735      5.263     -0.484      9.141
  -1 1032     14.574      8.507     11.006
  -1  422      3.008      0.126      7.767
  -1   -2     16.270     -4.332     11.257
  -1   -2     12.222    -16.586      1.815
  -1  776     10.745     14.599      7.633
  -1   -2     -3.013      7.510      8.051
  -1   -2     12.173    -17.979      6.066
  -1   -2     22.180    -11.636     10.489
  -1 1124     -2.139     17.083      1.441
 762 1334     23.833     11.124      8.056
  -1 1056     -8.412     17.803     10.840
  -1   -2     -9.216     -1.041    -12.026
 396  603     21.066     -1.857     11.256
  -1  843      0.297     18.177      7.525
  -1  933     -2.275     10.095      2.176
  -1 1150      1.949    -15.407     -3.425
  -1   -2      9.068      2.035      7.801
  -1   -2     11.764     -6.542     12.516
  63   -2    -14.458     10.673      4.924
 824   -2     -6.418    -16.849     11.559
  -1  267      9.830    -12.564      4.017
  -1   -2     -4.993     -6.656      9.618
  -1   -2     26.093     12.508     11.508
  -1  693     10.435     -2.483      3.862
  -1   -2     21.395     13.880     12.053
 272  620      5.484     14.764     10.375
1019   -2     -9.273     18.710     10.953
 433  996      8.214     15.405     11.180
  -1   -2      7.422    -12.443      3.821
 502   -2     13.401      6.742      7.115
 919   -2     22.226     12.175     -2.063
 259  653      9.678     -1.710      6.798
 634  541     -1.790     13.902     10.113
  -1  527    -11.794     -8.752      0.797
1209 1223      9.454    -18.769     12.025
 807  312    -13.587     -5.815      8.301
  54 1193    -11.438     17.598     11.650
 861   -2    -15.622    -15.297     12.329
1317 1180     11.344     -8.024      9.989
 602  762     16.130      7.963     10.705
1298   -2     15.567     15.406     10.640
  -1   -2     15.007      6.553      6.075
 434  380     21.436     13.599     11.106
  -1   -2      9.378     -0.367     11.226
  -1  621     14.657      8.618      3.766
1069  342    -11.136    -11.288     11.260
1221   -2     -4.321    -20.556     10.450
  -1   -2      3.814     -3.583      1.789
  -1  226     12.288     11.592      8.981
  -1   -2      0.091     17.002     12.527
  -1   -2     15.381     -0.152     -4.794
  -1  160    -19.231     13.506      0.005
 731   -2      5.607    -14.746      2.954
  -1   -2     -3.352      8.510      9.378
 768   -2      5.025    -18.690      9.248
  -1   -2     19.638     -2.658     12.142
  -1   -2      5.152    -13.716     -0.286
  -1   -2     11.438    -10.346      0.116
  -1   -2      7.288     12.527      7.908
1174  200     11.385      7.133      8.441
 447  709      6.021      8.114      9.887
 924  940      9.277    -17.400      6.831
 743  423     12.670     -2.162     10.744
  -1 1103      7.193     -4.235      4.630
  -1   -2     15.708    -29.954    -11.504
  -1  635    -17.904     -9.135     12.428
1213 1096      0.615    -23.041      5.325
1228 1239     22.507     22.421     10.316
  -1   -2    -15.006    -26.482     -0.611
1230 1142     24.452     18.746     11.603
  -1  905     -1.407    -18.714     11.184
  -1 1051     22.725    -18.986     10.330
1215   -2      8.136    -25.440      8.273
1297   -2    -14.107    -12.786     12.650
1218 1213     21.120    -22.055     10.852
  -1 1207      4.012    -24.409      5.398
  -1   -2     20.486     20.274     12.340
  -1   -2     -8.532    -20.443      9.115
1301 1217     17.435    -26.616      2.753
1232 1212    -26.544    -11.052     12.398
  -1   -2     10.766    -25.959     -5.290
  -1   -2     13.618    -24.890     12.607
1220   -2     27.310    -22.551      9.688
1208 1140     -7.800    -20.591     10.203
  -1 1240    -22.867    -12.094     12.406
  -1 1017     18.978     23.598     10.000
  -1 1050    -21.276    -13.559      9.226
 637 1066     16.048    -19.485     12.587
  -1  985    -15.047    -19.178     10.745
 865   -2     25.816    -18.858     11.344
  -1 1209     21.485    -21.769      7.520
 729  998    -11.913    -14.419     11.504
  -1 1211     17.076     28.055      5.216
  -1 1189    -20.891    -21.533     10.948
  -1 1219    -28.623     -7.882     10.167
  -1   -2     -9.991      5.967      8.062
  -1  788     25.117    -14.375      6.754
  11   -2     12.857     -8.930     11.790
1324   -2     13.666     -6.328     11.230
   9 1323     16.374      3.681     -7.769
1248  819      9.399     -5.551     11.131
 303  402     -1.565     -3.222      9.198
  -1   -2     11.977      5.369      5.980
 126 1268    -14.075      6.966      6.089
 630   -2     14.312      0.197     -6.591
  -1 1310    -12.839     13.868     10.369
  -1   -2    -13.419     -5.880     11.238
 144 1270     -4.853     13.446      5.839
  -1 1261     24.350     -7.757      2.955
1292   -2     24.371     -7.703      3.180
  -1 1342     10.879     -0.109     -0.765
1260   -2    -15.046     -2.002      5.243
  13   -2     12.397      0.147      1.280
1254 1330      7.585     14.248     11.035
  -1   -2     27.270      5.236      9.190
1273   -2      1.761     10.646     -6.576
1078   -2      2.472      6.812     -2.391
 198  478     20.192     -2.553      9.567
 203  287     14.752     10.794     -6.705
 475  349     -3.782      5.270      3.830
  -1   -2     20.995     10.321      2.128
1138    2     15.819      2.191      9.939
 170 1154     17.650     14.099     -1.541
 304 1286     17.688     -1.512     -8.292
  -1  269    -10.376      9.347     -5.678
  -1   -2     16.772      1.743     -1.172
 265 1359     17.495     10.703     -9.137
 820   -2     21.947     -6.275     11.415
  -1  434     16.978     -9.693      1.851
 305 1287    -11.783     -3.883     -8.826
 534   -2     19.072     16.386      5.013
 443  273     16.238     13.291      3.785
 365 1288     -4.104     -1.680      6.018
  -1   -2      7.015     -2.966      0.678
  -1   -2     -2.656      8.082     11.330
  -1   -2     16.830     15.877     11.891
1284 1280     20.377      1.977      7.053
1185   -2      6.369    -13.558      0.728
1290 1335    -12.291      9.796      2.774
  -1   -2     13.494      7.543     10.663
  -1  949     23.344     16.463      5.701
 376   -2     10.440      8.736     -6.902
 307   -2     19.980     -0.961      9.596
1003   -2     13.297    -19.891      3.966
 358   -2     -9.182      9.299     -1.197
  -1  837     19.966     -0.454     10.219
  -1 1093     19.634     15.133      3.882
 418   12      5.922      0.102      9.954
 655   -2     20.871     11.935      7.775
  -1   -2     25.005    -14.476      7.115
1304    6     13.001     -8.808     11.705
  41 1256      9.577     -2.609     -0.942
  -1   -2     16.743      7.732     -5.308
  -1   15     16.673      1.793     -1.440
  -1  144     -7.083      7.654      2.630
 959   -2     19.549     15.077      4.039
  -1  723     -5.353    -12.489     -0.340
1316   29     11.977      5.369      5.980
  -1   -2     18.658      5.023      2.072
1264  435     10.879     -0.109     -0.765
  -1   -2      2.708     -8.164      2.866
 104 1139    -12.839     13.868     10.369
 334   -2     -3.938     -8.014      9.466
 725  337     12.841     -5.842      8.491
  -1   -2     23.344     16.463      5.701
1269 1333      8.810      2.118      7.589
  -1   -2     -2.842     -8.135      3.466
  -1   -2     -7.083      7.654      2.630
  -1   -2     16.743      7.732     -5.308
  -1   -2     16.673      1.793     -1.440
 131  294     22.268      1.045     -1.190
1105   -2     21.467     -9.734      8.822
  -1   -2      2.708     -8.164      2.866
1321   -2     23.344     16.463      5.701
 371   -2     24.011     17.008      7.321
  -1   86     18.538      5.130      1.804
1265 1018     -5.379    -12.414     -0.481
  -1   -2     16.743      7.732     -5.308
1247  683     -9.536     -2.857     11.218
1329   -2     16.673      1.793     -1.440
  -1   -2     16.743      7.732     -5.308
  -1   -2     16.743      7.732     -5.308
  -1   -2     16.743      7.732     -5.308
1257   -2     16.743      7.732     -5.308
1342  224     11.349      5.491    -10.274
