1318
1300 1311     25.156    -14.851      7.022
 728   37     -0.628     14.513      3.581
   2 1325     12.595      0.195      2.514
  -1   -2    -11.173      4.497     12.191
 102   -2      7.104      5.788      4.608
1304    4    -10.686      7.490      9.781
  -1    2      0.730     -0.449     11.750
1235 1228     12.929     -8.865     11.776
  13 1230     15.869      1.936     10.361
 743 1149     19.934      4.681      9.432
 604  127    -11.854     -1.710      9.456
 663   -2      3.926      3.160     -4.804
  -1   17     -8.084     -1.193      5.256
  -1  261     18.220      9.020      9.038
   6    6      4.862     -6.181     12.470
  -1   21      0.842     10.572     10.659
 975  267     -3.289      1.016      6.601
  42   73     -5.396      9.055     -7.103
 706   72     18.911     -6.133     10.187
  -1  655     22.546      2.693     11.250
  -1   -2     12.320     -2.513     -7.686
  41 1233     15.025      3.893     10.882
  -1   -2      8.949      9.374      0.051
1239   14     16.370      3.733     -7.976
1027   43    -12.330     11.592     10.732
  34  190     19.982     13.104      6.134
 961   -2     -9.785      2.656     -3.560
  59   67     15.857      2.300      6.261
  -1  850     -5.600      0.102     -7.824
 169   -2     -9.245     11.918      1.044
 518   -2      6.188      3.712      4.374
 864   31    -20.766      5.446     11.140
 933   -2     -2.399      2.177     11.753
  -1   -2     -9.586     -2.898     11.437
 891  205    -14.277     10.642      6.534
  -1  149     13.495      2.972      4.240
  -1   -2    -10.285     -2.132      7.246
  -1 1002     23.954     -6.154     10.426
1033   -2      4.730     -3.196      2.797
 402  406     -4.172      8.175      1.059
 313  752     14.436     -2.849     -4.977
  31   22      5.781      0.068     10.202
 557   41      5.273     -1.604    -12.617
 386 1272      8.836      7.374      2.447
  -1 1308      9.652     -2.652     -1.066
  -1  202     -8.337     -1.384     -0.823
 261   -2      0.570     -3.055      9.692
  79   -2    -16.612     -0.449      5.757
1196  110     24.467      5.507     12.583
  -1   -2    -13.284      3.945      1.557
  -1   -2     -8.161      7.627    -11.427
 129   -2     16.670     -8.781      7.511
  -1   -2     -9.346      1.575     10.995
  -1   39      1.049     -1.095      9.012
  -1 1193     21.866     -2.114      7.796
 387  156     -5.291      4.500     -7.231
1293   94     13.779     -3.588      0.817
 177  442     -3.790     -0.268      4.363
  -1   -2     -5.989      9.429     -4.063
 210   12     13.723     -6.324     11.395
  -1   -2      1.365     -5.452     12.348
 618 1102     21.824      3.942     11.026
  -1   58     -1.885      1.093     12.424
  82  694     -4.100      3.200      9.930
 117   -2     -0.995      6.713     -8.673
  -1   -2     16.696      7.681     -5.100
  48   68    -15.929     14.830      6.053
 137  393      0.552     10.545      7.413
 126    9      6.392     -1.974      3.493
  -1   -2    -13.738      7.314      3.124
 242   -2     11.320     11.476     10.423
  -1  322    -15.247      0.625      4.589
 588   -2      7.564     -7.495      5.829
  80   69      9.833      4.319     11.293
  -1   -2     10.394      3.914      6.148
  92 1242    -14.843     -1.953      5.459
  -1   -2      6.304      2.919    -10.319
  -1  101     -3.331      2.091     10.245
 825   55     21.376     10.635      3.936
  -1   -2     19.277     -0.959      9.500
  -1  145     18.573     -4.917      8.675
 236  724     16.324     11.075      4.611
 904   -2    -14.224      1.927      9.489
  -1   -2     16.595      1.815     -1.728
 152  153     17.147      7.618     -2.613
 596  865    -20.342      0.774      8.697
  -1   83      7.111      4.069      6.220
  63   -2    -15.850      1.318      9.274
  -1   -2    -13.495      5.715     -2.100
 104 1244     -7.611     15.794     10.507
  -1   56      2.440      3.571      7.779
  -1  104      5.951      9.741     -6.209
  97   -2     16.107      0.509      5.654
  -1   -2     23.539     -6.689      1.075
1095  498      1.344      7.264     11.696
  -1   -2      7.787     14.585      8.337
  -1 1069      6.265     14.642     11.189
 894   -2     14.553     11.294     -2.597
 128   -2      5.400      4.913      8.324
 212  420     -5.723     13.600      6.488
  25   82     -1.582      6.455      0.619
  -1 1136     17.722      0.948     11.211
 304  497    -10.465     10.733      0.773
 130  378     16.013      8.810      4.725
 120  231     12.210     -5.461     -5.365
  -1  115     -5.350     12.054      8.595
 696   -2     13.819     17.123      7.778
 207   -2     24.842      0.677      9.187
 431  133     -8.500     10.560     -7.065
 221 1258     10.333     -7.833      4.451
1023  700      7.632      5.119      9.564
 924   79     -3.132     14.072     10.447
  -1 1304      8.104     -2.802     -4.572
1144 1297      0.329      2.556      8.873
  -1  113     11.486      5.516    -10.069
 135 1248     15.526     -1.246      1.593
  -1  527      2.431     -0.055     -9.157
 220  491     -3.477     -3.305      5.997
  -1  601     12.012      8.719      0.837
  -1   27     20.898      2.646      7.602
1094  923     24.689     -0.861     11.717
1268   -2     26.414     -6.298      8.092
 142   -2     18.321     -4.207      5.096
 684   -2     22.255     -3.606      9.180
  -1   -2     10.326      8.694      1.239
  75   38      7.003     13.223     -6.950
 363   13     -9.018      9.405      2.208
1278   -2     23.608     -3.531     12.095
1277   -2     16.627      0.947      9.271
 208 1256     -0.497      2.183      4.670
 194 1253      5.217      9.424     -9.974
 867   -2     11.606      6.498     10.871
  -1   -2     -5.515     -0.187     -3.729
  -1 1238     -7.921      5.141     -0.289
  -1   -2     11.134     -4.465      3.061
 449   -2    -19.823      3.362      8.760
 233   -2    -11.856     -1.604      5.607
1068  514     19.547      3.077      2.497
 714   -2     24.423     -1.906      7.219
  -1  226     24.016      5.621      4.234
  -1   -2    -10.783     16.571      8.486
 309  213    -18.528      4.136      8.189
  -1  137      6.580     13.365      1.408
  -1  755     25.566      1.293      6.948
 572   -2      7.539      8.071      2.796
  14  172     -6.777     -1.115      6.630
 505  103      5.942      0.658     10.962
1030  413      3.140      0.465     11.575
  -1  136      2.800      0.676      8.198
  -1   -2      5.357      0.910      7.114
 186   -2    -20.850     -1.946     12.134
  -1   -2      7.794      6.277      1.204
1309   -2    -16.414     11.837     11.504
  -1   -2     20.929     -4.819     -9.412
 297   -2     25.778      1.042     12.274
 661  284     12.156      3.758     -0.177
 100  159     15.148     -0.340     -2.255
  -1  108    -20.183      0.682     12.581
  -1   -2     -7.128      7.680      2.414
  -1  693     16.291     -6.727     -1.808
1098   -2      0.796     15.879     11.090
  -1   -2      3.189      2.880      3.033
  -1   99    -17.326      5.569     11.585
  -1  598     -0.300      0.810     11.721
  -1   -2     14.395     11.483     -6.758
  -1   -2      4.781     13.183     -1.857
 367  119     25.951      4.557     10.554
 769   -2     12.225      2.713     -0.630
  -1   28    -11.408      8.316      5.236
 960   -2     12.369     -1.131     -5.935
 323 1268     19.626     15.022      4.086
  -1   -2     -5.272    -12.490     -0.174
 225 1259     11.977      5.343      5.891
1155   90     -7.742      1.044     10.161
 338   -2      8.195     -0.392      3.875
 990  270      0.826     -3.489      3.036
 528  144    -17.587     13.271      6.632
 816  562     -6.052     16.220      9.372
1282  869     15.511      5.779     -0.516
 761  368      9.206     13.888      4.454
1317  737     -8.045     -5.904     11.261
  -1   -2     22.692      1.702     -2.655
 969   -2    -14.397     -2.361     -4.699
  -1  487      6.016      1.365     -6.781
 676  883     25.849      3.759      7.631
 325  579      9.476      3.217      5.890
  -1  666     -4.095      4.723      4.524
  -1  372     22.487     10.584     10.182
 973   -2    -10.691    -10.629     12.660
1017  882      8.083      4.384     12.394
  -1  276     18.168      5.417      2.879
 977 1291      1.875     -2.304     10.297
 984   -2      4.457     -1.779      7.278
 809   -2    -12.569     -0.882     10.081
 201   -2     19.398      7.839      8.123
 729  552      6.764      8.248      8.893
 742  455      1.269      7.648     -0.874
 477   -2      8.552      4.323      5.575
  -1  675      2.818     -0.960      8.870
 278  165     13.042      7.375     -7.265
 398  297     11.905     -4.062     12.080
  -1   -2     21.791      7.991      8.701
  -1   -2     21.391      1.571      2.522
1124   -2     -2.583      5.144     11.739
 184   -2      2.145     11.417      9.653
  21  326    -10.765     -0.737      9.464
  -1   -2    -17.233      5.295     -0.250
 248 1019    -10.479      6.064      3.984
 161   -2     -0.087      9.281      5.747
 547   -2      8.749     -5.967     12.251
  -1  114    -15.681      1.807     11.288
  -1  384    -16.116     -2.524      2.213
1290   -2      8.991     -5.861      5.854
  57   -2    -12.075      6.709      0.934
  -1  162     27.079      7.066     11.385
 191  154     -0.329      1.964     -5.379
  -1   50    -14.566     12.512      4.665
  -1   -2    -12.218      5.829     -6.956
 285  121     12.462     15.400      7.335
1265  182     19.135      4.558     -0.251
 841  910     26.226     -5.835     12.159
  -1   -2    -13.377      1.419      4.483
1084   -2    -11.980     -6.961     12.209
  -1  219      3.105      4.305    -10.067
1257  935     -2.505     -4.379     -0.251
 472  168    -18.970      1.305      6.309
 269   60    -13.942      8.514     -2.719
 457   -2     14.540     -8.658     11.635
 419   -2    -15.733      7.180     -3.287
1156   -2    -10.497     15.756     11.625
 381   -2     -3.166      8.217      3.554
 379  488     23.707      4.886      7.536
1063   -2    -17.616     -4.258     11.661
 718   -2     -7.400     -6.524     10.865
 204 1255     10.844     -0.155     -0.941
 327  273     -5.498     -1.843      5.191
1275  327     23.381      2.360     10.212
1039  696     16.121     14.356     10.470
 283  164      7.570     14.173     11.100
  -1   -2     -9.369     -1.855      2.983
1181  531     23.167     -6.852      6.110
1331  496     20.056      6.277     -2.080
  -1   -2      6.592     -8.743      0.754
 250  286     -4.389      8.161     -2.778
1012  767     13.455     11.887      9.009
 369   -2     16.489     17.558      6.085
  -1   64      3.885      9.890     -6.891
 357  500      1.529      4.688     -6.054
 217 1257     19.321     11.750     -4.262
1259   84     15.343     11.341     -5.518
1288  407    -16.384     14.362      3.470
 463  612     -5.879     10.269     -5.846
 282  411     16.075      6.813      2.229
  -1   -2      2.799     -8.173      2.864
 751   -2     23.737     -0.565      8.910
  -1   -2     -5.415      0.915     10.130
  -1   -2      7.218      7.072     10.584
  -1  211      7.398      6.892      0.249
 997   -2    -11.552     10.298      0.731
  -1   -2      4.979     -8.311     -1.629
1247 1126     10.950     -5.492      9.570
  -1   -2     23.157     -1.773      7.909
 915  586     15.776     -3.163      3.806
 244  257     -2.059     -6.370      3.009
  85   59     17.752     13.372      6.060
  -1  374      2.287     -7.929     -1.658
 453   46     19.029     13.633      4.826
 823 1195    -15.151     -9.244      6.915
  -1  369    -11.927      6.986     -9.227
 740   -2    -11.114     -4.745      9.102
 611  258    -11.876     -3.216      6.442
1055 1296     12.163     -0.189      5.023
1137  564    -10.961     -0.253      1.011
  -1  517     15.575      6.380      6.572
 224   -2      7.194      8.983      2.846
 860  980     -2.450     15.142     10.464
  -1   -2     18.056     -8.687      4.267
 358  832      5.080     13.802     11.685
  -1  803    -19.544      5.567      7.740
 187   -2    -13.980      9.429     -7.370
 452   -2    -12.296      6.668    -11.968
  -1  554     -2.585     -1.588     12.458
  -1   -2     17.188     -0.372      8.526
 198   -2    -15.417      1.884     -6.965
 708   -2     12.370      0.136     -2.262
1260   34     22.809      7.128      2.938
 443  757     17.185     -3.148      0.780
 351 1029     14.742     12.800      4.529
 490  280     21.080      9.686     -2.540
  -1   -2     12.348     -9.261      8.546
  -1   -2     -3.434      9.181      9.677
  -1   -2    -19.938     -2.490      8.562
  -1  995     19.070     -1.371      6.612
  -1  210      0.264     11.898      9.871
  -1  381     24.095     11.523      7.102
  64   -2     19.616     12.844     10.598
1005  251    -14.857     -4.785     10.360
  -1  357    -13.452     14.073     11.802
1131 1270     23.506      0.442      7.598
 368   -2     24.189     12.524     12.732
  -1  685    -14.770     -3.504      5.369
 633   26     16.862      4.519      0.773
 983 1292     -3.684     -7.790      9.823
  -1   -2     19.824     -1.269     -8.504
 643  292     19.999     10.081      8.059
  -1  179     16.411      6.686     10.581
 485  939    -12.594      2.052      9.818
  -1   -2      9.059      1.819      1.026
 748   -2     -3.313    -10.114     -9.413
 478  130     26.742     -1.934      7.242
 852   -2     -9.356     10.096      7.656
  87  385      9.202     12.339     12.350
  -1  158    -15.210     -0.646      4.345
 880  953    -19.308      9.405      8.722
 440   -2     13.026     -6.132      7.826
  -1   -2      8.229     -0.223      7.005
 148   -2     13.742      2.525     11.930
 219   -2     11.770     -5.568    -10.175
  -1   -2     -3.563     14.448      0.510
1109 1015      6.032    -11.128      8.449
  -1  171    -14.555     -5.634      1.919
  -1  336    -16.312      0.541     -0.013
 227 1009    -18.578     10.991     10.029
 757   -2    -10.865     12.542      8.393
 697  328     -1.240      9.378     -4.708
  -1  275     -5.132     14.958      3.545
 240   -2     -4.310     -7.846     11.498
  -1   -2      0.753     13.069     -6.072
  -1  359     25.980      2.888      7.697
1022  152     -2.982     -2.267      5.313
 941  652     15.425      0.950      1.855
  -1   -2    -13.769     -0.435      9.207
  -1   -2      7.641     14.082      5.402
  -1  271     23.557     -9.330     12.514
 437   -2     18.346      1.693     -7.628
  -1  642      7.394     -2.510      1.912
 211   -2     21.745     -6.142     11.551
  -1  633     15.148     10.057     -2.114
 830   -2     25.662     -5.779      8.510
 959  422    -18.592     -0.494     10.387
 396   -2      7.072     13.038     -2.665
 593   -2     14.851      7.224     -6.740
 628  506     -1.037      0.727     11.271
  -1   -2     10.281     -1.636      7.931
 787  142    -11.213     -0.224      6.192
  50   -2     24.557     -6.305      0.534
  -1  150    -15.048     -3.033     12.165
  -1  721     -0.657     -0.980      5.060
 681  493      0.348    -10.084      3.403
 286  296     11.224     12.179      8.084
 167   -2      3.247     12.202      8.508
  -1  937    -19.596     -7.378     12.020
  -1  621     15.280     15.073     11.576
 914 1025      8.174     11.269     11.447
1255 1334      3.342      3.403      1.709
 893   -2      3.872      9.438     -1.477
  -1   -2     11.339      3.248     11.081
 266 1265    -12.249     -2.907     -0.145
 160   65      0.507      3.826      5.959
  -1   -2     -3.960     -3.613     -4.761
 783   -2     25.503     12.758     12.078
  -1   -2    -16.257      6.349      2.493
  -1   -2     11.736      1.299      3.864
  -1  484     -1.378     -2.917      4.400
 143  232     20.930      7.807      2.298
  -1  129     23.957      0.236     12.459
 808  740      5.398     13.851      5.944
 796   -2    -13.137     -8.754     -3.687
  -1   -2     11.061     13.067      6.739
 512  819      9.144     -1.575      8.906
  -1   -2      3.004     -0.047     -5.515
 534  975     -9.223     -7.085      5.658
 638  726      2.312     -9.163      0.841
1143 1048      2.426     -5.189      5.379
  -1  915     -4.186      7.336      8.426
 335 1061     13.616     11.731     -3.095
 610  698     16.159      8.075     10.129
  -1   -2      2.337     -2.318     -8.368
1319 1062     14.614     -5.186      3.737
 806  107    -10.077      4.930      3.536
 919   -2     12.161     -7.393     -0.974
 664   -2     -4.301     14.100      8.206
  -1  307     18.616     13.726     -5.576
1058   -2      4.917      3.596      6.786
  -1   -2     19.310      3.935     -1.946
 971   -2      7.035     -8.095      9.400
  -1   -2     23.355     16.441      5.747
 772  389      2.487     -4.238     11.607
 336  245    -14.014     -7.675     12.103
 882  949      1.684     17.987     11.106
 378   -2    -17.872     -7.058     11.599
  -1   -2      0.186      3.746     -7.840
 575   -2     22.424      4.002     -3.814
 923   -2      4.633      7.885     11.167
 987   -2    -18.017      5.352      8.030
 544   -2     10.211     12.102    -11.908
  -1   -2     17.168      0.256     -5.814
  -1  209      6.616     -8.151      2.699
 594  134      4.948     -0.390     10.018
1099   -2    -11.833     14.258     12.511
 746 1022     19.380     -7.470      3.946
  -1  348      3.137      8.818     -1.796
 627   -2     13.781      5.461     -3.500
  -1  906      2.129     15.968      7.659
1314  344     11.679      3.997      7.590
  -1  879     -8.393     -4.406      4.858
 333  789     13.370     -6.718      4.357
 460   -2     18.058      5.197     -9.962
  -1  254      4.962      4.147      3.551
 162  161      5.488      2.387      8.326
 580  990     -0.040      6.647     10.080
 426  285    -11.419     -1.166      1.167
 660   -2      9.238      8.020     11.999
 942  266    -10.239     12.387     -4.185
 802 1035     26.053     13.510      7.751
  -1   -2     17.942     10.525     -0.660
 445 1143     24.025     10.736     11.307
  -1  345     -0.213     -6.293      3.559
  -1   -2     25.558      8.308     10.972
  -1   -2     10.442     -6.677    -10.224
 289  636     17.258     -8.741     12.499
  -1  269     12.435      3.818      5.915
  -1  680     12.030     -3.121      7.841
  -1   -2    -11.278      5.054     -8.763
  -1  476      3.297     -3.187     11.669
  -1   -2     24.362     -3.754     11.049
 822 1309      9.441     15.471     12.103
  -1  395     23.433      3.132      5.749
  -1  448     17.181     14.487     -0.040
1175  234     13.403     -9.123      6.692
 530  585     14.717     -5.493      5.769
 667 1078     24.738    -10.148      7.994
 567 1276     17.066     -2.465      8.243
  -1   20     -2.881      0.599      9.131
 953  988     25.471    -10.389     11.321
  -1   -2     20.579      5.907     11.214
 342 1180     24.443     -5.314      6.410
1183  417      1.906     -3.098      8.742
 277 1266     -9.067     -3.243     -0.023
 454   -2    -16.249     -2.814      5.937
 926  534     -9.391      0.894      7.953
1261   -2    -15.720     14.850      4.252
  -1  677     20.313     -6.559     -6.671
1020 1294     20.418     11.767      4.940
  -1   -2     -5.550      8.607      1.881
 607  686     19.149      8.246     -0.524
 185 1252      2.602      0.132      7.815
 405  669      5.961     -5.779      5.155
  -1   -2      7.224      8.459     11.835
  -1   -2     -0.872      7.674    -10.762
 144   -2     16.281     11.440     -3.056
 317   -2    -19.189     -1.563      9.682
1104  361     20.647     -4.687      7.715
  -1  440    -11.316     13.346     -3.534
  -1  667      9.860      0.513      5.134
 430  867     -4.455    -10.214     -0.898
  -1   -2     21.250     12.666     10.541
 688   -2     -2.588     -1.047     11.259
  -1   -2    -10.788     -4.419     10.961
 587 1131     -0.914     -9.252      9.953
 630  703      6.693     16.891     11.822
 672   -2     -4.218     -6.056      0.262
  -1   -2     -6.597     -4.068      0.018
  -1  287     -3.279     13.964     11.692
  -1  986     21.540      9.029      1.788
  -1  855     -5.551     -9.520      1.334
  -1   -2     16.262     11.073     -5.824
  -1   -2      6.014     -4.629     -7.919
1042   -2     19.745    -11.278      9.826
 674  542      8.493      6.288     -3.334
 245 1262      9.769     -8.320     11.316
  -1   -2     13.265     11.133    -11.499
  -1   -2     -5.580      6.935     -4.213
 641  435     25.591     -4.484      5.816
  -1  131      7.145     14.559      5.635
 784  544    -11.856     -4.145      2.596
 251  224      1.334     11.745      1.571
  -1  183      7.656     -3.483      3.926
  -1   -2     10.900     13.687      1.174
 232  221     -1.945      3.837     10.574
 438   -2     11.584     -1.988      0.934
  -1  720     14.853     -4.786     10.997
  -1   -2    -12.435      8.557     -3.046
 406   -2     13.838     -5.390     11.281
 175  710     21.994      7.402     -3.047
 745  453     19.104    -11.784      3.105
 589  979     10.473    -14.475     -2.740
 446 1150    -12.211     10.603      0.118
 178   -2     -0.725     11.761      2.707
 621   -2     -2.313      3.830     -2.676
  -1  938     -3.859     15.182      8.643
  -1   -2     15.792      3.481      2.670
 267   -2     20.066     16.956      7.192
  -1   -2    -17.073      3.439      2.278
 828  818     23.536     -9.827      5.630
  -1   -2     11.446      8.316     11.879
 620   -2     11.783     12.188      1.052
  -1   -2    -12.142     -2.282     12.041
 927   -2      4.620     -3.430      5.107
1108  673     -8.825      4.901      0.419
 140  916     -0.689     13.419      9.677
 656   -2     20.522      7.022      8.433
  -1  386     24.554     -2.974      7.869
 495 1107      2.483      5.102     10.036
  -1  644    -12.855    -10.830      9.395
1070   -2     -6.322    -11.525      9.938
  45  313     17.653      2.089      7.230
  -1   -2      9.003     15.669      2.937
 690  174     22.371     -3.361     12.101
  -1   -2      1.377      5.490     -0.278
  -1  596     19.821     10.764      9.895
  -1   -2    -13.972     10.013    -10.313
  26   -2      0.478      0.379      6.552
1054  590     16.793     -4.363      5.141
 306  268     -3.207     -1.572      0.632
 113  475     23.462      5.210     -0.624
  -1   -2     -1.587      2.566     -8.682
  -1   -2     21.762    -16.276      2.887
  -1  279     10.377     17.829      8.970
 686  717     -1.678      6.714     -5.271
 133  727    -11.241      0.403     -4.538
 464   -2     -0.303      6.949      8.038
  -1 1181      3.729    -11.067      8.793
 940   -2     22.315    -10.020      6.767
 492  492     25.082      1.589      3.838
  -1  177      7.028     11.428      8.101
1355  294      8.164      1.986      5.350
 954   -2     18.011     16.620     11.566
 671  814    -18.359     -4.178      8.048
 732  194     20.693     14.283      9.040
 537   -2      3.124     10.749      9.825
1163  166     10.643     -8.232     11.162
1299  178     23.618      7.009      9.785
  -1 1050     -7.225    -11.220      1.921
 359  346     -0.108     -7.252     -3.324
 385   -2    -10.873      7.861      4.709
  -1   70    -12.733     -1.989     -3.474
1177   -2      8.863     -3.196      2.454
  -1  320     14.246     15.840      6.840
  -1  605     20.982      8.831      7.243
  -1 1158     11.068      7.212      8.202
  -1   -2    -10.340     -4.097     -7.922
 640  146     17.135      5.540      0.649
  -1  769     12.172     -0.546      7.791
 945 1106     15.205     14.837      4.459
  -1   -2      1.619     -1.585    -11.023
 570   -2     12.712     -5.562     11.048
 950   -2     -4.236      4.606      9.881
  -1   -2     18.864      4.907     -6.975
 559  684     -9.575    -10.680      2.657
  -1   -2     18.213      8.279     11.755
  -1   -2     16.157     -2.576     -6.415
  -1 1034     12.508     16.515     11.992
  -1  797      1.058      4.043      8.751
 375  620     16.548     13.305      5.762
1125  712     23.878     12.203      8.409
  -1   -2     13.717     -7.733      4.734
 631   -2    -11.407     12.528     -1.465
 821  567    -15.594      6.506     -8.850
1013  824     25.357      4.750      7.480
  -1   -2     10.385     12.396     -2.557
1171   -2     -6.019     13.473     10.619
 106  670     -0.443      0.528      5.928
 488   -2     -8.212     -5.440      2.681
  -1  730     -6.098     -1.850     11.780
  -1   -2     12.426    -11.535     -2.479
1075   -2     -4.114     -4.590      5.717
  -1   -2    -14.972     -1.131      0.143
  -1  602     -7.871     -4.238      7.799
1158 1310     23.943     17.189      7.058
  -1   -2     22.041     11.541     11.720
 662  323      3.766     -1.405     -3.213
   9  235     18.785     -8.181     12.229
 447   32     20.447     -1.603     -5.058
  -1  330     13.971      9.824     12.346
 510   -2     -4.206     16.383      6.151
  -1  289    -19.579     -1.421      6.536
  -1   -2     20.219      3.238     -6.678
 273 1039      5.369     15.812      3.259
 192   -2     -2.015     -1.619     10.813
  -1  539     20.632     11.122      8.766
 377   -2     21.442      5.214     -5.979
 350  319      4.910     10.089      7.785
  -1  472     19.241     16.679      3.921
 602   -2      9.349     -4.556      4.298
  -1  507     15.857     -0.473     12.441
 861   -2      5.125      0.825      2.842
  -1   -2     11.508     -4.159     10.936
  -1   -2    -11.702     12.090     12.145
  -1   -2     -3.367     -6.550      9.619
  -1  687     20.696      4.798    -10.701
  -1   -2    -13.645      6.788     -7.789
 581    8      7.538      3.867      5.874
 165  760     21.441     10.365      9.505
 552  758     19.698     -7.930     -1.805
 229   -2    -16.421      7.716      2.091
 609  643    -11.290     -1.467     -7.311
 682   -2     -0.563    -11.334     -1.481
 952   -2     24.649      2.760      7.471
  -1   -2     10.576     10.989     -2.317
  -1  547      4.635      9.098      6.827
  -1   -2     -8.009     10.234      6.233
 193   -2     -7.747     14.167      8.466
  -1   -2     14.560    -12.405     -5.202
1034  791     19.492    -17.287     11.366
1297  312     15.502     -9.912     10.882
 727   -2     21.586     -7.997     -2.707
 112 1054     23.411      1.982      8.322
 153  729      4.145     -9.946      4.570
  -1  861      4.478      6.991      6.713
  -1  473     -0.414     14.255     10.215
 653   -2      1.984    -10.676     -1.807
 839  983    -14.231     -0.232      9.826
  -1  825     15.876     16.587     12.229
 616  515     -6.005    -12.552     11.904
  -1   -2     16.845      7.678      9.981
1178  649     16.673      4.917      9.019
1112 1057     20.585     17.005     11.433
1128   -2     16.345     13.202      2.326
 433   96     17.965     13.999     11.204
 324  125      8.795      5.202      7.462
1220  610     26.542     11.199      9.161
 848  776     20.698    -10.701      3.677
  -1   -2     11.852      4.653     12.610
  -1   -2     -4.394    -10.662     -6.939
1086 1165      8.417     -4.154     12.106
1007  599     -5.768     15.167      7.009
  -1   -2    -11.945     -3.076     -3.179
 451   -2      4.015      6.822     10.372
  -1   -2     11.316      6.595     -0.432
 202   -2     24.783     -4.219      7.388
  -1   -2     14.212      1.587     -2.654
 659   -2     18.615      5.543      7.079
  -1   -2     10.051      0.431      1.794
  -1   -2     20.386     -3.122     -3.248
 966   -2    -18.401      6.874     11.841
  -1   -2     14.726      6.095      6.992
 668  998     25.359     -6.867     11.443
 311   -2     16.834     11.180      8.427
  -1   -2     10.355     16.694      4.074
 259  501     15.001     -1.489     -4.193
1025   -2     18.992      5.139      3.719
  -1   -2    -14.240     -6.756     -4.593
1101  163      0.659     14.767      8.002
  -1   -2     -0.113     10.993     -7.637
  -1   -2     14.742     -1.690     10.057
 737 1232     20.128     14.936      8.266
 563 1275     18.889      7.449     -0.404
 936  425     -8.858    -13.804      5.776
  -1   -2     15.841     10.430      0.943
 600  866     20.514     -0.486     -8.091
1072   -2     -2.106     10.201      3.444
  -1  618     17.614     -7.487     -5.823
 901  958     -4.372    -14.800      9.863
 813  528     17.882    -15.834      4.343
1074   -2     -8.632     17.538     11.793
  -1   -2      5.408     10.899     10.923
 606 1278    -11.649    -14.936      9.667
 970   -2      2.148    -16.209     11.191
 598   -2    -19.757     -9.511      9.595
  -1  771      0.888     -9.505     -0.936
  -1   -2     -5.675      4.266     -9.246
  -1   -2      8.399     -0.074     -3.226
 989  220     -4.377     -3.898      0.650
1315  592     20.512     13.620      2.199
  -1   -2     -6.493     10.760    -12.257
  -1  293     12.294      8.760      7.642
  -1  291     27.833      1.096     11.472
  12   -2     17.795      5.510      5.417
  -1   -2      3.195     -5.845      0.527
 592  558      4.829     -8.110      2.023
 414  262      6.464     -2.126     -2.604
  -1  541    -10.429     14.290      0.427
 679   -2     17.343     12.471     11.116
  28   -2     -0.310     -2.755     11.934
 972   -2     -8.640     -7.413     11.776
 776   -2     23.924     10.128      6.816
 344  306      7.277     -9.911      0.139
  -1   -2      0.869     -7.033     -4.253
1111 1083     17.089      2.433      4.166
 793   -2    -19.826      0.190     12.180
  -1   -2      7.388     -4.402      5.394
1173 1104     22.281     15.886      9.471
 935   -2    -18.716    -10.923      9.926
 586   19     -3.595      2.598     10.522
  -1 1010      3.476     -3.649      7.153
 767  963     -4.353    -11.216      8.256
  -1   -2     12.308    -11.248      5.631
  -1  751     18.832      3.296     12.133
  -1   -2     15.863     -4.685     -6.311
 376  533     14.130     -9.562      6.223
 726  623     23.247      0.670      4.788
 200 1177      9.508     13.570      6.805
  -1  745    -17.487     -8.713     11.790
1052  241     26.428     -0.931     10.559
 499  444     12.238     -2.599      7.332
 608   -2     12.653      5.127     -5.452
 295  519     10.020     16.772      6.999
1044  839      5.412     15.942      6.325
  -1   -2     13.173      7.497      0.776
  -1   -2      0.752    -14.436     -5.343
  -1   -2     15.003     -1.307      9.040
  -1   -2    -12.609     -1.309     -6.912
  -1   -2     -4.041    -10.915     -1.259
  -1 1041     -0.800     -8.287      3.195
 421  875     14.407      7.369      6.757
  -1  761     10.324      8.093     11.649
 226  400     18.861     10.647     10.075
  -1  123     16.945     13.618      1.027
  -1   -2      5.583    -10.274     -7.321
  -1   -2    -14.559      1.753     11.281
 995  597      4.627     12.538      2.594
  84   -2     -7.785      5.732     -6.099
  95   -2    -12.714     -9.528     11.861
  -1  600     -0.984    -11.240      2.777
 943  653     14.156      7.966      4.196
1047   -2      9.368     13.064     11.958
  -1   -2      8.004      0.843      7.400
  96   -2      2.603      0.078      4.890
 393   -2     -3.868      6.460      8.468
  -1   -2      7.861     -1.291    -10.671
  -1   -2     22.488     15.814      1.062
  -1   -2     -7.038      4.952     -5.580
  -1   -2      2.638      1.187      6.832
  -1  486     15.196      4.015      1.879
 778   -2     -6.347      5.107     -0.009
  -1  290     21.195      0.611      0.437
  -1  288     17.405     -8.948      8.349
  68   47     21.086      4.390     10.278
 118  640     24.742      7.111      7.535
 109   -2     13.810     -5.728      3.229
 319  928     19.051      8.489     12.051
 374   -2      1.272      8.767      2.411
  -1  773     -9.142     14.047     11.187
1188  718    -17.886    -11.024     11.657
  -1  495     -0.663      6.409      5.109
  -1   33     10.531      4.470      8.820
 779 1119      8.747    -10.021      6.111
1107  624    -12.423    -13.115      2.991
1093   -2     24.292     -4.509      9.557
1161   -2     24.371      8.430      2.848
 301   -2    -15.951     -9.907      6.683
  -1   -2      7.120      9.465     -5.059
 689  709     -2.109     -9.458     -2.233
  -1   -2     12.685     -0.869     11.875
 996   -2     -2.162      8.263     12.595
  -1   -2     14.819     -3.294      7.756
 768  662     10.543     -1.285     11.360
  44  391      6.936     -8.945      6.938
 514   -2     14.594     15.769      3.419
 337  504      2.464     -1.531      6.719
 782  233     12.430     -0.327      9.714
  -1   -2     -5.253     -5.946     11.538
  -1  358     -2.813      2.768     -3.952
 766  858    -20.157     -9.527     10.850
 890   -2    -10.329     -7.552     10.095
 582   -2     25.461      2.141     12.179
  -1  499     -7.912     -8.601     -1.016
 263   -2     25.711     13.904     11.405
  -1  380     17.476     16.688      5.081
1279   -2     17.475     16.006      9.910
  -1   -2    -10.223    -13.235     -1.717
  -1   -2    -16.163     12.493      5.265
 722   -2     -3.855    -14.175      4.047
  94 1000     -1.675      4.846     -2.246
  -1   -2    -14.591     -2.241      7.934
 982   -2     15.917     17.821     10.209
  -1   -2     -2.808      5.310      0.777
 709   -2     17.675     15.802     -0.317
 302   -2    -11.685     -0.272     -9.809
 471   -2     10.544      8.901     11.087
 595  147     14.592     -3.880     11.526
  -1 1109      8.332     -5.007      4.212
 683  763    -11.006    -11.554      8.985
 114  565      5.589      1.936      4.936
 670  469    -18.407     -3.082      8.606
  -1   -2    -21.038     -4.103     10.293
  -1  482     -3.167     11.852      7.354
 645  481    -12.009     15.496      9.894
 858  886    -14.671     12.761     11.558
  -1  535    -13.837    -12.784     12.613
 257   -2    -14.265     17.226      4.214
 685   -2     -7.567     -8.530      4.364
  -1   -2     20.506     -3.501    -11.508
 881 1020      3.566     16.024      2.454
  -1  379     -1.890      0.652      1.256
 543  897    -10.335      2.791     11.920
 180   -2    -12.674     12.709      3.732
1015  744     -6.222     -9.395     -7.929
  -1  364    -16.947      7.060      9.718
 850   -2    -12.918     12.515     -0.219
  -1  109     18.436      2.141     12.631
  -1  812    -13.403     -5.820     11.284
 439  888    -13.968     11.584      9.884
  -1  603    -17.271      6.461     -4.408
  -1  412     26.897     13.737      6.737
  -1   -2     -4.063     -5.021     10.227
  -1 1040     -4.178      8.341      4.771
  -1  792     28.212      3.771      9.092
  -1  613     -5.514    -13.549      2.140
  -1  513    -10.342      9.528     -1.404
  -1  239     25.057     -7.541      2.224
  -1   -2    -11.423     11.619      3.083
  -1   -2    -10.009      5.221     -1.064
 874 1118    -11.331    -14.268     -2.573
 658  731      5.918     15.534     10.011
1053   -2    -18.367      1.467     11.328
  29   -2     15.206     10.050     12.111
  -1  581     20.017     -5.319     10.506
  -1  522     21.124     -4.186     11.314
  -1   -2     -6.859      9.046      7.365
 218   -2     22.321      5.202     -1.887
 792  419    -19.079      8.380     10.840
  -1   -2     -6.305      1.017      4.840
  -1  785      0.246     16.331      0.216
  -1   -2      9.237     13.514      3.296
  -1   -2     -2.102     15.020      7.467
  -1  697     22.055    -17.956     12.617
 836   -2    -17.076     17.547      8.989
 394  864      6.787     -2.476     12.046
  -1  884      5.605    -15.273      5.367
  -1   -2     -6.691     -0.057     -5.056
 910   -2     -1.050     -4.825     10.949
  -1   -2     24.381    -17.210      9.367
 429  614    -16.640      1.062     11.025
 917  645     28.739      7.996     11.280
  -1   -2      5.196      6.265     -6.325
  -1  250     22.146     -6.943     12.271
  -1 1141    -19.102     -5.757     11.041
  -1   -2     -4.543     -3.112     10.660
  -1  872     -5.308     15.485     10.417
  -1  930      9.042    -10.362      1.760
1206 1087     19.684    -15.181     12.248
 459   -2      4.613    -11.377     -2.943
1269   -2     -9.994      1.700      7.706
 871  135    -20.026      3.101     10.328
  -1   98     23.855      0.337     10.235
 157  212    -17.350     12.053     12.196
  -1  301    -14.479     14.078      2.504
  -1  944    -21.092     -2.537     10.196
1216   -2    -14.680    -16.430      9.495
1225  903     -0.338    -17.415      7.499
  -1  265      9.412     10.378     11.572
  -1   -2      4.852      4.058     10.665
 826  810     -4.416     13.024      3.672
 287  993    -19.009     12.267      8.752
1004  317    -18.277     -4.284      4.590
 223   -2     16.851     10.791     -5.580
  -1  260     19.854     -2.921     10.770
  -1  774      5.027     12.883     11.177
1167  489     -3.225    -11.591      4.224
 832   -2    -17.690      8.223      5.619
  -1 1079     -5.600     19.796     11.712
  -1   -2      6.999     12.149     12.535
 805 1283    -12.158     12.069      8.050
  -1  768     24.926     11.750      7.286
1082 1288    -11.249     18.454     10.834
 555  742     24.346      8.751     11.145
  -1 1080    -14.926     11.902     11.001
 906   -2    -18.425     11.738     -4.024
  -1   -2     14.671     -4.828     -7.853
1138   88     11.878      1.320     -3.606
1133   -2     18.984      3.308      6.291
  -1   -2     16.215    -13.627      5.353
  -1   -2     17.165     14.442     -3.373
  -1  483     -5.866      0.818      7.106
  -1  840     -9.042      9.238      6.928
1102 1159     14.678    -16.319      4.635
1110  793    -10.882     14.352      9.120
  -1  423    -14.201     16.008      7.245
 994 1095      0.284     16.806     11.870
  -1 1068     10.615    -16.081      0.121
  -1  901    -19.220      6.742      7.373
  -1  660     26.366     14.504      5.166
  -1  545     16.310    -17.417     10.929
1227 1219     16.614    -20.371      6.748
  -1   -2      1.415      6.155     10.590
  -1  446    -17.663     13.604     12.535
 862   57      3.735      8.289      3.072
  -1  240      1.142      8.768     12.138
 883  193    -19.413     11.950     11.197
  -1   -2     -2.940      1.221     12.199
 320   -2    -11.141     12.740     11.588
  -1  570    -14.443     -2.999      2.242
  -1   -2     -1.574      1.975     -1.960
1014  823      3.147     15.359      4.597
  -1   -2     24.188     -9.371     12.197
  -1  404      7.903      5.350      6.148
  -1   -2      2.662      5.879      9.303
1162   -2     25.276    -11.540     -0.858
 416   -2      7.217    -14.707      0.494
  -1  540    -17.617      7.699      3.060
 516  143    -15.570      6.669      0.389
1229   -2     26.126    -16.240      8.300
  -1 1018     -3.306    -17.247     10.313
  -1 1147    -11.077     16.539     12.098
 501 1160     -7.265    -11.330      5.623
  -1  238     -2.882     -8.131      3.305
  -1  911      5.115      3.227     11.645
 241   -2     -2.578      6.943     -4.707
1198  460     -5.274    -11.161      8.346
  -1   -2    -18.775     -2.996     -1.218
  -1 1295     11.451     10.528     11.495
  -1   -2    -11.308      1.741      4.224
 569   -2      0.052     12.964      9.759
1180 1140      3.834    -15.122     -3.389
  -1   -2      7.890      8.639      6.769
  -1  702     -2.302    -10.177     10.666
  -1   -2     -1.179    -12.479     -5.053
  -1  397    -12.657     10.027     -3.020
  -1  303      2.219     14.864      6.759
 655  352     -3.587     14.467      5.164
1040   -2      2.044      7.681     11.617
 243  421     22.749      3.625      4.767
 475  398    -11.257     -3.896      9.825
  -1  537    -16.835      5.121      8.382
 824 1133    -11.950      1.187      9.259
 237  366     17.051     -1.275      8.715
  -1  414      5.252      8.733     11.304
 939   -2    -19.596    -10.624     10.951
 407  521    -15.314      9.749      5.881
  -1   -2     22.782     -4.039      4.267
 166  315     16.669      6.130      8.771
1083  410     -3.288     16.407     11.865
  -1   -2     16.699     -9.259      0.698
  -1  896     -2.504      5.764     10.558
 522 1013     16.989    -12.178      7.839
 216   -2     13.415     -7.489      8.725
  -1   -2      6.907    -10.705      0.791
  -1  650    -16.017     -4.262      9.203
 159   42    -11.117     -0.024      3.596
1199  318     -2.634      8.123      7.160
  -1  615      4.150    -11.924      1.585
  -1   -2     16.124     16.121      8.074
 481 1066     11.178     16.366      8.652
  -1  871     15.615      0.039     -4.517
1246 1067     -9.476     -2.295     10.508
  -1   -2     24.020      7.226      4.366
  -1   -2    -11.897      5.069      4.551
1266  424      7.476     13.390      9.786
  -1  880    -16.378     12.905     12.096
1130   -2    -15.613    -14.145      9.887
 749 1247     16.547     -4.064     -5.783
  -1   -2    -19.346     -8.398      3.462
  -1  405     15.531     -3.945    -10.780
1218  961    -11.997    -18.952     11.415
  -1   -2      6.130     -3.415      6.605
 298   -2      0.903     11.268     -2.710
  -1   -2     22.532     -0.807     12.126
1116   -2    -10.808     18.647     10.071
  -1  704    -13.537     -8.916     11.735
  -1  822    -15.401     12.412     10.652
  -1   -2     -1.865     15.136     10.686
  -1   -2     18.590    -17.251      6.718
 105   -2    -12.688     10.314      9.167
  -1   -2     -7.510      4.416      5.681
1228  999     16.847    -20.771      9.481
  -1   -2     17.976    -18.174      7.217
  -1   -2    -11.251      3.503      9.174
1146 1298      9.046     -8.974      9.834
  -1   -2     -3.555     10.111     -9.520
 794   -2    -20.117      3.714      6.361
  -1   -2     10.744      6.057      6.288
  -1   -2     -4.549     -3.514     -1.541
 753  524     18.016     11.685     -6.265
 642  794    -12.757     13.090      7.619
 693  360     -5.583     -5.091      8.255
 692  947    -17.271     -6.786      5.509
 288  955     21.847    -14.879      5.275
  -1   -2     -6.541     -0.656     11.400
  -1 1052     10.126     -9.533      0.200
 680   -2     -9.235     14.087      5.774
 666  715    -14.694     -2.624     12.026
  -1  748     22.053     -9.581     -5.303
  -1 1058     -6.286      2.895      7.864
 811   -2     25.276     12.184      0.892
 863  661    -11.327    -10.994     -0.291
  -1  494     20.218     14.797     11.786
 771 1185     12.005      6.524      8.244
1197   -2     16.049     -4.597      6.767
  -1   -2     -4.792     -6.377     -3.742
 856 1287     -8.796     12.293     10.208
1077  604     21.436      4.415     -5.928
1085 1007     -9.732    -11.253      4.777
  -1  926    -17.993     14.515      6.731
 818   -2    -13.448      8.344      9.862
  -1  842     -6.146     16.865     12.311
  -1  834      3.007    -12.409     10.645
  -1  973     25.819     15.969     12.095
1256   -2     24.183     -1.487      0.364
 998   -2     -6.025      1.508      5.273
  -1   -2     -5.055     17.449      8.047
  -1   -2    -14.826     -0.322      5.987
 854  728    -19.684     -9.195      3.581
 401  184    -15.355      2.195      8.207
 520  139     21.955      4.453      4.405
 380 1138     -9.985      6.000      1.960
  -1   -2     19.131      2.200      6.455
  -1  351     14.253     -9.179     -4.228
 931   -2      2.010     14.197      8.365
 698  851     11.761    -14.472     -0.833
  -1  214      0.604      6.174     -1.081
 132  331     20.778     -6.249      3.273
  -1  189      1.295     -2.126      8.523
1117  639     17.150    -12.146     11.930
  -1  932     -2.976      3.180     -2.146
  -1   -2     14.012      3.455     12.603
  -1   24     -0.042     11.393      3.831
 558   -2     12.935     -2.373      0.260
  -1   -2    -14.056      9.775      9.089
  -1  308     13.758      0.445     -2.483
  -1 1053     -0.249     18.450      6.729
  -1  996     18.791     17.521     12.493
  -1   -2     19.760     -3.390      7.916
  67   -2    -13.015     16.058     10.207
  -1 1113     24.380      6.708     11.442
 754  426     13.688     -2.683      3.267
 468   -2      5.904      8.626      8.321
 710   -2      2.443    -14.901     -4.601
  -1 1187     27.032      8.140     10.952
  -1   -2     24.380     13.792     12.339
 702   -2     22.190      2.938     -8.890
  -1  659      5.102     10.117     11.428
  -1   -2     23.465     -7.318     11.298
1006   -2      8.812    -16.302      7.100
1280   -2      6.778    -14.833     12.184
  -1   -2    -16.735     -5.367     10.327
 720  355    -12.442      6.922      3.833
 921   -2     -2.375     13.921     10.572
 622   -2    -15.683     -3.155      3.966
1193  188     -5.133     -4.764     10.452
 765  247      9.971     -0.838      5.145
1029  625    -15.310     13.439     11.168
  -1  622      0.639      5.611     -4.120
  -1   -2     13.521     12.683     12.478
1045 1099     -7.572     19.863     12.349
1002 1065     13.292     13.284      9.177
  -1 1088     23.874     19.383     10.512
 252  619     19.332     -1.725      4.165
 978  353     12.662      5.334      7.590
  -1   -2    -12.044    -15.759     -4.946
  -1  356     10.075      7.813      4.793
  -1   -2     -1.294      5.002     11.147
1192   -2     13.767    -18.874      9.410
1141  813     12.152     14.238     10.626
1284   -2      5.644    -14.864      2.509
1100  811     28.540      4.662     10.085
1120   -2      8.591    -16.001     10.061
  -1   -2     -9.650     -0.138      7.967
  -1  974      0.004      7.595     11.379
 741   30     18.534     -6.557      4.641
1062  126     -1.537      8.565      7.913
 483  402    -15.199     -2.155      9.510
  -1  950     20.381      2.836     10.847
  -1   -2     -1.207    -14.868     -4.983
  -1   -2     13.453      8.718     -7.670
  -1   -2     -3.709      6.235      0.866
  -1  708      3.721    -20.432     11.826
1088   -2     -9.680    -14.943      2.278
 829  753     11.188    -12.128     11.644
  -1   -2    -11.326     13.172      8.689
  -1   -2     -5.100     -9.070    -11.573
  -1   -2      0.789     12.400      0.555
  -1   -2     14.310     11.254      6.614
  -1  637     25.493     17.771      8.936
1283   -2    -12.509      2.449      4.665
 803  845     -1.543     11.132      7.220
  -1   -2     28.949      4.888     11.285
1149   -2     24.574     11.160     11.970
  -1  902     12.329     18.467      8.690
 764  207     19.789      4.939     -4.529
  -1   -2     12.714    -16.981      7.803
  -1   76      5.475      3.554     -6.493
 294   -2      8.764      0.405     10.998
  -1   -2      1.644      9.070      4.709
  -1   -2     20.122      1.228     12.030
 556  733      7.634     -1.502      9.236
 701   -2      7.852      3.357     12.099
  -1  415      7.794     14.227     -3.307
 955   -2      3.274    -15.271      1.279
  -1   92     18.729     -7.258      9.900
1147   -2     10.159    -14.814      0.507
  -1   -2     19.566    -13.321      8.931
 264  984      0.035     -3.839      7.205
  -1  449      7.073     -7.261      5.319
  -1   -2    -14.427     -0.915    -12.418
 902  683      8.838    -11.938     -1.921
  -1  520     23.927     11.475     11.691
  -1   -2      5.359    -11.500      1.703
  -1  969     27.236      5.227      5.890
  -1  516     -7.409     -6.482      3.046
  -1   -2    -18.361      5.459     10.833
  -1   -2     11.681     14.191     -2.832
  -1  878     -2.253     15.111      3.279
  -1   -2      1.453    -11.381     10.631
  17  630    -13.874      3.651     11.647
  -1  934    -12.622    -10.971     11.097
  -1  738     27.606     -3.820      7.718
 189  334     21.695      1.756     -2.771
  -1   -2     12.240     15.728     11.005
  -1  577    -11.502     17.495     11.443
1113  764     -1.940     -5.431      6.252
1069  893     25.140      5.208     11.451
1032   -2     24.395      0.497     11.108
  -1   87    -10.368     -6.178     12.716
1119  826    -11.418     15.677      8.601
  -1   -2    -12.306    -16.589      7.089
  -1   -2     17.277     13.639     11.904
  -1  628    -16.362    -10.181     10.933
 280  905     14.136    -11.380      6.854
  -1   -2     23.358      8.840     -0.149
 511  833     14.332      0.566     10.317
1008   -2      0.142    -10.812     10.704
  -1   -2     -4.408    -15.901      1.616
1221   -2     24.355     17.650     11.745
  22  282     24.344      4.273      7.057
1294  966    -14.388    -14.268     -5.999
  -1   -2     13.406     -6.735      9.334
  -1  817      1.569     16.700     12.068
  -1   -2     21.579     10.960     12.393
 694  756      7.027     11.953      4.652
  -1   -2      3.108    -10.061      8.580
  -1   -2     -4.493    -14.245      9.372
  11  634     13.259     -6.506     12.076
 999   -2     14.874      5.262      1.503
 427  396    -18.538     -7.605     11.388
  -1  887    -17.867     19.817      8.212
1019   -2     -5.234    -19.472     12.198
  -1   -2      5.603      0.063      5.335
  -1 1201    -22.617    -15.455     11.249
 574 1175    -16.609     13.671     10.525
 525  766      8.482     -3.795      5.856
 417   -2     -3.122      3.457     10.936
  -1   -2     -2.385     -4.242     -1.959
 553   -2     -5.775    -15.930     11.435
  -1  302     15.833      0.453     11.806
  -1  550    -15.130     15.945     11.211
  -1   63      5.613      7.409      9.821
 930   -2     -1.939     -3.137     11.957
 992   -2     13.837    -17.926      8.400
 878 1012     -5.602     18.672     10.124
 362 1234      9.295     -5.160      5.805
1281   -2    -15.174     -4.869      7.175
 918   -2     -2.802      6.574     10.995
  -1   -2      2.809     14.047      3.910
 275   -2      1.412     -2.570      5.708
  -1  976     -8.654    -18.571      6.756
1079 1151     10.489    -17.390      5.323
1081  249     13.083     15.468     10.870
1145 1090     -1.396    -14.284     10.742
 590  490     17.791     15.691      6.588
  -1  450     -2.913      4.581      9.191
1135   -2      9.895     -2.947     10.761
  -1  711     18.186      7.012     10.107
  -1  772      6.931     -7.165      7.191
 310  529      7.314     16.902      6.848
  -1   -2     -5.709    -14.484      0.842
  -1   -2     14.449      5.822     11.330
  -1 1004    -10.915     -7.612      3.688
1194   -2     -4.050     19.383      9.898
1157 1064    -15.283      7.968    -12.129
  -1   -2     24.907      7.053     -0.577
1060  725     11.512     -8.529      9.690
  -1 1059      5.070    -14.294      8.591
  -1  919      0.163     16.445     12.378
  -1 1269      4.838     16.820     11.790
  -1   -2      9.361      1.946      9.205
 636   -2    -13.749     11.895     11.045
 962   -2     -0.217     18.239     10.161
  -1  578     14.850     17.231      7.921
 755  692     -4.988     -8.236    -10.203
  -1   -2    -18.277    -10.373     12.147
1207   -2      5.265    -18.129      8.081
  -1   -2    -10.844     20.094     10.526
  -1 1290    -19.743    -11.473     11.512
  -1   -2      6.604    -14.978     -2.576
1222   -2    -19.954    -14.739      9.613
 704 1070     15.832     -3.447      9.395
 577   -2     14.639     -6.312     -2.433
 576  576      1.937     13.354      8.018
  -1   -2     24.101      1.793     11.032
 272   -2      2.272      2.076      8.398
1090   -2     23.633     -1.565     10.597
  -1  987     -9.359    -16.408     12.115
  -1   -2      2.347     -3.751      4.533
  -1  716     11.268     11.446      5.803
 734 1163    -19.146    -12.035      3.004
  -1  713     27.470     -2.907     12.236
  -1  349     -9.048     -7.028      3.425
 579  436     -0.341     -2.103      8.424
  -1   -2      8.618      7.397      5.163
 946   -2     19.023    -11.328      7.309
  -1 1006      2.959     12.598     -2.599
  -1 1097      6.657     -3.300      2.960
 993  890     -6.841     -6.603     10.787
1231  917    -17.943    -16.151     11.632
1187  747      2.129     -3.322     11.130
  -1   -2    -13.051     -8.949      9.703
 346   -2     15.173     13.329      7.910
  -1   -2     17.232      8.957    -11.914
  -1  479      8.047     -0.774      4.408
1205 1198     17.454    -26.711      2.787
  -1   -2     16.821     21.512     10.744
1213   -2     25.260     22.161      9.798
1200 1153    -26.072    -14.434      9.135
 909 1051     15.644    -22.046     10.071
1204 1202     18.127     26.173      8.552
  -1   -2     -9.355    -15.367      5.983
  -1   -2     12.123    -27.487     -5.371
  -1   -2      3.341    -29.310     -3.213
  -1 1211     11.351    -17.690     10.597
  -1 1194      0.226    -22.418     12.160
1223 1210     13.598    -24.954     12.489
  -1   -2    -19.191    -13.211     10.456
  -1 1204     -1.670    -23.455     10.065
1202 1217     17.917     26.037      5.833
1215 1216    -26.750    -10.973     12.506
  -1   -2     21.144    -17.542      0.870
  -1  946     23.671    -21.772      5.460
  -1   -2    -14.341    -13.476     11.634
  -1 1214     27.326    -22.564      9.736
  -1   -2    -21.228    -13.537      9.240
  -1 1200     25.356    -18.357     12.362
  -1   -2    -24.412    -12.161      4.085
  -1   -2     -5.432    -23.351     -0.518
  -1 1209    -17.015    -20.890     10.216
   4   -2      0.778     -0.564     11.879
1301   -2      0.297     -0.076     10.792
  -1   -2     18.227      9.011      9.054
  -1   -2     18.184      9.017      9.124
  -1  787    -11.358     14.015     10.975
 646   -2    -13.201     11.347      5.611
  -1  311     13.649     -6.410     11.199
  -1   -2     14.367     -2.830     -5.127
  35  228    -13.709      7.419      2.968
  -1 1319     -7.054      7.699      2.517
  -1   -2     15.219      3.679     11.153
  -1   -2     14.974      3.862     10.674
  76   -2     22.513      2.655     11.263
1251  223      7.234      4.742      8.246
  -1   -2      1.211      2.440     10.315
 122   -2      9.836      4.893      8.773
  -1 1333     16.745      7.720     -5.290
  -1   -2      8.146     -2.694     -4.458
 963  647     -5.644      0.190     -7.727
 256   -2    -16.123     -2.429      2.363
  -1  390     23.408     -3.476      2.632
  -1   -2    -13.447     -5.820     11.483
  -1   -2     -0.352      2.062     -5.655
  -1   -2     16.700      1.805     -1.546
  -1   -2    -19.708      6.580      7.711
  88   53    -13.454      5.771     -2.122
  -1  225     22.313      0.942     -1.290
 231   -2      8.570     14.862      5.869
  -1  173     26.372     -6.232      8.038
  -1   -2     26.372     -6.232      8.038
  89 1241     19.663      3.056      2.646
 239  859      7.653     14.153     11.036
 262 1008     21.523     -9.673      8.948
  99  631     -9.287      1.539     11.212
  -1  874    -10.185      8.029      6.058
  -1   -2     24.051     10.711     11.070
  -1   -2     16.600      7.137     10.472
 155   -2    -10.783     16.571      8.486
 312  186     18.628      3.123      8.149
 391   -2     15.945      1.456     -1.504
 922   -2      6.302      3.580      4.190
 203 1125      2.683     -8.164      2.811
  -1   -2     19.264      6.512     -1.754
1244   -2     16.085      5.032      9.610
1273   -2     23.355     16.441      5.747
 141 1249     18.409     12.278     -7.792
  -1  169     16.490     11.693      8.119
  -1   -2     -7.178    -11.189      1.884
 415  485     12.927      4.475     -4.917
  -1 1091      0.312    -10.143      3.187
  -1   -2    -15.285      7.218     -4.580
 827 1285    -17.271     13.012     10.193
1237   45     17.152      1.791      7.574
  -1 1060     23.808     -0.569      9.091
1316   -2     19.894     -2.011     -1.739
  -1  298     12.682     -5.877      6.503
  -1 1073    -18.513     -4.195      0.878
  -1   -2    -17.696      5.959     11.564
 979   -2    -15.253     15.818      8.058
 564   89     23.472     -3.958     10.336
  -1  116     10.360     -4.990      8.888
 196   -2     25.206     -2.585      9.099
1238   85     18.540      5.167      1.927
1241 1326    -11.358     14.015     10.975
  -1   -2     14.184     -2.783     -5.307
  -1   86     15.219      3.679     11.153
   8  719     18.220      9.020      9.038
1252   75      9.641     -2.636     -0.991
1248 1306     18.324     -6.543      1.812
1306 1323     -5.364    -12.470     -0.369
1332   -2     -3.570      3.740     10.825
1243   -2      8.146     -2.694     -4.458
  -1  512     12.150      4.198      8.328
  -1   -2     23.451     -3.436      2.553
 562   -2     14.321      4.086     10.966
 115  454     19.279      2.141      5.963
  -1   -2     16.745      7.720     -5.290
  62 1305     -9.528     -2.908     11.307
  -1   -2     12.150      4.198      8.328
 127   -2     14.390     -2.842     -5.065
  23  176     16.684      1.784     -1.437
  -1   -2     20.455      5.535     -1.874
  -1   -2     12.150      4.198      8.328
  -1   -2     -7.054      7.699      2.517
  -1   -2     16.745      7.720     -5.290
 222   -2     -7.054      7.699      2.517
1311   -2     12.150      4.198      8.328
  -1   -2     16.745      7.720     -5.290
  -1   -2     16.745      7.720     -5.290
1249   -2     16.745      7.720     -5.290
  39   -2    -11.109     10.076     -7.293
 780 1011     -5.271     -9.506     -4.807
