1321
   0    0    -11.144      4.493     12.111
   1    1     15.953      1.718     10.176
  -1   -2    -11.238     -4.299      8.713
  -1    2     12.889     -8.907     11.894
  -1 1291    -11.229     13.845     11.133
 607   -2    -10.686      7.505      9.764
  22   38    -11.166     -5.464      8.334
  -1  935      1.256     -0.514      4.069
  -1   -2     -5.941      0.505      8.905
  17   -2    -12.988      6.138      8.612
  -1  504     15.532      0.336      2.656
  -1   -2      1.486     11.415      9.578
   3 1253     -9.188      1.206      8.762
  -1 1267     17.441     -4.932      6.634
 931   -2     12.150      9.247      9.449
  -1   14      6.658      8.356      2.163
  -1 1216      1.918     -4.485    -10.888
  77  271      8.058      2.683      7.171
1221   31     25.688     -5.079      5.591
  18   -2      8.946      9.191     -0.471
 802  124     12.159      5.264     10.187
  39   -2     23.489     -3.678     12.162
  15   -2     16.318      3.808     -8.103
1211   -2     -5.929     -0.747      4.181
1008   -2     -2.262     14.888      7.420
1222   -2    -14.765      2.356     -2.458
  -1 1273     18.432     -0.315     -3.609
  -1  449     13.760      8.129      8.254
 189  529    -16.534     -0.942     11.107
 172   -2      8.594      2.308     10.157
 843    8     -6.176      3.207     -6.193
 638  256     11.993     12.380     -1.648
 674  628      1.786      9.046     -3.679
 329  206      1.870     10.786      3.601
  -1  709      1.380      4.540      8.249
 257  255     17.243     -2.122      8.206
  -1  516     -3.336      2.172     11.838
 227  640     -2.252      8.025      2.442
  -1   -2      9.780     10.111    -11.351
 623  827     -3.601      6.398     10.286
  -1 1272    -10.745      9.104    -11.648
  -1   -2      4.895     -6.198     12.426
 500  556      6.839     12.028     12.511
  -1 1219     10.868      2.384     -8.083
 548   -2      7.863     -0.685     10.366
  98  252     -3.387      3.450     10.881
1018  351      3.223      3.811     -2.559
 430 1092     13.989     13.440     11.645
  -1  129    -16.006     13.796      1.513
  -1   -2     11.227     -4.506      3.358
 295  312     -7.755     -3.014      8.206
  -1   36      6.098     -0.749      9.441
  41   54    -14.419     10.556      6.137
 126  954     12.407     10.173     10.785
   6   -2    -13.845     -6.895     11.736
  -1   -2     12.523      1.651     -6.142
 627   -2    -15.326      0.486      4.159
  32   -2     -0.083      7.661    -11.808
 181   -2     -7.032      8.361     -1.058
 925   -2      3.686      5.994      2.297
 192  375     13.492     13.432      5.454
  -1  568    -10.248     11.694      5.239
  97 1041     14.274      5.326      8.336
 223  354     18.326      1.307      7.180
  71   75     -5.700      0.347     -7.421
  -1  480     -7.621     -3.339      1.274
 971 1261     11.124     -0.900      1.907
  -1   -2     -6.430      0.870     -1.563
  -1 1281     24.305     -7.747      2.958
  -1   -2      0.966      6.262     -6.928
  -1   -2      2.231      8.956      4.041
  -1   -2      7.660      3.775    -11.666
 304  472    -17.341      4.721     -1.367
 138   -2     12.939      4.461      8.419
 597  115      6.073      0.629     10.781
  -1   -2     12.227      2.351      0.534
  -1  239     11.615      4.651     11.067
 608  509     -4.102      8.066      1.325
  66   -2     16.447      9.263      2.267
 934  384      0.983     -1.143      9.131
  75  110     22.080     -8.218     -2.276
 798   -2     -0.203     -4.384      2.006
 544  235      9.686      3.231      5.299
 986 1138    -11.541      6.940      2.214
 576   -2    -18.017      7.636      3.879
 320   -2     14.387      5.792     -1.113
1277   -2     19.873     12.828     11.401
 137   32     -9.895      9.521     -6.207
 796   -2    -13.858     -0.761      2.703
 236   -2      6.733      4.385      7.339
 691  189      5.622      0.519     10.594
 628  727    -14.913      0.535     -4.847
  -1   -2     17.366     12.441      1.339
 690  602     17.234     -0.995      8.784
 141   -2     15.614      0.402     -4.290
  -1   63     -9.784      8.574     -3.732
 736   -2      2.484      7.712     10.951
 103   92    -19.745      4.134      7.203
1111 1265     -1.383      3.363      9.952
 258  466      1.653      5.516      6.505
 106 1226     18.874     -6.265     10.471
  64   94    -12.994     -3.978     -0.620
 741   -2    -13.456      7.239     -1.266
1219   62     19.033     -0.179     -8.194
 884 1167     25.578      7.765      9.745
  52   93      5.552     -9.509     11.940
 322  452      8.762      8.382     -1.699
1218  538     20.821      2.886      7.872
  -1   99    -12.601     14.497      5.691
  -1  722      2.725     -3.228     -4.975
  -1   -2      1.300     -8.875      0.800
   2   -2     26.106      1.331      3.791
 423 1240     10.114      4.073     10.811
1064   -2    -15.657     -1.312      3.817
 839   -2     -4.332     12.123      6.400
 214 1229     14.903     -0.452     -3.244
  -1  131     -3.611     -2.875      0.240
  -1   -2     12.162     -6.129     12.078
 132   35     -9.492     -3.306     -0.201
  -1 1280     -9.080      9.099      6.690
  -1 1248     -0.613     -2.283     11.784
1209   -2    -11.757     14.999     10.716
 421  114     24.211     -2.416      7.796
 936   -2     -9.493      8.381      1.013
 689   -2      9.762      0.096     -5.555
 384   -2     19.785     12.975      6.058
1015   -2     -5.122      4.289    -10.685
 749   -2    -17.273      7.835     12.145
 844  642      1.259      3.366     -9.160
  -1   -2      4.313      3.373    -12.615
  -1  499     20.042     11.060      4.294
 726  953     22.054      2.280     12.237
  -1   -2     13.060      2.582      5.614
 946  443      7.554     14.256     11.073
  -1   -2     -0.709     11.025      3.870
1279   -2     -0.203      5.295      8.985
1077   -2      9.241     13.500      4.559
 786   -2     18.926      2.607      6.950
 188 1174     -7.809     -6.416      9.752
 282  559    -14.169     10.573     -0.763
  68  156     14.448     11.335     -6.512
  -1 1017      3.339     -2.485      4.717
 789  597     10.221      7.173      9.222
 944   -2     11.338     11.903     10.302
 554  136     -0.062      4.844     -7.214
 962  130    -15.511      1.073      9.750
 724  193     21.696     -2.619      3.518
  -1   -2     11.237      7.320     -5.279
  -1   -2    -15.937     -5.297      4.269
  -1   51    -12.675     10.883     11.783
 660   -2     23.827      2.833      1.840
 585   -2     15.475    -10.883      4.540
1070  778     13.393      4.835     10.886
 679  884     12.289      7.392      9.501
 327  391      3.888     -0.250     11.309
 247  118     -3.014      9.364      9.548
 441  167     -7.955      8.584     -6.822
 704   86     -3.433     15.665      7.606
  -1   -2     24.075     -3.253      8.831
1229   84    -18.330      4.896      2.726
 645  526      6.174      8.435      6.670
 406   34     10.280      5.019      8.040
  -1   -2     -3.788     -0.092      4.546
1263  574     15.798      6.194      8.909
  -1   -2     16.088      2.540      8.680
 863  886    -12.200     13.245     -3.486
 560   -2     -0.944     12.202     12.615
 858 1175      1.858      7.135      4.058
  -1  228     12.292     -3.144      7.325
 975   -2     21.341     -4.123      9.278
 405   -2     23.414     -2.090      8.380
  -1  174     25.137     -3.983      8.315
  -1   -2     -4.152     -4.867     10.376
 234   -2      9.129      4.641      6.208
1037   72      0.489      9.645      4.492
  -1   58     14.023      3.931      3.540
 997   -2     -7.712     -5.724    -11.687
  -1   -2      9.050      0.435      9.357
  -1   -2      6.619      7.402     -2.868
  65  397     20.638      6.706      4.175
  -1 1161     23.711     11.797      8.125
 772  807     -1.114     -0.605      6.729
 149   -2     10.385     -1.698      8.294
  -1   -2     17.852      5.951     -3.836
  -1   68      4.263     -1.059     12.416
 182  185     11.104      0.383      5.690
  -1   -2     13.749      4.154    -12.588
 701  262     -3.108     14.246     10.923
 378   -2     11.279     -1.142      5.834
 926   -2     -2.920     -5.817      8.877
  -1   -2     13.338      0.019     -4.541
  -1  653     13.649     -7.857     -2.451
 605  647     16.967     -4.349     12.429
 687   -2     16.224      8.113      5.380
  -1  422     -3.700      3.879      7.023
 101   -2     24.958     -8.528     12.584
  -1   -2     20.196      2.605     -4.502
 358   -2     15.527     10.476     10.513
  -1   -2    -11.786      0.413      2.636
  -1  662     11.600      9.462     -5.604
 929   -2     15.170     -1.325      1.854
1252   -2      8.651      4.369      5.764
 781   -2    -15.298      1.975     11.029
 566  278      7.874      8.319      3.685
 237   -2      5.156     -8.359      3.244
 287  483     13.339      1.744    -11.104
 318 1236     21.601      5.334      8.672
 476 1028    -17.478      9.944     11.701
 787  686     24.258     13.550     12.376
  -1   -2     -6.279      9.962     -9.122
 133  737      5.865      9.723      8.277
  -1   -2    -20.119      0.872      7.861
  -1  190     18.201     -0.388      5.062
  -1 1024      3.372      2.309      3.740
  -1   -2    -13.061     -0.552      9.834
 373  379     -1.778     14.844      5.891
 207  128     -9.633     -0.119      0.939
 508  396      9.714     -5.122      7.015
 353   -2     16.850    -11.346     -8.791
1097   -2      6.026      3.372     11.689
 275  204      7.945     -1.427     12.593
  -1  503     25.607      4.337     12.079
  -1   -2    -14.245     -1.915     -6.430
 672 1250     15.238     15.960      8.954
 220   -2     -2.913      0.603      9.114
 342  329     -1.929     -0.061      2.036
1210   -2     16.416     -1.807     -4.182
 424  133      9.721      9.443      8.838
 217  137     14.567     13.109     -7.433
 600  265      1.959     11.095     11.381
  -1  681     -8.704     12.837     -4.154
 324  238     20.016      9.022     -2.901
 498   19     10.270      3.357     11.609
 596  542     18.979      4.046     10.564
 482 1058    -18.185    -10.588      9.622
  -1   -2     -9.302    -11.165      3.089
  -1  222      7.390     -1.529     -0.780
 427   -2     22.497      6.446      1.414
 215   -2     21.826     -6.356     12.040
  -1  798    -12.722     14.645      1.698
  -1   -2    -11.133      0.393      8.658
  -1   -2      0.935      2.597      0.712
 195  178     -6.085     10.362     -6.078
 177  347    -16.527     -8.159      4.297
  -1  687     12.117    -10.562      3.994
 429   -2     20.530     -2.977      7.670
  -1   -2     -0.323     -8.951      8.693
  -1   -2      4.184     11.407     -6.515
 504  233     23.051     -0.957     11.224
 308  266     -3.811     -2.722      3.376
  -1   -2      0.026      1.409     10.974
 155  326     23.623      4.755      7.595
  -1   -2     -5.298     12.145      8.972
1001  948    -11.719      1.410      8.737
 426   79    -16.736     -1.280      3.996
  -1   -2     16.600      9.117     -0.201
  -1  748     10.888      0.468      2.227
  -1  495     11.322      9.512      3.455
 817 1256      3.500      2.220      7.751
  89 1079     24.829     11.641      5.265
  -1   -2     21.856     10.096      5.255
 659   -2      9.676     -4.835     -7.582
 260 1231      6.468      7.687     -1.143
  53   -2      7.994      9.628      8.380
 510  933      5.090     -3.794      0.892
  -1 1156      1.708     14.334     11.474
  -1   -2      6.263      4.640      0.975
  -1   -2     -7.100      2.285      6.298
  -1  325     -7.188     -6.624     11.193
 170   -2      6.141      7.271      1.685
  -1  457     13.201     -6.735     11.059
 296   -2    -11.668      4.088     -5.235
 412  170     13.123     -7.000      6.867
 119   -2     13.614     16.144      4.325
1250   -2     -1.436      0.794     11.404
 874 1026      9.094     15.458      1.623
 336   -2     13.884     -7.422      4.594
  -1 1251     15.936     -4.672     -5.810
 642   -2      1.122     13.275     -3.438
  -1   -2     16.131     -8.616      1.824
1103  595     11.598     -7.015      7.865
  -1   -2     17.101      3.876     -0.115
 598  297      9.286     14.475     11.214
  -1   -2     13.644      5.437     -7.115
 108   -2     -0.322      1.761      3.177
 418  381     -2.900    -11.693      8.026
  -1   -2     -5.211     -6.003     -1.720
 848   -2    -13.127      0.900      9.150
  -1   -2    -13.253     -3.546     -9.169
  -1   -2     14.243     13.007     -0.303
  -1   -2     19.417     -7.553      4.054
 625 1064      5.441     13.821      6.363
 945   -2     24.203      1.947      7.959
  -1   -2    -19.428      0.328     10.240
 265 1234     -4.853      6.304      9.346
  -1   -2    -17.172      2.934     -3.655
  -1   -2      8.395     -0.036     -3.685
  -1  104     16.615     11.672      9.933
  -1   -2     -4.973     -1.991      2.914
 381  409    -14.646     -7.879      5.472
 212  562     17.161     13.521      0.569
  -1   -2     -5.724     -4.626     11.978
  -1  132    -12.000     -1.635      9.158
  -1   -2     24.615      1.449      0.885
 309  651     20.395     10.621      1.476
1240   -2     16.886      1.733      4.748
 827   -2     25.497     -5.956      9.105
1110   15      5.249     -7.850     12.196
 382  194    -14.454     -0.067      8.726
 651   -2     20.443     11.305      8.364
 478  148      2.090     16.050      7.342
  -1 1004     22.680     -1.021      7.921
 668   -2      3.030     -3.355      9.327
  -1  205    -16.370      4.907     -7.337
 410  404     -2.446      9.942      3.239
 400  804    -12.431      8.959      1.385
 377  243     -1.201      3.985      7.790
 650  427     20.454     15.693      5.516
  -1   -2     21.697      9.623     -5.499
 506  593     14.583     13.703      9.896
  -1  309     -5.224     15.828      7.266
  27   -2      3.715      9.381     10.582
1165  281     14.856     -4.487      9.829
 639  367     -4.844     -2.167      8.075
 393 1239     -4.226      8.373      4.840
  -1  572     -3.447     -9.497      0.578
 631   -2    -17.869     -5.521      5.718
 450   -2    -16.496     12.046     11.216
1146   -2      7.487     -8.939      4.149
 636  274     22.952      1.699     -1.741
 882  860     17.814     16.683      5.007
 292  377    -17.417     -4.210     11.975
 720  224     13.925     -3.781      0.797
  -1  789    -11.793     12.222     11.474
  -1  455     -5.723     14.441      5.252
1232   48     -3.600      4.473     -2.108
  -1   -2     14.532     10.318    -10.358
  -1  570      2.073     -0.793      7.442
1028  453     21.300     10.066      9.162
 662   -2     -7.537     -3.853     -6.273
 178  216    -17.441      3.498     11.904
  -1   85     16.577      8.971      9.884
 678   -2     -4.203      8.020     -2.977
 355   -2     25.709      3.372      7.461
  -1   -2     -0.044      9.252      5.867
  -1  549     17.748      2.684      4.326
  -1   -2     13.213      7.628      3.695
  49   -2     19.758      3.818     -2.635
  -1  146      3.560      1.775      9.811
  -1   -2      7.455     14.317      4.699
1195   -2     18.867     18.104     10.845
 974   -2      3.467      5.982     10.532
 527  566     25.888      1.780      6.166
  -1  430     12.262     11.994      8.709
 922   -2     16.769     12.917      4.787
 917   -2    -14.303     -1.375     10.843
  -1  301      5.454     -5.991      4.183
 314  342    -10.483     -2.280    -12.332
 534  670     -3.897    -12.347     -1.262
  -1   -2     -9.131     -5.500      3.110
 288  144    -19.875    -10.047     12.201
  -1   -2    -12.488      8.186    -10.501
 935  600    -19.357     -3.574      6.201
 688  983      5.136    -11.005      2.642
  -1   -2     -3.328     14.728      1.114
 409   -2    -12.571     -0.054      1.444
  -1   -2    -19.975     -1.734      7.341
 765   -2    -21.042      0.435     11.906
  -1   -2    -12.132      1.996     -9.386
  -1   -2      9.018      5.595      9.462
 315  310     12.514      6.525      9.015
 416 1022     -5.804      5.151     -4.083
 442   -2     -7.481    -10.074     10.128
 939   -2     -4.748      7.744      9.610
  -1  661    -10.904     -2.994      0.042
 774   -2     -2.784      1.396      8.276
 833   -2     17.014    -16.346      9.723
  -1   -2      6.502     10.628     -4.237
  -1   -2      3.899     -1.785     11.994
 431  691     10.742     -3.990      7.605
 262  143     20.933     10.461      4.944
  -1  304      1.598     13.346      8.902
  -1   -2      4.985      9.265      7.093
1003   -2    -16.560     -2.939      3.625
 456   -2     22.444      3.449      8.960
  -1  617     20.198     -6.499     -1.724
  -1   -2     11.805     -9.326      5.467
  -1  208      7.838      4.851      8.625
  79   -2     -1.990      3.136      2.870
  -1   -2     21.672      6.341      4.690
 166 1053      2.240      9.179     11.247
 950  454     -2.113     11.816     -4.325
  -1  949    -13.491     -5.248      1.058
 225  313     17.947     -2.010     10.460
  -1   -2      2.212     -3.227     10.703
  -1  292     14.409    -11.909     -8.195
  -1  560     11.886     14.564      5.533
 881   -2      2.043     -1.982     -0.442
  -1   -2     -4.574      6.495      4.876
 632   -2    -12.815      9.024     -0.591
 762   -2     16.376     -6.616      8.435
  -1   -2     -7.721     15.612     10.463
 417  843     -6.419     -4.874     12.649
1055   -2      9.918     13.254      9.628
 337   -2     20.145      6.166     -1.830
  -1   -2     12.292      5.588      1.853
  -1   -2    -13.344     -2.991     -0.827
 130  283     21.427     -1.271     10.685
 617  299     10.713     -7.065     -9.227
  -1   -2      8.841     10.942      7.774
  -1  682     -5.303     -5.551     11.919
  -1  855     25.828      1.053      6.623
 298  399    -14.207      7.305     -6.278
 949  528     -2.000     10.436      9.652
  -1  513     11.506     14.372     10.092
 347  553    -10.125     -0.094      7.678
  -1   -2    -17.967     -7.307     12.023
  -1   -2     11.249     -5.549      6.199
  70  395      7.891      8.003     -2.151
 129   89    -16.410      7.879      2.042
  -1  291      2.005     10.885     -2.978
  -1   55    -18.200     -1.361     12.152
 349   -2     18.768      6.294     -6.175
  -1  468     11.852     -2.330     -5.887
 773   -2     -8.116     -5.039      9.656
  -1   -2     -7.932      7.143      1.334
 420  249     -1.015     11.892     11.829
  85 1225      6.018      5.839      4.552
 460  657     18.703     14.158      7.680
 370   -2    -17.088      4.725     -4.560
  -1  245     18.047     15.874      2.944
 821   -2    -10.506      5.147      4.069
  -1  353     17.138      4.991      9.266
  -1  786     14.446     18.533     10.305
  -1  809     -2.902     11.507     10.117
 653   -2    -11.439     14.035      7.616
  -1  125    -17.331      0.672      0.326
 900  296    -15.583     14.199      7.639
 387  439    -19.531     -2.403     11.140
 272  153      5.683      1.688     -0.494
1079  639     -6.636     -1.658      7.350
  -1   -2      7.245      9.830     -0.751
  -1   -2      1.796     11.456      2.054
  -1   -2     -2.309      5.013     -8.892
 861   -2     -9.600     -3.020     11.287
 670 1249     25.889      1.646      7.922
 335  502     14.465     15.934      4.740
  -1   -2      7.467      5.184     -4.629
  -1  705      1.161     -5.488      8.674
  13  417      2.101     11.750      9.419
  -1   -2     -2.185     -6.176      4.099
1153   -2     18.014     -4.808      1.024
 446 1243     -7.361    -11.447      5.613
  -1   -2     14.566      3.837     -8.845
 731  638     12.759     -0.952      6.598
  -1   -2    -14.168     -0.907    -12.172
 466   -2     -4.218    -11.308     -3.628
 321  465    -12.696     -6.700      5.944
  -1   -2     17.131     -3.039      0.384
 906   -2     24.270      7.705      2.631
1244 1100     13.750     -5.413      4.323
1035   -2      7.237     -5.738      1.300
 764 1252     16.667      8.242     11.150
 666   -2     22.256      4.276      8.816
  -1   -2     21.664      0.532     12.142
 832   -2     25.577      9.615      7.044
  59   -2      4.563      1.398     11.743
 445  531     -3.584     16.530      6.158
  -1   -2     -4.561     10.432     -5.600
 136   -2      3.676      0.988      0.987
  -1 1276     -0.474      2.532     10.472
  -1 1044    -19.179     12.186      8.869
 842  834      4.788      6.123      6.750
1226   -2     13.082    -13.655     -1.517
1124   -2      5.501     -8.657      0.876
  -1   -2      7.520     -2.686     10.407
 107   -2     -0.103     12.967     10.896
1030   -2    -10.989    -11.128      0.676
 780   18    -12.307     10.912      0.930
 584  506     16.529    -10.126     -5.984
  -1  446     19.527     -2.396     -3.874
  -1  331     19.114     -1.364     11.230
 524  969     22.535      7.391     10.344
  -1   -2      3.513     12.192     -8.845
 526  614     26.111     10.044     11.885
1101   -2     11.388     -6.214      5.302
  -1   -2     11.002      8.518     -5.510
1087  942     22.411     11.018      4.864
  -1   -2      3.949     -1.237     -2.714
  -1   22     21.790      5.317      4.724
  -1   -2     -8.561     -0.410      6.329
  -1   -2     -8.067    -10.925     10.514
  -1   -2      1.518     17.628     11.887
  -1   -2     -7.388     11.447     -2.851
 462  892     -3.377      2.818     -1.908
 473  493     -2.303     -7.848      6.532
 167  508     22.039      8.035      6.027
  57  302     20.288     14.840      4.641
  -1  251     13.979      3.724     -2.041
 722   -2    -15.498     -0.453     10.209
  -1  575    -10.594     -6.376     12.432
1151   -2     -9.606     10.665     12.393
  26   -2    -11.437     11.464      7.243
1130 1029      8.589     -5.451      3.966
  -1 1179      0.055      3.213      6.978
  -1  623     19.268     -1.150     -0.700
  -1  738      5.794     14.949      2.486
  -1   -2      9.891     -0.869      6.977
 475   -2     21.454     14.612      0.441
  -1   -2    -15.706      8.834     11.995
 254   -2     19.197      4.308    -10.390
  -1  963     -9.304     13.859     11.287
  -1 1089      0.600     -5.352     11.357
 991  811      7.486      0.296      4.947
  -1  754     21.611    -11.616      6.444
 870  492     18.347      4.668      7.689
 711  637     20.006    -11.422      5.989
  -1   -2      9.827     14.134     -5.050
 734  272     22.536     -0.810      3.589
 550   -2    -18.611     -1.848      7.486
  -1  127     26.637      6.386     11.888
  -1  298    -16.286      2.231     -7.325
 465  770     -6.176     12.372     10.576
  -1   -2     12.620     -2.115    -10.458
 829   -2      0.098     10.111      2.580
  -1   -2     -0.086      8.974     -9.130
 293  186    -12.376      3.535      3.959
 199   -2     -9.596     -0.258      5.507
 339   -2     -3.734     -8.456      8.901
  -1  413     12.590      2.670     10.319
 515  519     21.516     15.077     11.913
 163   77    -13.902      8.221      8.581
 404   -2      6.538      5.064     10.006
  -1  749      8.408    -14.296     -4.942
 471   -2     18.015      9.738     -6.424
 916   -2     26.549      2.790     10.999
 545 1247    -13.490     -7.154     -1.488
  -1  321      4.278     13.792      8.772
  -1 1025     20.509     -0.463     11.813
  -1   -2     -4.970     -5.456     -6.538
  -1   -2     11.412     16.119      5.603
  -1  717     18.155     12.473      5.256
  -1  164     -4.328     16.808      7.448
  -1  448      0.972    -10.816      8.941
 543   65     -7.483     -2.094      4.043
 168  429     24.108      0.967      8.937
  -1  518     21.969     -9.396      8.869
 484   -2     -9.165      9.226     -9.929
  58  180      0.242      8.080     -2.894
  -1   -2      4.624    -10.789     -6.029
 204   -2     13.793     16.655      7.737
1243  236     -0.762     -2.484      7.950
1092   -2    -15.721    -10.692      9.122
  -1   -2     13.441      1.268     -5.748
  -1  192     15.768     -9.037      1.765
  -1   -2     20.589     -4.088     -1.791
 245  126      7.409      0.957      1.355
  -1  611     24.797     -5.854     11.392
1126   -2     -7.386    -11.825      2.540
 813 1013     19.403      7.791      7.681
 771  584     17.570      9.774      9.233
 507  846    -13.015     -2.173      6.145
 750  463    -12.901    -10.832      9.376
  -1  736     19.443      5.806    -10.401
 497  555     22.056     -6.524      6.930
1257    6    -12.498      9.361      8.618
 824   -2      0.151    -18.002      9.419
 612   -2     -3.767     13.490      7.374
  -1   -2     -3.572     -8.188      5.637
 730  565     -0.227    -10.633      1.443
1181 1071     22.365     14.844      7.579
  -1   -2     -9.899      7.407      2.206
 162   83     12.801     11.441     11.176
 700  436     21.978     -1.498      0.014
  -1   -2     -9.296     -2.798      2.361
  -1  340     -0.010     -1.341     11.127
 757  613     21.290    -11.013      3.844
1025  759    -14.260     -7.598     -9.055
 849  920    -13.706     16.181      8.338
  12   -2      2.507      3.091     -7.906
1083  512     22.593     10.677     10.213
 998  652    -11.869     -7.900     12.074
  -1 1055     -8.614     -6.564      7.004
 493   -2     23.016      5.672     11.504
1047  578      8.657     -1.082      1.741
  -1   -2     15.220      5.945      4.414
  -1  232      1.102     -5.728     -3.428
  45   -2      8.837     11.474     11.887
 202  589     10.240     12.511      9.155
1145  854     15.335     13.093      4.788
 673  667     19.318    -12.515      3.013
 899   -2      7.524     -9.820     -0.029
  -1   -2    -16.392      4.860     -5.226
  -1   -2      3.582     -1.878      8.241
 180  666     17.103     -9.704      2.529
  -1   -2     16.686      7.099      2.067
  -1   -2     15.760    -13.696     -0.508
 655 1086     16.361      6.644      7.892
  -1   -2     18.110     13.108     -6.156
  -1   -2     -1.766     10.805    -12.290
  -1  702      8.737     -5.725      6.539
 983  739      0.996     17.585      8.907
 769  374    -11.375     12.615     -0.310
 746 1084     18.325     -7.615      9.423
  -1   -2     25.404      4.140      4.216
  -1   -2     17.836     -3.862     11.445
  -1   -2      8.420      7.263      6.899
 401  364     16.961     15.225      1.287
 123   -2     10.967      6.510      9.562
 454   -2     -7.719     -6.355     10.893
  -1  106     18.019      4.594      3.706
  -1   -2     -3.645     -0.259      8.147
 519  728     12.667    -10.202      6.878
  -1  898     23.410     -0.592      4.912
1251  317      5.531     -0.782     11.231
  -1   -2     -8.177      7.073    -11.606
  -1   91     11.205     -1.295      1.197
 630   -2     23.385      5.369     -0.503
 191   -2    -11.671      1.976     11.217
 122  756     -2.764     -5.186     11.541
 978   -2     18.910    -17.818     10.564
1138  828      4.726     10.317     11.725
 702  615    -11.612      0.688     -4.093
 175   -2      1.887     11.879     -7.612
 599 1098      3.406     -6.812     -0.652
 807   -2     12.966     -8.171     -5.844
  -1  316      5.082     -1.099      5.538
 819 1230     10.384     -1.764     10.419
 371   -2     -0.002      0.538     10.153
  -1  451     -3.083     -5.328      3.444
  24  346      5.301     -0.814     -1.586
 657  263      6.634     13.855     -5.149
  -1   -2     15.521     -3.288     10.786
  -1   -2    -16.913     -9.647      4.334
  -1   -2    -17.361     12.927     10.123
 601   -2      9.713     13.964      1.504
 415   -2      3.857     14.133      5.401
 285 1082     19.150     15.669      7.163
  -1  561     20.574    -12.064     -4.152
  -1   -2     12.232    -12.938      1.179
  -1  433     22.162      2.262      1.505
  -1   -2     12.309      6.641    -11.890
  -1  290     14.491      7.610     -6.427
 345  762     17.497     -7.218      4.376
  -1  696     17.163     -1.703     11.216
 768  371     26.183     13.576      7.789
  -1  676     16.512     12.373     11.027
  -1  339    -11.866    -10.065     10.115
 831   -2    -15.806      6.166      2.532
  -1   -2      3.400     -5.904     10.335
 710  467     15.454     17.564     10.654
 397   -2     26.310     -0.125      8.544
 697  609      1.559     -6.289     -0.260
 531  626     18.876    -13.480      5.393
 528 1088      0.821     -7.728      8.786
  -1   -2    -10.895    -11.173     -2.393
 127  821     21.701      8.674     -2.987
 578  279     17.961      9.071     12.190
 261  311     15.903      2.062      6.302
 830   -2     -0.613     15.110      1.079
 782  711     -6.984     13.342      5.209
  43   -2      2.002      0.679      9.031
 647  138     22.269     11.719     12.363
 330  856     -9.266      1.670     11.997
  -1   -2      2.537     -8.899      0.005
  -1  987      1.611     -2.521      9.430
  -1   -2     -7.956     -0.155      4.698
 745   39     25.431     -0.119      8.325
  -1  498    -19.248     -6.039      8.741
 251   -2     24.251     12.604      9.358
  -1   -2      2.685     -7.628      8.236
 244   -2     17.237     -4.497      1.990
  -1  227     26.077     -1.941      3.707
  -1  107     21.561     -4.353      6.756
  -1   -2     16.925     -6.399     11.019
 539  735     10.460    -11.399     -6.630
 818  352     -7.387     14.755      6.874
 380   -2     -5.894     16.572      8.249
 613    4      2.854     12.348      2.484
 193   -2     21.049     13.561      1.812
  -1   -2     16.215     -4.503      1.014
  -1   -2     27.547      4.254     10.915
 451   -2     11.750     -7.560      5.791
 354   -2     21.353     -2.081     11.839
  -1  656     17.032    -15.250     -0.568
 593  380      5.931     -5.417      4.347
  -1   -2     -1.617     -8.988     12.058
  -1  866     21.022      3.311      0.948
  -1   -2      8.050      4.623      0.598
 995  444      8.274    -10.253      5.240
  -1  832    -16.512    -11.969     10.053
 595   -2     21.549      6.377      6.581
1105   -2     16.927     17.937      9.602
 646  424     18.317     15.062      8.136
 654   -2     -0.312     -3.677     11.395
  -1  500      5.746     -8.974      7.299
  -1 1011    -10.299    -10.092      8.399
 277   -2     21.269     15.471      8.471
  -1  603      1.564     13.772      5.108
1136 1151      0.942     15.412      4.885
  -1   -2      3.330     14.353     -1.435
 733  970    -11.334    -15.810      8.733
1012   -2      7.751      7.717     11.921
 556   -2     21.814    -14.259      9.613
1054  471      7.241    -13.667      9.090
 561   -2     -6.659    -12.127     10.416
  -1   23     20.852     -5.080     -9.642
 333  610     20.891     13.200      6.140
  -1 1215     16.561      1.332     12.237
  -1   -2     -0.345      6.035    -10.602
  -1 1257    -17.134     -4.873      9.384
  61   -2     12.028     -0.361      8.834
 390   -2     17.070      3.380      9.605
  -1   69      5.962      4.287      3.631
 590   -2      0.506    -12.181      5.294
 676  645    -14.480     -7.427     -6.544
 436  322     14.682      6.106     -2.255
  -1  876     -0.556    -16.361      3.081
  -1   -2     11.635     -9.007      9.342
  -1   -2     15.284     -7.955     -8.055
 972  865     -1.329      3.840     -5.066
  -1   -2     24.795     -3.409      3.315
  -1  833      2.816    -11.094      5.400
  -1  648      3.951      9.028     11.768
  -1   -2      5.323     -3.709     -4.605
  -1   -2     16.903      0.633      0.450
  -1  432      5.387    -11.619     -0.253
 116   -2     13.305      9.020     -4.752
  -1  726     18.498    -12.389     11.117
  -1  787    -13.070     -3.157      5.148
 328  270      0.692     -6.880      0.707
 717  147     -7.789     -5.287     -1.504
1085 1264     19.822     -5.078      3.300
  -1   -2     11.142      1.829     10.418
  -1   -2      8.683     -0.107      4.162
1230  501     22.423     16.322      2.419
 738 1134    -14.841     -8.349     -6.144
 640   -2     -4.420    -14.080      1.874
 723   -2     -8.684     -8.195     10.480
 664 1163     15.619    -14.560     -0.258
  -1 1117     13.543     -4.789     10.074
 351  697     -0.000     -3.889      7.080
 109  680     16.295      2.234      0.520
 570  423      7.095     -8.436      9.177
 117   -2    -13.060     -3.275     -6.315
 467   -2     18.013      6.818      9.746
  -1 1149     16.998     -0.267      9.828
 901   -2     26.723      9.742     11.695
  -1   -2      8.520     -7.634     -8.089
1197   -2     25.313     15.359     11.856
1266   -2     13.967     15.913      7.762
  -1  962    -10.241    -12.659      7.852
 799   -2    -10.847     12.184      8.465
  -1   -2      5.136     -1.622      1.326
 516  234    -10.103      6.179      2.891
1068 1154      8.077    -17.347      5.396
  -1   -2     22.550     -4.312     -0.782
  -1 1173     19.038     18.747      9.724
 705   -2     21.998     13.009      6.703
 993  694     -4.022     -7.363      9.767
 278   -2      1.239      3.430      7.907
  -1  154     18.280     11.750     -2.522
  -1   -2     11.190     -8.615     11.530
  -1 1126     -9.588    -10.775      8.133
 729   -2      6.050    -13.831      0.941
 268  679     -3.597      5.759      3.557
 557 1178     16.067     -5.957      8.282
1123   -2      0.947     -6.183     -6.565
 952   -2     -3.461      3.701      0.017
  -1 1075    -16.116      6.388     11.561
  10  919    -10.395      7.870      6.992
 663  944     26.306     -7.686     10.996
 778    3     -9.949      2.360      6.975
 951   -2    -21.167     -3.279      9.500
  84   -2    -16.978     -0.801     -3.110
  -1   -2    -13.990     11.490     10.143
  -1  830      7.800     14.469      7.855
  -1  102    -18.137      4.251     12.420
  -1   -2     -5.056    -16.222      3.245
 256  678     -1.150      1.203      7.353
 485  858     -5.847     14.966      7.384
  -1  928     -2.802      1.491      2.688
1065  456     11.996     16.252      8.740
  -1  700    -19.729     -0.372      7.446
  35   -2     -7.542     12.247      1.699
  -1  460    -15.756     -4.110    -10.682
  -1   -2     -3.853    -10.159     -9.223
 196  674    -19.756      0.977     11.860
  -1   -2     -3.182      3.621      1.260
  -1   -2     -0.485      7.326     12.239
 791  791     -3.444     11.465      8.456
 201  253      6.256      2.262      9.997
  -1   -2    -11.167     16.592     11.843
  -1 1241    -16.565     -2.148      4.607
  -1   -2      2.851    -13.457      0.515
 619   -2     12.392     16.495     12.078
  -1  171    -11.651     15.384      7.073
 325   -2      9.535     10.139     12.838
  -1   -2      0.160      7.585      4.249
  -1   -2    -16.138     12.691     -4.019
 156   -2     -2.823     11.811     11.331
1026  275    -17.923      5.175      9.930
 546  368      6.222     -4.818      7.005
  -1 1087     22.245     -7.235      4.778
  -1   -2     -1.062     13.966      8.466
  -1   -2    -16.441     12.341      8.803
 775  813    -19.851      2.887     10.732
  -1  900     -8.066    -10.351     -3.850
  -1   -2     15.756      3.779      8.851
  -1   -2    -16.649      2.621     11.467
  -1  173     -3.992     -4.484     11.659
  -1  588     -2.203     20.131     11.448
  78  683    -16.011      1.658     10.191
  -1   -2     16.613     -6.711     -1.062
  -1   -2     14.492      9.247      2.880
  -1  915    -13.339     -9.481     12.856
  -1   -2    -16.188      9.965     -6.224
  93  280     -7.611      6.055     -0.173
 492  688    -16.625    -12.053      2.275
  -1   -2      2.509      4.928      0.718
1006 1209     15.040    -18.713     10.667
  -1   -2     -4.237     11.493     11.358
 568   -2     -0.260     -1.587      7.948
1075   -2    -10.690     14.732     11.645
 343  548     20.735    -16.228      8.369
 685   -2      9.301     -3.515      9.912
  -1   -2     14.336     -1.648    -12.902
 174  259      8.464     14.440     10.970
  -1  550      6.536      7.024      9.000
  -1  708     20.561      8.228      2.970
 263   -2     -2.863      1.480      9.724
1100   -2    -17.786      8.951     11.949
 267   -2     16.270     12.661     -4.734
  -1  401    -20.562     -7.027      8.494
 956   -2    -19.973      9.584     11.253
  -1  713     25.154      5.286     -0.737
  -1  314     24.920      3.946     11.007
  -1   -2      3.179      6.816      3.837
1049  621      0.704     -1.159     -7.785
 583 1040     22.033     -8.997     11.508
 312   82     26.345      4.069     12.349
  -1   -2     -5.206      2.368     -7.902
  -1  851    -19.690     -0.268      6.333
 419  344    -18.396     11.765      9.235
  -1   -2    -13.069     -3.264      8.063
  -1   -2    -14.258     13.047     -6.140
1066   -2     -5.528     -9.742     11.674
  -1  210      0.713      7.570     11.581
  -1   -2     18.056     -1.467     -1.826
 784 1254     -9.382      4.035      9.126
  -1  819     -3.482    -17.401      9.990
  -1  989    -17.274     14.589     11.367
  -1  797    -20.675      1.296     11.076
 501  930      2.988     18.423     10.323
 895  802    -18.584      8.026     10.813
  -1   -2    -13.383     -2.730      2.267
  -1   -2    -15.832      8.124    -10.234
1116  850     26.030     -9.743      1.818
 153  514    -14.391      5.259     -4.107
 713   -2     17.782    -10.036     10.635
  -1   -2     14.163      2.714     11.172
 897  952      2.060     17.369      3.542
 883   -2     -5.598     -9.253      3.869
 383   -2      5.046     12.451     10.322
 867  201     25.304     12.196     10.944
 474   -2     -1.518      2.948     -8.129
 996  955     -6.121    -13.990      9.385
  -1   -2     20.665      5.312      6.297
1057   -2    -15.272    -19.277     10.236
1099   -2     27.209      8.251      5.565
  -1  116    -12.235     -7.216     12.566
  -1   -2     -5.907      1.169      5.659
  -1  473     27.544     -3.064      7.255
 643  214      9.312     -9.359     -1.249
1104  141     -7.638     11.347      4.083
 871  718    -17.322     -6.399      6.595
1247   -2     -8.680      3.345      8.132
  -1  714     11.526      3.969      4.373
  -1   -2     18.889     16.004      5.599
  -1  973     20.470    -17.563      6.792
  -1   -2    -20.068     -4.925      3.778
 135  849    -12.409     16.370     11.150
  -1  303     -0.708      5.488     -4.048
 367 1052    -12.505     -7.307     -5.702
 408  231     -7.210     -4.528      5.799
 332 1237     -5.633     13.529      9.895
  -1   -2      1.972     13.441     12.631
 331  605      7.095     15.186      6.849
  -1  805     26.674     -6.793      7.218
  -1   16     -4.114     -0.409    -11.044
  -1 1023      4.371      7.611     12.365
 835  837    -18.398      6.530      9.353
  -1   -2      6.537     11.960      9.886
  -1   -2    -18.458     13.737      0.367
  23  294    -11.006     -2.462     10.200
 356   -2     21.272     -4.897      2.354
1013 1263    -12.928      2.607     10.149
 748   -2     16.410     13.759     11.241
  -1   -2     18.056     -2.585     10.063
 581  481     -6.577    -10.544     10.644
 894   -2     16.403     -2.633     11.557
  -1  365      2.363     20.327     11.620
  -1   -2      2.476      8.474     10.255
  -1 1124     29.317    -12.284      9.833
  -1  135    -12.741     16.299     12.521
 747  527    -17.132      8.698     -1.467
 891  957    -16.680     13.675      9.265
 810   -2     18.089    -13.514      8.899
1021  669      0.967    -11.076      1.323
  -1  839     -3.985     -6.673      4.579
 221   -2      0.012     -1.388      3.206
  -1   -2     16.902     10.472      6.013
  -1   -2     16.638      1.574     -4.549
  -1   95     21.260      3.461      8.919
  -1   -2    -13.430     10.365     -8.816
1119   -2    -17.797    -15.747      4.150
 270   -2     17.875      4.645      8.232
 715   10     -1.996     14.403     11.945
  -1  815    -16.277     -7.647     12.371
 967   98     12.533     11.472      8.701
 542  768      6.580     -1.242     -8.534
  -1  734      2.839    -12.494      8.627
  -1 1172     21.717     -6.184     11.409
  95  223    -12.846     12.464     10.699
 856  852     -3.791     17.597     12.088
  -1  414     -1.794     14.277      9.340
  -1 1104    -13.731     14.159     12.003
  -1  814    -13.447      9.199      1.314
  -1  412    -14.130      2.837     12.225
  -1   -2    -11.662     -4.510     12.491
  -1  775      3.508     -1.710      9.585
1090   -2     18.329      2.673      0.737
  -1   -2    -14.247      9.363     -7.965
 777  327     15.154     -9.432      9.172
  -1  289    -19.609      7.805     12.255
1163   -2     25.257     -1.786      8.274
  -1   -2     -6.526      2.786      8.909
  -1   -2     10.535      3.894    -11.761
  -1 1054     -2.659     17.269      3.070
  -1   -2     15.875     12.040    -11.746
 756  333    -12.904     11.561     10.091
 992 1262     11.811    -18.289      6.474
1042   -2     18.848      1.722     10.903
  -1 1168     26.320      6.899      5.378
  -1   -2      7.487    -14.705      0.863
 857  551     15.525      3.825     10.577
  -1  285     17.244      5.486      0.309
  -1   -2     -2.182    -10.079    -11.159
 919   67     12.124      3.469      9.922
1173  996      9.533    -18.854      7.587
  -1  182     11.866     -7.534     11.046
 834 1125    -11.092     19.080     11.540
  -1   -2      8.645      1.403     -3.553
 169   -2    -17.318     10.384     11.187
1084  844     13.883     -2.914     12.303
1129  546     -8.368     18.845     11.449
 980  945     23.386      9.068      5.065
  -1 1047     24.303     16.626      4.124
  -1   -2     18.821      0.490     11.384
 814 1123     27.542     -4.169      9.271
 739   -2    -13.337    -12.679     -0.673
  -1  861    -14.180     12.138     -3.508
  -1   -2      7.091     -5.084     12.613
  80   -2      4.499      5.351     -3.695
  -1   -2    -17.511     14.730      5.484
  -1   -2     28.209      5.460     11.335
 490  462      1.523      8.869      4.368
 752   -2      5.956    -11.199      9.026
 614  598    -17.140     10.931      3.856
  -1  818     15.326     18.990     11.355
  -1   -2     18.747     11.340     10.126
 112   -2    -20.274     -5.500     12.354
  -1  567     24.412     13.182     -0.386
  -1   -2     -5.274      8.303     -0.280
 559  166     -5.702      3.152      4.822
 422   -2      7.594     11.190     12.798
1148  601     17.947     -9.877      8.600
 905   -2      0.573     11.671      9.727
  -1  780     24.453    -15.941      7.129
  -1   -2    -15.246      9.793     11.082
 468  486     16.589      6.607      9.183
  -1   -2     15.599     -5.773     12.143
  -1 1146      2.053     -8.188     -1.872
  -1 1076     26.525     11.712     10.281
  -1   -2     10.780    -15.768      1.308
 927   -2     16.242    -13.548      5.180
  -1  356     23.171     15.721     11.594
1046   -2     18.382     16.325      8.181
  -1   -2    -11.044    -14.435      1.280
  -1   -2      4.450    -16.446      8.054
 779  594     -7.002    -11.771     -0.719
  -1   -2     15.581      6.326     -6.859
1023   -2    -19.496     -8.688      7.109
  -1  665     22.860      8.978     -2.557
  -1  934    -17.656     11.974     11.946
 525   -2     19.202     10.703     10.274
  -1   -2     16.490     -4.647     -8.612
  -1  250     -9.130     -6.706     -3.056
1125  619      6.617    -12.171     12.020
  -1   -2    -15.757    -10.508      6.823
  -1   -2      0.494    -14.237     10.423
 249   -2      3.181    -10.046      3.511
  -1  923     -6.523     12.430     11.961
1056   -2      5.288     14.177      7.415
 118  675     13.413      2.857      7.741
 455  644     11.671     18.255     12.035
  -1  541      9.547     10.778      4.614
1182   -2     -6.445    -19.813     12.004
 179   -2     23.903     -7.366     -1.348
  -1   -2     -2.761     -2.292      8.149
  -1   -2     19.239      7.290      4.174
 379   -2     -4.649     16.850      2.475
 341 1292     -4.441      9.464     -5.949
  -1   -2     14.093     14.541     11.467
  -1  792    -15.945    -13.032      8.838
  -1   -2     -3.966     -1.685     10.804
  -1  766     14.955     13.290     11.849
  -1  655      7.631      0.251     12.215
 957  907     -1.301     17.471      5.689
  -1   -2     11.673     13.371     12.287
1107   -2    -16.136     13.706     11.934
 961   -2     -9.581      7.299     -3.523
  -1   -2     11.055     15.504     10.320
 360   -2     -6.102     -9.953     -4.640
1248 1275    -12.118     -0.850     10.277
 920   17     23.803     -3.328     12.567
 820  894    -14.057      9.526      8.636
  -1   -2    -10.944      3.341      9.519
 496  630    -12.373    -11.969      9.286
  -1   -2     -0.297     14.933     -1.786
  -1  320     20.304     -4.127      9.213
  -1 1016     25.294     -7.260     10.932
  -1  158     -8.579     -5.737      7.080
  -1  946     29.100     10.596      9.980
 876   -2    -13.612      4.711      3.668
 758  293    -19.301     -6.862     11.055
  -1  580     21.226      6.442     10.311
 840  660     24.742      0.618     12.645
  -1   -2     12.157      3.977      1.605
  -1  760     -6.231     11.370     10.413
1020   20      3.298      4.411      8.615
  -1   -2      5.572      3.362      1.154
  -1  176     -0.634      0.357     11.422
1051  776     -3.865    -12.174      3.327
  -1   -2      3.810     -1.129      8.153
  -1 1012     -0.227    -15.813     -2.695
  -1  345      2.499     -3.096      8.770
  -1   -2      7.194      5.114     10.807
 904   -2    -14.736    -17.492      0.007
  -1  213     15.262      2.057     -7.555
 677   -2     -8.835     14.126      6.729
 800  932     27.812      6.863      8.186
  -1   -2    -11.950     11.851      5.184
 866  795    -13.362     -5.592     11.038
  90   -2     -4.500     -0.939      5.768
 973 1165    -12.033    -18.537      6.294
  -1 1042    -12.006     -8.429      0.731
  -1   -2    -10.963     -3.407      0.739
  -1   -2    -17.712      6.530     12.030
 437  978     -7.343    -14.247     -0.189
  -1   -2    -16.431     17.506      3.606
  -1   -2      7.084    -14.566     -3.672
  -1  616     22.492     18.737     10.708
 459 1103     19.511     -1.033     11.245
  -1   -2     26.402    -13.188      1.995
  -1  577     15.227     -7.647     -3.350
  -1  355     18.791      4.117     12.169
  -1  496     12.122     -4.972      8.237
  -1 1155     17.606     -8.033      7.042
 564  408     -0.446     17.252     11.965
  -1 1114     -4.568    -15.148      9.625
  -1   -2     -4.419      2.757     -3.817
  -1   -2     26.868     12.127      5.631
  -1   -2    -15.955    -11.479      4.080
  -1  618     25.713     -3.449      5.005
  -1   -2     13.412    -10.074     -6.045
  -1   -2     13.086     17.458      7.794
  -1   -2      0.333    -13.125     -7.027
1194   -2     24.632    -14.750      9.041
  -1  782     27.492      2.746     12.325
1114   -2     24.569     14.606     10.959
  -1   -2     16.890     12.587     -7.574
  -1   87     -0.819      5.234      6.898
  -1   -2      8.821     12.131      4.178
  -1  909    -11.227     16.141      9.175
  -1 1113    -10.043     15.878     11.761
  -1  475    -21.411     -5.110     12.117
 483  318     26.621     -3.206      9.353
  -1  335      0.351     18.734     12.081
 721  341      5.059     -0.841      7.917
1050   46     11.620     -2.012      8.604
 104  163      8.129     -1.159     -1.569
  -1  715      1.917    -17.798     10.394
 154   -2     21.948      2.246      6.597
  -1   -2     24.434     12.048     -3.879
 186 1083      7.702     -3.602      9.923
  -1  741     16.980    -16.484      5.304
 357  539     15.196     16.603      7.047
 536   -2     -1.371     -5.772      8.052
 458   -2    -19.557     -9.136     11.344
  -1   -2     -9.341    -15.487     10.274
1059  359      0.601     15.932     11.176
  -1  276     -3.054     -4.534      9.212
  -1   -2    -15.745     -2.803     11.421
  -1   -2     -4.777      6.417      8.539
 389  420     22.189     -3.624      6.625
 966 1065     -9.570     13.605      6.742
  -1   -2    -11.457    -19.591      6.651
 770 1141     20.814    -13.119      6.212
  -1 1066    -11.402     18.091     11.908
  -1 1119     -7.643      2.268      9.574
 823  785      4.163    -13.391      2.023
1172   -2     25.808    -16.450      9.244
  -1   -2     -3.626     -4.570     10.082
  -1   -2      9.437      6.152     -0.570
 477  230     22.820     -0.721      4.947
1060  712    -14.328    -10.984      0.693
  -1   -2      9.858     14.418     11.230
 394  330      9.654     -6.594     10.336
 491   -2     19.973     -8.522      3.666
  -1   -2    -10.114     -9.743    -12.470
 877 1030     26.796     10.243      5.882
1071  808    -16.186     20.616     11.639
 860  366     15.449     -4.054      0.687
1150  777     13.494    -18.679      9.697
  -1   -2     -0.755      9.028      9.312
1052  571     25.110    -10.612     10.962
  -1 1080      6.840    -19.315     11.641
 513 1093     17.016     -4.306     10.339
 815  599     27.355      3.587      7.662
  -1   -2     13.890    -19.912      5.374
  67  212      3.522      3.793      4.013
1156 1051    -10.208     19.559      7.202
1094   -2     25.938     -8.722      4.295
  -1   -2      2.178     -7.851     -1.153
 222  373      3.595      7.867      5.416
 656  869     24.025    -11.602     11.526
 806 1255      1.997      7.936     -5.974
  -1   -2      1.130     -1.262      6.717
 872   -2      9.396    -13.614     -4.248
1109 1091     -0.929      9.434      9.880
  -1  435     15.444     -4.225      5.404
1191   -2    -15.578    -20.126      7.506
 396  885    -17.026     -3.760     12.235
  -1   -2      9.717     15.678     -0.122
  -1  968     -0.063     14.991     11.393
  -1   -2    -17.214     -5.268     -5.919
1043   -2     17.084    -11.329     -0.800
 317   -2    -10.435     -5.671     10.133
  -1   -2     16.391     10.110      6.328
 606  891     -1.965    -11.697     -3.824
1004  893    -14.736    -17.373     10.580
  -1   -2     -0.198     18.301      7.303
 361   -2     13.178     12.840      9.691
 914   -2     23.730      7.270     -0.812
  -1  632    -17.376     -4.937     12.475
  -1  372      4.306     -3.003      0.707
1102   -2     15.825    -13.761     11.526
  -1  199      3.964      3.000      7.274
  -1  421      5.985      5.003      7.894
  -1   30     22.027     -0.603     10.517
 864   -2      8.041     16.670     12.126
  -1   -2     -3.087     -8.745      9.098
  -1  168     -8.715     -3.431     10.628
 933 1213      9.480    -18.949     11.833
1117  576      1.153     -3.680     12.305
  51   -2      9.438      2.106      6.167
  -1   -2      7.267     10.196     10.831
  -1 1127    -16.743    -10.552     10.149
 363   -2    -16.327     -5.071      7.149
  -1   -2     26.959     -4.437     11.382
1089   -2    -18.352     20.019      9.746
1062   -2     10.469    -13.305      8.002
1187 1191    -19.469    -11.448     11.370
  -1  410     -3.588     -1.373      5.116
 761  308     18.567    -16.566      9.990
1076  521    -11.623     -5.017     11.240
1113 1102     25.114     14.763      8.403
 852   -2      4.427     -7.852      8.884
  -1   -2     22.417      2.892     11.970
  -1 1081     -6.733    -16.593     11.843
  88   -2      2.055      7.211     -2.954
 735  378    -13.755    -10.902      5.248
  -1  976     18.061    -10.815     10.561
  -1   -2     27.750      9.308     10.502
 990 1222      7.693     -8.935     11.976
 684  643      0.956     -6.417     -0.737
  -1 1070     -9.396     11.940     10.896
  -1  268     -2.462     -5.824     12.161
 148 1121     19.887      6.715      7.563
 954 1057     -1.330     -8.619     -7.462
 472  631      0.042     14.532      8.244
 693  447      7.264     -4.423      5.099
  -1   -2    -15.046    -17.289      2.519
 518  149    -13.269    -10.021      9.849
  -1   -2     23.778     16.684     12.596
1167 1190     23.704    -19.339     12.612
1171  707    -16.422    -13.397     11.831
  -1 1068     24.880     23.272     10.945
  -1  929      4.887    -19.271     12.139
  -1   -2     11.031    -28.014     -6.496
  -1   -2    -11.502    -18.075     10.846
  -1   -2     21.535    -15.771      8.444
  -1   -2     -0.659    -26.601    -11.884
  -1 1185     -2.220    -17.874     11.933
  -1   -2      9.967    -26.663     -7.818
  -1   -2     17.166    -24.528     12.522
1179 1193     22.319    -22.506     10.778
  -1  871    -15.447    -16.736      0.292
  -1   -2      2.351    -30.094     -5.708
 984 1186     25.760     16.010     11.711
1205   -2     -3.739    -24.832      5.282
  -1  622     17.393    -19.274     12.798
  -1 1197     28.505    -17.257     10.193
  -1   -2     25.643    -21.629      2.158
  -1  927    -10.060    -21.585     11.773
  -1 1192    -25.078    -10.647     11.565
1183   -2    -20.587    -14.264     11.036
1200 1202    -25.469     -9.519     12.690
1184 1188    -27.108     -8.966     11.934
  -1 1021    -18.259    -16.482     11.245
1202   -2     23.736     18.888     12.451
  -1   -2      0.454     25.807      6.602
  -1   -2     12.836     30.268     -5.319
 794   -2     -8.253    -19.983      8.903
  -1 1143     14.671    -23.901     12.016
 869   -2      0.606    -16.117      6.986
  11   -2     12.895     -8.826     11.700
  -1   -2     16.007      1.913     10.475
   4   -2      1.985     -4.579    -10.826
   8 1218     -5.941      0.505      8.905
 146   -2     20.502      8.273      2.830
  -1   -2    -11.229     13.845     11.133
1208 1285     16.454      3.625     -8.089
  -1  100     24.000      2.985      1.486
1220   -2    -10.745      9.104    -11.648
  14   -2     10.884      2.442     -8.158
  -1   -2     -6.033      6.276     -7.997
  -1   71     17.612     -0.203     -2.683
 114  772     15.933     10.565      5.725
 230   -2     -4.685     -3.289     11.247
  -1   -2      3.116      1.794     -1.112
 233  161      7.105     12.757     -2.727
  -1  816    -14.857     -4.475      7.225
 413   88      0.924      1.891      7.285
  -1  159     -3.848     -0.019      4.527
 535  139     18.436     -0.340     -3.549
  -1   -2     17.659      2.039     -8.005
  -1   -2     24.208     -7.744      3.167
 375   -2    -16.670      3.295     -2.523
  -1   -2     -2.926      4.955      4.788
  -1 1242     21.520     -4.547      6.987
 563   -2      3.461     11.976      7.680
  -1  202     15.413      3.538      4.647
 110  755     15.865      4.297      2.210
 307   -2     19.998     -6.871      5.638
 297  181    -12.834     -1.026     10.879
 982  663      9.803     -7.231     10.596
 248  530     25.484      3.168      8.487
 161  221      1.261     -8.921      0.774
 364 1293    -13.267     -3.566     -8.908
 151 1039     19.497      0.785      8.224
1019   -2    -10.713      0.579     10.039
  -1   74     -4.384      8.369      5.220
  -1  241     21.704     10.142      5.411
  -1   -2     21.926     10.097      5.064
 499   -2     -0.308    -10.765      1.804
  47   -2      4.023      7.364      5.831
  -1  248    -12.208     -0.676     10.779
  -1   -2     -3.020    -11.635      8.042
 386   -2     -3.611     -2.875      0.240
  -1  781     -4.402     -8.610     11.254
1147   -2     24.168      2.079      8.203
 150   -2      8.285     15.201      6.441
  -1  806      8.740     14.227      6.748
 892 1258     11.391     -9.169     10.305
 812   -2     -2.051      5.426      5.093
 310  464    -10.048      0.650      6.465
 805  191    -12.871      0.379      5.740
 102   -2     12.674     14.809      8.685
 565   -2     -6.226     14.944      7.681
  -1  459      8.976     10.105      7.724
 271   -2      8.990     10.126      7.771
  -1  831     24.201     -6.628     -2.845
  -1   -2     -9.236      9.711     -2.580
  -1 1284     10.526    -16.259     -0.060
  -1 1136     -2.829      1.898     -0.833
  -1  487    -17.424      9.959     11.939
  -1   -2     22.569     -0.942      8.332
 624  841     -9.198     14.832      9.510
1254   -2     11.031    -28.014     -6.496
1186 1277     24.880     23.272     10.945
  69   -2    -17.950      2.176      5.807
1213   -2     -5.849      6.017     -7.420
  -1   -2    -11.229     13.845     11.133
 918  938    -14.326     10.648      6.416
  72 1282      3.116      1.794     -1.112
1256 1278     -6.131     -0.512      3.485
1215 1270     12.834      3.406      6.435
  -1   -2     19.295      1.783     -6.560
1207   -2     17.348     -4.983      6.331
  -1   -2     24.238     -7.738      3.093
  60  693     24.238     -7.738      3.093
  54   -2     15.220      6.707     -3.319
  -1 1283     -2.385     -5.525     -6.343
 301   -2     -2.333     -5.571     -6.291
  -1   -2     17.685      0.922      2.326
  -1  524     22.996     15.771      1.359
  -1   -2     22.996     15.771      1.359
 937   -2     10.500    -16.269      0.056
  -1   -2    -11.229     13.845     11.133
  -1  581     16.407      5.559      9.984
  -1   -2     21.704     10.142      5.411
  -1   -2     21.906     10.021      4.822
1259  822     -9.031      9.262      6.219
1216  300     20.373      9.450      7.034
1273 1294     19.295      1.783     -6.560
   7   -2    -11.229     13.845     11.133
1233   -2     19.876     12.714     11.402
 111   -2    -12.981     -2.005     -3.407
1280   96      2.229     -0.257     -1.689
