1359
1209   -2     -9.858      6.058      8.199
  15   19      6.791     -5.180     10.818
  -1 1150     12.163      5.148     10.420
  -1   -2    -11.227     13.842     11.109
   7  375    -10.533      7.728     10.689
   3   97     15.946      1.817     10.410
  -1    1     -1.855     -8.228      2.656
  21 1210     16.274     11.183      4.520
  -1   -2     -3.437      3.565     11.023
   8 1205     12.902     -8.857     11.754
 105    0    -12.846      6.264      8.795
  -1   -2     13.928      7.451     -4.089
 145   -2     10.754     13.526     -4.271
  -1   -2    -10.420     -2.218     11.802
  62   -2    -15.054     12.611      3.911
 278  134     18.653      8.839      1.264
  66   -2     -7.031      0.309     -1.853
  -1  570     -2.231     14.938      7.347
 902  192      0.957     10.615     10.454
  -1   -2      4.773     -6.231     12.552
  -1   -2     -1.795     -0.699      1.136
  28    4     16.337      3.781     -8.089
  -1   -2     16.367      0.388      5.568
  -1   15      7.357     -7.614      5.281
  -1   -2     10.180      8.838      9.785
  -1   80     -4.292      8.151      1.181
1253   -2     23.448     -2.223      8.674
 754  664     -6.160      2.934     -7.355
  29 1214      8.945      9.420      0.105
  -1   -2     17.127      3.026     -3.416
 237  670     15.586      2.363     -1.538
  17   -2     18.931     -6.159     11.262
1270  133     20.705      4.485      2.483
  27   -2    -12.094      8.606      6.420
  -1   -2      7.279      2.991      2.132
  56 1261    -16.531     -0.518      6.069
 266  650      0.088     -3.335      2.885
   5  964      3.398      2.399      3.853
 843  672     22.955      6.521     11.796
 126   -2      9.638      4.281     11.833
 740  193     10.445      6.023      5.937
 488   13     -1.535     13.309      7.450
 999   -2    -16.439     11.960     12.152
  -1   -2     -0.499     11.481      3.255
1059  305      0.251      5.231      8.061
  -1   -2      5.664      1.399    -10.197
 214   -2     -7.501     12.237     -1.309
  25  474     18.683      5.042      1.878
 395   38      5.810     -1.913      5.248
 451  249      0.092     -1.271      5.799
  -1   -2     -4.440      2.912      9.297
 193   -2    -12.563      0.429     10.898
 314 1100     16.094      0.491     -6.572
  -1   -2      0.332      2.185     -2.430
  90 1219      9.485     -3.726     -3.929
  -1   -2    -17.632      9.038      0.678
  -1   -2     10.732     -1.402     -4.220
  -1  604     23.477     -6.681      1.022
 609  577      7.174      4.560      7.755
  -1   69     22.463     -1.901      9.574
  24   94     19.346     12.546      7.675
 781   75     23.586      4.856      7.602
 209   36     -1.356     -1.285      4.341
  -1   27     -8.998      7.717     -0.365
  -1   -2      5.664      0.608     10.606
 119  952     15.422     -1.648      0.745
  -1  141     25.713      9.313      5.744
  -1 1161     20.568      4.938     -2.827
  -1   -2      5.927      5.307      3.839
 242  518     -4.056     -2.537      8.894
  -1   -2     -5.635    -10.726     -9.011
1258   -2    -12.104     -0.447      3.595
 586   -2    -15.092      7.568     -9.184
  -1  676     24.013      2.798      1.658
  -1   -2     -5.299     -0.535     -5.451
  -1   -2      6.127      9.994     -6.467
  -1   -2     19.167      0.007     -8.291
 268  363      7.533      1.285      8.067
1343  596     17.333     -1.445      8.160
  -1  111     14.633      4.663     -9.180
  -1  421    -20.931     -2.245     12.379
  -1   -2      9.565      3.134      5.763
  -1   -2      3.732     11.406      1.851
  -1   -2     -8.528      3.535      2.475
  -1   -2      5.199      6.829      6.244
  13   -2     18.180      1.724      7.013
 827  386     20.003     -4.483      8.673
1168   -2     17.401     13.642     -8.338
 342  233     -9.368     11.655     -6.169
  -1   -2      6.400     14.730     10.811
 338   -2     -6.113      8.054     -0.999
 185 1225     16.817      5.941    -11.015
  -1   -2     -8.051      7.466    -11.549
  -1  117      6.087     -2.982     -1.031
  -1   -2    -13.157      6.107    -11.134
  -1  128     12.134     -6.679     12.407
 358  773     19.493     12.603     10.427
  37   -2    -15.507      1.738     10.683
  -1  165     15.997     10.072     -5.845
  -1   -2     -8.074     -1.664     -0.294
 253   63      5.132      2.497      1.249
 792   -2      2.015     16.161      7.375
  -1    7     -9.674     -3.114     11.851
1065   48      0.016     10.184      6.045
 154   -2    -17.605      5.610      8.861
 732  929      7.485     -9.717      3.253
  -1   58     12.656     10.497      6.272
  79 1075     16.806      0.952      9.279
  -1   -2      9.423     12.450     -0.036
1022  385     -6.230    -11.619      9.605
  -1   -2     13.834     10.948    -10.852
1332   -2     25.714     -5.677      9.032
 980   93    -12.306      8.503     11.496
  -1   -2    -11.000     -1.317     10.407
  -1  558     -1.947      7.958      1.936
  -1  319     15.897     -3.295      3.824
 659  277     20.495      4.285      6.512
 845   -2      9.673     -6.604      1.474
 961 1254     -1.595      0.914      8.534
  -1  261     14.458      9.021     -1.778
  -1   -2     -6.369     -7.462     -5.988
1154   21      1.378     17.829     11.738
1113   -2      9.263     -3.647     12.102
  -1   -2     26.413     -6.371      8.191
  86   -2     -2.411     15.154     10.753
1315   -2     10.481      4.113     -7.367
 442   -2     19.037     -6.920      0.820
  16   -2     -2.421     10.108      7.672
  77  685     -0.886      7.899     -5.612
  -1   -2    -15.085      0.357      4.355
  -1 1066     10.030      3.600     12.252
 299  930     12.848      3.193      6.768
 366  623     17.057     -9.331     -3.631
 644  460     15.621     -5.153      9.333
  -1 1281     24.856     -4.385      7.605
  50   78      7.562      5.074      9.553
  -1   77     12.087      2.424      0.536
  -1   -2    -16.623     -3.261      4.845
  -1   -2      3.930     -1.956      9.975
 236  453     11.496     12.335      2.668
  -1 1245    -10.860     12.310      4.565
  -1   -2      2.497     -7.516     -2.806
 225   -2    -13.871      7.017      6.684
  82   -2     15.429     -0.964     -1.510
  -1  974     18.688     11.781      4.264
  -1   -2      0.983      3.549     -9.500
  -1  182     -8.472     -2.428      2.800
 189   -2     11.468     11.075     12.380
 157  334     19.548      1.098      6.343
 731  327     -5.578      6.010     -3.083
1131   71     24.048     -0.113      8.832
 256  214     24.298     13.648     12.325
 656   89     12.580     -2.005     10.956
  54   -2      7.433     -8.621      5.734
  -1   -2    -13.499      7.243     -1.432
  -1   -2      5.300      4.086     -4.334
1091    2     14.499      2.783     12.104
  -1   -2    -12.578     12.716     -0.143
 111  197    -10.134     -4.268     12.118
 509   -2     14.356     13.038     -7.024
  -1   -2    -11.651     15.767      6.320
 628   -2      1.784     -1.988      7.507
  -1   -2     -3.088     11.212      7.471
 302   -2     22.908      3.320     -3.066
1110  684      1.965     -9.346      5.378
 348   -2     12.536     12.057      7.819
  -1   -2     -0.060      9.316     10.376
  -1   -2     -6.718     -1.605      0.464
 697   59      6.957     11.983     12.433
1159  913      2.173     17.002     10.327
  -1  245     -7.823     -6.397      9.823
 529 1240     20.148     17.392      8.103
 217  139    -10.301     -4.326      2.422
 149   -2    -15.554     -5.012      4.683
  -1   -2     10.872      7.811     -3.994
 931  877    -12.696      9.661      2.350
  -1   -2     19.846     -1.278     -8.945
  -1  175    -16.072     -4.804     -0.188
1287   -2    -15.840     -4.585      9.513
  -1   -2     18.460      0.010     11.997
 418 1312     18.021      7.428     -2.974
  -1   -2     -6.616      9.290     -8.650
 555   -2      1.541     -0.993      5.838
 355   -2    -14.671      1.072      6.063
  -1   -2     11.342      1.581    -11.497
 832  794     10.260     16.625     11.175
 257  812     -3.447      4.471     -2.692
 120  173    -12.741     10.991     11.729
  -1   -2     21.369      5.034      8.980
  -1   -2     21.093     -4.945      2.812
 783 1124      7.911     13.585      6.023
 156 1313     -4.623      7.000     10.157
  -1   -2      6.093     -0.506      9.801
  -1   -2     -8.607      5.004     -4.392
 725 1001      4.169      7.426     12.414
 211 1227      9.422     -6.563      7.939
 403   -2      5.980      4.516      9.409
 228   -2      5.500     -0.233      7.275
 267  655      8.586      4.203     12.242
  -1  160     -0.735      7.172      2.579
 275  350    -11.768     -6.770     -8.462
  -1   -2     21.805      1.161      0.445
 389   -2     -0.409     -1.625      7.600
  -1   42     10.877      3.048      5.301
 639   -2     -0.876     11.962     12.229
1264  115    -10.602      8.077      4.504
 450  528     10.721      2.913      0.551
  -1   -2     11.795    -10.133     -4.273
 200  154      6.363     -4.737      7.176
 700   -2    -15.664     -0.351     -1.638
  -1  121     17.913      5.972     -3.912
1177  432      6.268     10.204     10.578
 427  688     26.328      2.777     11.436
 606   -2      0.601      0.863     10.566
  -1   61      5.328     12.222     -1.756
  -1   -2     15.688      2.970      2.170
1246  212     14.839     12.708      4.763
1271   -2    -17.415      5.689      0.960
 692  176     15.725      7.073     10.954
1046   -2     -6.009     16.167      9.304
 411  107     16.873      7.249      2.192
  -1   -2     -7.674      6.121    -12.139
 630   62     20.510     -3.242      8.788
 392 1314     13.983      1.648      8.961
 519   -2     11.430     -3.040      4.423
  -1  217     15.217      9.898      2.453
1004   76     22.991      9.436      7.598
 594   -2      6.677      7.291     -3.152
 148  483     -8.306     11.680      3.410
  -1  257      1.036      4.741     -5.851
 208  954     25.861      6.841      8.219
 733 1247    -13.839      9.920      0.276
 341  146     27.316      2.748     12.401
 198  628      0.561      6.895      9.949
  -1   -2     23.911      1.440     12.249
 177  938      8.552     -0.552      4.902
1129   -2     -4.049      0.364      5.437
 811  503     -5.807      0.404      6.181
  -1  490    -16.592      1.070     11.084
 298   -2    -18.019      7.582      3.840
 484 1111     20.963     16.201      4.417
1273  548     11.685     16.482      8.304
  -1   -2     16.078      4.079     11.546
  -1   -2      5.227      8.137     -9.271
1133  757     -3.907     17.687     11.775
 448   -2    -15.164      0.945     11.679
1299  830    -12.049     -7.345     12.555
  -1  553    -13.451     -3.092     -2.594
  -1   -2     13.436     -3.521      7.978
1301  797      4.970     10.543      9.825
  -1   -2     -1.130     -8.309     -0.453
 339 1233     18.305     12.058    -10.223
 541   -2     -4.236     12.281      6.419
  -1  104     -8.867      9.432      1.362
1010  200     18.310     -0.569     -0.584
 326 1232     15.503     -5.477     -4.493
  -1   -2    -11.958      6.647      1.088
  -1  359     11.494     -6.204      7.871
  -1  243      4.292     -1.377     -2.807
 216  921     -4.677      8.709      3.915
  -1  270    -14.030      5.080     -1.046
 588   -2     16.575      3.876      8.944
1163 1071     -7.050     -0.719      5.808
  -1   -2     17.075     13.553      0.122
 556  341     21.733      6.454      4.732
1172  617      9.306     -7.311     10.554
  -1  177     19.387     -7.459      3.784
   9   -2    -17.305      3.215      3.561
  -1   -2    -15.064     -1.655     -2.869
 250  922     -0.045     15.102      9.489
  -1  314      1.073      3.486     -0.997
 445  957    -12.325     -5.519     10.009
  92   -2     13.624     11.617     -3.004
  78   66      3.849     -1.354     12.182
1078   -2      3.604     10.665     12.775
 886  479    -13.997      3.344     11.383
 201  360     10.446     12.866      7.925
  -1  935     18.152      8.492      9.970
  -1  265      8.391      6.230     -3.664
 224  112      3.332     14.043     -1.857
  -1   -2     -8.234      8.124     -4.392
 219  422     20.795     10.582      5.617
 398  204    -11.646     -3.991     -8.815
1193 1257      5.630      9.977      1.618
 818  138     18.467     12.772     -6.020
 838 1228      9.139     13.359      3.989
1238  215     26.764      9.288     10.837
  -1   -2     -0.816     -4.697     11.106
  -1   -2      9.817      6.848     -4.820
 567  531    -20.259     -4.016     11.244
  -1   -2     -6.864     -4.029      4.526
  -1  150     16.475      5.889      9.311
1279  419      0.648     -1.716     -2.443
 329   -2     21.471      0.775      3.659
 918  594    -11.229     -2.972      4.160
  -1  958      0.795     13.560      1.313
  -1   33     20.095      6.090     -1.823
  -1  337     -4.527     -7.318     10.956
  -1  643    -12.665     -2.488      6.018
 240  865     -7.670     -6.522     11.020
 614  606    -12.797    -10.192     10.593
 184   -2     -1.329      3.793      7.412
  -1  782      1.645     -9.866      8.099
1013 1019      9.445      0.415      3.239
 269   -2      4.853      4.088      3.827
  -1  354      6.100      1.153     -6.534
  40  555      5.165     -6.853     12.082
 703  208     -0.189      7.794      2.530
 483  447      4.178     14.899      1.494
 496  588     21.222     15.608      8.694
 763  520     15.494     17.657     10.982
1031   -2     -3.376      6.946     -5.568
  -1  330    -15.419     -4.123      3.967
1136  663     -2.617     -7.726      7.038
 523  282      6.181     -0.617     -0.635
 172   -2     21.678      7.047      0.163
  -1  975     -6.324     -4.792     12.416
  -1  597    -19.915      3.636      9.346
  -1 1116     12.514    -10.796      4.816
 563   -2     15.538     13.651     10.300
  -1  169     11.724     -0.594      6.732
 180  304      3.532      5.983     -7.001
  -1  682      1.028     -6.129     -3.543
1060   -2     25.109      1.078     12.156
1049  609     -8.398     -8.107      1.973
  -1   -2    -10.926     16.103      8.075
  36  118     -0.530      0.335      7.375
 261  147     19.495      2.833      2.725
 987   -2     -4.957    -10.330     -1.615
  -1   -2     22.922     -3.128      3.849
 716   -2     12.495    -10.299      7.079
 163 1014     -6.111     -3.387     -1.634
 687   -2      3.458     -8.695      5.595
 964 1013      6.191     15.266      8.478
 334  300     12.977     11.643     10.413
  -1   -2     13.775      5.952     -8.583
 896  414      8.751     -0.673     10.309
 673   -2     21.956      3.118     10.357
  -1   -2     19.755     -0.855     10.395
  -1  351     13.067    -13.621     -1.339
1292   -2     -1.362      3.297      9.649
  -1   -2     21.941     -6.511     11.455
 963   -2     23.472      3.144      5.579
  38   39      0.720     12.829      7.728
 379  109     -2.267      0.791     10.841
 142  772     14.932      1.581     -1.052
  -1   -2     19.522      8.922     -4.854
  -1  622     19.173      5.478      7.544
  -1  230    -10.564     -0.919      5.645
  -1  348      9.127     -4.513      6.308
1037  155      2.119     10.833      3.736
 647   -2     12.247      9.730     -4.164
 279  381     -5.723     14.353      5.191
 739  581     10.037     10.994     10.407
  -1  657     11.083     -6.939      6.968
 304   -2     -3.983     -3.233      4.468
  39   -2     -4.367      5.896      7.352
 467  143     15.004     -7.009      9.307
  -1  496      8.635     11.785      9.846
 308 1315     14.792     -4.290     -3.977
 547  105     26.594     -5.829      8.039
1202  715    -15.802    -10.564      8.807
 856  202      6.116      1.139      7.921
 822   -2      5.113     -9.928     11.723
  -1   72     22.517      7.945      7.550
  -1  966     -7.689     14.121      8.571
  -1   -2     -0.479      9.901      1.807
 764   92    -16.370      6.283      6.625
  -1  188     -8.781     -3.961     12.268
  -1   -2     17.436      1.765     -8.649
  -1  368    -13.834      0.378      0.250
 118  207     -5.704     -1.078      3.393
1303 1256      6.667     14.023      6.664
 708  340     13.776     -7.654      4.592
  -1  504     25.444     -2.455     10.575
1265   -2    -12.606      8.372      0.020
  -1   -2     12.934      1.828     -2.620
 432   -2     -2.725     -2.834      4.178
  -1   -2     -6.959     -3.455     -6.008
  -1  286     -0.551     -2.421     10.484
 175  132    -18.988      2.222     12.264
 290  130     13.168     -6.775      4.855
  -1  508     13.176     14.202      3.703
  -1   -2     17.824      5.904     -7.381
 707  199     -4.720     13.131     10.214
  -1   -2     18.151      3.514     -8.846
  -1  358    -15.545    -11.382      4.691
 755  296     23.933      3.591      2.084
 274 1103     17.422     12.941      6.553
  -1   -2    -14.804     -2.086      5.734
 803   -2    -13.477     -1.332      4.428
1090  635     -1.483     -5.247      6.684
 786  470     23.597     11.942      8.142
 494  126    -16.788     -1.045      8.669
 402  497     -3.376      3.332      4.817
 696  697     11.609      6.262     -0.014
  -1   -2      7.347     12.354     -9.369
  -1   -2      7.148     12.820     -2.378
1283  440    -11.098     -9.455     10.128
 486  384     20.223     11.598      8.523
 675  347    -10.055     -5.918      7.056
1069  219    -14.296      1.697     -6.647
 502  441     -9.006     -5.844     -4.119
 638  758     23.421      5.454     -0.861
 807   -2    -13.775     -7.725      7.420
  -1   -2      0.931      6.173     -6.671
  -1   -2      9.429      6.499      7.564
1039 1208     18.893     -8.273     11.723
  -1   -2      1.254     13.517     -3.964
 374   -2     25.957      1.761      8.050
 213  469     17.474      8.624      4.567
 383  344     -3.947     15.784      3.853
 222  149     24.003     -2.844     11.250
 391  637    -14.874     -5.009     11.600
  -1  431      9.780     -5.425      0.323
  -1   -2     20.502      4.748     -7.492
  -1   -2     11.151      0.778      2.221
 990   -2     19.932    -16.883      6.541
  43  973     21.202     13.366     12.108
  -1   -2      4.151      3.945     -9.501
 423   -2    -10.963      0.051      5.387
 436   -2     -5.072     -2.268     12.241
 706  714     14.156      5.892      3.836
 286  291    -11.055     -1.031      7.413
  -1   -2     -3.540     -4.965     12.205
 370  239      7.083     -7.647      8.273
 510 1003     -1.396     -3.078      4.591
 294  704      8.474     -5.341     -4.414
1092  943     -4.900     -7.042      3.297
 734   -2    -14.106     -8.313     10.535
  -1  538     -5.323      6.348     -1.346
 865   -2     22.193     -7.350      4.707
  -1  717     15.082     18.835     11.531
 365   -2    -16.551     11.720      4.970
  -1  137     19.552     -1.124     -1.533
  -1   -2     -6.941     -3.232     -9.450
  -1   -2     -7.119      7.541      2.816
 958  610      6.364      8.912     10.046
 508   -2      1.657      5.113      2.029
 633   -2     -0.155      5.928      5.186
  -1   -2      2.105      8.043     -6.079
  -1  908      2.684    -14.538     -5.765
 229  273    -13.441     12.618     -1.524
 927   -2     -3.497     11.022     -4.114
  -1 1128     -1.583    -10.090      4.307
 137   -2      9.153      0.827     -5.335
 136   -2     21.078      6.432      5.130
 521 1018    -19.366     10.981     11.870
1296 1284     26.307     -7.327     10.493
 335  667      0.578      0.830      8.050
 465  630      5.502     11.708      4.860
1137  870     26.231     13.479      8.023
 138   -2      2.170     -2.114      3.983
 677   -2     26.051      5.257      9.568
  -1   -2     15.367     -0.932    -12.653
 515  665    -12.610      1.624     -4.668
  -1  302     24.029     -0.362     12.170
  -1   -2      4.277     11.236     -5.959
 581  774     11.092     -9.797      7.305
1101   -2     18.287    -15.015      8.837
 364  571     16.399     -8.714      1.434
  -1  482     17.198     -3.325      0.512
  -1  988      1.199      2.563      5.590
 417   -2    -12.475      8.104    -10.473
 788   -2      5.544     -5.999      3.871
 360   -2     16.794     -1.589     10.300
  -1   -2     -5.405    -13.294     -0.363
  -1  557     24.478     -8.888     11.049
 254   -2      1.732      5.322      9.891
1034  616      8.684     10.438     -4.261
  -1  398     18.209     -4.620      1.203
 455   -2      4.028     10.735      9.680
 907   -2    -11.246     11.538     10.954
  -1   -2     13.026     12.738     11.100
1041  263     11.288     -6.216      5.539
  -1 1221      1.501      3.172    -10.355
  -1   -2     -1.743     -6.578     10.673
  -1  603     20.573     10.760      9.042
 132   -2    -14.131      0.560     11.544
  -1  361     -0.323    -10.513      1.554
 745   -2     10.789     -4.151     11.719
 108  333    -12.556      9.522     -6.724
 263   -2    -12.291     -0.886     10.016
 264   -2     -4.702      6.288      4.622
  -1   -2      4.489     -3.296     -0.470
 431   -2     -6.327     10.547     -6.680
 230  995    -14.490     -7.494      4.460
  -1   -2      4.463     -1.006    -10.364
  -1   -2     12.953     -6.063      8.143
  -1   -2     -5.975     -2.559     10.899
 819   -2     -7.141     -6.580     10.905
 536 1087      4.828      3.323     10.564
  -1   -2      3.233     -9.956      2.726
 550   -2     12.811      3.930     -4.134
1095   -2      9.943      4.260      6.180
  -1   -2     -4.956     14.564      2.928
1103  700     17.484     -2.183      0.050
 468   96     10.185      1.777     11.193
 356   -2    -16.666      7.779     12.429
 199   -2     -3.152     14.104     11.146
 757  968      8.014    -13.297      8.658
 376  238    -14.238      7.787      1.704
  -1 1152     -5.211     16.195      6.156
  -1   -2      4.375     -5.791     -3.058
 497   83    -12.053     -3.511     11.287
  -1   -2     20.189      8.263     12.193
 785   60    -18.531      0.395     11.247
 937  793    -17.894     -1.324      2.259
  -1   -2     10.346     10.832     -7.309
 587 1242     -2.368     -5.371    -10.831
  65  614     17.932      5.241      0.347
 454   -2     15.928     -1.246     11.273
 351  710      4.389     13.261     10.260
 303  427     19.551     10.932     -9.447
 155  425      6.370     13.653     -2.486
 557  989    -19.281    -11.097     11.775
  -1  163      4.309     14.093      7.152
1074   -2     21.835     -6.096     11.192
  -1 1223     11.657     12.532     -6.414
 853   -2     -3.695      1.377      9.817
 635   -2     15.719     -4.471      6.608
 679   -2     18.828     10.638     -4.657
  -1   -2     17.024      1.492      2.460
1011   -2      8.129     14.522     10.551
1123  709     -0.033      0.522     -9.014
 989  885    -15.054     -7.146      7.497
  -1   -2     -8.115     -0.054     -8.445
 580   46      1.281      4.095     10.037
 724  912    -16.464    -11.984     10.459
 320   -2      2.819     -3.642      8.969
 440 1029     19.581    -17.275     11.501
 974   -2     25.396     -1.109      2.265
 400 1237      4.652      8.103     -7.478
  -1 1002     26.329      2.885      5.359
 789   -2     17.635     -7.257      6.440
  -1  168     17.882      3.583     10.858
 100   -2     15.336      5.992      9.020
 173   -2      8.553      5.544      1.973
  -1   -2      4.049    -12.207     -2.810
  -1   -2    -13.593      1.056      6.589
  -1   -2    -13.751      3.970     -4.667
  -1   -2     -6.949      1.250     11.618
 913   -2     24.411    -15.935      6.479
 794  312     -8.401      8.952     -5.019
  -1   -2     -0.466     -9.235      8.521
1028   -2      2.545     11.812     -1.535
  -1   -2     13.156     15.819     11.372
  -1  871      9.048    -11.043      7.208
  -1   -2     20.789     -1.304      9.087
  -1  578      9.361     12.226    -11.021
 926  669      1.288     -2.261     11.690
 317 1143    -15.906     -1.782      9.970
  -1   -2     -2.557      3.036     -4.931
  44   -2     -7.838      7.453      1.464
 868   -2      4.519    -13.329     10.614
 466 1238     20.493     -1.762      1.460
  -1   -2     -7.189     13.051     12.613
1079  633     20.994    -13.872      7.497
  -1  452     11.370      3.699      9.732
 452  420     25.687     -7.331      9.939
 506 1074      8.937      8.157      4.230
 805   16      0.303     11.200     10.412
  -1   -2     21.621      2.857     -4.870
 569  224    -17.240     -3.312      8.949
  -1  662      8.364     -3.580      2.692
1149   -2     23.221     -1.446      4.370
 766  221      5.537     14.820      5.335
  10  342      3.998      8.309      3.352
1276   -2      8.400      9.445      8.948
 583  336     23.092    -10.305     10.723
 333  502     18.504    -10.536     -5.919
 512   -2    -11.769     -3.640      6.654
  -1   -2     20.265     -1.554     -5.752
  -1  135     -6.801     12.237      1.771
  -1   -2      3.752     -6.776     10.305
 846   -2      3.932     -1.610      8.010
  -1   -2     10.399     -1.907      5.850
 331 1085     21.496     -3.930      9.085
  -1   -2      1.279      2.110     10.917
  -1  615     18.868      4.539      4.902
 473  379      7.684      0.409      5.097
 381  611      7.410     -2.867      9.948
  -1   -2     25.217      5.695      9.204
  51  328     22.939      3.056      7.279
 188  631    -15.482     -1.882      7.858
  -1  760     22.481     -9.867      6.722
  -1   -2     21.048     -7.229     -3.380
1082  297      0.268      4.970     -1.094
 165   -2      3.516     11.682      9.659
  -1   -2     11.966     -7.322     -1.237
 828  472     -4.249     13.352      4.750
  -1  860     18.414    -12.461      0.376
 478   -2     20.455     14.860      8.445
 849  488     -2.040     10.933    -10.193
1166  353     -4.572    -10.512      0.041
  -1   -2    -18.333      5.131     10.001
 404  459      6.964     -3.000      7.000
 710   -2      3.903      0.830      6.587
 768  607     16.421      5.219      8.492
  -1  405      4.941    -11.369      6.086
  87   -2     13.685     -4.558     10.227
  -1   -2      4.269     11.533    -12.386
 426  413     20.827      1.905     11.749
 260  232      1.391     -3.988     10.961
  -1  213      4.425      0.479     12.175
 537 1123      6.948    -10.325     -3.797
  42  294     17.453     14.157     -0.033
 178  549     22.492     -4.705     -4.838
 372  153     20.020     11.557      5.903
  -1   -2      4.364    -12.108      6.060
 643   -2     16.728    -11.581      7.005
 513   -2     14.988     -2.342      8.026
 636  229    -14.740      6.058      3.558
  -1  220    -16.351      0.199     -3.707
 752 1057     -1.699    -14.131      2.902
  -1  848     26.645     -9.346     11.885
  -1  961     22.820     -1.905     12.011
 821  671     -3.192     -9.094     10.086
  -1  843     -2.058    -11.967     -4.926
  -1   -2    -19.208     10.321      8.969
  -1   -2     21.375     12.329     10.367
1115   -2     25.788      8.111     10.180
  -1  645     11.288    -15.492      1.636
  97   -2     23.279      5.613      8.279
 758  262     13.771      5.413      6.313
  -1   -2     -3.091     -2.807     12.354
  -1  145      3.638      7.597      5.963
1173   -2      3.254     10.860      8.972
 900   -2     -3.338     14.935      7.215
  34   -2     12.326     -5.806     12.134
 349   -2    -16.647      5.324     -6.091
 906   -2     -9.476     -8.632     -7.102
 309   -2     19.194     13.148     -1.384
  -1   -2     12.616      1.977      9.713
1155   -2     23.374     10.272     10.894
  -1  524     -7.366      0.002     10.155
1174   -2     19.728      2.524     11.868
1176 1067    -17.632    -14.342      5.485
  -1  468     22.674      0.255      1.536
 425    9     -9.441      9.146      9.551
  -1   -2     -2.621     -9.587      1.117
 115  722      0.311     -3.577      5.215
  -1  748     16.203      4.630      2.835
  -1  283     26.321     -4.829     10.890
  -1   -2     -1.620      2.933     -7.027
1108  556     12.648    -10.453     10.531
 641  424     -6.002     -0.865      8.092
 815  450    -15.163     -6.795     -8.239
 793  484     20.392     -5.443     -1.114
  -1   -2     14.406      6.520      0.324
  -1  585    -16.892     -7.490      9.995
  -1   -2     14.665      3.026     -9.016
 574   -2     -2.206     -5.277      0.545
  -1  680     12.495     11.403     11.789
 714  526      7.055     -7.818      0.202
 917   -2     18.177     -5.745      4.267
 128  325     13.518      3.685      9.816
 161   -2     17.404     16.967     10.901
 122   -2    -18.946     -3.961     11.731
 775  564      4.716    -11.052      3.919
1158  372      7.977      2.465     10.280
  -1  308     16.101     -4.337      0.983
 332  734     20.284     10.051      7.825
1213  725     23.673      9.896      7.921
 169  544     -2.280     11.253     12.051
  -1  298     22.898      2.828     10.909
 252   -2      7.882     13.055     -3.926
  -1   -2     24.207    -14.156     11.279
1002  736     16.441     13.185     11.016
  -1  674     18.671     -9.617      9.049
  -1   -2    -10.107     -0.605     -7.525
  -1   -2     19.794     15.050     12.007
 682   -2      8.899     12.466      5.080
  -1   -2     20.048      4.835      9.964
 584  338      3.635     -2.800      3.234
  -1   -2     -1.527     -4.328      2.573
  -1  638     19.598      8.733      4.368
  -1   -2     14.953      7.415      7.597
  -1 1154      2.532    -11.624     -0.140
1314 1099     20.306    -11.557      5.248
  -1   -2     20.788      0.913     -7.767
  -1  540     11.460     -6.836     -4.492
  -1  677     -7.263     -8.804      9.540
1120  959      8.356     -8.938      9.437
  -1   -2    -14.484    -10.401      9.382
 167   -2     20.002      7.029      9.565
  -1   -2      9.164     -4.969     10.670
  -1   -2     21.201     14.094      8.631
  -1   -2      1.073     11.455    -11.441
 293  613     22.912     -0.617      8.444
  -1  190    -18.220      7.066     12.184
1179   -2     -7.395     16.893      8.239
1063  329     25.614      9.125     10.044
1229   -2     23.876    -18.387      9.984
 255   -2     -6.770     14.566      3.508
1281  731     14.805      7.423     -8.439
  -1   -2     28.615      0.239     12.225
 629  390     21.254     15.182      5.254
 109  320     -4.794     -1.244      5.954
  -1  716     17.567     14.029     10.626
 890  874     11.780     15.646     11.232
 522   -2     15.331     17.643      9.685
  -1 1046     20.903     10.696     12.013
  -1   -2     11.761     -0.468     -6.319
 288  828      6.420      9.526      7.353
 530 1239     18.868     17.068      9.038
  -1   -2     -0.469      5.627     -0.805
 967   -2     -5.480    -11.291      4.841
  -1  218      2.269     -0.365      9.589
 265  349      4.797     -3.902      5.071
  -1   -2     13.196     -2.833     -8.746
  -1   -2     -4.859      4.927      4.351
 337   -2     14.595    -16.115      4.758
  -1   -2     20.674     -7.597      6.162
 117   -2     23.333     -6.887      3.562
 116   -2     27.147      3.293      8.168
 765   -2     12.044     16.279      4.525
1017   -2      3.016     13.365     -5.828
 722  737     -4.842     11.930     11.087
  -1  318     -4.183     -3.533      1.751
 932   -2     19.723      7.268      5.963
  -1  765      6.369     -9.226      7.724
 551  487     15.851      8.547      7.900
 962   -2    -12.284    -12.196      8.838
 869   -2    -15.705     -8.337      0.198
 949   -2    -13.507     -4.387      0.035
  -1   -2     12.758     -2.674      0.182
 600   -2     15.629     -6.559     -0.151
  -1  108     13.696     -2.745      5.300
 378   -2     23.060      0.858     10.244
  -1   -2    -14.767      7.779     -3.705
 576 1172     -1.232    -14.340     10.560
  -1  815     19.180     18.735      9.882
 665  776     -9.427    -13.762      6.265
  -1 1158     11.896      8.340      4.720
  -1   -2     -3.161     -6.874    -10.375
 479  209     10.541      1.476     -8.400
 413   23     18.790     -4.918      7.936
 772  574     14.536     16.541     10.002
  -1   79      7.464      5.877      6.355
  -1 1044     -6.568    -13.822      3.391
  -1  288     17.064      1.297      0.164
 929  712     -6.520     13.606     11.912
  -1  832     -2.814     -5.603     11.365
  -1   -2     17.931     -2.592     10.831
 443   -2     18.405     13.811     -4.752
  -1   -2     -7.240     -5.749     11.666
 631   -2     24.461      2.182     11.381
  -1   -2     25.571      5.724     12.144
 901  745     -5.086    -16.457      3.412
 862 1072     26.941      2.276     11.781
  -1   -2      2.810     -7.239     -6.494
  -1   -2    -13.567     -2.888      3.897
 106  303      2.762     -6.534      1.850
 721  763     10.920     -4.733      7.363
  -1  755      3.804    -11.806     10.514
 736   -2     17.367    -14.928      1.912
1212   -2     18.915     -8.084      7.809
 719   -2     22.035     14.535      9.402
  -1  905      9.215    -19.259     12.111
  -1   -2     11.950     -6.594      9.724
1102  654    -20.329      7.647     10.715
 978  965     -1.012     -9.840      7.415
  -1 1164     18.873    -11.524      7.138
1135  140     -5.276     -3.077     10.861
 610  993     25.740     14.660      7.198
1186  345    -11.812     -5.565     -0.039
  -1   -2      8.044    -12.569     -7.962
  -1  234    -14.638     -1.618     11.612
 690  666     15.077    -14.192      0.039
  -1  485     16.769     -3.268     -1.164
1161  278      3.614    -10.788      6.895
 123   -2     10.816     -6.559     11.749
  -1  442    -17.000     -8.252      8.405
 212   -2    -11.478     12.962     -4.277
  -1  401      7.745      3.413      2.314
  -1   -2    -17.366      3.816     -4.304
1189  586     -0.848    -13.983      0.737
 611   -2      7.197    -12.029      9.334
 948   -2     -3.995      8.042      9.544
 330  746     23.754      8.503     11.982
 905 1147     11.833    -14.090     -0.669
 192  601      3.480      6.735      5.492
  -1   -2     11.778      3.471      9.314
  -1 1146     -9.356    -10.538      7.816
  -1   -2      5.010     -2.085     11.605
 591   -2      3.705      1.850      8.524
  -1   -2    -16.805     13.035     -2.322
  -1   -2     -4.309      9.896     11.961
  -1  211     26.189      9.333      2.773
 824  804    -21.098     -4.035     10.046
  -1   -2     -4.043    -13.791     -1.283
 860   -2     15.643     -8.712      7.852
 825  272     -9.624      7.028     -4.859
  -1  501      5.980     12.827      8.133
  -1  997    -10.061    -14.617      3.122
 795 1250     -5.502      8.941     -7.041
  -1  378     14.088     12.489     10.853
  -1   -2     -6.259      9.230     11.800
 773   -2     12.057     11.865      2.825
 952 1253     16.895    -16.397      9.781
  -1   18    -13.376      8.259      8.979
  -1   -2     24.606     10.599      5.631
  -1   64    -13.784     10.935      7.707
  -1   -2     19.923     -3.539    -12.758
 924   -2    -18.702      7.267      8.289
1104  512      4.750      3.904      7.638
  -1  621    -12.450      1.630      7.662
1000   -2     23.633    -12.083      8.666
 158   -2    -18.165      2.843     10.426
  -1   -2     -7.224     -3.475     -2.373
 916  110     -1.947     14.678     11.414
 382   -2    -12.526     13.202      5.401
  -1  970    -14.685     14.949      9.467
  -1   -2    -12.361      8.715     -1.602
 787  584    -12.157    -11.293      4.152
  -1  576    -21.670     -3.869     12.424
  -1   -2      6.529      2.749     -4.374
 992  856    -16.837      2.786     11.042
  -1  529    -17.196      0.186      9.771
  -1   -2      7.660     -1.865    -11.875
  -1   -2    -19.571      5.365      7.440
 539  641    -17.672      9.909     11.739
 514   -2     -9.108      6.120      4.302
  -1   43     -3.631     -1.671     -6.262
 300   -2    -12.827     12.713     12.171
 461  203     -6.392     -2.427      4.311
   2  818    -11.529     10.801     12.158
  -1  377      4.293      3.170     -9.080
1111  608      1.454     13.064     10.752
 804 1041    -18.878     -2.024      2.196
1018   -2     27.910      6.044      7.660
  -1  592     17.962     12.183      4.643
  -1   -2    -11.969     -0.151      6.954
  -1 1037     -4.705     -0.376      4.956
  -1  101      6.153     -0.758     12.651
  -1   -2    -17.901     10.150      6.346
 103   -2    -10.557      2.389     11.034
  -1   -2      0.118     16.579     11.745
1043   -2     23.174     15.816     10.604
 144  127     -1.325      6.443      7.616
  -1  679     -7.998     -5.447     12.524
  -1   87     -0.811     10.858      6.083
  -1   -2    -18.744     -7.495      0.655
 248   -2    -10.762      7.059     -6.129
  -1  840      6.911     15.395      6.022
  -1  416      3.507     13.148      5.978
1119  813    -16.533     -2.216     -4.026
1086  960    -18.278     -8.812     12.159
  -1 1096    -11.536     12.304     12.032
 312   -2    -17.490     12.510     11.672
 776  156     -4.455      8.431      5.820
  -1  478    -10.811     14.187      6.505
  -1   -2      2.178     11.570     -1.172
1261 1263     23.444     -3.835      8.167
 946  595    -16.583     15.070      7.501
  -1  226     10.842      9.443     -7.782
 284   -2     13.928      7.988      4.273
  -1 1027    -19.205      0.058     12.775
1051   -2    -15.470     -3.445     -6.355
1064   -2     -0.901     15.308      6.840
  -1   -2     -4.720      2.050     11.793
 797   86    -14.830     11.915     11.350
 131   -2    -11.828     10.672     -4.399
  -1   -2    -15.147     -3.613    -12.339
 292 1020    -15.620     -9.284      5.899
  -1  491      1.951      9.418      3.596
 685   -2    -13.444      3.449      8.908
  -1  158      2.587      0.347     -3.184
 153  415      8.077      1.100     12.186
  -1  841    -15.150      0.999      9.142
 791  945    -20.235      0.805      8.038
  -1  987    -10.340     16.953     12.103
 782   -2     19.566      4.822    -12.403
  89  612     27.972      8.300     10.690
  -1  306     -8.943      2.405     10.595
  -1   -2    -20.573     -1.159      5.039
  -1  823    -22.104     -5.282     11.981
  -1   -2     19.301    -13.768     -3.782
 723  290     -0.408     -3.515     11.416
1016 1035    -17.112     13.371     10.873
1247   -2     -9.844     -2.647      7.002
  -1   -2    -12.125     17.086     10.549
  -1  857    -16.575     17.503      3.151
  -1  892     -3.808     15.629     -0.635
  -1 1048      0.344     10.837      6.204
  -1  740    -11.378    -17.999     11.433
  -1   -2    -13.052     -8.986     -4.030
  -1   -2    -11.405     12.780      5.651
  -1   -2     23.202      5.515      4.398
 784   -2     -1.737     -5.170     -2.233
  -1   -2     -8.904      3.791     -0.317
  -1   -2    -16.855     -0.766     -2.991
  -1  476     -5.442     -5.036     10.402
  47   -2     10.464      3.650     10.784
 218   -2     25.874      3.650     11.064
1067  661    -19.089     -9.917      8.449
  -1   -2     10.183     11.276      5.559
  -1  701    -17.722    -16.167     11.731
  -1  403    -14.743     11.319     -1.258
  -1   -2     -2.961      5.172     11.295
 923   -2    -10.553     17.606      9.395
 875  847     22.942     10.519     -3.670
  -1   -2      3.248     -4.877    -10.464
  -1   -2     15.145     13.424     12.362
  -1   -2      0.131     12.729     11.249
  -1  686     -1.518     15.163      2.270
1182 1145    -11.166     16.089      9.563
  -1  705     24.049     19.253     10.729
 969   -2     25.014     12.261     10.627
  -1   -2     -6.673      1.855      7.950
 751  713     16.326    -15.197     -1.799
1130  781     26.123     -0.778     10.087
  -1   -2     19.532     12.108     -0.553
 939  785     -8.775     14.592      4.875
 227  246     10.235      9.139      1.058
 799   -2     26.423     -9.671      4.711
 984 1079     13.225     -0.196     11.323
  -1 1021      9.825     -6.503     12.726
1038  923    -11.571     12.015      5.628
 297  151      9.942      9.865      1.166
 571  636     15.247     14.903     11.305
 908  851    -15.205     -3.254     11.370
 920  365      0.258    -11.682      7.640
  -1   -2     10.888      0.444      6.168
  -1  647     10.625     -8.027     10.765
  -1 1277     -3.783      1.708      5.602
  -1   -2      1.321    -13.215      8.026
  -1   -2     -3.853      8.729      8.279
 840   -2      9.109     16.333      9.700
  -1  335     19.229     11.021      9.670
  -1   -2     -6.795     -7.866     -1.761
1180   -2     -1.870    -17.918      6.810
 709   67     12.135      3.620     -2.978
 627  977     -4.950    -17.684     10.684
 888  822    -19.236     -6.093     11.062
  -1  444     18.717      4.272     10.901
  -1  924     28.894    -10.966     11.254
  -1  242     -2.137      4.258      3.285
1160   -2      6.746     -4.703      5.999
  -1 1135    -10.657      8.952     -0.009
  -1   -2     13.892     -9.419     -4.526
  -1  918     24.399      5.613     -1.686
  -1  309     -6.528    -10.401     10.736
  -1   50     16.572      2.870      4.399
  -1  388     12.804     -9.979      5.290
  -1  196     -9.704      1.715      8.050
  -1  593    -15.099      5.960    -11.070
  -1   -2      3.563     16.925      4.995
 241  256      7.464     14.261     -2.462
  -1 1036    -14.621     13.200     12.480
  74   -2      4.164      8.511      9.977
  -1   -2      9.587     14.544     11.269
1083   -2    -12.803     10.495     11.614
  71  510    -17.193     10.360     11.581
  -1   -2     -8.236    -17.866      1.349
  -1  254     24.084     -1.444      8.802
  -1   -2     22.648      8.167     -6.467
  -1  976     15.939     10.029     11.405
 664   -2      1.418     -6.089     -0.600
 196  894    -14.535      8.368      3.909
 493   -2     -0.177     -6.320      7.835
 598   -2     21.181    -16.912      6.755
 368 1192      6.913     17.997     11.375
 684   -2     -9.316    -13.837      3.542
  -1  228    -10.681     11.888      1.998
 881 1169    -16.644     16.613      7.157
  -1  206     -7.867     17.438     11.543
 159  834    -15.784      2.843     12.195
  -1  380     19.613     11.890      1.301
  -1 1142    -12.878     -8.643     12.345
1298  280    -16.970     13.197      9.545
 705   -2     10.578    -16.780     -2.184
1187   -2    -13.054     16.007     10.187
 134  289      3.650      6.182     -0.672
  -1   -2     -4.386     -1.542     -8.272
  -1  406      8.249      2.801      6.339
  -1   -2     11.970      7.304      3.043
  -1   -2     28.851    -12.862     10.939
  -1   -2     -6.879     -4.445     12.695
 110  383      3.735     10.161      6.264
 310  436     13.353     -6.205     10.825
  -1  862     12.826     -4.762     -6.840
 457   -2    -18.548     -7.730     11.172
  85   -2      2.443     11.554      9.955
 727   -2      8.507    -10.957     -2.978
 942  244    -11.934     12.551      2.451
 603   -2     24.574     -8.221      8.217
 482   -2      4.129     14.273     -6.963
 424   -2      5.569     -8.216     12.306
 429   -2     11.688     12.353     10.025
  -1   -2     24.770     -1.417      4.590
1076  896    -12.085    -19.113     11.394
  -1  407    -18.629     10.251     12.284
  -1   -2    -11.186      8.688      0.157
  -1  563    -18.967     12.351      8.479
1294   -2     21.635      1.585     -1.260
  -1  545     -2.898    -16.004      1.565
 498   -2      7.271     12.174      3.876
 717  903     22.660    -12.000      8.406
  60   -2     -0.383     14.963      1.877
  -1   -2     24.073     13.554     -3.120
  -1 1032    -20.327     -7.590      2.554
 653   -2    -10.095     -5.208      0.357
 742 1015     18.380     15.332      6.912
  -1 1222     23.387      4.476      2.126
 613 1042     17.156     -8.060      7.292
  -1   -2      7.157     15.171      7.086
 669  536      0.807     16.015     10.675
  -1   -2    -13.503      3.417     -9.800
1042   -2      8.099      5.052      6.638
 959   -2     26.278      5.990      2.149
  -1  321     12.027      5.143      9.453
  -1 1121     -8.660      1.568     12.418
  -1  438     10.839      8.927     10.144
  -1   49    -14.235     13.180      3.129
 882  984     -4.530     13.904      9.835
  -1   -2     -1.854      5.051     -7.938
1237  849      8.909    -18.310      8.233
1148   -2      7.990     17.836     11.569
 573   -2    -15.232     14.448      8.516
  -1  260      9.015     -8.779     -2.520
1204  820    -11.757     12.571     10.074
 808   -2     27.522      7.503      5.411
 270   -2     24.063     -6.379     10.467
  -1   -2     -1.151      2.306      5.973
  63  689     22.188     -1.061      8.598
  -1   -2     24.837      8.593     -3.625
 966   -2     -6.013      3.274     11.532
  -1  605      5.043      4.168     11.102
  -1   -2      1.982     14.041      7.492
  -1   -2     18.328     17.075      6.722
  -1   -2     -2.464     -5.169     -6.866
  -1  999     -3.744     19.744     10.358
1274  495      9.145      4.019      5.465
  -1   -2     20.348     -7.800     11.121
  -1   -2     -6.226      8.540     10.458
  -1 1080     27.779    -14.478     11.250
1030 1012     -1.421     -9.723     -1.252
  -1 1028     -9.610     17.815      6.045
  -1  979    -15.450     18.254     11.464
  -1   -2      9.962     -3.985      0.249
  -1 1050     26.335    -17.186     10.966
  -1  969      8.057      4.493     -1.288
  -1 1167     15.342     -2.497     11.918
 438  644     21.573    -11.653      5.905
  -1   -2     20.835     -3.278      5.597
  -1   -2     22.244     -5.045     -2.167
  -1  898     -6.293    -16.596     12.726
1167  777     -9.199      5.487      3.534
  -1  448     -1.656     -8.346     -3.773
  -1   -2      8.814      0.741     -3.150
 531  231    -10.585     -6.380     12.383
  -1  786     -3.980    -17.929      8.937
 490  387     -5.375      6.598     -5.980
 590  498     -0.823      0.949      4.231
 394  803    -16.648      4.639      7.835
1171  475    -14.356     11.808      6.667
 998  821      2.780     15.602      4.901
  -1 1151     -3.770    -12.813     -4.024
 870   -2     24.939      8.469      0.061
1015  240      1.289     11.594      6.197
  -1   -2    -17.213     12.159     10.057
  -1   -2    -11.549     10.610      2.432
  -1  507    -18.909     12.909     10.192
  -1  624      4.994    -14.403     10.770
  -1   -2      1.304     -9.680     -7.344
  -1   -2    -16.698     10.918     -4.484
 520  948     18.581      3.572     11.222
  -1  376     24.362      5.124     10.082
 767   -2     14.077    -10.891      7.624
  -1   -2    -13.204      1.321      4.313
  -1  477      3.621     12.879     11.974
 605 1171    -15.395    -12.987      4.564
 548  726     15.061     11.640      9.022
1184   -2    -17.274     -6.850     11.671
1033 1170      6.846    -13.631      3.941
 384  942     -1.510     14.710      3.340
1029  191      6.381     12.375     10.593
1215   -2     26.532     11.960     10.519
  -1  171     -0.747      6.531      9.877
  -1   -2     25.597     10.881      4.999
1164 1064     -9.859    -14.985      9.014
 375  216     14.965     14.945      0.245
  -1   -2    -15.725    -10.707     -5.898
  -1   -2     21.788     -6.753      1.462
  -1  699     27.746      2.692     11.904
  -1  660      9.135      5.173      4.546
 915 1311    -12.685     14.763     11.555
  -1   -2      0.250     16.209      8.774
  -1  527     20.982    -12.437      9.672
 476  395     25.910     -2.372      9.093
 982   -2     -4.627     19.359      9.632
  -1  194     10.436     -3.098      4.040
  -1   -2      0.948     -8.552     -7.916
  -1  362      7.988     14.639      8.027
  -1  827    -10.503     13.797      6.038
 625  120      1.836     12.576     -1.119
  -1   -2     10.201    -11.962     -9.348
  -1   -2     14.486     -9.713     -3.628
  -1 1127      4.450     -1.535      2.247
  -1  750      1.365     -7.824      7.122
  -1 1082     13.811    -16.385     11.322
  -1   -2     13.846     -6.213      9.699
 796 1114    -16.562     14.754     11.023
  -1   -2     -3.248     15.388     12.171
 720  846    -13.485    -10.681      2.638
   0 1098     -9.093      2.851      8.423
  -1   -2    -17.036     -5.573     10.098
 194  225     15.827     10.514     -3.365
  -1   -2    -18.585     -5.904      2.953
  -1  817     -2.225     12.316     12.544
  -1  937     13.489    -18.609      9.849
  -1   -2      0.788    -14.665     -0.994
 743   -2    -14.332     -4.789      8.794
  -1  764      5.035    -14.319      4.418
  -1  744      2.276     -2.863     10.287
 699  542     19.822      5.378      9.879
  -1  678     -2.277    -15.208      9.400
 798   -2     24.192     14.778      9.512
  -1 1034     12.300     16.754      7.716
  -1  932     27.408     12.889      4.216
1053   -2    -21.230    -14.780      9.931
   1  579     -4.160     -9.616      4.561
 295  598     12.414     -2.718      6.973
  -1   -2     -4.758     14.425      9.458
  -1  741      0.692     -6.465     -1.153
  -1 1166     12.767    -10.684     -4.789
1061   -2     25.886     10.867     10.334
  -1  600     13.782     -3.476     11.819
 891   -2      8.068     13.841      9.831
  -1   -2     -1.756      9.069      8.288
  -1   -2     -7.619     -9.425      7.973
1054  311     14.079     12.447     12.067
 938  382    -16.850    -10.747      7.097
  -1  946     24.294     11.524      5.942
1169   -2     15.800    -13.712     11.627
  -1   -2      3.731      5.574      7.841
  -1   -2     19.046     -3.624     10.694
 871   -2     -5.676     16.081     10.828
  -1   -2      9.930     -9.700     11.087
  -1  119    -10.160     16.283      9.764
  -1  735      0.399     -0.032     -9.789
 947   -2    -13.389    -14.227     -7.422
  70   -2      7.201     11.022      7.572
 396  891    -13.650    -10.340     11.555
  -1  456     -2.618      6.045      9.204
  41  195     22.165      5.944     12.174
  -1   -2     28.293      1.009     11.844
 829   -2    -20.227    -14.891      8.652
 566   -2     16.759      4.944      1.743
  -1  826     -5.380    -17.876      7.246
  -1   -2     11.036      0.163     -0.463
 220  125     12.744     16.140      2.729
 619 1244      7.404      0.096     10.882
  -1  629     18.368     -3.249     10.707
  -1  400     -4.345     16.352      7.378
  -1  749     23.374      9.480     -4.754
 911  914    -11.493     -4.641      2.202
 112   -2      1.135     13.575     11.695
  -1   85     -3.037     10.602      6.615
  -1   -2      7.773      3.243     -9.732
1300   -2      6.161      3.683      9.486
  -1   -2      3.292     -8.623      3.973
1081  835      7.885    -12.439     -2.233
  -1  582     26.447      7.363     11.846
 970  535    -11.694     17.406     11.914
  -1 1059    -19.326    -10.911      6.997
1058  473      3.453    -13.704      0.464
  -1  967     12.465     13.751     12.282
1147   -2      7.377    -17.506      4.591
  -1  167      3.286     -4.772     -0.049
1057   81     18.468     -7.188      6.684
  -1 1117     16.173     -2.594     12.498
  -1 1078     19.764     -1.280      9.500
  -1   -2      9.145    -11.685      8.167
  -1   -2     -4.652     -9.028     11.490
1009   -2     21.941     19.184     11.901
1128  373     24.618     11.773     -1.339
 935  940    -14.031    -15.564     -2.873
1075   -2     25.015     11.765      5.531
1233   -2      1.897    -17.877      2.992
  -1  936     -8.664      8.523     -3.116
  -1   -2     23.580     19.033      9.229
 564   -2     21.206      2.268      5.697
1211   -2    -18.374    -11.645      6.673
 777   -2     15.067     14.925      7.302
  -1   -2    -11.517    -15.492     -5.814
 511  692     10.167    -11.558     -1.052
  -1   -2     -2.589     -7.466     11.775
 977 1130      1.593    -14.021      2.235
  -1   -2     -9.655      4.607     -8.441
  -1   -2      5.397    -13.195      7.755
  -1   -2      0.802     -9.065      9.160
  59   -2     18.248      2.189     -0.873
1150   -2     21.153      9.961      8.998
 919   -2     22.949     12.575     -3.365
  -1   -2     16.215     -5.705    -10.255
1223   -2     16.880    -20.915      9.377
  -1   -2     11.772    -27.150      5.625
  -1   -2     26.058     16.279     10.470
  -1 1184    -14.977    -20.677      8.792
1227 1176      6.141    -26.980      3.491
1222   -2     25.788    -22.023      5.807
  -1 1197     22.941     20.168     10.543
  -1  276     26.268     13.287     12.466
  -1 1190     -7.065    -21.323     12.225
 997   -2    -15.932    -15.223     12.585
1139 1183     -0.412    -24.114      2.892
  -1  919     25.959    -16.320      8.213
  -1   -2     10.664     35.095    -10.105
  -1 1177     -7.842    -20.594     10.311
  -1  451      5.904    -18.958     12.461
  -1   -2     27.242     13.548     12.828
  -1   -2    -22.869    -15.043     10.409
1230   -2    -14.053    -18.194      7.614
  -1  599      8.540    -20.107     11.136
  -1   -2     13.112    -29.494    -12.581
1231   -2    -17.904    -21.570     10.707
  -1 1193     21.943     24.547     10.022
  -1 1109    -19.259    -13.317     10.418
  -1  991     19.348     21.906     12.979
  -1 1180     27.257    -22.572      9.864
 542  996     17.606    -18.724     10.436
  -1   -2    -13.135    -15.289     11.230
  -1   -2     -0.923    -23.974      8.544
  -1  625      6.975     22.487     11.898
1219   -2     21.270    -21.197      8.200
1234   -2     24.139    -17.307     10.908
  -1 1065    -25.408    -12.782      8.893
1226 1182     -4.552    -25.845      0.705
1240 1189    -27.755    -12.783      8.753
  -1 1195     16.336     22.993      9.985
  -1 1165     -3.423      3.553     11.178
   6   -2    -10.420     -2.218     11.802
  22 1211     16.311      0.463      5.603
 698   -2      3.822      3.421      2.096
  -1  523     -3.433      1.093      6.891
  -1   -2     -3.416      1.043      6.873
1263   -2     12.163      5.148     10.420
  -1   -2    -11.235     13.815     11.054
 446   -2     16.333     11.192      4.216
  26 1213     14.688      5.944     -9.689
  -1   -2     17.286     -0.922      8.670
  -1   95     17.437     -0.831      8.365
  -1  184     18.884     -6.233     10.843
  -1   -2     18.402      2.730     -0.687
  -1   -2     24.856     -4.385      7.605
 585   -2    -13.962      8.583     -4.324
  -1 1265    -13.436      7.307     -1.182
  -1   54     24.347     -2.050      7.213
 251   -2     11.686      2.922     -0.691
 538  454    -11.292      0.292     11.921
 191  180     21.028     -4.826      2.749
 210   -2    -10.009      4.944    -10.784
 101 1220      3.256      0.099     -7.317
  -1   -2     19.267      0.032     -8.488
  57 1267      2.464     -7.522     -2.735
  -1 1241     19.569      4.689      2.080
 114   -2      0.973      3.587     -9.565
1008   -2      0.401      0.478     10.140
 363  733      2.468      0.310      8.676
  -1   -2      3.716     11.373      1.802
  81   -2     26.387     -6.411      7.993
1280 1269    -14.196     -1.361     11.063
  -1   -2      1.802     -5.533     -1.865
 459 1049    -14.717     -1.887      5.431
 247  863      3.855     10.427      4.888
 701  428     20.405      9.795     -7.444
 601  627     25.929      1.766      7.844
  -1  668     20.251    -17.140      6.412
  -1   -2      4.728      2.199      2.028
 487   -2     -5.214     16.113      6.670
  -1  618     12.749     -2.326      1.378
  -1  326    -15.450     -7.622      4.154
 753  274     23.165      2.525     10.787
 533   -2     20.730      9.700     -2.126
1201   -2    -17.302     -3.213      9.168
1266   -2    -10.893     16.287      9.886
 323   -2     -5.613     13.589     10.329
 741   -2     19.720      8.659      3.833
 859   -2    -12.352      0.359     11.382
 637 1030    -10.143     11.562      8.135
  -1  235     25.941      6.743      5.411
  -1  164     22.979      0.849     10.586
 505   -2    -18.738     -4.077      0.440
  -1   -2    -10.405     -2.265     11.843
  -1   -2     -2.297      6.110      1.785
  -1  872     -1.762      5.518      3.049
  -1   -2     -3.416      1.043      6.873
  -1   -2     -3.423      3.553     11.178
  -1   -2     -3.423      3.553     11.178
  -1   -2     18.365      2.307     -0.824
1311 1280    -11.953     -0.618      3.647
  48 1215     24.521     -1.944      7.544
  -1   -2     24.856     -4.385      7.605
  -1   -2     17.286     -0.922      8.670
  -1   -2     17.437     -0.831      8.365
  -1   -2      5.622      0.515     10.571
  94   -2    -11.795      6.753      1.653
 107   -2    -10.925     16.040      8.173
 661   -2     19.478      4.812      2.353
  -1   -2      0.216     -2.650     -0.298
 981  426      9.111      0.851     -5.458
  -1   -2    -16.422     17.315      3.047
  -1   -2     -3.423      3.553     11.178
  -1   -2     -3.416      1.043      6.873
1245   -2     -3.433      1.093      6.891
  -1   -2    -12.869     -2.023     -3.412
  -1   -2     -1.762      5.518      3.049
  -1   -2     17.437     -0.831      8.365
 449   -2     24.864     -4.368      7.547
  -1   -2     19.097     -0.044     -8.152
  83   -2      5.656      0.572     10.511
  -1   -2    -16.422     17.315      3.047
  -1   -2    -11.227     13.842     11.109
  -1   -2     17.286     -0.922      8.670
  -1   -2     17.437     -0.831      8.365
   4 1288     -3.423      3.553     11.178
  -1   -2    -11.227     13.842     11.109
  -1   -2     17.286     -0.922      8.670
  -1   -2     17.437     -0.831      8.365
  -1   -2    -12.869     -2.023     -3.412
  -1   -2     17.893      3.497     10.993
  -1   -2    -11.227     13.842     11.109
  -1   -2     17.286     -0.922      8.670
  -1   -2     17.437     -0.831      8.365
  -1   -2    -12.869     -2.023     -3.412
  -1   -2    -11.227     13.842     11.109
  -1   -2    -12.869     -2.023     -3.412
  -1   -2     17.286     -0.922      8.670
  -1   -2     17.437     -0.831      8.365
  -1   -2    -11.227     13.842     11.109
  -1   -2    -12.867     -2.030     -3.427
  -1   -2    -11.227     13.842     11.109
  -1   -2     17.286     -0.922      8.670
  -1   -2     17.437     -0.831      8.365
  -1   -2     17.286     -0.922      8.670
  -1   -2     17.437     -0.831      8.365
  -1   -2     17.286     -0.922      8.670
  -1   -2     17.437     -0.831      8.365
  91   91     19.097     -0.044     -8.152
  -1   -2    -11.227     13.842     11.109
  -1   -2     17.286     -0.922      8.670
  -1   -2     17.437     -0.831      8.365
  -1   -2     17.286     -0.922      8.670
  -1   -2     17.437     -0.831      8.365
  -1   -2     17.286     -0.922      8.670
  -1   -2     17.437     -0.831      8.365
  -1   -2    -11.227     13.842     11.109
  -1   -2     17.286     -0.922      8.670
  -1   -2     17.437     -0.831      8.365
  -1   -2    -11.227     13.842     11.109
  -1   -2    -11.227     13.842     11.109
  -1   -2    -11.227     13.842     11.109
  -1   -2    -11.227     13.842     11.109
1358   -2    -11.227     13.842     11.109
1272 1266     -2.297      6.110      1.785
1359 1316     16.755      7.822     -5.503
