1356
 831   -2    -10.002      5.885      8.247
  -1   -2     25.184    -14.957      7.046
  -1    2     12.588      0.181      2.516
 197   -2     -2.097     15.062      7.368
  -1 1226      0.726     -0.448     11.738
  -1   -2     12.939     -8.904     11.867
   6   14      4.865     -6.203     12.482
   4   -2    -10.651      7.418      9.737
  11 1292     18.229      8.992      9.101
 631  572     18.928     -6.215     10.338
  -1   -2     16.430      3.643     -7.927
 692 1123     13.589     -6.544     11.006
 929  668     18.529      5.199      1.946
  -1    8     15.923      1.830     10.392
 333  145     -8.095     -1.214      5.242
  -1   -2      8.904      9.337      0.018
 315   -2     -1.606     -1.024      0.328
 930 1095    -13.089      6.031      8.225
  38   -2     -5.687     -0.621      4.425
  -1   -2      7.064      4.705      8.006
1251   -2      0.859     10.581     10.663
 239  205    -11.861     -1.722      9.441
 244 1115     21.596      8.053     12.092
  -1 1306     16.717      1.826     -1.355
  88   -2     -5.639      0.063     -7.948
  46  100     -1.676      6.363      0.558
  86  512      1.095     -1.171      9.033
  -1   -2     -5.400     -1.613     -7.054
 339  674      1.551     -3.770     11.597
 651  807     12.328      9.157      9.528
  -1   -2    -14.262     10.559      6.671
  -1   41      5.346      0.256     11.599
 880   -2      2.683     -1.241      8.680
  49   -2      5.181      0.153     -3.655
  -1   25     19.908     13.079      6.192
  37 1234    -13.741      7.290      3.131
 680   -2     17.117      3.107     -3.417
  31   -2     -9.696     -1.206      4.574
  -1   -2     12.861     -4.415     -2.206
 203 1316    -11.094      9.986     -7.159
  -1   -2     18.819      6.271      8.038
  50   21     15.083      3.815     11.002
 641   17     -5.336      8.945     -6.915
  -1   -2     11.683      0.006      4.002
  -1  748      7.589     -7.670      5.706
 872  506     16.700      0.858      9.269
 142   -2    -13.515      5.716     -2.124
 619   -2      9.731      3.211      5.325
  -1   66    -15.886     14.836      5.800
 200   -2      3.192      0.280     11.778
  -1  345     23.559     -6.754      1.027
 260   -2    -16.602     -0.463      5.791
  -1   -2     20.381      5.469     -2.077
  -1   -2     -5.192    -12.539     -0.038
1115   -2     -3.136     10.890     11.819
  -1   -2     11.231     -4.349      3.079
 111   -2    -19.847      3.286      8.593
  -1  213    -10.195      4.991     -4.240
  -1   -2      6.233      0.047      9.415
 188   27     15.911      2.208      6.407
  -1   -2    -11.115     13.799     10.978
  -1   -2     -7.913      5.156     -0.317
  -1 1303     -9.590     -2.940     11.508
 559   87    -15.854      1.462      9.014
1201  295     19.406     12.706     10.482
  -1   -2     12.202      4.086      8.255
1170   -2      6.312     14.544     11.123
  22 1014    -11.891     14.902     10.688
 689  728     19.974      4.683      9.471
 924   -2    -10.618      8.269     11.111
  -1   -2     11.894      6.931     -4.005
  60   -2     13.711      4.301      3.726
 749   -2      8.353      4.248     12.082
  -1   -2     -8.831     -2.225     -2.319
 160   -2     22.552      3.956      8.098
  -1  125      6.968     12.521     -7.458
  52 1238     22.623      2.597     11.449
 233   -2    -16.433      0.506      0.003
  -1   -2      1.215      7.463     -0.519
 574   47    -14.652     -0.147      6.131
  48   73      9.746      4.226     11.623
 180   -2      5.306     -2.853      4.031
1296   63     -4.088      3.177     10.011
  -1   -2     14.910      8.184     -1.733
 610  712     -6.682      5.535     -7.586
  -1  264     17.748     13.242      6.112
 169   -2     24.716     -0.843     11.850
 277  311      9.370     12.650     11.626
 397 1251    -13.449      7.473     -1.430
 181 1256     19.545      3.073      2.493
 405   -2    -20.365      0.769      8.763
  -1   -2      4.987      6.011     -7.387
  17   75    -14.844     -1.956      5.435
 684   -2     15.504     -6.447      0.350
  -1  764     -0.973      3.395      0.578
 191  713    -12.013     -6.874     12.312
 253  718      2.222     -1.426      0.272
  -1   92     16.171      0.734      6.283
 514   -2     -2.112      3.324      5.840
 219 1259     -9.283      1.415     10.601
  -1  156     15.240     -0.604     -1.671
 678   -2     -6.788     -1.103      6.531
 763    4      7.919      6.326      1.433
  -1   -2     26.376     -6.279      8.061
 174   89     -7.739     15.855     10.595
1293  954    -12.272     11.705     10.777
 620  562     -1.491      1.521      9.448
  -1   -2     19.429      2.595     -9.348
  -1   -2    -12.124     -0.383      3.428
 123  730     13.618     -4.161      2.359
   9   -2     15.221      3.212    -10.515
 810   -2     23.555     -5.470     12.221
  61  607     23.327      2.577      6.904
 579  515     22.921      4.761     -0.597
  -1  774      6.409      0.251      1.733
1288 1301     18.983      2.603      7.011
  -1   -2     -0.898      3.460     -4.247
 389   64     -1.000      6.697     -8.603
 221  729     25.887      6.937      8.697
 741   -2     -2.164     -0.092      8.447
  -1  104     12.126     -5.535     -5.512
 564   -2     -3.738     -5.837      3.300
  74 1241      9.569      4.875      8.189
  -1   -2     -4.722     13.296      5.486
  -1   -2      6.494     -0.485     12.002
  -1   -2     13.841      6.213     -4.383
  -1   68      6.499     -2.498      3.488
  36 1305     14.318     -2.861     -5.250
 229   98      6.626      5.894      5.088
 501   51     16.704     -8.796      7.487
  -1  103     15.999      8.764      4.720
  -1   -2     13.687     -2.315      1.095
 437 1002     23.180     -6.925      6.142
  -1  520    -11.040      1.157     -6.716
  -1   -2     14.111     10.017     -6.863
  91  115     15.525     -1.266      1.618
  -1   -2     -8.752     12.909     -4.606
  -1   67      1.325      9.137      8.336
 599   -2    -17.334      5.577     11.559
  -1   -2     19.588      0.899     -6.919
  -1  500      0.280     13.450      7.812
 417 1271     18.442     12.199     -7.857
  20  122     18.526     -4.887      8.672
 413  364     21.912      6.505      4.516
 117  450     15.379     12.397     -4.251
  -1   -2     11.388     10.854     11.237
 502   -2      0.387      2.398      9.018
  76   -2      5.235     -1.616    -12.597
  71  316     11.439      2.605      9.027
1156   -2    -18.336      4.717      6.694
  94   -2      0.484      5.922     -1.736
  98   -2     12.910      2.227      5.771
 473   84     17.171      7.594     -2.619
 995  608      4.027     -9.596      1.810
1291   -2     14.462     -8.628     11.806
 885 1263    -10.794     16.553      8.489
  -1   -2      9.566     12.147     -1.074
 884  837    -16.527     11.813     11.592
1065   -2     -8.563     -3.663      6.168
  -1  930    -11.920      0.742      2.386
 394  358      2.354      3.662      7.730
 290  208      0.009      8.449      3.374
  -1  409      7.367      0.530      2.384
 362   -2      5.611      4.227      9.055
 890   -2    -19.756      6.597      7.772
1190  593     22.347     10.316     10.460
  -1  922     16.476      6.082      8.502
 299  350      2.567     11.268     10.071
 132   -2     13.431     11.867      8.804
 492   29     -5.957      9.321     -3.955
  35   -2    -12.575      9.581     10.558
 767   -2      7.015     -8.074      9.329
   0   -2    -10.127      4.222     11.749
  62   -2    -10.633     -0.787      9.161
 122   -2     -1.539      1.142     12.398
  -1  484     22.038      7.287     -2.717
1266   -2    -11.215     -2.816      4.650
 166   57     -3.809     -0.800      5.082
 274  488     -1.691     10.852      5.323
  -1   -2     -7.819     -6.371      9.876
  -1  787    -12.689     12.650      3.909
  -1   -2      0.453      2.967     11.962
  -1   -2     -1.048      2.896    -11.461
 337   -2      9.153      1.834     -5.855
  -1  204      3.292     12.157      8.639
 743  446      2.597      0.801      8.047
1295  150    -20.063     -0.990      9.294
 234  279    -13.163      8.459    -10.298
 528   -2     18.951      8.480     -3.721
 162 1098     22.351      0.838     -0.970
1151   -2     25.390     -1.231      4.876
 116  215     -0.329      1.974     -5.308
1259  579     -2.152     -1.547     10.603
  -1  602     -6.981     13.423      5.410
  -1  130      5.209      9.423     -9.976
 157   -2      2.893     15.439      9.109
1174 1287     24.058     -2.591      9.662
  -1   -2     19.638      6.860     -1.515
 842  283    -16.372      0.627     -4.111
  -1   -2     22.879     -2.963     10.667
 403  692     10.891     15.426      7.538
  -1  194     19.422      7.848      8.232
 331  630     23.582     -4.002      5.385
 293 1267      2.738     -8.145      2.824
  -1  234     10.842     -0.156     -0.937
 187   -2     25.469     -4.450      5.684
  -1   -2      2.887      3.680      0.582
 199  107     24.664      0.751      9.389
  -1  129     -0.545      2.205      4.578
 131   -2      7.102      4.039      6.289
 911   59     14.326     -6.470     11.399
  -1  336     21.900     -6.393     11.981
1019   99     -5.087     14.973      6.428
  -1   -2      9.332     11.573     -5.502
  -1   -2      5.646      1.355    -10.705
  -1   -2    -17.445      0.313      4.136
1116  927     12.341     -6.999      5.140
 319  248     19.442     11.715     -4.194
 947  811     22.836      7.419     -0.293
 418  317     11.734     -5.697    -10.487
  -1  117     -3.025     -2.276      5.374
  -1  109     10.353     -7.875      4.441
  -1 1311     -6.055      6.695     -0.784
1129  847     15.860     11.156     -4.542
 662  274      6.345     10.065      6.050
  -1  172     11.969      5.376      5.921
 762  707     20.346      9.298      6.404
  -1  322    -19.304      9.353      8.660
 165   -2     19.506     14.649      5.521
  -1  595    -16.551      9.438     -0.233
  -1   -2    -15.645      1.786     11.283
 164 1253      8.475     14.819      5.851
  -1  479     -1.379      3.397      9.687
1247  136     -9.571     -1.886      2.593
1121   -2     -4.187     13.647      2.389
  -1   -2     20.891      2.690      7.855
  -1   81     17.248     11.189      1.922
 708  917     17.177     -0.520      8.195
  -1   -2    -12.608      7.898     -6.754
  -1 1257     10.371     11.749      2.334
  -1  326     -4.231     -7.919     11.552
 509  899     -1.482      8.234     -3.834
 712   70     14.545      9.168      9.939
 906  913     22.967      3.809      4.379
 321  263     -2.000     -6.426      2.941
  -1  470      8.786     -8.385     11.607
  83   -2     -4.388      8.172     -2.717
  -1   -2     14.747     12.792      4.524
 289  207    -10.464      6.033      4.038
  -1   -2     20.886     -6.668     11.426
 988  243     -5.201      7.368     -2.282
  87  476     -0.539     11.451      3.428
1029 1038     19.433     -1.097      8.925
 834   -2    -17.480     -2.091      4.356
 388   -2     18.239     -4.262      5.006
 412   -2      8.248      4.048      7.163
 106 1245    -16.140     -2.503      2.291
 177  781    -10.549     12.821     -1.783
 424   -2    -16.659     -2.884      8.525
 750  640     16.459     -0.487     -2.108
  -1   -2      8.732     -6.583      7.289
 596   46      0.454     -1.665      7.058
 209 1258     21.541     -9.722      9.053
 800  758     25.582     12.765     11.653
  -1 1083     -0.291     -4.533      5.160
 129   -2     25.599     -3.690     11.807
  -1  357    -13.094     -3.261     -1.995
  -1  492     18.468     16.957      4.318
 937   -2     -1.260     14.213      0.602
 798  226    -14.789      8.026     -3.880
 854   -2     -0.376     -2.248     11.161
 468   -2    -18.562     11.087      9.728
 611 1181      3.061      5.826     12.416
 349  578      8.914     15.999      4.123
  -1   -2      1.778      7.314      4.324
  -1 1145      1.698     -1.814      4.457
  -1   -2    -12.584     -1.601      0.116
  -1  438     -9.602     -3.884     -1.336
 168  199     12.483      6.040     -9.873
  -1   -2      7.631      0.698     -6.542
  -1 1109     15.517    -10.992      3.962
 409   -2     25.469      3.984      4.693
 173  252     18.008      7.460      5.545
 449  238      7.906     14.872      9.424
  -1   -2    -12.091      2.648     11.838
 858  218     12.322     14.798      8.393
 460  349     11.392     11.401     10.792
 790  845    -17.538     13.216      6.697
  -1  968     21.850    -16.518      2.975
 306  420     17.111     -8.908     12.603
  -1   -2    -13.383     -5.802     11.255
 549   -2     -2.798     -1.429      0.311
 102   -2     15.560     -7.720    -12.180
 586   -2     22.727     -7.871      2.593
 747 1073      9.335      0.322      8.597
  -1  697     11.677     15.250      1.277
  -1   -2     -9.273     -6.342     -3.119
  -1  154     26.660      2.685     11.175
 410  947      2.807     10.353     -2.399
  -1   -2      6.877      8.164      8.821
  -1   -2     25.704     -7.904      7.722
  -1  741    -15.168     -9.376      6.779
1086  769     -9.335     -1.674    -11.708
  -1   -2     11.244     -1.383     -4.679
 983  102     -9.416      9.984     -1.674
 421   -2     15.608      9.826     -9.084
1126  514     -3.202     -1.881     -1.778
 979   -2    -17.509     -4.738     10.016
  -1   -2     25.426      3.482      9.176
 130  141    -19.552      5.551      7.727
 565 1155      8.012     16.304      4.500
 435  638     16.400     11.741      7.963
 269 1264     21.395      5.368      9.607
 442   40     16.452     -4.230     -7.947
 408   -2      1.195     11.730      1.211
 446   -2     14.266     16.358      9.160
 430   -2    -11.132     -4.806      9.166
  -1  451    -19.832     -2.760      9.216
  -1   -2    -16.352      4.318      4.137
1062  731     18.108      8.194     12.185
 237  882    -11.274     11.854     10.238
 805   -2     24.446      8.880     10.461
  -1   -2     12.846      2.615      7.929
  -1  170     19.626     15.012      4.104
 928  620      8.940      6.240      4.840
 387  185     10.589      4.812      4.038
 139   -2     17.448     14.074     -1.968
  -1  235     -5.491     -1.921      5.068
 909   -2      1.255     12.216      7.979
  -1   -2      1.364     -3.039      9.883
 192   -2     11.812      2.163      1.337
  -1   -2     12.963     10.815     11.831
1023   -2    -10.327      9.144     -5.494
 474  406     13.651     -5.973      6.302
 271   -2     11.823     10.836      4.347
  -1  375     14.091     10.727     -3.853
  -1  388    -14.190     -7.435     11.668
  -1  750      1.765     -1.276      5.093
  -1  174      9.205     -0.103      3.217
 391   -2     -2.949      7.356      0.799
1277   -2     15.539     15.347     -0.795
 347   -2    -14.145     -0.373     -6.830
 297  436     25.393     -6.960      7.384
  -1   -2     19.235     -4.387      1.398
1102  677      6.074     -7.995     -0.506
 934   -2     24.015     10.753     11.259
 933 1198     15.655     14.495      9.318
 264   -2     12.030      6.399      8.007
  -1   -2      9.002      9.538     -6.099
 516   -2     10.603     -7.548      9.704
 472  582      4.107     10.210      8.668
 765  287     16.154     13.561      3.207
  -1   -2      9.136      3.229      2.616
  -1   -2     17.525      4.887      6.494
1083   -2     25.537      2.143     10.070
 436   -2     -8.859     14.112      6.340
 170   -2      8.684     16.358      9.851
  18  247      3.458      5.960     -2.200
 300  277      4.655     12.328     12.521
  -1  534      0.642     -7.221     -3.016
 335   -2     23.488      0.451      7.599
  -1   -2     23.023      8.700      5.319
 942 1141     10.625     -3.798      5.988
  -1  126     -8.954      9.798      4.836
  -1   -2     14.888      7.315     -8.608
 185   -2    -13.381     -4.394      4.419
 650   -2     22.405     -2.587      5.789
  -1  166     25.550      4.716     11.045
 507  299     22.518     13.049     11.550
 695  245     16.525     17.429      6.148
  -1   -2     -3.976     -3.618     -4.783
 267   -2     18.007      3.676      6.790
  -1   -2    -17.894      4.091     -2.472
  -1   -2      9.728     10.751      4.778
  -1  732      2.036      9.141      4.254
  -1  554     16.545     13.304      5.750
1091  690     12.541    -10.794      4.864
 633  581     21.418      5.033     -5.818
 685  390    -18.072     -6.837     12.001
 959  231     23.445      5.127      8.480
  -1  996    -10.087      4.925      3.535
1255  230     -3.298      5.501      7.113
 303   -2     11.347     -0.495     -4.211
1189   -2     12.558     15.753     11.003
  -1   -2      2.370     12.857      1.723
 223  535    -10.111      8.142      5.626
  -1   43      9.082      7.546      2.508
 839   55     -6.630      2.337     -6.634
  -1   -2     23.364     16.431      5.769
  -1   -2      6.925      3.030      1.464
  -1   -2     -6.141     -2.004      1.661
 272 1265     16.022      1.465     -1.383
 553   -2      6.532      2.461     -1.108
 894  719     -3.496      7.156      9.467
 150  819      8.192     -3.059     12.124
 463   -2     -2.127      4.688      9.840
1130  340      7.064     13.036     -2.686
  -1   -2      3.869     -5.291     -6.424
  -1  200     11.836     -3.838     11.294
  -1   -2     10.105     -4.652    -10.926
 445   -2     -5.681      7.169      7.344
  -1  994    -16.161      3.142      3.495
 728   39     -3.129      8.189      3.414
  -1   -2    -17.258      5.269     -0.291
 535   -2     12.085     13.322      4.985
 601  447      7.589     -4.756      4.892
  -1  483     14.304     -5.901      9.818
 450  920    -15.880     10.448      3.816
 569   -2     20.564      9.801      3.465
  -1   -2     19.661      6.407      3.060
 525   -2      0.342    -10.170      3.484
  -1   -2      5.374     11.013     -1.739
  -1   -2     13.260     -6.636      9.270
  -1   -2      7.327     -1.515    -10.738
  -1  671      6.060     -1.896     -1.442
  -1 1274     12.839      4.198     -4.800
 849  890      8.193    -12.941     -1.285
  -1 1132     -3.342      3.510     11.121
 276   -2     21.213     -5.971      9.017
 369  228    -15.807      7.063     -3.277
  -1   -2     18.405     -1.766     -2.266
  -1  705     14.793      7.250      7.529
1161   -2     17.863     16.836     11.222
  -1   -2      4.259     10.062      6.686
 396   -2     -1.592     -5.051     -0.100
  -1   -2     17.093      8.521     -0.270
1059  411    -13.457     -1.202      4.209
 701 1125    -18.860     -8.114      9.759
1140   -2     22.319      5.927      3.654
 363  824    -16.104     -0.353     12.172
  -1  455     -5.526     -9.544      1.376
 115  108     -8.589     12.202     -5.200
 796   -2    -16.070     10.717     -2.701
 458  619     17.464     13.589     12.059
  -1   -2     -1.065     11.479     -8.779
1245   -2     20.932     -4.885     -9.422
  -1   -2      5.525     -5.965      4.254
 179  334     19.344      2.710     -5.163
  -1  480     13.085     -1.892      4.541
  -1  793    -14.060     12.699      8.658
 935  314     13.035     -6.226      8.016
1177   -2     10.829     13.116      7.415
1095   -2     26.067      6.688      5.669
 511  286     17.310     -0.828      4.750
 592   -2     13.499      7.544      3.445
1275  416     22.748     10.960     10.468
  -1  487    -12.615     10.399     -2.285
  -1  573     21.568     -2.712     -8.007
  -1   -2     10.912     -4.548      2.640
  -1  135    -20.666      2.388      9.556
  -1   -2      5.262      5.086    -10.680
 821  628      4.544      7.065      7.120
 258  280    -14.421      5.568    -11.686
 308  266     18.891     13.399      4.776
  -1  439    -16.652     -3.187      4.999
 224   -2    -12.969      0.652      5.870
 673   -2     13.385     -6.726      4.278
 820  227     14.280     -9.879     10.573
 806   -2      6.387     -2.544     12.459
 668  833      5.558    -10.525     -1.374
 581  407     17.355      6.151    -10.775
  -1   -2     15.637     -3.702      5.888
 964   -2     17.730    -15.857      4.896
  -1  251     -5.295     10.714     -7.234
  -1  521     -1.050      7.220      6.378
  -1   -2    -13.169     10.464     -8.546
  -1   -2    -13.972     -7.524      7.277
  -1   -2     -0.433     -6.980      8.713
  -1 1017      6.649      9.146      9.759
  -1   -2      4.308      1.497     -8.603
  -1   -2     18.077     -3.009      9.311
  -1  770     10.058      8.260     11.638
  -1  225    -18.960      1.197      6.219
  -1   -2     -1.872     -2.098      6.806
  40   -2     -2.571      1.944      8.685
  -1  914    -10.837     -4.409     11.156
1141   -2      7.891     -6.464     12.013
 829  197      8.928      3.844      6.707
 941  309     27.729     -3.931      8.271
1304   -2     -7.478     -6.096     10.046
  -1   -2      3.731     12.857     -6.391
 932  934     10.866     17.073      7.618
  -1   -2     -2.758      7.817     -8.409
 317 1052    -16.839     -3.273     10.409
1098   -2     25.266     -6.777      9.351
 515  306    -12.486      1.629     10.038
  21   -2     -0.797     -9.699      9.380
  -1   -2     18.816     -8.671     -0.520
 147  563     -8.258     -4.473      4.365
  -1   -2     22.219     11.857      7.132
1073  288     21.110      9.533     -2.784
 694   -2     26.280     -1.326      8.974
1045  524     25.063      1.574      3.781
 846   -2     -3.060      9.470    -11.617
 660   -2    -16.208    -10.123      7.008
  -1  503      2.390      3.512     11.398
  -1   -2      4.423     -2.897     -1.526
1202   -2     -2.779     11.687      6.337
  -1   -2     21.867      1.101      4.086
  -1  695     11.849     -1.556      7.604
  -1   -2     -1.483     13.174      6.707
  -1  896     -6.441    -12.411      5.359
 571   -2     -7.515     16.422      7.714
 720   -2     22.030    -10.563      5.178
  -1   -2     -2.952     -3.559      6.791
 505  146      6.051      1.730     10.293
 279   -2    -15.556      2.411      7.113
 895   -2     13.215     -9.539      5.836
  -1   -2     23.052     -4.215      9.809
  -1   -2     15.003     -0.373     -5.113
1286  575     -4.374     16.648      6.270
  97 1111     15.521     -1.287      8.376
 766  369      9.755     -1.228     10.257
  -1   -2      8.052     -6.704     -2.755
 603  749     14.214     15.765      6.786
  -1   -2     -6.652      7.855     -6.417
  -1  892    -14.875      7.416     -0.215
 551   -2     10.357     -5.972      7.213
  -1   30      6.275      4.108      5.341
 748   -2     -6.905     15.410      4.710
  -1  995     21.953      6.052      1.416
   8   -2     -0.944     10.249      8.696
  -1  926     16.331    -13.381      4.945
 240   -2     16.514      6.937     10.630
  68   -2     10.711      8.761     11.105
  -1 1131      7.625     -3.586      4.065
 395   -2     13.222     13.985     -4.737
 109   -2     20.777     10.542      5.495
 486  176    -16.365     11.513      2.957
  -1   -2     11.115     -3.315     -8.868
1068  430     16.158     -3.643      7.330
1113   -2     22.607     -0.760     12.159
 699   -2      3.141     -3.686      6.322
 470   -2      4.854    -10.032      5.548
  -1  371     -9.709     -6.379      7.484
  -1   -2     14.304      8.591      7.666
 560   -2     20.450      3.767      7.011
 357  530      5.030      9.314      7.053
 141   -2      3.888     -6.646     -7.489
 220   -2     21.411     14.416     -3.120
1003   -2     11.094     -1.135      4.523
 913   -2     22.292     15.827      9.613
 374   -2     11.485     -4.309     11.293
  -1  786    -10.414      2.397     12.083
 539  395      9.806     11.743     -9.345
 298   -2     17.441      5.260     10.207
  -1   -2     16.262      3.396      1.391
  -1  209      8.832     -7.009     12.317
 970   -2     14.781    -17.695     12.025
 776   -2     22.846      0.915     10.448
 826   -2     -4.853     14.720      3.177
 529   -2      5.139     13.805     11.667
 718  594     20.913     -6.637      2.238
1097 1134     -9.933    -17.176     10.236
1188   -2     25.149     11.595     10.062
1028  857     24.480      7.086     11.522
  -1 1076      7.059     -1.851      7.712
  -1   42      4.527     -1.261     -9.994
 665 1008     12.311     -2.133      2.139
 354  549     -7.214    -11.222      1.896
 327   -2     -0.641      8.159    -11.251
  -1   -2     -5.964    -12.574     11.993
  -1 1300     14.215      4.642     10.470
 316  647     18.935      7.291     -0.828
1096 1285     24.627     -3.865     11.183
  -1   -2     -1.040     13.237     12.448
 927   -2     -3.348     -6.556      9.606
  -1  432     17.441     -1.531      8.034
 649   -2      1.565     -4.130      6.414
  -1  904      0.761     13.019      7.494
  -1  546     12.224     -6.185     12.245
  -1   -2     -4.858     -2.144      7.634
  -1  144      6.092      8.810      0.919
 318   -2     18.215     15.408      7.926
 850 1130    -16.846     13.180     11.229
 573  392     24.237      1.015      0.756
  -1 1179      1.795     13.883      7.655
 626 1178     16.808     -7.802     -0.286
  -1   -2      3.420      9.984      6.308
 661 1189     -4.335     -2.907     10.683
  -1  410     -0.981      7.523      9.628
 590  592      6.431      4.818     10.587
  -1  756     25.777      0.914     11.595
  -1   -2     21.733     -4.512     10.274
  45   -2     13.373     -7.633      5.297
 830   -2     25.031    -10.132      9.982
  -1  684     -3.240      2.278     11.000
 483  459     -1.906     -7.036     10.256
 922   72      6.213     -8.111      3.753
 628  486     12.567    -13.393     -3.502
1150 1150     16.690     15.438      8.225
  -1   -2      1.562     -5.184     10.997
  -1  670      4.118     -7.497      4.742
 990  341     15.338      6.283     -4.783
 985  398      5.063     -0.303      9.086
 259  771     13.345     -5.558     11.789
 754   85    -19.574      1.047      9.970
 561   -2     17.451     -2.257     11.962
 980  659    -19.746     -9.519      9.598
  -1   -2     14.733     14.641     10.755
 555  650     20.549     -0.916     -7.008
  -1   -2     18.570     -4.542     11.825
1290  584     11.572     -1.995      3.475
  -1   -2    -17.580     -3.505      2.715
 732   10    -13.060     -2.964     10.157
  -1   -2     21.844     13.376      3.601
  -1  657    -11.649    -14.925      9.638
 513  445     18.977      9.459      2.635
 493  696      9.560      6.862     -1.100
  -1  596    -11.912     -2.147     -9.221
 670  376     16.155      7.972     10.089
 816  270    -12.946     -2.237      4.297
  -1   -2     -1.990      9.552      2.490
 643   -2    -11.371    -11.141     -0.540
  -1   -2     23.519      5.326     -0.852
1285   -2     13.428     12.452     -8.170
 969  614     -6.213    -11.427      9.966
  -1   -2     -7.384     -4.730     -2.709
 838   61     22.089      2.268      8.836
  -1   -2     13.900     10.091     10.966
 268  496     14.270      9.905      2.608
 587  489     -1.660      3.959     -4.297
 725 1029    -14.754     -3.295      5.111
  -1   -2      2.621     -3.919     10.380
 847   -2     18.188      2.054      7.144
1160   -2     21.868     15.641      5.136
 453   -2      8.656     -5.655      6.584
 228  402     12.799      5.024     -5.234
 494  342     -2.062      2.882     10.128
  -1   -2    -18.576     -0.442      9.364
 656  460      6.167     15.437     10.108
  -1  557    -11.350     13.428     -3.110
  -1   -2      3.519      5.341     -3.083
 280  301     15.754      5.449      3.433
 485   -2     10.104    -13.643     -7.224
  -1   -2     15.614     12.450     -2.751
 867 1167    -15.520     12.036      9.978
  -1   -2     23.023      0.433      0.830
  -1  372      2.077     -9.267      4.760
  -1   -2     -2.229      2.272      1.728
  -1  542     17.504      5.721      1.376
  -1  473     25.505     -3.198      3.624
 808  965    -13.462     11.709     10.547
  -1  304     20.415     10.532      9.280
  -1   -2    -14.747      3.816    -11.978
  -1  778    -11.308     15.229      9.687
  28 1231     -9.319      9.430      8.152
  -1   -2      0.575     -8.446    -11.990
  -1   -2      2.243     10.088     -7.464
  -1   -2     -2.630      8.212     10.889
  -1   -2      2.297      5.443      4.768
  -1   -2    -11.789     -1.969      2.366
 323   -2    -16.886     -6.722      8.403
 784  611      0.894     -9.513     -0.928
1183   -2     10.390      9.957      9.557
  27  911     -3.191     14.422      6.120
  32  501     22.608      6.376      5.503
  -1   -2     20.381    -10.138     12.239
 939  805      5.175     16.585     11.053
1123  632     19.919      6.264     10.478
1149  412      9.295      8.427     11.519
 652  155     13.825      2.371      0.938
1176  571      3.773     -1.772     -3.332
 519   11      3.845      3.719     -2.952
1134  381     -2.717     13.044      8.745
 898   -2     -4.049      4.208     -3.694
 923  972    -14.073     -1.204     11.952
 778  431     22.638    -10.427      9.393
  -1  637     25.367     -6.896     11.421
  -1   -2      0.667    -14.344     -5.824
 671  775    -18.066     -3.976      7.374
  -1  528    -18.955     -4.370     12.182
 702  461     -0.911     -8.357     -0.439
 663   -2     -3.511    -10.914     10.123
 949  469      6.665      6.199     -0.854
 869   -2     19.461    -17.240     11.361
  -1  184     24.822      4.125      9.718
 427   -2      7.496     -3.104     10.438
 946   -2     19.773     11.750      2.525
  67  673     16.902     12.524     11.957
 478  971     -6.645     13.481      8.626
  -1  348     -1.539    -10.718      1.105
1037  597     -1.068    -12.259     -4.180
1205  773    -12.512    -10.903     10.649
  -1  123     21.983     -3.974      6.556
  -1  782     -6.387     -8.483      6.164
  -1  519     -0.528      7.521     -4.627
 547   -2      5.439     -3.254     -4.606
  -1  457     -2.384     -1.458     12.162
 562  743     -2.434     -8.686      2.378
1131  508     21.444     -2.453     11.468
 538   -2     -9.858    -14.689      2.841
 464  967    -16.210     -6.112      6.394
1026  966     -5.418     -5.999      9.096
  -1 1120      5.948     12.583      6.311
  -1   -2      1.095     -0.013      3.227
  -1  106     14.853     17.149      7.979
  -1  324     -2.441     10.388     -1.655
1094 1000     10.273    -14.571     -2.489
  -1   -2    -13.092    -12.549     -0.718
  -1   -2     -6.082     -9.164     -8.355
1182 1077      9.258      1.764      7.677
 443 1021     22.060      2.580     -5.990
 372   -2    -16.687     13.519      7.388
  -1 1177     15.349     -3.805      8.735
 563   -2      8.776     -6.693      1.372
1119   18     17.250     -5.880     11.073
  -1   -2     -5.413     -9.898     11.423
 359  284     14.439      1.284     -2.399
 639  768     17.164     16.278      2.093
1179 1018      0.071    -14.107      0.086
  -1   -2     26.373     -0.822     10.799
1055   -2    -11.927    -11.226      6.965
  -1   -2     15.257      4.014      1.624
 309  138     24.460     -2.754      8.251
 498   -2     23.724      3.882      8.523
  -1   -2     -0.858     -7.569     -8.953
 351   -2     26.543     11.159      9.281
  -1  233     -6.559     -6.027     11.295
  -1   -2      4.188     -6.821      9.565
  -1 1027    -13.341      6.212      3.135
  -1   -2    -16.458      1.987     12.180
  -1  763     -3.934    -15.500      3.144
  -1   -2     14.185      1.475      4.903
  -1   -2     20.756      3.562      2.529
 378   -2      7.641     13.436     -3.723
  -1  691     23.520     -0.843      3.271
 500  606     20.544     -8.408     -1.481
 960    1      1.011     16.275      5.606
  69  195      6.561      8.229      8.256
  33   -2     10.025      8.251      7.003
 912   -2     22.633      8.371     -1.647
 984  529     22.183     14.578      9.115
 787   -2    -10.022    -10.477      7.201
  -1 1186    -17.078    -13.404      0.632
  -1   -2    -12.409     -3.886     -7.842
  -1   -2     21.908     12.357      2.191
  -1  646     19.931     16.418     10.355
  -1   -2    -16.575      4.191     -7.850
 629   -2     -8.892     -6.965      8.409
 431  269    -12.834     -4.803      6.164
1016 1050     19.018     -5.992      3.752
  -1  196      2.048      7.388     -3.585
1159    9     18.827      3.262     12.054
  -1   -2     16.353      7.417      0.832
 761  485     19.240    -12.083      3.209
 544  400     18.272     -8.582      3.445
 904   -2     -9.932    -13.494     -2.441
  -1  308     -4.297    -10.798     -7.006
  -1  942     17.476     -5.191     -5.972
  -1   -2     -8.440     -9.091    -11.840
 886  254     22.125     -0.544     10.426
 844   -2     10.664    -16.094      0.377
  -1  964     17.424     12.626     -6.390
  -1 1016     13.537     -3.761      4.267
 835 1170     -6.420     -6.880     -6.927
  -1   -2    -10.861     11.560     12.476
  -1  323     -9.892     11.652     11.576
  -1   -2     23.066     12.038      2.664
  -1   -2    -12.705    -13.029      2.467
1287   -2     14.684     -6.116     -2.604
  -1  179      8.808     13.814      3.064
  -1   -2      8.649     13.326     -7.866
  -1   -2    -13.640      3.992     -3.024
  -1 1070     20.263      4.584     -4.618
  -1 1031     12.028     -3.570     -1.332
  -1  754    -20.137     -8.619     10.749
 355  686     -3.423     -9.224     10.669
1166  747     11.740     -2.170      9.732
 342  167     12.265      2.132     -5.114
  -1   -2     12.051      4.124     11.915
 751  978     12.855      6.271      8.234
  -1  387      3.489     -3.285     11.580
 536   -2     20.028     17.294      5.818
 322   -2     24.474     12.732      9.744
  -1   -2     16.245     -8.325      1.710
  -1  676     23.607      9.768      3.411
  -1   -2     21.761      9.943      4.841
  -1  725     -4.496      3.039     -6.658
 719  737      9.069     -8.014      4.723
 760 1317     -5.136     -9.176     -5.415
  -1   -2      4.661     11.964    -11.228
  -1  751     12.705     -0.150     11.916
1220  360     25.732     13.838     11.306
  -1  475    -10.754     -5.464     -0.794
 774   -2      2.324    -12.833      2.708
  -1   -2      9.578      6.621     -2.682
  -1  344    -11.104      0.895      5.162
  -1   -2      0.495     16.157     10.087
 480   -2    -17.301      7.927      8.673
 950   -2    -12.560     15.101      8.769
  -1   -2      9.984    -10.242      8.498
1088  812    -17.940      9.823      7.927
  -1  680    -21.005      0.839     12.162
  -1  961    -19.719      3.170      5.403
  -1   -2     28.167      5.924      7.260
1143  367    -10.951     -9.193     -2.381
 972   -2    -15.218     13.335      2.647
  -1   -2      4.641     15.261      0.718
  -1   -2    -12.192     11.078      1.037
  -1   -2     14.309    -10.207     11.865
  -1   -2     20.928     -7.039    -11.265
  -1  414     26.906     13.745      6.710
 568 1066     -1.036     14.204      8.257
 864   -2    -14.776     15.207      9.243
  -1  854    -12.207     11.995      7.859
 124  379     -9.420      4.255      6.641
 373   -2      1.394      5.045     -6.206
1038  366      5.297     13.768      5.787
  -1  193    -12.217     -0.663     10.669
  96   -2    -15.265      7.195     -4.599
 987  975     25.114     12.812     -2.231
  -1   -2     22.242     -4.397     -4.748
  -1  654     18.821    -17.054      5.266
  -1   -2     12.612     10.017     -1.740
  -1   -2     -8.960      7.509      2.710
  -1  177     -6.018     16.887     12.703
  -1   -2     11.213      2.113    -10.394
  -1  985    -14.315      8.014     12.445
  -1   -2     12.631     -6.913      0.248
  -1   -2    -12.356    -14.515      9.386
 630  558    -15.904      5.437     -6.375
 490  426     10.377     17.119     12.182
  -1  267    -13.909     -7.919      5.034
 863  916    -12.704      1.554      8.395
 739   78     22.542      9.745      4.021
  -1  844     -4.048     13.464      4.776
  -1 1277    -17.718     13.649     12.454
  -1  494     22.681    -10.773      3.082
1136 1059     11.711    -12.652     11.854
 836  338     25.754     -5.497      8.966
  -1   -2     10.963    -11.757    -11.916
  -1  851    -17.715      8.256      5.578
 819   -2     16.737    -18.333      9.179
  -1   -2     14.373      2.441      7.539
 764   -2     -4.065     -6.384      5.907
 958  818    -17.082     17.527      8.943
  -1   -2     13.947     10.567      0.323
  -1   -2      5.859     -5.297    -10.010
  -1  612    -14.944     -1.007     11.087
  -1   -2    -11.051      6.128     -0.782
  -1  220     25.946     -5.695     12.560
1060   -2    -19.185     -8.446      0.621
  -1   -2     -8.245      5.031     11.300
  19   -2      6.367     -0.515      9.987
  -1   -2     28.054      7.679      5.617
  -1   -2    -12.498     10.013     -2.583
  -1   -2    -13.317      1.429      4.745
 976  622     19.237    -14.696      5.100
  -1   -2     -0.184      4.928      6.790
  -1  790    -13.304     12.772     -1.002
  -1   -2      2.643    -13.793      1.387
 305  310    -10.837     10.164     11.092
 548   -2      1.184    -13.109     -9.958
  -1  993    -20.438     -7.966      3.623
  -1   -2     -9.518     -1.298     12.297
  63  981     -6.934     12.354      9.486
 556   -2      4.702     -2.885     12.197
 853  779    -13.401     10.922     11.391
  -1   -2     -7.380     16.589      3.895
  -1  275     -2.234     15.372     10.133
 428  586      4.234      3.960      5.927
  -1  878      3.770      7.027      5.089
 772  976    -13.058     -8.873     -3.407
 295   31    -18.901      3.980     12.479
 938   -2     26.128     13.545      7.634
 642   -2    -18.732    -11.126      9.867
 606  131     10.763      4.931      7.873
  -1   -2    -10.109      7.230    -11.922
 149   -2    -12.708      2.605     10.728
 893   -2     28.594      6.261     11.018
  -1  835    -20.673      1.996     12.506
  53   -2     19.933      9.046      2.455
 398   -2     -6.624     10.011      6.096
  -1  804    -12.432    -14.643     -2.119
  -1   -2      2.607     14.310     -2.238
  -1   -2     -5.342     -4.498     -5.792
  -1   -2     16.288    -13.872     12.811
  -1 1140     -5.734     19.584     11.968
  -1   -2     23.990    -10.456      3.759
  -1  313    -20.440      9.815      6.431
 471  784      3.365     16.076      3.549
1010  389      1.564     17.786     11.706
  -1  880    -19.331     12.810     11.202
  78   -2    -19.089     12.249      8.654
  -1   -2     -6.862      3.117     -6.603
  -1   -2    -12.361      3.260     -4.500
  -1   -2     21.378      5.235     -8.730
  -1   -2    -11.242     18.458     10.835
  -1   -2    -15.257     13.475     11.142
  -1  755    -11.602     -8.335      8.285
 966   34    -13.501     10.533      7.702
  -1   -2    -16.063      5.903      5.852
1085  355      4.079     10.682      2.376
  -1   97     13.632     12.200     -1.768
 889   -2     -4.270    -14.917      9.607
 852   -2      5.325    -12.588      1.834
 825   -2     25.698    -12.031      5.642
 697   -2     21.063     16.272      4.603
 683   -2     22.601     -4.285     -2.276
  -1   -2    -14.479     14.762     10.778
  -1  653     -3.328    -17.250     10.310
  -1 1086      8.809    -11.411     -6.820
 310   -2    -13.570     10.080      1.696
  -1   82    -13.945      3.515     11.700
 265   -2     -0.877     -0.572      6.552
1074  859    -18.253     11.790     -3.788
 422   -2      5.952     -8.517      8.733
  -1   -2      8.656     12.782      9.181
 848 1205     18.296    -18.930     11.249
1168  822     -0.948     -4.906     11.094
 455   -2     -4.157      2.127      9.628
 154   -2     -0.451     13.219      9.179
1231   -2     26.115    -16.281      8.402
  -1  353      7.068     10.581     10.292
  -1  262     15.814     -4.055      0.668
  -1   -2     14.795     -1.400     -4.474
 803  825     28.619      5.379      9.445
  -1 1143     -3.421      6.870     11.901
 415  380     11.851     -6.866      3.117
 951   -2    -12.009    -18.956     11.373
 432 1028     -3.905     14.643      8.966
 278 1266      6.998      2.890      5.667
  -1  393      3.364      8.031     12.331
  -1  111     -2.847     13.415     12.390
  -1   -2    -11.276     -0.754      1.043
  -1  440     -8.918      1.231      6.582
1014  498      4.426     -3.797      7.433
  -1   -2     26.738      5.010     12.711
  -1   -2     27.018      3.007      4.506
  -1 1138     -2.457     -3.999     11.389
  -1  999      2.615     14.414      6.654
  30   -2     -0.255      4.098      0.541
 127   32     -1.931      1.317     12.379
1006   -2      7.241    -14.842      0.983
  -1  683    -18.052    -10.325      6.944
 738  648     -8.697    -14.324      1.712
 646   -2     -9.421     16.801     10.148
1056   -2     -7.921     13.377      6.293
  -1  919    -19.596    -10.623     10.941
 783  523     20.742    -10.202      6.630
 595  330     16.175      1.663      4.030
 843  413    -10.747     11.747     -2.171
1192  715     11.950      7.470      2.288
 452   -2    -10.350     -7.990      9.659
  -1  544     15.359     14.702      4.139
 622 1191     19.393    -13.259      8.780
  -1   -2     -9.239      2.072      7.843
 998   -2      5.699    -15.127      5.215
  -1   -2    -18.857      9.972     11.849
 526  547     -4.441      1.612     12.351
 705   -2     22.237     17.972      5.803
  -1  598     23.265      3.854     11.789
  -1  434     23.356    -10.645     11.588
  -1  527     18.168     17.906     12.236
  -1 1079      3.919    -16.314     -1.181
  -1   -2    -15.114      3.323     12.632
  -1   -2     20.166      9.572     10.294
  -1   -2    -12.400     17.141     11.203
  -1  339    -18.335     -0.901      9.647
  -1  169     12.116     -1.173     -6.526
  10   26     -7.593      1.988      1.159
  -1 1168      0.773     18.924      7.015
  -1 1244     -5.821     -1.601    -11.796
1181   -2     23.926     17.124      7.179
  -1   -2    -14.741     12.667      9.394
 496  635    -17.615      6.040     11.774
 348   -2     -2.031     14.696     11.695
  -1   -2      9.855     11.473     10.537
  -1  182    -16.139     -4.002     -8.371
1191  658      4.842    -14.633     11.452
  -1  385      6.964     -9.902      9.914
 497  675     -8.400     -7.338     11.610
 254  188    -12.918     -8.788     12.226
1228   -2     24.241    -17.549     10.036
  -1   16     -4.140      0.926      4.417
 382   -2     18.334      5.049      7.554
  -1  191      2.570     -1.760     11.759
  -1 1039     12.444      4.582      9.395
  -1 1284    -14.363     15.017      7.915
  -1   -2     23.639      9.396     -0.861
 716   -2    -11.968      5.117      5.060
1033  766     15.485     17.437     10.915
  -1  302     -3.658     -7.756      9.792
 647  192      4.037     -0.875      1.730
  -1   -2      0.105     -3.865     12.285
  -1   -2    -13.063     12.783      7.047
 624  394    -18.299      5.836      6.977
  -1   -2     17.236     18.118     10.958
 580  663     -3.787     -3.164      1.530
 477  175     -1.126     -3.332      4.923
  -1   -2     -0.389     -7.977     11.432
  -1 1139     13.325    -19.802      4.353
  -1 1194     -5.960     -8.032      8.417
1105  870     -2.854     17.705     12.352
  -1  711      5.868     11.527     -2.420
 184  745     -2.745      6.619     11.229
  -1  258    -11.445     11.475     -1.285
 100  990     -4.108      2.303      5.780
  -1 1124     14.570      5.354      1.865
 366   -2    -15.804     -6.810     10.620
  -1   -2     15.086     -2.557     12.577
  -1 1036     14.823     13.221     11.678
1223   -2     23.888     16.720     12.516
  -1  846    -20.362     -4.938      3.854
 227  296    -15.989     -4.428      9.630
  -1 1024     10.197    -17.767      5.279
 896  626     -5.923     16.171      9.532
 682 1112     -0.418     -8.763      8.698
  -1   -2     27.931      3.313     12.255
  -1   -2    -13.143     15.045      6.177
 399   -2     20.539     -3.531      7.084
 714  244     14.547     10.803      8.209
  -1  559     26.550      5.109      8.001
1022  885      4.234     13.734      8.056
 634  788     -6.956     -8.027     -6.677
  -1   -2      8.040      1.452      9.561
1272  189      7.894      5.043     12.047
1110   -2      2.314     -0.430      6.037
1199 1127     -5.308    -19.528     12.010
  -1  443     20.406     11.783      5.006
  -1   -2      9.236      9.139      3.970
  -1  329     -2.745     -1.154      7.000
 600  110      6.688      3.549     11.259
 230   -2     23.772     11.552     11.741
 439  641     18.891      4.224      3.644
1221   -2     -0.783    -18.658      4.389
  -1   24    -12.740     10.506     11.676
 577   -2     -0.720    -10.096    -11.553
1013 1032    -13.007     16.108     10.097
  -1  147      3.827      1.137     10.647
  -1   -2     -3.546     14.755      3.751
 786 1103     24.310      2.185     10.669
1108   38      6.660     -4.314      4.168
 961  604     20.165    -15.967     10.985
  -1   -2     -7.050     -6.210      0.476
  -1   -2      2.939     10.363      7.986
1080   -2    -16.564     15.687      9.793
  -1   -2      8.174    -17.258      4.210
 840  237     16.073     15.941      8.527
 919  912      5.738     10.172     11.619
 779   -2    -11.398    -12.007     10.727
1012  468     22.662    -12.866     11.037
  -1   -2     -6.171     16.057     11.402
1020  698      4.970     15.297      8.534
  -1 1035     -7.607     19.890     12.325
  -1   -2    -21.442    -13.422      5.102
1195  716      7.943     15.115     12.429
 881   -2      9.548    -10.933      9.593
  -1   -2     15.561    -11.485     10.192
 484   -2     -4.374      4.580     12.561
1001   -2     -7.294     -8.973      9.988
  -1  694     26.992     -1.469     11.464
  -1  806    -17.453      2.207     10.987
  -1  513     16.228     -4.527      8.543
  -1  271     13.158     -0.990      4.264
1007   -2     27.069      9.244      7.527
 211   -2     25.074     -0.846      9.646
1050  383      3.921      2.934      7.616
  -1   -2    -15.037    -19.112     10.809
1067 1162     11.348     -8.843      8.675
  -1   -2      6.961      1.268     12.130
  -1 1051     -2.374      8.164     10.005
 792  232    -19.299     -3.555     11.414
 621   -2     19.988     16.798      1.771
1036   -2    -16.063     15.386      8.727
1144   -2    -16.843    -15.877     12.112
 686   -2      2.698      6.146      7.928
  -1  137     18.403      2.864      4.371
 771 1102     25.206      5.222     11.351
 856  505     -5.622    -10.915      9.307
  -1   -2     18.143      9.986      9.386
 963  651     -2.919      9.096      7.212
  -1   -2     20.062    -13.426     -6.015
 944  655     -8.214     17.967      9.973
  -1  566     -2.297     -6.616     -1.183
  -1   -2     -3.325     15.316     12.428
  -1  982     22.247      4.401     -5.641
 206   -2      0.646     13.758     -7.087
1090 1147     12.209    -18.015      5.911
  -1   -2     -0.314     16.131     10.334
1124 1148     11.967     15.442     10.940
  -1  856    -10.362     18.426      9.500
  -1  923     -4.118     18.097     12.568
  -1  222    -10.616     -6.338     12.339
 638  983     -7.322    -11.194      5.393
  -1  625      8.281     -3.728     12.133
 907   -2    -19.107     11.918     10.428
  -1 1058     -8.747    -16.493      0.853
 499   -2     12.481    -12.315     -4.106
  -1 1182     23.210     -1.267     10.989
  -1   -2     14.017      0.994      9.511
  -1   -2     12.315     -7.734      8.683
  -1  739     24.990     -5.274      7.155
 273  120     24.652      0.179     12.576
 837   94      2.494      8.464     11.905
  -1   -2     -7.227    -12.134     -6.673
  -1   -2     12.034     11.463      8.006
 876  160      0.426     17.753     11.582
1203  399    -13.428     14.671     12.239
  -1 1046     28.975      4.980     11.219
 793  643      0.610     15.326      9.162
  -1  867     15.573    -16.236      3.200
  -1   -2     12.657      9.852      0.859
  -1  452     20.609     -6.505      8.343
  -1   -2      3.754     -7.024     -0.752
  -1   -2     20.575     10.977     -6.730
  -1  738    -11.760    -13.719      2.325
  -1  499    -10.040      3.873      1.603
1082  319      4.209    -11.660      7.244
 677  868     -9.430     14.266     10.322
1200  679     18.802     -0.411      2.815
 745  617     20.111     17.811      9.388
  -1 1101     -0.662     -5.088      8.220
  -1   -2     14.143     15.188      4.979
 974   -2      4.435      9.884     10.545
  -1  949    -10.225     19.733      8.208
  -1 1004     17.955    -13.684     12.320
1109   -2      5.729     -9.461     11.079
 888 1105    -11.831     17.761     10.533
1207 1047      8.871    -19.918     11.028
1049   -2     10.887     11.710     11.559
 625   -2    -14.082      8.995      7.179
  -1   -2      7.230     -1.948      6.074
  -1  203     -3.221      5.676     12.713
  -1  555     26.105     10.937      2.764
  -1   -2     -2.582     -5.732     -7.031
  -1   -2     23.711     -1.179      5.411
 459  618     15.550     13.763      4.874
  -1   -2      8.312      1.501     -3.246
 971  941    -16.416    -14.755      8.384
  -1  298     22.945      0.410      6.308
 866   -2    -16.179     13.784     11.581
 386  862     18.838      1.234      8.085
  -1   -2     17.678      6.197     -4.713
 557 1152      8.645     -5.573     11.325
  -1   -2      1.115     11.588     11.164
1198  272    -10.263      0.077      1.323
  -1  861     12.335      2.176     -2.655
  -1   -2     14.468      2.166      9.004
  -1   -2     -6.147     -4.649      9.357
  -1 1044     11.986     14.764     12.093
  -1   -2    -12.388    -16.606      7.032
1185  373      3.192     -6.192      9.633
  72  113      2.379      2.429      6.994
  -1 1149     -1.911    -12.573     11.707
  -1  959      8.154    -10.148     11.365
  -1 1081     11.694    -15.288      3.639
  -1   -2      1.486      3.850      1.484
 690 1068     25.026     10.547     10.751
 994   -2    -18.801    -10.427     11.620
  -1   -2     -6.674    -16.852     11.258
  -1   -2     -1.423    -14.287     10.744
  -1   -2    -10.605      7.951      0.475
  -1   -2      1.255     14.537      9.313
  -1  173     -7.461      1.471     10.910
  -1  229    -10.266     16.459     10.734
  -1 1160    -15.520      8.500    -12.276
  -1  569     23.610     18.670      7.002
 593   -2     19.195     12.118      6.889
 126   -2      7.865      0.246      9.534
 687  740     22.864      7.407      3.202
 653  889     23.789    -11.402      0.402
  -1  531     11.544     -9.527     12.316
 785   -2    -16.104    -13.123      8.435
  -1   -2    -10.926     -5.447      6.897
 757   -2     24.076     -4.826      9.435
 462  850     -5.182    -11.889      4.689
  -1   -2    -19.176    -12.196      3.312
  -1   -2     12.425     13.987     10.224
  -1   -2     20.444      6.870      4.319
  -1  561     -8.063     13.019      8.831
 376   -2     19.235     14.435      1.953
  -1  682     23.441     15.411      8.829
1092   -2     15.741      7.563     11.381
 558  429     14.643     -9.420      8.061
  -1   -2     21.718    -11.529     11.621
  -1  537      9.859     -2.911      2.956
  -1  616     17.441      4.522     10.378
  -1   -2     -2.114    -12.278     -7.830
  -1  905      1.958    -14.460      0.127
 307  240     21.416     -5.684      4.764
  -1   -2      9.137     -0.739      0.466
  -1  437      2.658     -3.490      8.021
  -1   -2     -3.811     -0.520      6.905
  -1   -2     12.722     -3.279      4.677
 583   -2     21.003     14.954     10.870
 804 1196      1.250     -3.818     11.405
1235  734    -16.014    -11.929     11.754
 993   -2    -17.617     11.576      9.890
 735   -2     -5.953     -6.189     11.254
  -1   -2    -17.244    -18.062      4.128
  -1 1043     11.260    -18.256     12.439
 284 1030     -3.462     -3.243     10.865
  -1 1159     -2.941     19.907     11.724
1122   -2    -11.434    -13.045      6.134
 744   48     23.723      5.726     11.333
  -1  979     15.911     -4.867      6.874
1194  900     -5.110    -12.936      7.157
  -1  931     -2.419      7.665      5.872
1236 1204    -26.662    -13.727      7.423
1219   -2     17.447    -26.740      2.767
  -1 1215     14.891     28.173     -0.072
  -1   -2     19.252     21.015      7.488
1213 1206     18.132     26.093      8.544
  -1 1201     17.461    -29.072     -6.345
1214  832     24.165    -18.201     11.882
1209 1172      7.802    -22.874      8.291
  -1   -2    -14.944    -26.409     -0.388
  -1   -2     -8.367    -17.975     11.508
  -1   -2      2.319    -30.105     -5.674
  -1   -2     22.030    -18.354     12.142
1046   -2     24.243    -15.765      6.700
1226 1203     23.976     23.460      5.979
  -1   -2     22.235    -15.431      8.630
1230 1216    -26.454    -11.040     12.580
  -1  840    -16.963    -21.180     10.241
  -1   -2      3.968    -23.538     -1.108
  -1  945     -7.412    -20.984     11.609
  -1   -2    -19.184    -13.216     10.463
  -1  621     26.595     11.825     12.810
  -1 1114     24.267     17.370     12.568
1225 1176    -21.233    -13.535      9.217
  -1 1212     11.727    -26.241      7.934
  -1   -2     23.669    -21.759      5.527
  -1  841      0.455    -18.071     12.512
  -1   -2     -0.221    -23.130     -4.963
1222  875     15.585    -22.050      8.534
  -1  956     16.844    -19.918      6.608
  -1  893     26.126    -17.145     11.395
1224   -2     27.156     10.769     11.938
  -1 1195    -18.339    -15.682     12.697
  -1   -2    -20.895    -21.538     10.930
1232   -2     -1.100    -24.079      8.166
  -1   -2    -10.985    -16.868     10.460
  -1    7     12.972     -8.809     11.740
  -1   -2     12.599      0.271      2.465
1047 1278     16.063      1.837     10.174
1240 1288     18.497      5.234      1.805
  -1   23     16.430      3.643     -7.927
  34   -2     13.601     -6.443     11.194
  -1 1289    -11.288     13.953     11.163
  -1   -2    -14.044     10.525      6.754
1261 1297      8.153     -2.735     -4.532
 381 1269     14.981      3.839     10.699
  57   -2     -9.641     -2.958     11.616
1297  936     -9.532     -2.872     11.233
1172  260     10.246     -5.476      8.168
1253 1294     18.339     -6.543      1.817
  -1 1315     16.750      7.722     -5.296
  -1   -2     18.284      1.998      6.210
  65 1239      7.071      4.676      7.966
1252 1293      9.568     -2.598     -1.015
1054   -2     18.249      8.987      8.993
1107   -2     26.374     -6.255      7.999
 137  354      2.843      3.695      0.894
1162  989     23.466     -3.462      2.515
 367  224     -4.072     -3.281      2.900
 119   -2     13.846      6.287     -4.025
  -1  249     15.994     11.732     -3.765
  -1  285     22.545      7.085      2.964
  -1  441    -11.965     11.105     -9.697
  -1   -2     18.063      7.606      5.032
 136   -2     -5.889     13.629      6.089
 541   -2    -13.400     -5.752     11.433
 781  219     19.551      3.169      2.405
 198  939      7.597     14.186     11.050
  -1   -2     -0.745      9.979      8.977
  -1  121     25.697     -7.736      7.606
  -1  834     -9.725      1.337      9.100
  -1   -2    -17.396      0.388      4.215
 344   -2     21.779    -16.478      3.052
  -1   -2     19.147     -4.419      1.314
 411 1270     23.364     16.431      5.769
 425   -2     15.949     -0.527      6.819
  -1  236     22.693      1.821      9.072
 504   -2     10.658     -5.062     -3.665
  -1  128     16.744      1.353      8.701
 218  127     23.086     -3.433     11.115
  -1  760     17.932     16.843     11.279
1030 1025      9.639    -11.883     11.941
 727 1142    -13.908     -7.490      7.777
  -1  178     15.864      6.484      2.095
 320 1065    -12.323      2.080      7.015
 822 1045      5.147    -15.505      4.411
  -1   -2     -3.342    -17.181     10.267
  -1   -2    -12.968     15.181      5.909
1035   -2     -4.904     12.091     10.782
 986  250    -16.025     14.916      6.062
  54   -2     14.863     -0.207      0.045
 207  212      9.951     -5.563      4.338
 135   -2     10.584     -0.660     -6.525
 189   -2     13.788     -2.207     -2.746
  -1   56     13.748     -3.606      1.094
 981 1116    -14.528    -14.360     -5.483
1133   -2     14.995      8.971      5.316
  56   -2     22.915      4.766     10.227
  -1  605     14.908    -11.907     11.159
  -1   -2      7.834     -3.184     11.280
 570  532     24.648      4.591     10.846
  -1    0     25.138    -15.053      7.309
   2 1227      0.524     -0.329     11.337
  -1   -2    -11.288     13.953     11.163
1292   -2     12.837     -8.977     11.853
1239    5    -10.654      7.323      9.639
 125   -2     16.692      1.791     -1.487
  -1 1295     -5.386    -12.473     -0.336
1241   -2     18.284      1.998      6.210
  -1   -2     16.750      7.722     -5.296
1120  152    -14.091     10.507      6.745
1300   -2     14.375     -2.929     -4.924
1314 1312     12.217      4.193      8.392
  -1   -2     -7.929     -6.455      9.894
  -1   -2     -7.929     -6.455      9.894
  -1  404     12.168      3.952      8.448
 669  664     20.205     13.309      2.057
 899 1280     19.322     -4.251      1.723
  -1  180     -7.754     -6.431     10.042
  -1   -2     -7.866     -6.280      9.603
 313  378     15.564     -3.825      6.169
 182   -2     24.895     -5.663      6.934
  -1   -2     25.697     -7.736      7.606
  -1   -2     -3.342    -17.181     10.267
  -1   -2      6.088     15.486     10.000
 920   -2     25.320    -15.100      7.107
  -1   -2    -11.288     13.953     11.163
  -1   -2     12.631      0.287      2.406
  -1   -2     12.433      0.073      2.925
  -1   -2     12.631      0.287      2.406
  -1   -2     12.433      0.073      2.925
  39   -2     -7.031      7.702      2.525
  -1  241     20.381      5.469     -2.077
 900 1296     -3.532      3.776     10.783
  -1   -2     16.750      7.722     -5.296
  -1   -2     20.329     -3.397     -6.823
  90   -2     20.479     -3.389     -6.513
1254   -2     -5.386    -12.473     -0.336
  -1   -2     -7.866     -6.280      9.603
  -1   -2     -3.342    -17.181     10.267
  -1   -2     12.631      0.287      2.406
  -1   -2     12.433      0.073      2.925
  -1   -2     12.631      0.287      2.406
   5   -2     12.433      0.073      2.925
  -1   -2    -11.288     13.953     11.163
  -1   -2     16.750      7.722     -5.296
  -1   -2     20.428      5.492     -2.112
1316   -2     -3.342    -17.181     10.267
1307   -2     20.427      5.506     -2.054
  -1   -2     16.750      7.722     -5.296
  -1   -2     16.750      7.722     -5.296
  -1   -2     16.750      7.722     -5.296
  -1   -2     16.750      7.722     -5.296
  -1   -2     16.750      7.722     -5.296
1318   -2     16.750      7.722     -5.296
 604   -2      2.648      6.825      0.755
 737  526      8.451      2.712      4.107
