1360
 773 1107     -9.846      5.972      8.173
 368 1123     -1.865     -8.813      2.902
   0  827    -10.536      7.736     10.731
  -1    5     15.880      1.895     10.450
  -1 1318     -3.489      3.613     10.992
  -1   37      3.740      3.159      1.968
1317 1234    -10.420     -2.210     11.860
  -1    4    -11.726      6.648     12.322
  -1    9     12.992     -8.923     11.906
  -1  267    -18.031      2.256      6.082
  -1  567      3.911      7.469      0.675
  -1   -2    -11.226     13.859     11.081
  -1   -2    -10.733     -3.059      7.988
  -1   85     18.208      1.640      7.134
  -1   -2      9.513     -2.704     -0.865
  -1    1      6.976     -5.414     10.530
  -1  127     -1.813      9.723      7.435
  39   31     18.917     -6.159     11.163
  16   -2     -3.350      1.038      6.760
  -1   -2     12.097      5.109     10.280
  -1   -2     15.267      3.160      2.937
  -1    7     16.189     11.140      4.646
   7 1235     16.350      0.478      5.574
1224   -2     -2.059      5.852      2.469
  12   60     19.635     12.646     10.561
 781   47     20.717      4.463      2.462
  26 1242     14.652      5.985     -9.646
  -1   33    -11.915      8.586      6.594
  -1   21     16.303      3.794     -8.131
  -1   28      8.882      9.489      0.030
  -1   -2     -5.801     -0.860      4.050
  -1   -2     -7.282      0.128    -11.806
 479   -2      7.184     -7.523      5.272
 468   -2     -2.247     14.934      7.316
  27  629     11.970     -6.721     12.517
  -1   -2     -1.649      5.825     -7.062
 629  326      0.033     -1.302      5.829
  -1   97    -15.486      1.815     10.386
  14  343      1.270     11.509      9.253
 925  356     -3.237      6.333      9.745
  31  306      4.833     -6.200     12.503
  -1 1147     22.952      6.258     12.143
 208  606     17.067     13.646      0.047
 367  418     23.189     12.369     12.533
  33  553     -8.976      7.730     -0.321
  -1   -2    -20.919     -2.331     12.266
 811   -2     -6.274      9.544     -4.123
 296  894      9.118      1.956     11.099
  -1 1294     24.384     -1.934      7.357
 124   -2     10.148      8.797      9.841
  -1  135      7.685      5.147      9.738
 485  583     23.982     -0.185      8.862
  79   -2     19.553     12.562      7.105
 822   -2    -14.378     10.589      6.404
  -1  153      7.370     -8.829      5.950
  -1   -2     17.307     -0.948      8.642
  -1   35    -16.530     -0.540      6.030
 130 1257      2.498     -7.507     -2.739
1049   -2      0.637     -1.833     -2.437
  47 1194     18.399      2.504     -0.553
  99 1000     -0.785     14.735      0.029
 188   -2     -8.096     -1.668     -0.240
  -1   14    -15.251     12.536      3.696
 213 1026     20.415     -0.321     12.500
   5   -2    -10.276      7.585      7.254
 149  510     18.649      5.138      1.684
1177   16     -5.296     -0.760     -5.567
 221   -2    -11.651      7.857      5.038
  -1   -2      8.520      8.969     -2.294
  -1   -2     -9.936     -2.471      1.976
  28 1144     10.970      8.215      2.874
  -1  954    -16.023     11.695     12.131
  -1   -2      2.724     11.023     -6.288
  -1   -2     11.317      9.754     -4.152
  -1  951      4.099      7.334     12.556
 104   -2     15.618     -5.231      9.225
  -1   -2     17.446     13.596     -8.292
  -1  128     -0.872      7.847     -5.498
 675  273      3.718     -0.592     10.929
 723  107     17.344     -1.443      8.241
 103   -2      3.281     10.159      0.800
 234 1263     26.415     -6.304      8.043
 112  143     15.447     -1.024     -1.488
  -1 1313      5.570      0.527     10.711
  -1   -2      6.970     11.996     12.408
  -1  984      2.220     11.728      9.477
 337  124     -2.413     15.173     10.738
  -1  600     13.827     -5.419      9.840
 942   -2     -9.912      3.589      7.990
  -1  874     28.547      6.163     12.231
  -1   54      9.481     -3.745     -4.018
1292 1341     19.183      0.001     -8.233
 291  272     14.916      8.124     -1.648
  -1   -2     10.495      4.055     -7.404
1240 1299    -11.548      6.952      2.161
  -1   -2     13.941     10.981    -11.017
  -1   -2     -2.338     -4.120      8.134
 275  623     23.639      4.807      7.654
 756   -2     18.238      9.031      9.069
  -1   -2     -1.659      4.317     -0.765
 610  536     15.005      5.018      8.334
  -1 1255      3.223      0.109     -7.235
   6   -2    -11.253     -1.297     11.066
  85  837    -11.278      0.238     11.699
  48   -2      9.730     -7.945     12.496
 413   10    -13.861      6.994      6.789
1270  753      1.963     -9.361      5.331
1245 1300    -10.960     16.060      8.118
 774  481    -12.052      9.854     -2.646
 370  698     -3.683     -0.207      4.334
  -1  980      3.211      9.745      5.485
1229  158     -9.661     -3.172     11.651
1054 1159      1.422     14.422     10.891
  37   -2      8.281      8.082     -2.956
 179 1259      0.968      3.556     -9.519
  -1  641      0.547     -3.304      6.493
 900  715     26.356      2.825      5.330
  90  714     23.508     -6.651      1.203
 978  371     -6.690     -1.675      0.267
  -1   65     15.361     -1.418      0.924
  -1  187    -12.756     10.963     11.808
 979   -2     25.137      5.206     11.160
  -1  658    -17.372     -2.765     11.879
 924  772     12.253     -5.748     10.213
  -1   -2      7.269     -2.772      2.054
  -1   -2     -2.160      8.398     -9.469
  87   39      9.794      4.295     11.516
  -1   -2      5.057     -8.377     -1.605
 934  656     13.900      4.421      9.765
  -1   -2     -5.538      6.574      4.771
 198   -2      6.661      7.235     -3.331
 559  863    -11.460     10.449     -7.544
  -1  478    -13.234     -0.172     12.637
 977   -2     12.092     13.625      0.493
  -1  974      3.201      7.076     -3.205
1028   -2      8.676      5.678     11.070
1258  446     20.161      6.944      5.192
 549  445      7.302      2.925      2.163
 205  452      3.028     -2.764      2.084
  -1   -2    -15.269      2.589     -3.929
1242   -2     17.450      2.577      6.682
 729   -2     12.828     -8.635     11.500
  -1  345     14.369      2.297     -0.817
 564   -2     19.973     -4.252      8.215
 353  840      0.308      5.243      7.747
  -1   12     10.813     13.471     -4.381
  -1   -2     15.890      2.051      6.381
 126   -2      7.163      1.555      0.718
 372  228    -10.930     12.243      4.693
  -1  173    -15.742     -4.991      4.213
 383   -2      9.899      6.514      5.133
 237   -2    -12.943     -1.988     -3.188
1247   -2     19.509      4.696      2.057
  -1  869      8.514      0.214     11.832
 169  104    -17.616      5.551      8.790
  -1  514      6.693     13.723     -4.047
 427  191     -4.624      7.008     10.192
1138  148     19.566      0.970      6.490
 786  809    -19.239      2.192      7.955
 251  968    -17.575      1.633     12.268
  -1   -2     -4.687      4.276      3.457
 818  657     20.166     17.344      8.082
 189   -2     18.634      8.038      2.574
 289  331     -6.187     -3.402     -1.758
  -1   -2     17.465     -1.157     -7.091
 269  588      1.489     10.534     10.877
  -1   -2      3.180     10.170     -2.748
 421  685     21.119      8.696     11.152
 973   -2     21.347     13.838     10.325
  -1  664     -2.691     11.817     11.350
  -1   -2    -14.293      2.041      0.256
 156   -2     19.177      8.408      0.148
 805  315     23.133      5.434     -1.713
  -1  537      7.567      5.525      0.789
  -1   -2     16.093     -3.340     10.007
 775  380    -20.990      2.060     12.324
  78   -2     -9.244      7.530     -6.198
  -1  235      8.709     -0.607      5.325
 733  607     21.782     -4.090     -6.567
  -1   -2     17.943      5.975     -3.811
  -1  321      3.898      6.063     -6.532
  -1   -2     -9.287    -10.666      2.755
1170   -2     10.408      4.817      8.467
 641   -2     16.681     11.595      9.257
 405  301     -1.373      3.341      9.826
  -1   91     16.789      5.942    -11.054
  68   -2     11.643      2.910     -0.784
 218   -2     -3.146      9.306      9.866
 985  584    -14.790     -1.933      5.455
 439  147     11.472     11.051     12.410
 983   -2    -11.554     12.014     10.657
  93 1253     20.996     -4.687      2.670
  -1  782      3.691      6.946      4.497
 815   51    -12.477      1.930     10.088
1069 1109     15.963     10.045     -5.810
  -1   -2      8.136     13.797     -0.007
 297  960    -14.808      8.617      3.248
 600   -2    -13.972     -0.512     -7.401
 614  233     -0.583      9.535     11.551
  -1  499     -3.224     13.662     11.977
  -1  208      6.669     -5.027      7.260
 250  276     10.183     11.137     10.482
 314   -2     -0.121    -10.615      2.131
 167   -2     -0.646      0.150      5.528
  -1   -2     -5.875      0.780      2.030
 121   -2     16.618     -2.925     -1.955
1149   -2     12.353     14.763      8.466
 202   -2    -17.467      5.690      0.983
 395  230     25.684      7.082      9.072
 186   62     -1.830     -0.593      4.450
 109 1254     -9.946      4.878    -10.766
 316  195      9.555     -6.602      7.704
 173  774    -12.610     12.474     -6.401
  -1  410     17.343      7.689      7.197
  -1   46     -8.313     13.816     -1.648
 215   -2    -12.291      0.260     -6.794
  -1  259     -5.406      8.591      1.730
  -1  172    -11.036     -4.726      4.123
 508  895     26.345      2.743     11.614
  -1  281     21.582     10.660      3.675
1118 1153     11.783     15.401      1.229
  89   -2      8.498     -9.171      8.041
  -1  412     23.789     -2.820      9.382
 588   -2     -5.706     11.805      8.056
  -1  279      3.087     14.181     -1.262
1128  142    -13.596      5.357      9.309
  -1   -2     10.066     12.761      1.563
  17  915      9.296      9.136      0.833
 519  197      5.471     -0.268      7.275
  -1  442    -12.622     12.622     -0.368
1079  486    -14.032     -6.623      3.156
  -1   -2      7.934     13.550      6.110
  -1   -2     17.991      7.173     -0.466
  -1   -2      9.951     -6.617     12.502
 921   -2     21.699      0.314      7.982
 865   -2    -14.213     -1.409     11.059
 302  139     11.532     12.220      2.640
  -1   30     14.525      2.280     -2.945
  -1   -2    -10.854     -0.327      0.263
  -1   -2      0.692     -1.178      9.882
 111  299     -7.634     -6.265     10.524
  -1  949      7.104     14.295     -0.544
 166   69     -4.225     -2.623      9.151
 798   -2    -18.761      2.324     12.109
 207   -2     27.658     -3.413     10.841
 496   -2    -11.284      0.346     -4.348
  -1   -2      6.694     -5.200     11.619
 267 1267      3.743     11.352      1.887
 514  844     -9.814      6.391     -7.091
 726   -2     -6.838     15.414      4.837
1037  269     -1.178     12.211      6.347
 591 1251     11.561      3.275      1.791
 441  666      7.884     13.941     -5.115
 193  100      5.136      2.246      0.801
  -1  468      2.739      5.862     11.586
 423  694     -3.949     13.774      1.739
  55  151     24.308     13.659     12.359
 730  186     -5.003      6.483     -2.071
 376   -2    -10.355      9.089     -5.140
1087   -2      9.245      2.192      7.814
1009  603      0.436     -4.383      9.250
 225  327     19.771      3.128     -0.829
  44   -2     -4.409      8.796      3.676
  88  482    -11.837     -0.147      7.228
1038  483     -3.562      7.517      3.308
 531  709      5.163     -3.828      0.728
 153   36      0.098     -3.715      3.779
1190  198      9.220      4.353     10.475
 426   77      7.029      2.051      9.850
 502  304      3.053      2.861      5.406
 852 1024     26.388     -6.269     11.446
1031   -2    -12.306     -1.711     -6.196
 102   -2     -1.305      3.793      7.305
  -1   -2      3.054     11.621      9.864
 448  388     16.244     14.332      4.172
  -1  200    -11.882     -6.759     -8.682
  -1   -2      7.202      2.853     -9.791
 195   -2     13.061      6.126      8.834
 228   15     17.341      8.488      4.032
  -1  352     -5.373     13.920      4.310
  -1   -2     26.802      9.291     10.820
  -1   -2     11.081      5.597     -3.249
 312   -2     13.083    -13.622     -1.312
  -1   -2     -6.718    -11.062     -1.677
 684  857     14.626      9.474      3.006
  -1   -2     20.821      6.155     11.877
 829  423    -11.115     -0.409      6.540
  -1   -2     22.601      2.237     -2.868
1298  704      5.618      9.969      9.080
  -1   -2     10.550     15.731      9.121
  -1  381     13.217     -6.773      4.294
  -1   -2      5.101      6.025     -6.014
  -1  865    -16.546     -8.210      4.323
 332  689     22.373     -1.903      9.604
  -1  427      8.786     -5.197     -4.580
  -1 1124     13.028     -1.745      8.362
  -1   -2      2.684      1.570     10.736
 137  920     10.425     11.663      2.036
  -1  239    -18.066      7.632      3.798
 698  131     13.279      2.726      7.429
  -1  825    -13.417     13.286     12.299
  -1   -2     10.876     -0.135     -0.510
 394  163     22.852      3.317     -2.972
  -1  513     19.438     11.736     -8.887
1100  355     -3.236     -2.342      1.398
 183   -2      1.587     13.849      4.157
  -1   -2    -11.216     -9.462     10.348
 262   -2      6.211     -3.147     -6.171
 351  359     14.778     -4.402     -4.060
 545  632     18.766     14.543      1.648
  -1  981     13.170     -5.483     11.726
 270   -2     16.389      5.907      9.123
 322  850    -17.116     13.147     11.408
  -1   -2     -5.034     -7.236      2.911
  -1   52     16.243      0.009     -5.941
  -1   -2     20.748    -10.253      6.910
 735   -2     19.378     -7.476      3.800
  -1  551    -16.268     -1.299     11.780
  -1   -2     15.006      0.059     -1.481
  -1   -2      1.930     -0.433    -12.176
  -1  529      2.686     -3.646      9.881
  -1   -2     21.742      6.416      4.710
  -1   -2      6.676     15.051      9.106
 285 1279     -6.627     15.117     11.874
 190   -2     -3.395      1.012     11.208
  -1   -2      7.867     -3.211     11.208
  -1  255     15.485     -5.491     -4.509
  24   -2     16.932      3.943     -7.129
  -1   -2     25.662      1.124      6.880
 416  293     20.638      2.056      7.980
 328  780     23.928      7.290     11.462
 392  577     21.024     -3.195      9.325
  -1  662     22.901      7.308     -0.621
 503  570     17.069     -9.380     -3.696
 737  334     12.957     11.456     10.840
  -1  449      0.642      1.536      7.899
  -1   -2    -14.307     -0.964      1.122
 517  712     17.178    -16.140      9.714
1119   90     -9.613      9.620      7.620
  -1  251     18.335     12.060    -10.132
 936   -2     26.502     -0.235      8.449
 609  232     27.416      2.454     12.310
 401   88     -9.341     11.553     -6.206
 631   -2    -15.549      2.331     -9.519
 850   -2     22.136     -6.387     10.588
  -1   -2     10.963     -1.217     -3.987
1002   -2     25.234      3.376      8.191
  -1   -2     17.583     -7.918      3.152
  -1  165     11.166     11.882      7.609
 593  630    -16.275      3.979     -8.297
 935   -2     13.929     12.144      6.554
  -1  512      3.946     13.239      9.703
 440   -2     15.992     -2.757     -6.388
  -1   -2     -6.825     10.959    -10.363
  -1   -2     14.158     -1.343     -4.558
1163  183    -13.899     -0.811      7.651
 366  498    -17.182      8.002     11.604
1148   -2     18.052      4.335      7.539
 663   96     19.884      9.936     11.900
 350   -2    -11.398     13.784      7.710
 226  465     16.902     -2.014      9.251
  -1   -2    -12.184     -0.317      3.643
  -1   -2      8.872      6.598      1.739
 212 1261      1.667     -0.700      8.510
 536  460     18.335     -9.633      2.631
 782  433    -17.863      9.810      6.786
 583  132     14.287     -9.237     -5.095
  -1   -2      4.389      2.837     -4.179
 476  963     10.294     13.542      9.365
 668   -2     -7.322      7.364      3.072
  -1  425      7.077     -7.653      8.269
  -1   -2     20.293     11.038      7.696
  -1  608     21.127     12.088      6.675
1237   -2     24.902     -4.139      8.250
 334  409     25.936      1.762      7.984
1113 1083     15.350     14.862      3.249
  -1  501    -14.262      7.765      1.801
  -1   -2     -4.918     -6.028     -1.570
1018  729     22.642      1.675      9.330
  -1  344     -1.954     -0.101      9.067
 347   -2     -2.159      2.214      1.980
  -1  581      7.045     -1.717     12.325
  -1  812    -12.641     12.531      3.975
 939  411     -3.138     14.811      5.744
 823 1077     -2.947     14.985      1.067
 538   -2     23.233      9.682      7.929
  -1   -2     16.693      7.071     -1.588
  -1   -2      2.389     -3.816      7.928
  -1   -2      9.925     17.892      9.732
  -1  202     -0.534     -1.588      7.922
 563   -2     -0.028      1.551     10.228
 716  413    -14.858     -3.066     12.085
 659  223     13.993      1.578      8.999
  -1   -2      6.508     13.968      4.621
 261 1056    -16.149      3.917     10.179
  61   48      3.835     -1.644      7.938
1279 1145    -12.805    -10.205     10.593
 165   -2     -9.766     -8.705      0.239
  -1  282    -11.661     -3.901     -8.937
 899   -2     14.359     -6.630      8.025
  -1  532      4.636      8.099     -7.448
  -1   -2     -1.094     -5.612     -6.363
  -1  394     -3.413      3.802      7.307
  -1  196      5.557      4.184      9.831
1026  596      7.567     -3.211      3.332
  77   -2     -2.296      7.252      3.188
1066   -2      9.182     11.459     12.078
 761   -2     26.123     13.487      7.832
 321   -2    -13.168      2.454     -4.481
  -1   -2     15.669      9.381     -9.296
1122   -2     25.731     12.065     11.653
  84  220     16.849      7.029     -0.134
  -1   -2    -13.250     -3.514     -9.179
 763  737     17.897     -3.278      9.448
  -1   -2      1.964      7.048     10.535
  92   -2      1.714      9.299      4.185
  -1   -2     11.341      8.222     -1.043
1003  463    -14.476      8.531    -11.781
 648  180     18.309      7.567     -3.068
1248   -2     15.707      2.396     -1.831
 526   -2    -14.321      5.456    -11.865
 436   -2      8.100      2.039     10.496
  -1   -2     -1.716      2.840     11.864
 381  420    -10.390     -1.080      5.993
 557  989      7.345     -9.792     12.292
 274  639     -8.244     12.074      9.591
 162  602     20.904      1.917     11.834
 501  212     27.545      4.534     11.837
 469   -2    -12.529      7.717    -10.647
 927  990     13.064     12.749     10.760
  -1   -2      1.791    -10.120     -7.959
  -1  485     -6.302     10.472     -6.537
 116  377     -4.525     -2.435      3.023
1005   -2     26.626      8.119     11.894
 653   -2     18.285     -0.910      0.297
  -1   -2     15.108      4.504      0.047
1081  421     -5.422     -2.913     10.809
 707   -2     -5.158    -10.283     -1.330
  -1 1045     22.147    -10.301      5.034
 214   -2    -12.049     -3.770     11.598
  -1  530     19.577    -17.317     11.443
 887   -2      9.690      6.471     -0.440
1019  126     17.751     -7.939     -2.177
 755  745     20.059     14.177     -3.708
 690   -2     -2.417     -2.256      7.731
 803  271    -10.895     -5.486      8.372
  -1 1241     16.375     12.135      4.111
 701   -2     22.754     -4.126      6.991
  -1  245    -15.363      0.619     10.186
 172 1311     25.677     -5.652      8.829
 515  206      9.054      3.653      0.428
 242   49      1.133     -0.354      4.025
  -1  559     26.249     -7.312     10.570
 409   -2     22.076      4.260      8.821
 537  511     16.060      0.479     11.551
  -1  471      4.913      9.353      6.044
 637   -2     -0.726      8.594     -2.968
 866  983    -18.917     -8.960     11.181
  -1   -2     -0.374     -5.133      0.136
 941 1266    -14.761     -2.847      4.000
  -1   -2    -18.638      4.957      2.592
 146  826     -6.226     -1.867      2.491
  -1   -2     -2.753     -2.812      4.188
  -1   -2      9.336     -2.567      0.962
 562   -2     18.881      8.297     11.604
 565  450      3.991     11.576      7.281
 164  555     20.450     -2.204      1.126
  -1  357     15.042     -7.997     10.517
  -1  497     10.097      1.188     11.786
 460   -2     14.742     14.583      8.428
  -1   -2      3.373     11.115    -10.437
  -1   -2     15.531     -7.808    -12.119
 119   -2     12.105     -6.412      6.032
 447  580      8.182     -1.191      1.577
 938   -2     21.677      0.332      0.587
 656   -2     13.471     -3.526      8.036
 497 1091     24.279     -4.391      9.838
 843   -2      9.526      4.303      5.454
  -1  592     19.669     14.046      6.651
  -1  736     10.952      2.290     -8.608
  -1   -2      8.464     -6.817     -5.090
 705   -2      6.660     -8.647      8.246
 714  988      8.702     10.681     -4.150
 151  308      4.702     15.033      1.355
 435  240     20.972     16.227      4.403
 123   -2     18.826     -6.362      2.593
 470  399     19.356     11.350      6.614
 422 1272     -5.168     16.102      6.322
  -1   41     -1.119     13.000      7.439
  -1   -2      4.015      1.579     -0.336
  -1 1054     -5.241      6.654     -4.795
  -1   -2      8.565     -2.020     11.033
  -1   -2     20.158     -0.979      8.257
 371  961     -0.225     -6.550      8.289
 807  393    -18.990     -0.160     10.742
  -1   -2     19.632      3.911     -2.564
 385  309     21.220     15.651      8.583
 649  504    -11.065     -4.823     11.527
1276  998      7.093     11.378      3.949
 898   -2     -1.362      6.539      8.260
  -1   -2    -14.045     -3.064      7.803
  -1   -2     -7.631     -6.064     -9.541
 199  402     -9.080     -5.892     -4.115
 114   -2     16.519      7.290      1.635
 590   -2    -11.026     16.039     10.091
1059 1285    -18.387     -2.997      2.349
 901  560      8.711      8.493      5.418
1076   -2     18.800      1.556     11.208
 809  438      0.244      4.972     -1.083
 224  159     15.406     14.310     -4.032
  -1  426     -0.269     -3.961     -1.317
 725 1188     11.047    -11.389      2.473
 516  571    -14.569     -5.360      9.695
 982  611     15.339     -1.733      9.825
  -1  823    -10.272      6.221      3.495
 464  455    -12.129      3.284     -2.819
 606   -2     17.644     -7.253      6.472
 131   -2      0.163     15.633     10.355
 509   -2     25.072     -1.927      8.828
  -1  224     11.713     -3.874      5.050
  -1 1068     18.664      4.286     11.185
 940  447    -18.163     13.360     11.752
  -1  701     14.782     18.103      8.876
  -1  314      6.943     -0.585      0.317
  -1   -2      0.282    -12.215    -11.275
  -1   -2    -12.843     -4.350      5.565
 556   -2     10.468      3.713     11.299
 182   -2      1.463     17.458     12.316
  -1   -2     11.229     -7.349     -8.034
  -1  171     21.515     17.697      6.993
 907  705     17.103     18.033      8.806
1307 1052    -10.236     -4.418     12.089
 571   -2    -19.545     -9.017      7.804
 512 1276     20.720      9.643     -2.057
 654   -2     21.119      5.244     10.409
1142   -2     13.233     -1.390     10.089
  -1  491      4.740      3.597     11.577
  -1  605      5.667     -8.784      0.911
 365 1252     -9.443      0.191     11.343
1106  822    -18.779     11.092     11.436
 932   -2     25.977     12.673     11.501
  43  252     -3.565     10.903      8.807
1204 1223     15.015    -18.824     10.212
 603   -2     14.072      3.558     -6.773
 139   -2      2.418      2.021     -4.677
 928   -2      4.492      9.847      9.985
  -1   -2     10.561     -9.343      2.960
1308  360     27.254     -6.714      9.727
 181 1074     13.289     11.918      8.437
  -1   -2     15.597      6.093     -1.283
 180  493     12.213      3.773     -0.751
 854  722     14.872      8.568     10.989
 552   -2     15.895      7.280     10.906
1095   -2     -1.876      8.014     10.881
  -1   -2     14.999     -3.153     11.420
 134  182      1.201      2.583      5.669
 484  264     21.300      6.947      0.508
 870  515    -15.447     -9.342     11.420
 721   -2      5.144      7.858      3.309
1285   -2     -3.079      4.008      2.074
  -1   -2      1.310      5.748      3.685
  -1   -2     -0.693     -9.662      9.297
  -1   -2     16.211     -3.749      4.398
  -1  319     16.458     13.097     11.152
1103 1184     22.242     -0.445      8.121
 204   -2      9.090     -4.297      3.251
1265 1150     16.568      4.847      2.257
  86  289    -19.079     -3.344      8.817
  -1   -2      1.368     -0.879     11.054
 122  563    -18.174     -1.911      9.238
 772   -2    -14.772     11.086     -9.275
  -1  921     15.566     15.102     12.088
  -1   -2    -14.569    -11.082     -6.925
 494 1020    -15.722     13.951      7.362
  -1  652     -2.181     -5.818     -1.116
 671   -2    -15.839    -11.080      8.020
  -1  731     -1.336    -14.286     10.788
 331   -2    -11.326      1.164      5.071
 708   -2     -5.782     13.431     10.173
 278   -2     -6.095      3.156    -10.553
  -1  527      2.356      3.429     11.165
 601  458     12.263    -10.353      9.692
  -1   -2     10.546     -4.403     -5.817
1202  569     24.270    -14.067     11.465
 272  674      4.583     -1.911      1.921
  50 1248    -13.677      7.756     -2.484
 410   72    -15.186      7.924     -4.047
  -1  509     -2.373     -5.377    -10.803
  -1  261     16.370      4.768      7.907
  -1   -2      6.989     15.075      6.821
  -1 1055      0.211     -0.299     -0.107
  -1  786      3.981      1.277      9.503
 599   -2      6.521    -11.552      6.709
 897   -2     20.765    -13.694      7.478
 185  227      7.626      6.750     -1.107
 369   -2     23.644     11.640      8.539
1033   -2     18.138     14.352     10.226
  -1   -2     19.411     18.677     10.351
 340  962     19.942    -16.877      6.520
  -1   -2    -12.740     -3.140     -6.327
  -1  727     15.101     -7.818     -0.290
 384 1269     25.888      1.999      6.499
 382   -2    -13.976      2.005      7.846
 876  987     23.772     -7.524      4.581
  -1   -2     14.859     14.902      1.018
 333 1073    -14.152    -14.208      7.716
  -1  213      0.051      1.484     12.175
  -1   -2    -12.245     -7.059    -11.778
 127   -2     20.708      5.908     -0.682
  69   58      7.168      3.675     10.175
  -1  765     26.087     13.967      8.372
 489  778      6.195     -9.927      6.730
 667   -2     26.007     -2.282      7.895
 616 1006     17.415     -8.363      7.072
  -1  300    -13.820    -10.040     12.028
 813   -2     -3.046      0.709      5.125
 157   -2     18.361     10.798     -3.810
 993   -2      2.953    -11.279      3.753
  -1   -2     11.802     15.567      7.834
  -1 1154      6.770      1.027     10.594
1055   -2      7.098     10.099      4.924
 630   -2     -8.491     -7.270     11.895
  -1   -2     15.339      3.496     -2.126
  -1   -2    -14.508      6.660    -11.787
1160   -2      8.895    -18.392      7.968
 619 1097      2.007     12.725      0.934
1153   -2    -18.008     13.210      6.254
 872  934     -3.447    -17.258     10.423
1045  161      2.349     -2.528      9.833
  -1  697     21.584     14.762      5.917
  -1  222     20.018     -2.787     11.431
  -1  747     25.259      1.729     10.494
 851   -2     -9.769     -6.588      6.038
 909  439      1.854      5.935      6.660
  -1   -2      3.749     -6.684     10.567
  -1  520     16.468     -5.008      4.254
  -1  612    -15.866      6.235      3.265
  -1 1282     -8.955     11.661      9.984
  -1  403     23.251      6.882      0.949
 953  204     -0.737     12.319     11.717
  -1   -2    -10.400     -6.959      2.741
 963  646     -5.877     -0.968      8.747
  -1   -2     26.642     -9.264     12.218
  -1  610     15.822    -10.645      4.718
  -1  133     16.839     -5.246     11.583
 615   -2     -4.264      8.539     -5.661
 472   -2     22.871     -4.543     -3.623
  -1  351     11.778      9.497     -3.872
1181   -2    -14.727    -12.393      5.932
  -1   -2     -0.104     -5.366      7.244
 493   -2    -13.963     -7.285      9.562
 105   -2     18.336      2.092      3.358
 117   -2     14.465     11.848     -7.686
1034 1003     -8.906     -5.869     -0.231
 750   -2     14.976      7.324      7.763
 746   -2     24.807     -2.563      4.140
 428  152     12.197     -0.737     11.671
  -1   -2     10.830      5.365     -6.563
 862   -2     -0.694     -7.869     -1.737
 150  116     20.671      3.043      7.774
  -1   -2      3.548     -2.445     -9.095
  -1 1301     19.728      5.453      2.088
 280   -2     16.470     -4.221     -7.730
  -1   -2     21.922    -16.487      2.991
 245  959      1.042     -5.991     -3.190
 779  733     -8.549    -13.223      5.568
 361   -2      5.988      3.445      1.033
 483   -2    -17.663      4.549     11.571
 546   -2     -3.718     -5.195     10.104
1140 1008      2.934     16.184     11.810
 950   -2     -6.524     -0.494      6.645
  -1   -2     19.374      6.934      9.888
  -1   -2      4.777     14.663     -2.066
 768  337     22.363      3.727      8.025
  -1   -2     17.020      3.244    -11.321
 341  400     -7.148     -5.399      4.119
  -1   -2     15.691      2.781      6.315
 480  453     26.918      4.652     10.491
1050   -2     18.564     -1.686     11.861
 311  521     16.793     10.899     -1.609
 510   -2     19.754      4.613      8.331
1161   -2      6.508     -3.751      8.274
 879  672      9.391     10.955      5.517
1124   -2     -4.907    -11.897      6.852
  -1  964     -8.840    -14.364      1.892
1070  867    -15.121      3.792      1.819
1088   -2     18.456    -14.122     -0.659
 582  332      3.608     -8.442      4.488
  -1   -2     21.091     13.431     12.216
 530   -2     -0.396      0.730     -9.566
  -1  769     15.586    -13.374     -1.959
  -1   -2      6.024     -0.747     -6.003
  -1  218     15.233      6.360     11.496
 108   -2     13.082      0.566     11.599
  -1   -2      1.838     -9.904      2.979
 118   -2     -4.263      1.210    -11.437
  -1  395     10.791      6.747      0.414
 633  168      6.151     11.901     11.392
 762 1236      3.162      3.921      3.800
 722 1117     18.410      4.456      8.456
  -1  209    -16.355      0.235     -3.400
 329 1268     20.532      9.594     -6.549
  -1   -2    -11.612     -7.159     -1.130
  -1  307     -0.066      7.140      5.743
 785   -2      8.905      8.235      4.044
1117  972     11.749    -15.958      0.508
 294  422     14.575      5.814      3.056
 918  384     -3.495     14.404     11.356
 753  373     13.446     -7.867      5.670
 160  933     12.094      6.463     -0.241
1175  597      5.106     -1.341      4.797
  -1   -2     18.366     13.157     -4.235
 230   -2     20.079     11.596      5.788
  -1   -2    -16.283      9.342     11.201
  -1  654      7.040     -7.671     -0.134
  -1   -2      2.250     -3.161      4.968
1152  330     13.749    -11.172      6.624
 842  999     20.279    -11.987      5.016
  -1   -2     11.461      8.837    -10.422
  -1  758     22.261     13.782      7.762
  -1 1106    -14.279    -10.944      0.770
 712  754     12.829     -3.798      8.547
  -1  718     -4.837     11.917     11.105
 972  879      0.300     -2.906     12.226
 961  528    -17.279    -12.710      9.120
1104  194      5.743      8.008     12.246
 143   -2     14.181     -3.453      5.677
  -1  985      7.972    -11.703     -3.700
 706   -2     12.613    -10.457     11.512
 638   -2     -0.723    -11.286      2.788
  -1   -2      4.047     -1.641     -7.072
  -1  149     -5.918      4.877     -3.327
  -1  105      7.995     -9.379     -0.594
1260  231    -16.130      9.714      0.893
 560  429    -15.807     -7.755     11.212
  -1   -2      9.184    -19.329     12.186
 846  756     14.985    -16.246      4.684
 937   -2      7.005    -12.692      9.986
  -1   -2    -16.310      4.730     -7.206
  -1  353      9.462     11.071      9.358
  -1   40     11.096      6.005      5.369
 777 1280     21.667      7.164      5.436
  -1 1004     18.703     15.125      6.926
 414 1114    -13.273     -5.785      8.722
 640   -2     16.745     -8.878      3.232
1268  480     10.010     -3.936      9.152
  -1   -2     20.207      3.081      1.676
 683   -2      4.822    -15.823      0.949
  -1   -2     23.753     -2.094      5.103
  76   -2      2.472     -8.354      3.109
 192   -2      5.241     14.258      3.727
 885  911     16.354    -15.160     -1.536
  -1  614     -1.874    -15.781      3.211
  -1 1275     23.705      2.408      8.367
  -1   27     -4.878      3.466     -9.878
  -1  387     23.863      1.466      4.771
 745   -2     -3.207     -9.361     10.428
  -1  500      7.458    -13.981     10.720
  -1  624     14.023      5.688      5.743
 229   -2      3.422      6.276      3.393
  -1   -2     16.480      9.066      8.446
  -1   -2     -3.350      9.007      6.384
  -1   -2     -2.965      1.646     11.018
 689  310     14.552     17.046     10.618
1133  367    -14.566      8.857      7.653
 265  716     11.599     16.617      7.549
 364  566      5.496     12.829      4.810
  -1 1070     14.844    -12.500     10.956
  -1  598     17.371      4.502      8.293
 142   -2     19.125     16.125      2.844
 358   -2     17.276     16.968     11.274
1135   -2     25.529     -1.532      3.332
 129  738     13.854     16.526      7.446
  94  799     10.779     10.566      3.657
  -1   -2     -5.638      0.119    -11.509
 451  659      3.020     -9.702      2.138
  -1  851     -2.846      8.396      8.125
  -1 1186     15.453     14.544      5.734
   2   -2    -18.069      3.218      2.317
  -1   -2     20.216     -3.878     -2.417
  -1   -2     20.226     -2.994    -11.755
 288   61     24.522      4.405      8.679
 236  873     15.851      6.139    -11.888
  -1  190      7.865     13.358      3.587
1146  890     -1.901     -7.497     -5.623
  -1  506    -19.941     -0.954     11.025
 326  392     25.381     11.206      9.491
  -1  815    -11.678    -12.036      1.408
1250  464      6.283     -5.931     -0.417
 319  534     16.315     -5.922      3.847
 500   -2     23.193      1.504      8.768
  -1  871    -20.191      0.377      6.497
 810  101      2.017     16.126      7.440
  -1  648     20.437     -6.467     -1.742
  -1  543     -9.175      8.736     -4.731
  -1  796     -5.484      8.916     -7.039
 244 1104    -13.973     15.806      6.753
 220  862    -13.884     11.594      9.909
  -1 1119     24.117     16.887      7.660
  -1  916     25.960     -9.713      1.881
 154   -2    -17.631      9.840     11.775
  -1   -2    -13.370     14.022     12.367
  -1   -2     15.344     10.106     -1.908
 344  390    -13.873     -1.781      2.966
  -1  830    -19.010     -1.652      2.935
  -1  561      0.553     11.840      9.854
 576   -2      4.966     -2.691     12.744
 830  404    -12.717     -7.026      9.553
 971 1023     28.416      8.258      7.241
 342   -2      8.005     14.903      9.579
  -1   -2    -16.853      2.780     11.069
  -1  237     -5.891      1.753      4.748
 802   -2    -16.638      1.056     11.048
 860   -2     -0.353     15.012      6.246
  -1   -2     -6.617     -3.295      9.023
 793  647    -16.011     -4.891     -8.438
  -1   -2     15.208    -10.496    -10.411
  -1   -2    -13.282     13.863      5.796
 795  284     17.758     13.711     -4.928
  -1  490     -7.219     -6.828     11.036
 446   -2    -18.207      6.846     10.301
 776  617     -2.946     -9.650     12.743
 356  363      5.479     -8.079     11.746
  -1   -2     16.234    -13.766     -5.634
  -1  790    -21.564     -4.353      9.306
  -1  793     -9.296      5.711     -2.818
 412   -2      9.171      0.078     10.675
  -1   86     19.499     -5.661      6.160
  -1  590     -4.325     13.442      4.510
  -1 1149    -19.489    -14.520      7.611
  -1   -2     -0.854     17.672      5.110
 765   -2    -10.062      1.799     12.219
 826  185      8.793     15.073      9.692
  -1   -2    -17.130     -1.795      2.890
1112   -2    -10.882     14.139     12.842
1159   -2     -4.409    -12.135     -0.870
 955   -2     -8.403     17.895     10.446
  -1   -2    -12.822     12.707     12.164
  -1  285      9.218     13.319      3.542
  -1   -2      6.428      5.186     10.200
1134  929     10.629     17.592      9.461
  -1   -2    -13.016     10.209     -0.475
1086   -2     -1.042     11.871      8.254
  -1   38     23.331      7.531     12.047
1336   -2    -11.557     12.562     11.442
 375  117     11.395     -8.476      3.184
1105  575      4.152      0.090      8.220
 825   -2     -6.360     -2.944      6.318
 920   -2     17.358    -17.342      7.190
  -1  593     -2.964     12.026    -10.907
  -1   -2      4.712     -3.833      4.917
  -1   -2    -11.907     10.804     -0.810
 749   -2    -18.185     -6.641     12.681
  -1  519     -4.055      1.411      9.746
 256   -2    -15.901      2.597     11.998
  -1   -2     26.105      5.164      6.593
  -1  362      6.355      2.331      9.594
  -1   -2     25.044     -6.607      9.576
  -1   -2    -13.731      0.027      9.619
  36 1281    -11.407      2.527     11.611
  -1  792     15.674     -8.952      8.379
  -1   -2     -5.951      1.322      5.325
  -1  750     28.714      1.385     12.360
  -1   -2     -4.949     17.887      9.201
  -1   -2    -20.058     -4.737      3.543
  -1  431     22.089     -7.416      4.493
  -1   -2    -17.639     -3.178      5.195
1010   -2     26.003      6.715      5.408
  -1  554      2.101    -14.457     11.612
 831  724    -18.735     -7.505      0.940
  -1 1060     25.091      8.594     -0.045
  -1 1139     -5.044     15.410     11.163
  -1   -2      1.855      7.720     12.360
 386   -2     -8.770     14.597      4.875
 788   -2     11.318      3.995      6.201
 613  902     23.099      8.872     -0.526
 390   -2    -18.180      8.907     11.086
1244   -2     -0.056      5.285     10.045
 313   -2      9.389     -1.017     10.698
  -1   -2    -17.523     12.485     11.740
 996   -2    -16.967    -12.020     -2.643
  -1  966    -16.576     17.516      3.137
  45 1016     -3.742     14.481      8.865
  -1   -2     -0.645     17.129     10.601
1089   -2    -14.153     -8.208     10.707
1188   -2     -2.818    -11.736      7.803
  -1  275    -13.766      3.618     11.932
  -1   -2     -6.185      8.560     10.578
 964  935    -19.265     -6.664     10.289
  -1   -2    -17.345     -4.202     12.038
  -1  700     14.602     12.324      1.119
  -1 1130      9.082     13.250     11.969
  -1   -2     28.323      5.446     11.408
 814   -2      0.788     15.919      7.312
  -1   -2    -19.382     -0.521      2.881
  -1   -2      6.296     -1.955     -7.702
  -1  336      7.467     -0.327     12.603
  -1   -2     23.338     -6.470     11.658
1195   -2      4.979    -18.153      4.765
  -1   -2      3.868     14.198     -6.264
 578  628     -3.558     15.288      6.513
  -1  749     -6.301    -16.403      5.383
1132   18     -0.221      9.143      9.376
 878   -2    -14.763     14.474      5.100
  -1   -2     -5.742     -8.523    -10.438
 674  781      8.879    -12.344      0.532
  -1  631     -8.734    -10.953     -9.540
 821  472    -10.870     11.579      9.207
  -1  922    -15.744     -2.218     12.720
 796   -2     25.028    -10.040      9.275
 612   -2     20.546     15.996      8.386
 279 1158    -12.950     -3.771      2.456
 848   -2     -3.798     11.991      9.713
 827  542     24.485    -15.994      6.195
  -1   -2     -4.585     12.196     -1.340
  -1 1088    -13.665     15.306     12.327
  -1  811     -1.828     14.242     11.341
 839  655     18.336     -5.622      6.122
  -1  294    -11.220     -2.959      4.117
1093 1196     23.516     11.630     -5.982
 801  923     -2.248    -14.882     10.211
  -1   -2      3.602      4.785     -4.861
  -1   -2      0.239      2.999     10.659
  -1  901    -10.949     20.534     10.271
 528  805    -19.360      6.693      8.216
 959   -2    -19.411     -5.926      8.191
  -1  550      1.137     -2.932      9.187
  -1  443     -5.138     12.583      1.514
 357   -2     -4.097     16.451      5.784
  -1  742     -7.273     12.449     10.131
  -1   -2    -15.014    -19.118     10.706
  -1  175    -13.499      9.931      2.213
 670  720     21.409      6.604      8.411
 260   -2     18.500      6.684      1.223
  -1   -2     -7.612     13.291     12.179
  -1 1179    -12.712    -16.680     -2.523
  -1   -2     16.581      8.372      9.515
  -1  507    -17.834     -1.282      2.329
  -1 1134    -19.385    -12.668      1.257
1092  914     -8.500     15.304      1.750
  -1   -2     26.473      5.324      8.937
  -1   -2    -14.071      2.858     12.064
  -1  986    -12.363     11.849      3.622
  -1   -2      2.502      5.522     -3.648
  -1   -2     14.448      5.061      7.587
 790   -2     -4.305     -3.247      5.406
  -1  855    -16.525     15.039      7.618
1065 1143    -13.388    -15.072     -3.950
  -1  779     -3.608      7.569     11.313
 400  725    -13.841     -4.882      1.956
1169   -2    -10.706     16.983     11.274
  -1   -2      3.353    -12.041     -8.511
 566  800     16.087    -18.827      9.390
1158   -2      0.181    -14.111      0.008
  -1   -2    -12.144    -12.098    -11.622
  10   -2      3.485     -1.034      9.941
  -1   -2     26.569      9.591     -0.275
  -1   -2     -9.615     -7.152      6.439
  -1  437      6.509      7.792      8.994
 986 1011     28.179      5.766      6.242
  -1   -2    -13.993     12.857     -2.829
 824  118     -3.132     -0.349      7.311
  -1  723    -10.876    -13.579      9.197
1023  342     23.569      4.075      3.485
  -1  333      4.995     15.492      8.154
  -1   -2     -6.234      6.149     10.821
1022 1028     -5.649      2.736     10.224
 651  707     -4.374    -13.297      7.740
1205   -2    -19.139    -11.360     12.147
 888  909     23.901     10.871     12.075
  -1 1166    -10.539     17.658     12.406
 847   -2    -17.374     -1.632     11.353
 877   -2    -11.355     13.311      4.616
  -1   -2     23.391     -2.030      8.637
 462  531     25.956     -0.672      5.403
  -1   -2     23.181     13.340     12.080
  -1   -2      0.085     -4.213      1.730
 604 1190      0.186    -12.809      4.979
 832  762     -0.341     -8.526      5.640
  -1   -2     -5.114      0.216      2.716
 783  112    -13.223      8.466     10.387
 718 1303      8.826      0.759     -3.056
1016 1092     -4.829     18.783     10.535
  -1   -2      0.534    -15.956      7.728
  -1  917     12.635     -0.913     12.376
  -1   -2      9.231      6.328     -0.400
  -1   -2      1.991     14.049      7.664
 680  328     -7.479    -11.913      2.636
 792   -2     -3.155     18.364     10.579
 453  525    -14.126     -7.890      5.233
 628  417     18.540    -13.868      6.953
 471   -2    -10.373    -12.395     10.118
 890  818    -15.605      2.765     11.191
1096   -2     27.018      1.760     11.750
  -1   -2     -3.759     -2.775      5.183
  -1   -2     -2.961     -2.022      5.525
  -1   -2    -15.391     -2.207     12.357
  -1 1207    -16.055    -15.220     12.217
 884 1058      2.572     15.509      4.740
 657   42    -17.702     11.575     12.126
  -1  808     24.834    -11.365      4.475
  -1   -2     -5.643      2.929      4.739
  -1  668     17.142     13.851     11.117
  -1   -2     11.247     -8.348      1.600
  -1  226     22.601      8.887      6.080
  -1   -2    -11.454     -3.777     -2.579
  -1   -2     14.983      6.160      9.239
1024   -2     -5.760    -15.434      6.143
 268 1260     -0.718      0.614     10.427
1199 1177     24.810     17.456     12.146
 345  254     19.225     -0.856     -1.391
  -1  523      8.725     14.462     12.438
  -1   -2     -1.938     10.390      9.874
 676  303      9.848     -0.266      3.945
 586   -2     -1.754     -6.145      7.018
 141 1061     -0.094     11.446      4.697
 301  880    -14.817     13.636     11.929
  -1  717      1.918     14.024     -7.700
 794  831     29.149      5.392      8.061
  -1   -2    -15.776     -3.396     12.382
1094   -2     22.502    -15.632      9.939
  -1   -2     26.332     14.400      5.155
 968  109     -8.071    -10.878     10.442
 594   -2     -4.048     16.993      2.029
  -1   -2      9.681      5.984     10.485
  -1   -2    -10.170      5.588     -0.774
  -1   -2     -1.942      6.694     -1.325
  -1   -2     21.202     -1.822      6.881
  -1  545      1.995     12.189     -3.670
  -1 1078      6.189     13.228      7.945
1173 1038     -1.540    -10.903      0.904
  -1  311     -2.782      5.789     -7.576
 880   -2    -14.379     16.993      8.024
  -1 1076      6.950    -12.886      2.311
  -1  469     10.332      8.881    -11.280
 912   -2     -6.064     -0.701      7.672
  -1   -2      6.870    -13.629      3.848
  -1  350      1.714     11.687      2.987
  -1  919    -11.604     12.616      3.220
  -1  407     19.245     -9.610      9.687
  -1   -2      1.382     11.302      5.745
  -1  474     11.459     -6.276      4.951
  57 1010      7.867      3.964      7.981
  -1  839     22.965     14.769     10.613
  -1   -2     20.892      5.679      1.339
  -1   -2     -2.832     -0.638      1.803
  -1  219     -5.756     16.351     10.227
 335   -2     -1.110     -3.328      7.679
  -1   -2     13.484     12.856      5.688
  -1  324     -8.993     -8.515      4.388
  -1   -2     26.337      5.998      2.122
  -1  859    -16.690     -3.356     -9.133
  -1   -2      8.914     18.266     10.499
1029 1122    -21.252    -14.806      9.874
 800 1133     14.823     14.177     12.410
  -1   -2     15.641     -6.595      3.471
  -1   -2      0.377    -14.862     -5.243
 454 1172     18.177     -7.797      9.919
  -1 1168      3.388    -15.196      1.630
  -1   44     -0.692      5.343      7.605
  -1  323     25.750     -0.620     12.615
  -1 1128     25.769     11.371     12.534
 998   -2    -12.005     16.899     12.150
 769  692     24.964     13.028     11.202
  -1  860     -0.812     15.358      7.148
 201  103      1.520      9.489      5.296
  -1   -2      0.796     -1.516      6.883
 636  896    -17.638     -8.881      6.664
  -1   -2      2.764     -4.921     10.473
  -1  401    -12.699      1.363     -5.379
 362   -2      6.558     -5.888      3.734
  -1   -2     13.856      0.133     11.007
  -1   -2      8.271     -9.895      5.151
 681   -2     22.770    -11.069     11.513
  -1  517     22.141     -6.108     11.620
1178 1180     25.542     10.839      1.582
1064  992    -12.087    -19.111     11.368
  -1   -2      3.941      5.169      1.335
 817  274      4.033     11.951     10.594
  -1  557     18.603    -13.532      5.416
  -1   -2     27.984      8.043      5.978
 987 1164      8.966    -11.755     -5.317
 881  587      1.380      3.511     -0.901
  -1  953    -12.729     10.019      9.370
  -1   -2     -5.336    -12.683      6.829
1044   -2      0.860     17.351      9.672
1192  848    -19.092    -12.475     12.651
  -1   -2    -16.123     -7.538     -4.884
  -1   -2     -2.539     13.261      8.086
  -1   -2     23.702     13.075     -4.202
  -1  391     -0.801     -4.066      7.993
1150  156     13.184      3.721     12.015
  -1  428     -5.076     -7.880      5.679
  -1   -2     21.384     -4.367      9.931
  58   -2     -5.205     -1.441      7.682
  -1  494      9.184      3.764      7.619
  -1   -2     -2.107     10.124     11.319
  -1   -2     25.656      6.409     -1.035
  -1   -2      0.962      4.995     12.817
  -1   -2     -0.735      9.901     -6.423
1027   -2     17.850    -12.355      5.553
 736  459     18.077    -12.546      9.776
1062  761    -20.319      8.041     10.350
  -1  496     15.973     -0.418      5.739
  -1  806      5.846      3.852      9.501
  -1   -2     10.426      5.704      6.291
 466   -2      3.144      4.706      6.977
  -1   -2     -8.925    -13.442     -0.557
  -1  645     14.186    -11.063     12.684
  -1   -2      3.463     18.045     12.228
 697  164     -0.049     -9.502      7.112
  -1  829      2.212     12.321     10.788
  -1   -2      9.528      1.521     -7.161
 685  122      8.836     -4.107     11.240
  -1   -2     12.121    -10.423     -4.206
 388  621     25.672      9.251      9.329
  -1   -2     14.897     11.340     10.554
  -1   -2    -11.396      1.008     -1.589
  -1   -2      3.466     16.504      5.360
  -1  847    -16.150     -2.073     -6.453
 864  683      6.028     -8.958      7.625
  -1   -2     -3.935     -0.206      8.824
 908   -2    -10.556      9.105     -1.140
1067  524      0.378     -0.298     -8.955
  -1   -2     20.854     -5.374      9.864
  -1   -2     -4.363    -10.121     -0.968
  -1   -2    -17.305     14.541     11.180
 787   -2     -0.656    -13.106     -6.554
  -1 1178     25.426     12.832     -3.707
  -1  236     -3.821      0.610      2.965
  -1  912     25.895     -0.551     10.333
 682  150     23.901      0.103      6.374
 522   -2      7.336     -7.243      1.933
  -1  244     -2.970     17.310     12.476
  -1   -2     15.046     -1.918      6.084
 132  764     -5.004     -4.707      8.761
1116  313     -2.806     -8.343      8.908
  -1  451     25.499     14.470      6.064
 584   -2     -4.520     14.502      9.569
  -1 1208     -0.701    -20.522     11.425
1123   -2      1.648    -15.878      6.698
  -1   -2     11.111     -2.293     11.177
 632   -2      6.250     -2.028     11.901
1025   -2      8.859    -17.566      8.092
1015   -2     12.930     -7.662    -10.445
  -1   -2     15.430     10.160      8.611
 956   -2    -16.191    -17.449      9.091
  -1 1170      7.907    -17.171      5.363
 975 1019      6.464     16.224      9.640
  -1  565     23.643     -0.796      3.082
1043 1195     20.331     10.258      8.327
  -1   -2     23.919     -6.345     11.882
1109   -2      5.185    -18.847      8.799
  -1   -2      7.077      9.657      1.114
  -1  121      1.173     17.252      8.302
 293  634     25.016     11.447     11.305
1115   -2     20.388     14.351     11.661
1053   -2     -2.270     14.354     11.798
  -1  660      8.553      2.181      8.616
  -1  169      3.650     17.760     11.048
  -1  939      7.548     -4.970      5.180
1165  771      4.331    -11.621      8.645
  -1   -2     -7.155     10.620     11.018
  -1  262     -7.324     -2.179      6.162
 710 1082    -10.221    -13.802      6.510
 550   -2     -7.151      4.019      6.141
  -1  594     -4.244    -11.319      2.498
  -1 1049    -10.169      5.494      1.905
 580   87     17.675     14.347     -4.074
 574 1136     19.833    -13.530     11.569
1219   -2    -20.209    -14.894      8.704
  -1 1057    -15.260     11.501      7.095
 252  265     10.923     -7.073      8.444
 232  627      3.876      9.364      9.796
 744  636     20.172      2.109      8.911
  -1   -2      1.728      2.504     10.017
  -1  637    -18.143    -14.936      6.412
  -1  211      6.762     11.122      8.618
1305   -2     17.972      3.773     11.031
  -1  691     -7.382     19.266     10.196
  -1  932     -0.797    -18.080      5.796
 990   -2     -2.827     16.402     11.977
  -1  907    -10.135     16.227      9.804
  -1   -2      5.615    -11.570      9.775
  -1 1075    -16.915     -5.924     10.069
  -1   -2    -17.076      9.958     -9.443
 541  766    -12.112     -4.853     -2.642
 933  973    -14.888     15.317     10.819
 719   -2     14.825     12.636     11.737
  -1  777      1.257    -16.251     -2.113
 399   -2      8.644      0.055      4.067
  -1   -2      3.444    -20.265     12.109
 650   -2    -18.558     -7.290     12.336
  -1  283      6.091     10.368      3.630
  -1   -2     -9.611     17.466      5.068
  -1   -2     22.405     -3.748      8.976
  -1   -2     23.551     13.991     -6.005
  -1   -2      1.842     15.097      8.462
  -1   -2     10.625     -1.493      3.584
 915   -2     24.604      3.011     10.621
  -1   -2     21.449      2.194      7.747
 527 1277    -16.764     -3.009      7.043
1162  361    -15.904    -11.908      9.798
  -1   -2      8.745     -3.927     -9.376
  -1 1022    -12.442     12.107     11.213
  -1   -2     18.967     -1.926      7.752
  -1   -2     -2.272      0.724      2.218
  83   -2     12.147     -0.365     -2.023
  -1   -2     20.777      7.163      5.729
  -1    0     -4.590      1.870     -2.277
 596   -2     15.952     16.126      3.157
1099 1185    -20.064    -11.840      5.397
  -1  757     18.789     -7.828     11.403
 754  663     23.511     10.529     10.325
  -1   -2     17.498      4.762      1.568
1068 1079     26.042     16.219     10.437
1201   -2     16.879    -20.922      9.397
  -1   -2     -3.028    -18.558      9.090
  -1   -2      1.208    -16.550     10.853
  -1 1227     24.082    -24.054     12.846
  -1   -2     15.135     27.242      2.522
1212   -2     23.761     19.199     12.606
1193 1203     25.788    -22.349      5.839
  -1 1198     15.677    -22.132     10.156
  -1   -2      9.457    -29.085      0.147
1130   -2     26.157     13.352     12.137
1218 1230     -3.132    -25.588      3.306
  -1 1202      6.178    -26.885      3.552
1211   -2    -24.513    -12.244     10.452
  -1  693     25.752    -19.043     12.796
  -1 1215    -12.503    -19.472      5.644
1200 1218    -17.904    -21.566     10.676
  -1   -2     -8.978    -18.700     11.611
1215 1181     -2.141    -21.195      3.350
1057 1228     24.702    -17.730     11.898
1207   -2     27.250    -22.573      9.844
  -1   -2     24.276     16.757     12.132
  -1 1018      5.774    -19.749      9.786
  -1  286     27.599     10.198     13.018
  -1   -2     11.562     29.699      3.149
  -1 1231    -27.855    -12.820      8.700
  -1   -2    -23.045    -14.852      8.580
  -1   -2    -25.597    -14.843      9.985
  -1   -2     20.348    -17.897     10.719
   4   -2     12.924     -8.801     11.569
  -1 1307     -3.434      1.089      6.898
 373  216     16.328     11.182      4.199
  19  881    -10.680     -3.050      7.825
   8   -2      3.793      3.099      2.043
  -1   -2     18.480      2.470     -0.293
  13   -2     17.413     -1.082     -7.137
  -1   -2     19.663     12.676     10.583
1235   -2     24.366     -2.022      7.288
  -1   26     24.274     -1.928      7.490
  -1   -2     -5.798     -0.906      3.915
  29   -2     -5.800     -0.876      3.990
  -1   -2      5.599      0.499     10.550
  -1   -2    -11.972     -0.588      3.681
  -1   71    -12.136     -0.332      3.308
 354   -2     -5.575      0.940      5.798
  -1   -2    -16.539     -0.583      5.938
  -1  854     24.850     -4.360      7.608
  -1   -2     16.750      7.828     -5.517
  20 1239     12.142      5.142     10.455
  -1  205    -11.192      7.097      2.865
  -1  375    -13.430      7.273     -1.175
  -1 1278    -11.071     16.110      7.929
  -1   -2      7.513      5.454      0.583
 223   -2     11.363     15.079      6.939
 259   -2     -4.415     13.403      4.285
  -1   32     21.236      3.855      3.854
 203  217    -17.210      5.324     -0.215
  -1 1357     -1.762      5.535      3.037
  -1  241     11.141     16.678      5.825
1007 1034      7.040      4.777      8.025
  35   -2      4.341     10.479     -5.585
 644  568      6.720     10.590     10.540
 113   -2      2.181      0.081     -7.268
  -1   -2      2.494     -7.421     -2.919
1251  292      0.220     -2.649     -0.297
  -1 1264    -14.170     -1.519     10.960
  -1  695     15.839      7.042     -7.880
 696   -2    -11.127     -4.916      0.389
1187  398    -11.216     -9.462     10.348
  -1   -2      1.344     10.408      6.117
 984   -2      7.532     12.683     10.827
  -1   -2      0.666      6.404      1.383
  -1  178    -15.964     -4.643      9.563
1110   -2     -8.575     -6.982     -7.501
 197   -2      0.393      0.480     10.135
  -1   -2     10.187     -1.228      5.267
  -1   -2     26.184      1.546      8.437
  -1  340     -1.742      2.878     11.659
 379   -2     22.988     -0.103      5.355
 398  996     20.897      0.925     -5.488
 747   -2      0.667     15.487      4.225
  -1  448     26.140     -7.347     10.867
  -1   -2    -16.418     17.326      3.050
  -1  971    -16.569     13.537      7.244
 457  246    -14.255     -7.764     11.909
 158 1162      5.870      4.200      9.948
  -1  249      6.240     10.561      7.441
 184   -2     -4.639     -0.026      8.272
 713  372      6.761     13.630      5.324
  -1   -2     -3.435      3.565     11.169
1288   -2     -1.762      5.535      3.037
  -1   -2    -11.226     13.859     11.081
  -1   -2    -11.226     13.859     11.081
  -1   -2     -3.434      1.089      6.898
1228   -2     18.344      2.258     -0.705
  -1   -2     26.140     -7.347     10.867
1233 1293    -11.972     -0.588      3.681
  -1   -2    -12.245     -0.389      3.724
1290   -2     24.850     -4.360      7.608
1254  679     20.783    -10.354      6.944
1232  125      8.414      4.538     -2.408
1168   -2     24.395      8.086      8.936
  -1   -2      1.130     -3.022      8.936
  -1   -2    -16.418     17.326      3.050
  -1   -2    -11.226     13.859     11.081
  -1   -2    -11.226     13.859     11.081
  -1   -2     17.307     -0.948      8.642
  -1   -2     26.140     -7.347     10.867
1293   -2      5.599      0.499     10.550
1252   -2      9.116      0.853     -5.480
1274   -2    -16.418     17.326      3.050
  -1   -2    -11.226     13.859     11.081
  -1   -2    -11.226     13.859     11.081
1226   -2     -3.435      3.565     11.169
 664   -2     -3.434      1.089      6.898
  -1   -2     17.307     -0.948      8.642
  -1   -2     17.307     -0.948      8.642
 841  111     26.140     -7.347     10.867
  -1   -2    -11.226     13.859     11.081
  -1   -2    -11.226     13.859     11.081
  -1   -2     17.307     -0.948      8.642
1312   -2     16.309      6.495     -9.320
  -1   -2    -11.226     13.859     11.081
  -1   -2    -11.226     13.859     11.081
  -1   -2    -11.226     13.859     11.081
  -1   -2    -11.226     13.859     11.081
  -1   -2    -11.226     13.859     11.081
  -1   -2    -11.226     13.859     11.081
1330   78     17.307     -0.948      8.642
  -1   -2    -11.226     13.859     11.081
  -1   -2    -11.226     13.859     11.081
1289   -2     17.358     -0.929      8.594
  -1   -2    -11.226     13.859     11.081
  -1   -2    -11.226     13.859     11.081
  -1   -2    -11.226     13.859     11.081
  -1   -2    -11.226     13.859     11.081
  -1   -2    -11.226     13.859     11.081
  -1   -2    -11.226     13.859     11.081
  -1   -2    -11.226     13.859     11.081
  -1   -2    -11.226     13.859     11.081
  -1   -2    -11.226     13.859     11.081
  -1   -2    -11.226     13.859     11.081
  -1   -2    -11.226     13.859     11.081
1295 1356    -11.226     13.859     11.081
1236 1358     16.750      7.828     -5.517
