1366
   0    0     -0.505      5.938      2.653
 807   -2     -9.998      6.001      8.612
  -1   -2     12.990     -8.905     11.793
1182   -2     23.113     -3.368     11.117
   4   -2      9.272      2.005     12.638
  -1  879    -10.586      7.376      9.871
   6    6     15.896      1.953     10.565
  21    4      4.828     -6.192     12.576
 523   -2     -5.639     -0.428      8.699
  49   -2    -12.941      6.352      8.870
 109  484     18.976      9.650      7.821
1127    3      9.800      4.372     11.233
   3   -2    -11.154     14.020     10.769
  -1   -2      8.895      9.433      0.091
  14 1236     -4.142      1.840      9.236
 902   -2      3.356      2.203      8.369
 322   86     -7.098      7.601      2.621
  -1   35    -15.309      0.726     10.105
  -1 1234      9.507     -2.629     -1.100
  47 1240    -15.175      2.209     -4.491
  -1   -2     13.971     13.338     11.809
 615  732      7.648      5.244      9.632
  -1   77    -20.714      0.055     12.337
  -1  572    -15.234     12.757      3.730
  -1 1289     16.446      3.615     -7.973
 722  371    -15.444      3.047      0.237
  46 1239    -17.409      8.067      8.568
 465  348      0.936     10.634     10.621
 638   -2    -10.365     10.602      5.533
  -1   19      2.370     10.286      4.498
  -1   -2      7.307      5.778      4.657
 296   15     -2.340     14.693      7.348
  -1   -2     -8.054     -1.669     -0.363
 811  866     -4.818     -1.542      7.831
 532   -2     10.699     -7.131     10.028
  -1   -2    -10.386     10.874      0.972
  -1   -2     -5.242     -1.273      3.252
  -1   -2    -10.421      3.980      9.785
 778   -2     -4.704      7.525     -1.758
  -1   -2      1.839      5.399      1.520
  28   13      9.690      3.286      5.288
  -1   -2      2.684     -2.110     -1.100
  -1   -2     19.420      5.039      2.767
  41    8     -5.934     -0.504      3.352
  90  714     -4.601     -1.161      1.882
  -1   -2     13.278     -5.778     11.308
  -1    1    -10.320      4.919      8.246
  -1   -2     -9.218      5.919      1.095
1207   -2      1.403      8.537      9.276
1110  359     19.452      3.362     10.861
  -1  459     15.289      3.412     11.558
1125   90     25.885     -4.799      6.480
  -1   -2     15.332     -2.899    -11.449
  -1  187    -16.179     -2.679      2.547
  -1   -2     -7.393      4.951     -4.800
  -1   94     19.187      0.064     -8.254
  -1   -2     22.238      1.082     10.853
 747   -2      5.381      9.034     -4.514
  -1  539     17.133      0.782      2.764
 344  471    -15.105      0.424      4.579
 461 1012     16.670     13.381     -3.741
  -1  409      9.615      1.015      4.044
  84  537     -9.300      9.883     -5.328
 835   -2    -17.895      9.750      7.988
 117   64     20.915    -12.694      8.056
 177   -2     12.571      9.070     -0.889
  -1   73     15.222      3.218    -10.727
 788  102      0.968     -1.073      9.295
  10 1253    -14.196     10.515      6.583
  -1  283      1.101      3.660     -9.402
 108  198     -9.700      0.660     10.541
  -1   -2     15.758     10.015     -5.949
 225 1114     13.014      4.268      7.159
 127   39     -7.154     11.204     -9.633
  -1   37    -18.890     -8.567     10.583
  -1   -2     -1.804      9.715      7.249
 656 1238    -10.815     16.506      8.484
  -1   -2      3.391     -1.138      5.944
  -1   -2      7.380      4.283      6.749
  -1   -2      5.225      9.382     -9.975
  -1  203     19.095     11.900      7.194
1253 1294     17.317     -0.870      8.484
 849   -2      4.727     -1.630     10.976
 209   -2     -9.594     -2.966     11.485
  -1   -2     15.988     -1.119    -11.155
  62  193     -0.031     10.247      6.202
  -1   -2     22.951      3.971      5.035
  -1 1318      3.470      2.407      3.827
  -1   -2     13.961      6.267     12.670
  66 1032      5.390      0.329     11.577
 903  420      8.230      6.034     -0.146
 721  119     16.795      0.993      9.196
  -1  575     -5.132      6.568      4.315
 907   16      1.810     11.275     10.525
  -1   -2     -1.294      3.938      7.649
  -1   -2      7.868     -8.074      6.464
  -1   -2    -14.231     -0.319      8.437
 975  141    -17.306      5.552     11.573
1007  436      7.001     12.026     12.463
  11   87      9.301     -2.708      0.763
  -1   -2      3.384      6.036     -1.023
1167  342      6.541      9.810      8.257
  -1  350     22.808      2.952     11.487
  -1   -2      5.410      3.382      1.847
 164   -2     -5.073      5.557    -12.458
  -1   -2     13.554     -9.984     -2.605
  -1  590      9.987     10.199      3.796
 201   -2      9.550      1.033     -4.163
  -1 1095     19.537     -5.719      6.585
  53   49     18.939     -6.292     10.409
 437  737     25.066      3.384      3.331
  -1  856     -3.138     13.709     11.798
 269  592     -0.656      3.633      1.311
1050  214     17.070     10.689     -2.846
  -1  293     13.676     -7.524      4.633
 255   -2     -1.360      3.356      9.771
  -1   -2    -17.040      0.043     -1.123
 171  146     -1.809     13.190      7.078
  -1   -2    -13.617      9.196     -6.798
 252  469     16.369      5.892      8.960
  -1   -2     19.842     12.770     11.043
  -1   38     -4.694      9.040      3.389
  -1  490    -11.183     -3.108      9.457
  -1   -2     -0.212      7.827      2.485
 331   -2    -13.362     11.787     10.382
 372  242    -11.102     -1.405      0.074
  -1  892      3.767      9.031      7.638
1280 1267     -0.412      0.248      4.901
 629   84      0.530     -4.388      8.886
 847  181     -0.119     -1.280      5.655
 738   -2      6.134     -0.103      2.108
  -1  996     24.878     13.313     10.688
  -1  398      1.068     -2.655      4.907
  -1  159     17.258      0.894     -3.730
 101 1247     15.872      0.407     -4.613
 367   -2     24.928      3.048     11.933
  81  266     14.551      2.436     12.127
 979   -2     14.395     -6.532     11.281
 782  755      6.443     14.600     10.931
 804   -2     11.311     11.410     10.317
 165   -2     15.002     12.552      1.061
 533   -2     -0.427      9.631     -1.443
 358   -2      0.172     -2.478     -0.682
  -1  355     -2.823     -7.330      7.511
 753 1094     -7.823     -6.378      9.880
 280 1260     15.682    -11.963    -10.999
  -1   -2     20.275      4.126      4.092
1159  356     17.012      7.186     -4.394
 730   -2     24.317     10.670     11.008
 100 1015     -2.406     -0.928     10.875
 828   -2    -18.462      4.226      9.845
 243   -2    -16.139      0.223      4.336
  -1   -2    -10.408      9.806     -4.131
  -1   -2    -17.892      3.168     10.873
 446   -2     12.394      1.887      1.419
1026  806    -12.200     11.673     10.574
1256  303      5.488     -5.910      3.850
  61  403    -10.569     -0.567      8.999
  -1  630     21.343      5.125      9.376
  -1  624    -11.964      0.741      2.431
  -1   -2      5.308      6.136     -6.519
  -1   -2      3.389      2.544     -2.209
 920  215    -11.188     -4.986      9.049
 176 1254      6.329     -4.720      7.018
  -1  234     14.999      5.792      4.886
  -1 1312     23.065      0.497      0.829
  -1   -2     15.040      5.965     10.258
  -1   -2     11.458      5.473    -10.132
  -1  258    -10.341      9.103     -5.213
 347 1004      9.725     -0.827      7.023
1287  232     26.261     -6.476      8.832
 896  324      5.414     -2.003     -9.736
  -1   -2     -9.232      9.142      6.988
 862  124    -17.010     -3.467     10.140
 726   -2     23.719     -7.340      4.318
 160  617     22.797      0.213      5.509
 816 1102    -11.200     13.788      7.426
  -1   -2      7.601     -7.248     -5.501
 332  239     18.211      5.265      3.030
 192   -2     17.676     13.016      0.992
  -1   -2      5.123     -0.015     -3.726
  -1  386     13.189     11.495      8.316
 161   -2    -13.893     -1.613      2.709
  -1   -2      9.191     11.569     -5.964
  -1  290    -13.107      2.595     -4.753
 301  301     -5.039    -12.831      0.267
  -1  742     22.893     -3.142      4.399
  -1   -2     -1.122      4.543      7.254
  -1   -2     -3.003      4.982      4.840
 888 1161     11.484      6.232     11.384
  -1  285     23.760     -3.386     12.268
 260  238     12.685     -8.294     12.388
 139   -2    -18.539      5.151      3.156
 210  123    -16.543      6.170     -0.670
  -1  148     11.100     -5.541      9.394
 211   -2     17.808     -6.763      4.243
  31   -2    -11.486     15.208      9.860
 380  747      6.212      0.090      8.585
 891   -2    -10.746     -7.629      6.222
  -1   -2     13.788      5.539      6.278
 235   -2     10.222     15.061      6.325
 777   -2     16.802     -9.325      7.448
  -1   -2     -1.053      9.816     -8.897
  92  136     -7.215     13.308     -0.692
 871  614      0.260     13.399      7.820
  -1 1109     15.278     14.913      2.692
 416   -2     15.776      0.326     -0.427
  -1   -2      1.108     -6.657      0.514
  -1  307      3.956     -2.544      4.504
  -1 1111     16.320     -0.441     11.805
 705   -2      9.697      5.809      3.680
 642  562    -18.248     -6.220      7.557
 431   -2      0.270      2.153     -6.875
 509   -2     22.408      9.426      7.349
  40   -2      8.843      3.277     11.300
  -1   -2     12.832     -2.269     -2.564
  -1  535      5.942     13.571      0.341
 203  548      2.085     -3.343     11.467
1335  183      0.300     -3.216      2.686
 577  518      2.614     -9.814     12.239
  42   -2     -8.157     -0.303      0.606
1283   -2    -18.324      0.616      8.598
 246  195    -14.723     -2.097      5.605
  -1  208      3.132      0.297     11.809
 390  318     11.630     11.655      4.136
  -1   -2     -5.584     10.744     -4.577
 583  476     -6.510     -3.198      9.437
 964  750     -6.583      0.647     -9.110
  78   -2     -0.233      0.232      9.232
 102   -2     -0.369      5.933     -9.686
1029  441     17.535    -11.842      8.820
  -1   -2    -15.409      1.339     10.372
  -1   -2      7.651     14.155     11.252
 309   -2      5.961     -5.839      9.676
  -1  361      0.502      7.820      4.626
 498   -2     19.333     16.620      4.127
  -1  922     -1.409     14.103     12.544
 922  229     19.176     -4.109      6.027
  -1   -2    -16.227     11.863     11.063
  -1   -2     16.681     -3.823     11.356
 329   -2     16.160     -8.417      1.770
  -1   51     16.817     -2.960      4.636
1245  169     13.035    -10.018      9.730
 126   80     18.114      1.850      7.338
  38  278    -14.126     -0.532      3.038
 636  700     20.011     11.691      7.936
 620   -2     -1.836     -2.154      6.025
 746   -2     20.937      7.253      7.067
1105  142     14.452      9.133     -1.872
 868  177    -16.472     15.320      7.871
 637  212     18.608      0.934     -0.011
  -1   -2     -5.691      0.877     10.813
  -1   -2     -4.456      1.450    -11.694
  73   -2     23.490      5.181      3.693
  -1   -2     19.614     12.885      6.073
  -1   -2      9.480      1.496     -8.217
 202   -2      1.038      6.201     -6.666
 621 1273     22.545      2.329      7.615
  -1  957     20.143     -5.585      9.768
1021  153     -7.222     -1.079      6.897
 129   -2     -1.854      8.489      5.900
 529   -2     17.531      5.835      1.667
  -1  252     13.080     10.788     11.955
 450 1268     -3.952     16.286      7.098
  -1 1199     -4.072     -6.580      5.495
  -1   -2    -13.392      7.176     -1.641
1208   -2     19.393     -1.570      5.830
 927  405    -14.671      6.433      5.161
 262  703      7.751      7.924      0.932
 750  716      5.552    -12.224      8.606
  -1   -2     25.701     -7.663     10.306
1304  230     18.852     12.140     -4.674
 740 1092      3.767     -9.956      1.587
  -1  805    -14.472     12.834     10.109
  -1  199      1.571      7.681      0.723
 885 1187      7.936    -10.476      3.429
 764   79     15.272      3.284      6.505
1107  529      4.840      3.876      6.472
 982   -2     23.529     -2.143      8.489
  -1   23     -7.172     -2.837      0.024
1163  304     25.924      3.237     12.384
 355  941    -13.777     -2.255      8.532
  -1  253      9.607    -11.958     11.884
  -1  568     10.332      8.081     -3.177
  -1  325     -3.025    -11.682      7.675
  -1   17     -4.327     -0.736     10.277
  -1 1257     17.074      5.727      7.002
  15   -2    -14.133     11.381     10.379
  -1  448    -14.852     -6.874      8.005
 469  378      6.245     -9.143      1.424
 162    9    -13.522      8.646      8.891
  -1   -2      6.608      3.839     10.847
 676  133     23.816     10.144      6.455
  -1   -2     14.474     -8.766     11.291
 266   -2     14.397     11.156      0.371
  -1  257      7.653     -5.810      6.449
  -1   -2     19.489      0.893      8.560
  -1   -2     -0.763      2.404     -8.144
 985  132    -13.532     -0.143      9.057
 493 1270    -18.364     -1.143     12.445
 387   -2     18.329      4.612     -7.063
 798  204     -7.144     13.542      5.346
 829   29      3.969     -3.315      0.514
  -1 1139     -4.377     13.037      3.799
  -1   -2     -0.694      0.779      0.392
  -1   -2      1.887      9.409      3.490
  -1  248     18.260      7.807      1.571
  -1   -2     -1.313      9.256     -4.428
 917  108     23.333      5.254      9.429
 226  547    -19.888     -1.089      8.861
  -1  635    -10.520     -6.272     12.379
 130   -2      7.361      5.646      0.334
1045   -2      9.575     -3.673     -3.704
  -1   -2      7.410      7.084     -0.559
1058   -2    -17.524      0.224      3.964
1035 1262     -2.836     -1.453      0.355
1262  241     13.665      4.286      3.760
 271 1346     17.806      3.349     -9.821
  -1   -2     19.735     12.376    -10.877
  -1   -2    -13.762     -8.317      9.824
 377   -2     11.614     16.356      8.638
 630   -2      4.802      9.313      6.660
 410   67      9.303     10.243     -5.049
1174   -2      4.835     11.443      6.082
  -1  492     24.666     -8.297     11.888
 931   -2      8.448     14.457      6.324
1206   -2      4.109     -0.163      5.773
  -1  335    -21.107      2.024     12.126
 696   -2     24.924      4.423      3.456
 299   -2     -9.499      1.937     11.662
1193  779     21.213     -4.071      8.969
  -1   -2     16.271      0.794    -11.157
 419 1152     16.905     -2.740      8.747
 397   -2     13.631     11.700     -3.001
  -1   -2     12.937     -0.714      5.068
  -1  334     -5.592     14.876      4.911
  -1   -2     19.714     -0.420     -5.881
 291 1138      2.045      5.633     10.894
  -1 1140    -13.337    -11.519     11.384
 451    7    -12.441     -0.982      9.972
 858   -2    -18.807      5.151      9.491
 774  495     -4.814    -10.445     -1.636
  -1   -2    -16.250     13.813      1.346
  -1   -2     25.345      4.524     11.342
 395  179      7.608      6.389     11.534
1201 1159     -1.474     -9.731     -1.468
  -1   -2    -13.655     -3.259     -2.878
  -1   -2      9.270     -6.075      4.798
 258   98      6.479     -0.971      8.712
 316   -2    -14.831     -2.538      0.789
1293   -2     24.437      2.266      2.632
  95   -2     17.522     -1.051      6.691
  -1   -2     20.057     -8.111      3.138
 286   -2     19.509     -4.360     -3.715
  -1  986    -13.345     -0.471     12.353
 661   -2     -5.145     -5.883     -1.577
 413   -2      0.665      2.040      7.904
  -1   -2    -16.927     -6.063     11.437
  50   -2     14.766     -4.737     11.607
 483   -2     -6.046     -8.089      8.285
  -1   -2     19.711     17.540      7.544
 948  320     -1.859      5.665     -6.129
  89 1076     20.777     -3.385      5.822
  23  263     22.865      1.042     10.284
  -1   -2     22.821     11.000     10.425
  -1   -2     20.971      6.743     -5.688
 651  330    -13.556     -6.379     -2.247
  -1   -2     21.223      4.224     -6.265
 233  423     18.755      3.744      4.448
 961  408      5.818      8.134     -0.137
  -1  916      5.086    -10.075      6.024
 394  611      5.947     13.245      7.017
 143  462     25.031      5.568      6.740
 250   -2    -16.217      3.891     -8.260
  -1   -2      3.420      0.709      1.064
  24  488     18.361     -1.401    -11.688
  -1   -2      9.584      9.194     -3.688
 149   -2    -14.710      2.593      8.884
  -1   -2     10.286     -4.723      8.731
 844  443     -6.875     16.842      8.352
 704  383    -16.568      5.952     -5.396
  -1  738     27.437     -4.938     10.549
  -1   -2     -6.897     -0.106      6.739
  -1   -2    -15.190      8.323     -7.847
 823  422     -8.032     -5.072      3.331
1119  678     18.632      8.658     10.811
  -1   -2     14.236    -11.779     -8.532
  -1   -2      9.581     14.784     10.999
  86  166      4.529     10.761      3.599
 173  905    -11.878     10.652      8.361
 575   -2      7.402     -4.040      1.250
1249 1005     20.026      6.292     10.720
  -1   -2     12.022      4.333      9.049
  -1   -2     24.214     12.485     10.668
 768  827     14.147     -4.006     -0.259
  -1  835      9.064      7.662      4.530
1166   -2      2.039     15.995      7.723
  -1  897     -1.923      5.121     11.131
 599   -2     17.672      0.405     10.698
 453   -2     -8.044     10.282      6.109
  68  134     16.020     -1.356     -0.685
 184   43     20.319      3.393      6.873
 381  647      5.361     -3.876    -11.779
1134   -2      7.326     17.519      9.329
 354  444    -13.916      9.305     -1.608
  -1   -2     19.847      5.419    -12.317
 894   -2      5.124    -15.734      3.996
 119   -2     -3.458      3.488      5.818
 516   -2     13.458     -6.860      4.168
  -1   -2      8.434     -0.939      8.626
  -1   -2     -7.419    -10.012     10.143
  -1   -2      9.094     -2.447      8.171
 603   -2     10.318     11.074     10.776
1023  302      9.878     16.547      5.939
 839 1280     -9.847     13.644     -1.433
1089   -2      5.989      2.437      9.694
 308   -2    -20.336      6.503     10.878
 561  392    -17.792     -2.580      5.088
 825  868    -17.568     10.446     11.558
 653  683     -0.991     -7.266      6.521
  -1   -2     18.255     -4.171    -12.564
 494  297     19.483      8.907     -4.918
  93   -2     -0.803     14.943      1.674
  -1  675     14.881      2.180      6.437
 663   -2     22.574     14.052      1.785
 594  503      9.690     -5.507     -2.138
1057  527     21.302     11.690      9.389
 434   -2     -9.669     13.962      5.036
1042  555      5.574    -10.943      4.725
  -1   -2     15.544      5.662      2.288
 904 1078      1.320     13.763      9.239
 335   68     17.891      6.108     -3.930
 470  863     -3.440     14.654      1.099
 169   -2     -1.566     -0.472      0.737
  -1   -2     18.001      5.501      4.362
  -1  452     -3.564     -3.342      2.257
  -1   -2     18.499     10.456     -4.612
  -1   -2     18.542     -5.066     -9.134
 270  192     12.676     10.410     -1.269
1237 1142     25.921     12.522     10.355
 349   47    -17.671     -1.587      8.126
 459   -2     24.332      2.147     10.467
 843  645     25.220      3.420      9.962
 321  113     20.912     10.252      5.719
 605  525     20.331      5.387     -2.021
 212  111      7.752     -6.228      0.460
 940   -2     -5.539      7.978     -7.892
 718   -2     12.870      6.892     -1.717
 236  551     -5.885     -2.247      1.586
1000   -2     -7.557    -12.599      7.200
 527  702     16.810     -1.658      9.848
 662  552      7.078      2.063     11.072
  -1   -2      6.463     12.833     -8.061
 179  739     16.078     -4.096      9.136
 388   -2     11.593     -0.109      4.111
  -1   -2      5.674     16.237      3.128
 850  333    -14.585    -10.998      0.641
  -1  474      7.291     -9.827      7.703
  -1  762     15.313     -5.984    -11.044
  -1  180     18.264     13.279     -4.424
  -1   -2     17.050    -10.157     -0.931
 155  110     21.139      6.331     11.204
1059  360     17.036      4.874      9.460
  -1  288      9.205     15.224      0.902
  -1   -2    -15.289     -0.837      8.236
 556  379     11.324      3.232     11.324
 495   -2    -10.265     -2.778      4.309
  -1   -2     27.410      0.401     10.425
1188  240      4.419      6.389     12.297
  -1   -2     -9.020      6.053    -11.920
 675   -2     18.885     -3.693      3.548
  83  588     13.124     -3.493     -4.948
 611   -2     -6.733     -1.782      7.441
  -1  793    -17.901     12.633      7.570
 304  581     23.524     -9.176     12.244
  -1  178      5.328      1.895     -2.985
  -1  306     11.994     15.290      1.472
  -1   -2      1.609    -11.137      2.032
  -1   -2     20.570      1.467     -8.853
  -1  650     17.704    -15.779      4.345
 622   -2     16.160    -10.389    -10.561
  -1  711     17.872      9.382     12.007
  -1   -2      9.617     12.496      0.477
  -1   -2     17.561      3.221      5.680
  -1  625     -6.291     13.564     12.485
 115 1148     10.355     -1.609     -0.968
 762  120     -6.509      5.396    -11.941
 357  832     -2.413     10.289      4.295
 988   -2     25.457      0.047      8.096
  -1   -2     15.124     14.541      1.079
 341   -2     -7.724      0.620      1.220
 535 1083    -10.077      6.948      1.716
 103  984     15.602     13.972      3.739
  -1   -2     18.870     -3.028    -12.051
 763   -2     21.007    -17.928     11.789
 872  744    -18.287      1.814      7.462
 741 1276     19.258     14.820      5.416
 878  401      2.117     -9.322      5.505
 759  642     -5.305      5.585     -8.233
  -1  585      6.609     13.429      6.952
  -1   -2     -2.398      6.724      2.038
 426  918     13.942     10.110      8.002
 572   -2     19.924     15.061     11.765
  -1   -2     -4.289      5.674     -8.862
 522  174      9.736      0.550     -6.676
  88 1036     14.898      8.283     11.649
1019   -2    -12.728     -0.253      1.746
  -1  734      0.013     -1.376      0.688
  -1 1182     10.136    -12.010     -0.756
  -1  473     22.228     10.228     10.742
 627   -2    -13.640    -11.745      7.376
 334  509    -10.759     -8.953      6.644
  -1   -2      0.591      6.792     10.190
 174  781     11.666     -6.471     10.898
1155  553     -7.108     -6.542     10.967
  -1 1181      7.165     -1.978      9.069
1086   -2    -12.507     -3.689      1.993
  -1   -2      6.496     -0.053     12.221
 467   -2    -12.072     -2.883     11.116
1129   -2     21.757     12.453      9.925
1197  127     13.512     13.497      6.605
  -1   -2     19.435     -1.186      9.394
  -1   89     -4.308     -2.192      3.591
1100   -2     15.127    -11.007      7.492
  -1  657     -5.526     15.756      7.316
 163   -2     -2.662      1.801      8.601
  -1  899     26.707      3.506      5.990
 758   -2     -1.532      6.897     10.641
  -1   -2     22.809    -12.014      8.020
1084 1030      7.219      9.052      6.905
  -1   -2      7.228      7.356     -4.059
 857 1164     -3.744     -8.492      8.573
  -1  316     18.195      8.409     -1.274
 558   -2     12.429      9.128     -8.538
  -1 1047     11.086      0.968      8.316
  -1   53     23.983      5.526      6.142
 336   -2     14.916      0.603      4.551
 534 1003     -6.018     12.901      9.572
 215  167     17.196     15.292      4.958
  -1   -2      0.942     11.313    -12.388
 649   -2     20.203      8.309     12.242
 220   -2      8.385     15.443     10.705
 900  105    -10.926      7.130      8.070
  -1   -2      6.746     -3.155     -4.921
 237   -2     -5.668     13.992      5.135
  -1   -2     -8.156      2.953      8.011
 421  419     21.727      3.058     -5.103
  -1  843    -13.009      8.956     -0.857
1098   -2     -0.636     11.849      4.456
 424  250     24.933     14.671     11.401
 452   36      6.411      1.490      0.293
 499  131     -0.271      1.390      8.361
1157   -2    -15.754    -10.662      8.816
 254 1258     11.537      3.920     -6.526
 775  947     -1.972     -6.005     -4.693
 986  516    -19.702     -6.737      9.679
 399   -2     23.868     -6.096      9.854
  -1   -2    -14.511      5.628    -11.366
  -1  259     11.267      6.950      8.191
  -1   -2      0.039     -6.803     -5.093
  -1  512     -0.250    -10.571      1.773
 864  247     -1.950     15.071      2.276
 468   70     -0.739      2.609     -3.752
  -1  369      0.829      2.144     -8.256
 366  466      7.861     -3.680      8.434
  -1   -2     10.196     15.527      0.539
  -1  754     -9.114     -6.528      3.127
  -1  666     -2.025     -1.396     11.161
 645  128    -14.534      9.564     -9.809
 745  717     23.426     13.898      2.380
1149  171      3.384      0.613     10.235
1142  784    -17.794    -11.856      4.835
 666  464    -13.236     -6.242     10.895
 793  377     23.685      8.499      4.777
1074 1052     12.691      1.982      7.405
  -1  228     11.629      5.575     -3.910
1034  219     20.366     -6.474      8.033
  -1  367    -13.754     -7.264      8.724
 231  237     14.479     11.734     -3.468
  -1  729     -3.529    -10.965     -7.923
  -1  865     17.723    -15.384      7.978
  27   -2     -2.150     13.436     10.642
1103  659    -18.433    -10.417      9.584
 256   24      9.279     -4.932      8.017
 403  475     24.195      6.739     11.931
  -1   -2    -12.955    -10.537      2.725
  -1  636     16.935     11.075     12.079
 915   -2     16.480      3.120      6.621
 919  256      9.312     15.518      6.779
 193  265     -8.387      0.089     11.676
  -1   -2     22.772      6.971      1.254
 546   -2     26.782      0.888      7.050
  -1   -2     24.313      6.322      2.059
  -1   -2     -3.225     15.626      2.999
 363   -2     -5.131     -0.596      6.807
 310  196      1.208     -1.265      1.726
1032 1014     25.995     -7.994      8.429
  -1  821    -13.032      2.858      6.461
  -1   -2      1.740      2.567     10.166
 547  364     22.310      1.398      6.011
 145   -2     -2.824     -8.283      7.456
  39  574     -8.443      5.692      3.210
 423   20     25.431     -4.919     10.401
 379  662     21.651      9.821     -1.282
 147   -2    -14.462      9.817      8.857
1083  960     25.984     -9.603      8.354
 692  321     17.718     -9.294      8.763
  -1  959     21.539      1.455     10.552
 987   -2     -0.705     -0.930     10.426
 221   -2     -9.452     -3.495     10.950
  -1   -2     14.866     10.738      7.275
  -1  735    -20.583      5.070     10.547
  -1  623      3.505     -2.814     10.954
  -1  848    -11.366     14.027      0.630
  -1  279     -3.617      2.534     -0.975
  82  289     15.412      3.332      9.345
  -1  374     -6.331     12.823     11.714
 597   -2     16.498    -17.874      8.176
 140   -2     13.152     -6.701      8.106
 442  455     -3.512      4.308     -2.237
  -1  508     15.888     -6.374     11.450
1111  421      0.841     -5.774      7.925
  71   -2     10.256     11.276      5.422
1136   -2      0.502      8.827      6.162
 821   -2     21.656     -6.872     -5.866
 551   25     20.033      4.804      9.932
 971 1072      2.924    -12.277     -8.141
 181  138     23.893      0.172      8.178
  -1   81     11.306     -3.892      4.276
 425   -2      4.306    -10.756     -5.664
  -1   -2     15.230     -6.170     -2.774
 576  532     21.109      5.622      0.414
 628  801     12.624     -7.655      8.599
  -1   -2      5.387      9.957     -7.862
 477 1269      6.499      2.059     -4.511
 647  322     19.366     10.777      2.092
  -1   -2     19.654     -7.024     -3.221
1112 1303     14.991      5.864      3.878
1162 1101     22.085     16.252      5.988
  22   -2     18.353      4.888      7.033
 216  582     25.312     -5.834      9.657
 297   -2    -13.230      2.053     -2.441
 247   -2     22.340     -5.203      8.605
 698   -2    -14.917      5.059      6.410
1292   -2     13.166     -0.386     10.971
  -1  107    -13.622      0.454     11.262
 505  911     24.989      4.195      5.506
1236   -2     23.753    -16.386      7.438
  -1   -2     -9.914     -7.254     11.650
  -1 1192     21.896     13.104     10.234
  -1  743     16.021      5.211     -5.551
 407   -2    -10.909     -4.858     11.862
 557 1048    -13.282     15.616      8.956
1205   -2      6.059     -9.075      6.968
1014  385     -1.102      1.807     -4.817
 678   -2     15.537    -12.250     11.747
  -1  773     12.872     -3.977     11.880
  -1  763     13.028     -5.800      5.972
  -1   -2     21.459     12.585     -5.032
1067   -2     -7.365    -12.088      2.501
  -1  993     20.159     14.835      7.779
  -1   50     -8.766     -3.131      1.292
  -1   -2     20.191     -3.611      4.040
  -1  344     -1.311     15.841      9.267
  -1   -2     24.367     16.382     11.378
  -1   -2      1.775    -10.091      2.303
1009   -2     17.570      4.523      3.246
 995  201     -0.579      2.088      4.348
 945  847      6.939     11.042      8.975
  -1  791     16.898     10.781      9.763
  72   52    -10.715      8.387     -7.991
 279  704     13.876     16.209      8.504
 591   -2    -12.745     -6.342      0.100
  -1   -2     -4.883      6.426      8.663
  -1   -2     18.267     -2.191     10.395
  -1  390      5.656     -9.250      5.017
  -1   -2      9.958    -13.069     -1.735
  -1   -2     -7.720      3.652     -4.428
  -1  346      6.503      0.842     11.381
  -1  596     -2.908     -3.992      8.648
 438  598     11.813      8.263     11.591
  -1   -2      7.555    -10.051     -5.257
  -1  511    -16.814     -8.560     11.712
  -1   -2      7.383      2.604      3.610
1118  834    -17.517     -8.395      7.358
  -1 1146     27.483      2.772     12.123
  -1   -2     22.200    -11.852      7.018
  -1 1044     -7.708      6.351     -0.930
1143  207     14.980     13.910     10.590
 719  638     12.984      6.993      9.323
 146 1242     24.367      8.430     11.385
  -1   -2     -3.906    -14.714     10.250
 345   -2    -18.695     13.156     11.068
 609  602     26.307     -2.713      9.652
 545 1271     20.812      8.869      8.387
 785  706      7.052     -1.390     11.357
 805  591    -10.868      0.182     -5.070
  -1   -2     23.685      7.277      9.285
 313  545    -13.472     -9.656      9.071
 439 1241     18.285     -4.526      8.545
 950   -2     22.904     -1.973     11.383
  -1   -2    -16.584      3.590     11.035
  -1   -2     -7.361     11.578      8.509
  -1   -2      9.611      8.000     11.919
  -1  557     22.528     -4.571     -1.423
  -1 1070    -11.723    -10.810      6.861
 736  631     -9.128     -5.412      9.286
  -1   -2      8.064     -4.156    -11.817
  -1   -2     -2.482     -5.762      5.391
 104   -2     19.663     12.738      7.616
 668  997     -7.746      8.981      7.033
 374   -2     -5.603     16.537      9.524
  -1  351      1.932     12.524     -4.595
  -1   -2    -12.596      7.650      0.335
1172  519     11.149      5.945      1.037
1158   -2     23.904      0.858      8.990
  -1   -2     25.613      9.900      6.410
1046   -2     15.401    -15.950      3.763
1068  898     -4.656     -9.719      6.616
  -1  612     22.000      8.355     -1.534
  -1 1202      9.305     -1.812      6.949
 582   -2     -4.251     -5.051     10.187
  -1  606     21.641     -5.665     -7.549
  -1   -2     -5.897     -8.098     -7.170
  -1 1038     26.175     13.956      8.309
  -1   -2     10.681      1.236      7.968
 972  862    -16.118     14.419      5.101
1186   -2      8.959    -17.329      8.757
  -1   -2      8.450     -4.479      7.384
  -1   -2     -4.636     -3.021     -3.167
 652   -2     18.787      4.455     10.901
 607  673      0.927     -9.234      3.201
  -1   92    -14.686      0.894      1.726
1145   -2     -4.468     -6.717      7.938
1203   -2     -0.683     -8.407      5.339
  -1  223     20.648     16.804      3.712
  -1   -2     21.629      4.439     12.327
  -1  578     10.354     -9.270     11.568
 724  851    -14.023     -5.263      5.069
  -1   -2      6.015      9.913      0.285
 473   -2      5.058    -11.649      1.858
 883   -2    -11.691     -3.202      6.656
 559   -2     14.161     -3.267     11.034
1267 1191     17.537      9.482      8.475
  -1   -2     -0.362      5.104     -6.313
 319   99      6.284     -1.003      3.114
 694  777      5.768     15.450      9.840
  -1  656     18.515     -7.648      9.045
 685  477     13.017      8.456      6.941
1092 1039     -2.157    -15.448      8.546
1018  876      7.680    -10.254     11.616
 733 1275     17.248     11.298     -4.511
1269   -2      2.900      4.316      4.615
 485  308     -0.508     -7.117      2.190
1054 1019     -3.862    -14.292     -1.014
 990   -2     11.887     -0.622      9.521
  -1  493     17.979    -18.418      7.437
 761  284     21.723     -3.390      8.167
 311  190    -14.109     -5.848      9.118
  -1  538      0.000     -3.192      9.134
  -1  816    -12.530      8.215     -1.880
  -1   -2     16.025      5.459      3.112
 596   -2     11.943     12.678      1.716
 433   -2     15.290     -5.898     11.255
 385  479      6.274      2.379     10.389
  -1  615     16.026     -1.320     11.050
  -1  202     18.369     -6.419     -2.581
  -1 1129     16.018     17.482      6.360
 949  550     21.438     10.422      1.722
  -1   -2     10.620      1.927      9.560
  -1  411    -15.694     -8.558      8.328
  -1  437     20.471     15.653      5.088
  -1   -2     19.862      5.023    -11.421
  -1   -2     23.099     -3.941      7.193
 701   -2    -10.919    -13.045      4.444
1027   -2      5.049    -10.934     -4.887
 328   -2      7.818      7.429     -1.640
  -1   -2     21.472     14.141     -2.855
  -1   -2     19.750      4.462     -5.193
 643  220     19.133     12.771     11.413
  -1  730     21.478     13.342      7.280
  -1 1042     24.194     -9.384     12.298
 435   -2     22.624     -5.558      9.117
 983  812     14.441    -18.330     11.297
 683  695      3.980      0.170     10.968
1049  859     10.198    -14.474     -3.133
 213   -2    -13.880     -3.619      1.568
  70  472    -13.288      6.435      1.193
1008   -2     16.975     13.106     11.010
  -1   -2      7.005     -4.486    -10.125
  -1   -2     -8.726     -9.785      5.320
  -1   -2     16.314     -4.336     -3.842
  -1  713    -11.173     -6.327     -0.878
 518  896      2.792     -3.898      6.037
  -1  709     -4.382      8.507     -4.944
  -1  609     16.362      5.365      0.856
 783   -2     19.823     -7.445     10.403
  -1  531      3.013    -11.582      7.808
 239 1119     11.929      8.932      4.922
  -1  151     -3.513     11.244      8.909
  -1   -2     26.904      2.392      3.993
1094  972    -13.636     15.304     12.596
  -1   -2    -14.825      3.713    -10.747
  -1  506     15.028     15.567     -0.204
1164  884     24.151     16.968      7.573
  -1   -2    -17.989     10.904     -2.810
  -1  825     -1.067      1.780      8.628
  -1  710     -8.715     14.040      9.618
  -1  225     -2.913      1.426     11.257
  -1   -2     -3.525     11.748     12.519
 860   -2     -6.440     -5.234      7.293
 138 1184    -12.575     13.201     12.680
  -1  432    -16.977      1.466     10.142
 952  903     23.314     11.273     -8.979
 802  792    -11.597     14.896     11.301
  -1   -2    -10.958      0.497     10.319
  -1   -2     13.832    -16.272     12.160
 744  607    -14.763     15.158      9.333
  -1  206    -18.584      4.562      8.521
   5   -2    -17.513      7.694     11.875
  -1  267    -14.765     11.628     11.506
1099  894     -9.021     18.489     12.410
  -1   -2    -18.521      6.421      6.471
  -1  830    -16.429    -16.684     10.721
  -1  901      8.358     -2.084     12.333
  91  875      5.332      6.192      4.077
 242   -2    -19.369      3.678     10.092
1117  664     23.098    -10.423      7.057
 635   -2    -16.062      5.853     -7.195
  -1  699     -3.471    -15.204      4.210
 824   58    -12.937     13.863     10.857
  -1   -2     -3.083     11.283      7.786
  -1   -2     -0.886     -0.681      5.036
 845   -2      9.244     13.407      7.166
  25   -2    -17.294      0.434     11.816
  -1 1277    -17.331     -1.447     -1.197
 752   -2    -11.704     -6.886     -4.725
1060 1195      0.494     11.498     10.644
 700   -2     20.668    -10.357      6.705
 801   22    -14.752     11.947     -3.040
  -1  407      3.100     15.577      4.103
  -1   -2     17.275      6.099    -10.509
1097   -2     -3.361    -17.320     10.088
  -1   -2    -13.164     -1.881     -3.911
 440   -2      0.457     -0.081      6.406
  -1  968     -8.856     14.527      5.027
  -1   -2     23.945      1.556     10.053
 484  528     -8.833     14.816      9.231
 836  844     -7.916      2.384     10.370
 364 1135      0.455     15.897      9.902
  -1  326     -4.322     14.017      8.259
  -1   -2     -7.442     -1.797     -7.982
  -1 1345     11.668     -2.118      3.587
  -1  210     -2.752      5.084     12.644
  -1  349     17.758     -4.391     -1.887
  -1  655    -16.835     -5.254     -1.373
  -1  221      4.683     10.871      1.803
  -1  603      3.280     13.317     -4.406
 826   -2     -4.557     13.731     10.515
  -1  705     -3.889     -6.526      1.576
  -1   -2      4.271      7.254      4.834
1209  946      8.793    -12.242    -10.272
  -1  998     -2.459      9.238     12.270
 863 1046     -2.233     15.302     10.070
  -1 1008      2.679     11.407      5.493
  -1   -2    -15.044      9.112      0.079
 751   -2     -9.877     -2.798      6.057
  -1  144    -12.278      1.169     10.260
  -1  942     -8.926    -18.352     10.846
  -1   -2     -7.138    -15.063     12.375
 852    2    -12.082      6.742      7.164
  -1 1089      2.040     19.197      9.199
  -1   30    -17.286      8.758     12.048
 156   -2      5.910     14.319      4.061
  -1   -2      4.916      4.498     -1.247
 617  347     16.460     15.297      9.189
  -1   -2     -0.862     -9.399      7.376
  -1   -2    -10.617     19.136      7.152
  -1   -2    -17.328     12.831     12.111
  -1 1147     -0.541     14.086     11.458
  -1   -2      9.671     -0.743     -5.925
  -1  287    -12.340      1.849     -7.336
 554   -2     13.346     12.350     10.013
 515   -2     11.545     10.650      3.736
  80   40     -1.854      5.422      3.681
  -1   -2    -14.088     12.606     -4.582
  -1   -2     -3.831      0.683     -4.363
1109 1096     -5.260     15.470     10.512
 799   -2    -18.646     11.162      9.115
  -1   -2     -4.892     17.951      9.269
  -1  846     27.198      9.118      4.403
  -1  155      9.986     -8.041      8.495
1024  651     16.196     14.230     10.558
1240 1179    -21.340     -7.987     12.198
 566  243      2.817     15.675      8.547
 882   -2     24.710      7.239     -3.943
 813  672     12.266    -18.078      7.072
  -1  698     13.673     -2.334      1.187
  -1  273     -9.110      7.824     -2.145
  -1  570     -2.420     11.713      4.339
  -1  831     27.871      4.234     10.054
 861  854      0.164     16.689     11.972
  -1   -2     -8.143     -6.485     -9.230
  -1 1068     28.688      6.134     11.680
 834  822     -0.347     18.580      6.253
  96  291      6.362     14.707      8.550
  -1   -2      3.917     -9.701      6.379
  -1   -2    -19.642      5.276      6.142
  -1   60     -0.376      5.624      9.227
  -1   -2    -17.420     -3.820     10.690
 626   -2     16.175     18.151      8.667
  -1 1169     19.068    -10.422      8.877
 936 1122     26.869     -0.810      7.321
  -1   -2      0.106     -3.509     -7.280
  -1   -2     23.504    -14.735      9.679
 980  340    -11.808     13.718      7.623
1065   82     -4.590      0.377      8.635
 135  426     -1.653     -3.693      6.722
  -1  505     -2.698      5.477     -6.512
  -1   -2     19.671     -0.689      4.745
 501  939     19.957      1.640      4.689
  -1   -2      7.498      5.022     -4.573
 855   -2     -4.188      8.871     10.395
 833  783    -16.209     -5.025     -8.049
  -1  639     -7.940    -13.333     -0.910
  -1   -2     -5.969     -1.998      9.278
  -1  530     16.270     -6.959      8.824
  -1  209     13.081      3.153      8.224
  -1   -2     12.208     -4.153     -0.032
1033   -2      1.839     12.200      3.639
  -1 1081     -8.719      1.513      6.543
 526 1171     10.442    -16.764     10.436
1123  584      2.270     11.150      7.092
  -1   -2     21.808     14.694     10.000
  -1   45    -10.488      2.844     12.302
 875  917    -14.447      2.399     12.455
  -1   -2     10.228    -11.909    -11.738
  -1  669      1.626     -9.195      8.280
 445   -2      7.781     12.134      0.923
  -1  137      5.776     11.746      5.775
1133  164     -7.292     -2.385      5.121
1063   -2    -17.187    -10.595     11.649
  20  331    -11.006     -0.441     12.686
  -1   -2    -12.085      7.160      4.932
  -1  556      1.815     14.979      7.542
 520   -2    -18.949     -3.701     12.088
 939   -2    -19.570     -3.464     12.453
1150   -2    -11.076     16.737     11.536
  -1   -2     23.616      2.983     -5.168
 402   -2      7.840     14.956      7.371
 760  937     15.786     17.376      9.613
 531  457     22.466    -10.697      2.585
 567  966    -18.564     -4.428     12.660
  -1 1154     -4.606    -10.652      9.473
  -1   27     -8.484      5.121     -5.178
 479  885      9.071      5.760      9.190
1043   -2    -12.951      2.048     11.570
 791   -2      3.443    -15.349     12.646
  -1   -2    -10.062    -18.022     12.069
  -1   -2      7.841     -6.888      6.886
 288  427      4.303      5.695      5.340
  -1   -2      1.127     -0.625     10.944
1053 1285      2.030      7.503     -5.346
 897  332     -9.603     16.762     10.095
 831   -2     27.183      3.104      8.061
  -1   -2     -3.470      9.048     10.120
 592   -2     24.511     -6.916     10.577
  -1  200     11.018     18.187      9.943
  -1   -2      8.364      3.395     -7.564
1137   -2    -11.193     18.376     10.820
  -1 1264    -11.596     15.706      8.207
1108  305     25.354     -1.639      9.782
  -1   -2     -6.262     10.649     12.244
  -1  789    -21.075     -3.789      8.133
  -1   -2      0.990     -6.898     -3.991
 539   -2      1.003    -14.880     -1.423
 879   -2    -11.916     -7.751     11.944
  -1   -2     -3.401     15.140     12.078
 606  665      8.214    -13.477      0.742
1194  788    -15.928     16.146      7.905
 588 1069     25.700      7.897     10.604
  -1   -2     11.351      2.169     -7.103
 717 1017    -10.843     13.308     -4.255
  -1  165      9.501     13.418      3.941
  -1   -2     17.867      2.340      2.099
 842  674      2.137     12.633      5.160
1011  873    -11.282    -12.964      8.189
  -1 1173     -3.004      0.874      9.833
 616  481    -19.456     11.306     11.686
  -1   -2      7.225      5.203     12.367
  -1  483     23.970     -5.535      9.863
  -1 1194    -18.671    -12.716     -0.450
  -1  980     -6.249    -16.548     12.731
  -1  368    -16.411      9.867     -9.902
 375  261     10.742     11.854      2.155
  -1   -2     23.438    -13.858     10.931
 290  300      0.662      4.250      8.504
  -1  121      4.805     -0.242      9.835
  -1  463    -11.886     -3.436      1.102
1233  752     15.999    -17.795     11.003
  -1   -2      2.998    -12.318      8.745
 132   -2    -11.892      1.459      3.715
1289   -2    -18.885     -3.072      8.864
 925 1021    -12.001    -19.053     11.309
  -1   -2     -1.068    -10.688     -4.838
 274  871      5.168     -2.525      5.526
 909  712      9.844     11.667     10.673
 772   -2     12.101      6.469      7.638
  -1   -2     27.654    -14.035      4.838
  -1   -2     -4.337     -6.960      3.771
  -1   -2     -9.703      8.317      0.547
1090  186     26.670     -9.688      7.892
 770   -2     20.261     15.844     -0.762
  -1  985      2.044    -15.202     -3.742
1144  982     -5.562     19.991     11.669
  -1  109    -11.669     12.187     10.237
 981 1023     -2.033     12.960     11.789
  -1 1143      6.907     16.688     12.226
  -1   -2      4.003      2.020      0.453
 989 1084      1.815    -12.189     11.274
 672 1075    -14.896    -13.383      6.343
  -1   -2      6.967      7.487      2.651
  -1   -2     10.314    -13.069     -9.047
  -1   -2     -7.122      7.305     11.140
  -1   -2      9.237     -1.417      1.036
  -1 1137      0.495     -4.384     12.495
  -1   -2    -14.036    -18.928     12.002
  -1   -2     19.184      0.093     12.118
 428  989     15.177     10.287     11.353
  -1  766     -1.768    -13.906      2.944
1022   -2    -15.301     12.954     10.509
1263  775    -14.241      9.168      7.457
 937   -2     23.272      2.924      4.837
 398   -2     20.854     10.949      7.390
  -1   -2      0.224     11.422      8.260
  -1  268    -16.968     -3.305      4.722
  -1  485     11.488    -11.136    -10.402
 315  168    -17.873     11.653      9.718
 593  388     25.912      2.619      4.211
 178  272    -17.305      5.565      9.241
  -1   -2      2.620      7.868     12.195
  -1  771      3.342      4.210     -0.309
1095  690      5.772    -15.035      6.944
 353  648     -3.428     -7.272      5.266
  -1  668     15.866      6.603     10.606
 866  680     13.806    -15.181      3.614
  -1   -2     -8.384      8.168     -2.051
  -1  543    -14.025     16.176      4.901
  -1   -2      5.649     -9.356      0.864
  -1  576     23.218     10.347     -4.275
 756  852      0.855    -12.358      5.079
  -1  721     -4.069      1.937      5.955
  -1 1007     17.822     16.215     10.908
  -1  670     20.618    -17.201      5.473
1079 1183     20.779    -11.576     12.146
1041   -2     15.946     12.057     11.381
  -1 1309     -3.465     13.424      3.682
  -1  620      6.634      9.583     12.243
  -1  292     26.957      1.634     10.831
  -1  571    -11.403     -9.807     -4.673
  -1   -2    -10.906    -15.400     10.839
 998  446     17.430    -12.916     11.173
  -1   -2     -1.440    -14.984     -5.214
  85  430     24.943     -3.957      7.556
  -1   -2     21.632     -8.732     12.678
  -1   -2    -14.097     -4.080      9.879
  -1 1123      8.768    -17.252      5.632
 996  370    -12.687     17.925      6.132
  -1   -2     16.400     -6.029      9.376
  -1   -2     21.625      8.244    -10.709
  -1  608      5.525     12.257      0.395
1128   -2      5.522     -4.385      4.750
 973   -2    -16.225    -12.656     10.097
  -1  439    -18.265     -6.146      3.455
 944   -2      4.293    -13.518     -0.290
1152   -2    -19.576    -10.620     11.172
1121  786     -7.746     19.804     11.211
  -1 1130    -19.278     -8.415      2.900
 962   -2     -5.837    -15.466      5.965
  -1   -2    -18.083     18.799      7.946
  -1   -2     11.328      3.591      3.148
  67   -2      7.608      8.239      2.899
1080   -2    -12.037    -18.557      6.280
  -1  380    -13.152     -2.981     10.741
  -1   -2     24.997     -2.786      7.668
 784  671     19.197     15.558      5.932
 899  983     28.911      1.542      9.510
 454   -2     -7.784    -12.237     -6.930
1185  878     24.594     17.904      8.335
  16   76     -3.616      1.624      9.001
  -1  526     -5.193    -11.868      6.732
  -1  185    -12.637     -5.345      6.680
  -1  399      4.073    -11.168     10.115
 417  715     15.165     17.472     10.152
  -1  653     25.245     10.885      4.030
 314   96     16.576     -9.625     10.024
  -1   -2      6.365      5.475     -2.754
1138  837     27.123      9.350      7.682
 282   -2     23.829     13.123      5.411
 264   -2     -0.600     -1.076      5.061
  -1  855     23.822    -13.682      6.801
 977   -2     20.910     -9.450      9.637
  -1  696      9.754     13.911      9.806
 669   -2    -10.125    -13.175      2.503
1161  544     25.079      4.710      8.185
 217 1013     20.916     16.282      6.824
1261   -2     12.379     -2.403      7.209
 540   -2     15.827      7.857      8.583
  -1   -2    -15.339      0.250     -0.242
  -1  686     -9.536    -14.488      3.838
 327   -2     -2.529     -2.375      8.320
  -1   -2     -3.625     19.329     10.712
  29  353      9.496      3.787     11.302
  -1  904    -19.481    -14.670     10.533
  -1   -2      0.156     10.580     -4.704
  -1  913     11.299     15.498     10.803
  -1  158     -6.056      2.718      6.055
  -1 1175     -7.746    -15.292      7.464
  -1   -2     -7.579     15.052      6.675
  -1  414     14.122      0.922      1.862
  -1  224      5.262     15.591     11.565
 506  559      3.661     -8.614      4.722
 230   -2      2.699      4.298     11.566
  -1  888    -17.565     -4.962     12.463
  -1 1279     -4.204    -17.841      8.345
  -1   -2     13.614      1.631     -3.330
  -1  740     12.169     14.551      8.784
1278   -2     13.952    -12.939     -7.145
  -1 1178    -11.184      5.715      1.246
  -1   -2      4.191     12.277     -9.898
  -1   -2    -12.452    -14.836     -6.822
  -1   -2     11.234     11.787     10.556
 810   -2     -0.479     18.936      8.324
  -1  725     19.025     18.334     11.695
  -1   -2      4.454    -14.779     -4.131
  -1   -2      1.395     -9.735     -0.148
 133   -2      6.205      4.204      2.313
  -1   -2     13.826    -12.999      9.987
  -1  478      8.736     -5.638     10.983
  -1   -2      7.209      6.388     10.298
  -1   61     14.786      6.157     -9.760
1003  286      2.808      6.576      8.953
 699   -2     -3.504     16.578     10.572
1076 1098      9.704     15.236     12.357
 449   -2     -0.336     -1.373     -6.856
  -1   -2     20.841     15.480      9.201
 565   -2      9.875     -3.660      5.636
  -1   -2    -14.369     -8.072    -11.968
 654  807     -4.439      6.728     12.354
  -1   -2     15.186     13.755     12.439
  -1   -2    -11.188    -18.162     11.332
 743   -2      9.501      0.636      7.657
  -1   -2      8.502    -13.373     -2.455
1140   -2      4.687     17.578     10.470
 430  853      3.480     17.372     10.453
  75   -2     13.419     -5.434      7.917
 887   -2      6.964      4.777      8.240
 734   -2     27.970     -3.079     10.597
  -1  467     23.640    -18.407      8.934
1211 1117     22.108    -16.531     11.231
  -1   -2     -2.509     -7.645     -4.505
  -1   -2     24.010     11.342      7.515
 974  641    -12.567     -4.906      9.813
 478   -2      8.344     -3.103     -6.180
  -1   -2     21.692     17.992      9.554
 710 1170    -15.575     12.260     11.181
 339  940     24.519     11.707     11.551
 240   -2     -5.645     12.004      7.139
1204  205     -6.151     -7.203     11.473
 330  994      3.867    -11.642      2.542
 886  920     25.678      9.705     12.461
1012 1028     24.410     13.573     11.582
  -1  125     18.944     10.652      7.235
 819  375      5.615    -13.304      5.899
  -1   -2      2.206     10.317      5.260
  -1   -2     14.271    -13.137     -3.216
 191   -2      5.913      7.566     11.255
  -1   -2    -11.708     12.741     10.818
  18  345     -3.740      7.608      7.578
 277  424    -16.054     -1.899      9.048
  -1   -2     29.240      1.506     10.838
 263  697     19.960      0.067     11.805
 832   -2     -7.546      0.043      8.938
  -1   -2      0.421    -11.537    -11.178
 463 1145     -9.278    -13.407      3.728
1115  434     23.234      6.662      8.892
  -1   -2     -7.411     -8.154     -4.878
 471 1136     -1.369      7.083      7.116
  -1  629     -7.403     -4.968      7.184
1222 1090    -14.376    -20.165      6.970
  -1   -2     -5.218    -12.945      6.242
  -1   -2     -7.933    -19.813     12.223
  -1  129      6.356      7.026      0.293
 725  343     14.006     -4.300     10.894
1075  808    -12.949     15.451     10.596
  -1   -2     17.962      0.216      8.356
  -1 1049    -10.724    -17.441     12.188
 703  637      2.469     -9.394     -5.347
  -1 1108     12.696    -17.107     -2.804
  -1  802    -11.873     10.348      0.211
 476   -2     24.963    -14.231      9.244
 415  840     -6.023     14.737      9.019
 514   -2    -12.288      0.098     -2.911
 571   -2      5.461     15.791      6.197
  -1  554     10.862     -2.639     -1.530
 392 1086     14.507     -0.686      1.895
  -1  541     10.300     10.063     12.516
  -1   -2     -1.228     -5.300      1.367
  -1   -2     20.108     -9.965     11.733
  -1   -2      0.467     -2.215     10.625
 728   -2     15.163     -2.920      5.631
1139   -2     -0.506     13.333     11.898
 229  163     -9.112     10.657      4.633
  -1   -2     17.875      8.098      9.533
  -1  767      5.300     -7.335     -0.459
  -1   -2     18.232     -1.009      3.104
1093  103     10.610     -2.564      8.762
  -1  410      8.906     12.735      9.572
  -1   -2     23.364      6.787     -1.204
1184   -2     -5.963    -15.062     10.811
  -1   -2     -2.462    -22.539     -0.051
 797   -2     25.520    -16.716      7.394
  -1 1085    -23.727    -14.126      8.566
  -1 1155     15.661    -22.098     10.107
1215 1041     27.545    -16.114     12.481
  -1 1210      5.846    -24.594      3.708
  -1  776     26.954    -17.641      8.934
  -1   -2     -0.238    -23.246     -4.969
  -1 1177     22.328    -25.363      8.408
1219 1217      6.921    -26.152      5.310
  -1   -2     12.096     24.578      8.467
  -1 1204      0.907    -26.138     -8.296
  -1 1208     -7.775    -20.549     10.185
1232   -2    -23.514    -17.768     12.225
  -1   -2      7.254     24.963     11.122
  -1   -2    -10.657    -21.318     -4.491
  -1   -2     23.205    -16.507     12.615
  -1 1190     23.049    -19.090      3.979
  -1   -2      0.599    -23.078      5.265
  -1 1231     19.566    -17.497     12.526
1230 1288     -3.115    -25.580      3.350
1226 1209     26.957     15.843     12.224
  -1   -2     19.011    -23.983      1.739
1224 1024     24.059     17.193     11.869
  -1   -2     20.781     18.993     11.306
  -1  573    -15.769    -16.550      0.118
1231   -2      6.169     23.625      9.720
1223   -2     -6.077    -19.840     11.745
1234   -2     15.363    -21.859      4.438
  -1   -2     26.250     13.471     12.395
1243   -2    -23.514    -11.826     11.464
  -1 1211    -27.000    -13.302      9.114
  -1  758     -1.857    -18.961     11.418
  -1   -2    -24.996    -13.625      9.863
1217  501     23.774     19.418     11.501
   9 1233     12.983     -8.863     11.701
  -1   -2     16.428      3.590     -7.921
  13 1235      9.049      9.439      0.183
  -1   -2      3.500      2.422      3.734
1268   -2    -12.792     -1.970     -3.251
  -1  173     21.086     -1.694      6.651
 283   -2     18.721     -6.087     11.144
  48   -2     -6.637      0.055      7.160
  -1   -2      5.091     -0.057     -3.900
  -1 1291     18.278      1.716      6.206
  -1  583     13.430     -5.839     11.136
  -1   -2     -4.699     13.347      5.372
 318   -2    -13.434      7.152     -1.339
 568   -2     -7.549      7.392      1.651
1258 1298     -5.653      6.185    -10.903
  59   65     21.392      8.886     10.884
1299   -2     14.495     -8.546     11.809
  -1   -2     16.546     -2.558     10.215
  -1   -2     13.727      5.554      6.385
  -1 1310      9.444     -5.625     10.956
1130 1057     -3.170    -11.682      7.696
 136  628     -6.200     -2.164      8.841
 205  115    -16.731     -0.051     -1.598
 223  365    -16.073      0.974      1.592
  -1   -2      7.522      6.555      0.964
 158  270     20.954      6.823     -5.738
  -1  988     -5.238     17.831     10.213
  -1   -2     11.191     18.077     10.276
 185 1040      4.482     -1.647     11.554
 411 1266     12.922     -0.781      5.262
  -1   -2     12.876    -13.138     -2.744
1102   -2     -2.209     -2.776      3.404
  -1   -2     -5.425     -0.335      6.712
1072  701     15.033      6.011     10.411
  -1 1301    -12.716     -0.798     -3.914
1062  536     23.349      5.272      9.275
 278  327     23.308      5.312     -1.179
  -1 1197     24.225    -14.681      8.381
 114  227     -9.968      7.171     -2.057
  -1   -2    -14.562     -4.330      6.152
 350   -2      3.414      9.721      6.472
  -1   -2     -4.406     -0.758     10.283
  -1  338    -16.368      3.979     -8.008
 573   -2      4.552      6.594      8.537
  -1   -2    -16.028     -7.136      2.749
1288 1304     22.299    -10.435      2.146
1088  769     16.974      5.714      7.185
 779 1249      9.885     -8.058      8.296
 681  593     -7.550    -12.397      7.705
1171  328     -1.139      9.669     10.563
  -1  382     15.077     -8.852      0.749
 300  688     -0.803     -2.069      6.561
  -1   -2     17.311     -9.901     -1.399
1176   -2     -6.277     12.790     11.755
 817   -2    -17.331     -1.447     -1.197
 820 1343     10.752     -3.059      6.323
 693 1073     25.182    -14.791      3.427
1002  640     -2.324    -13.273      1.266
 624  586     19.263     14.570      5.757
 610  456      3.024     -0.699      7.307
 809  595     15.280     -2.384      8.090
1212   -2     15.661    -22.098     10.107
 997   -2     20.786     16.276     10.261
1225 1064      0.599    -23.078      5.265
1096 1287     22.085     13.048      9.945
1246 1290     23.009     -3.298     10.964
1302 1307      5.091     -0.057     -3.900
1279   -2     18.278      1.716      6.206
1247   -2      9.507     -2.629     -1.100
  -1   -2      3.500      2.422      3.734
1257  194     13.669      2.749      4.250
1259   -2     -4.699     13.347      5.372
 152  514     18.856     12.063     -5.005
1310   -2     23.073      0.534      0.916
  -1   -2      9.444     -5.625     10.956
1306   74      6.044      5.534      3.562
  -1   71      5.218      9.428    -10.051
  -1   -2      5.326      9.315     -9.870
1309  978     16.671      0.150      4.419
 148   -2      8.582     -2.059     11.919
 292  336     19.820      3.882      0.795
  -1   -2     18.086      3.529      7.036
  -1   -2     13.727      5.554      6.385
  -1   -2     -2.180     -2.201      9.170
1251   -2      3.500      2.422      3.734
1244   -2     16.464      3.557     -8.028
1330   -2     16.737      7.779     -5.214
  -1   -2      7.798     -8.117      6.524
1276   -2     13.727      5.554      6.385
 188  126      7.368      4.537      7.230
1260   -2      9.444     -5.625     10.956
  -1   -2      5.218      9.428    -10.051
  -1   -2      5.218      9.428    -10.051
  -1   -2      5.326      9.315     -9.870
  -1   -2     11.991     -1.516      2.302
  -1   -2     11.991     -1.516      2.302
1264  366      7.798     -8.117      6.524
  -1   -2     11.991     -1.516      2.302
  -1   -2     11.991     -1.516      2.302
  -1   -2     11.991     -1.516      2.302
1316   -2     11.991     -1.516      2.302
  -1   -2      5.218      9.428    -10.051
  -1   -2      5.218      9.428    -10.051
  -1   -2      5.326      9.315     -9.870
  -1   -2      5.218      9.428    -10.051
  -1   -2      5.218      9.428    -10.051
 224   -2      5.326      9.315     -9.870
1319   -2      5.184      9.426     -9.949
 125  182     21.086     -1.694      6.651
 378   -2      6.834     -8.319     10.083
 456  425     16.516     -4.345     -8.275
