1335
  -1    1     25.147    -14.758      7.055
  -1   -2    -11.176      4.499     12.197
   6 1255      0.739     -0.457     11.766
  -1    3     15.986      1.893     10.568
   5    5    -10.824      7.469     10.073
  -1   -2     12.606      0.213      2.503
  14  914      4.899     -6.207     12.499
  -1   -2     12.927     -8.899     11.811
 592 1010      7.688      3.376      3.331
  68    2      6.457     -1.431      3.691
  -1 1061    -11.680      8.953     11.739
  -1   11    -13.092      6.032      8.207
  59  607     13.604     -6.467     11.135
 126   -2     -9.023      9.456      2.198
  23   12     16.428      3.640     -7.960
  -1   30     12.171     -5.397     -5.407
  -1   -2     16.361     11.070      4.514
  12 1259     -8.057     -1.130      5.177
  -1   -2     -2.386      2.176     11.733
 684  735     -3.631      3.834     10.949
 433  948     -3.277      1.049      6.586
  15   -2      0.827     10.608     10.597
  41   20      6.123     -0.027      9.422
  -1   -2    -11.883     -1.709      9.431
1007   -2     -0.120     10.229      6.402
  -1   -2     15.465     -1.194      1.625
 301   -2     17.118      3.101     -3.399
 119  445     21.396      1.885      8.978
 168   27    -11.942      8.567      6.779
  -1   57      5.163      0.157     -3.653
1050   53     17.356     -7.461      5.167
  31   37    -20.780      5.425     11.102
 573  197     18.548     -0.128     -3.353
 736   -2     11.740      4.807      9.413
 285   66     22.792      7.198      2.876
  -1   -2     18.656     -1.663     -1.396
  -1   -2     16.925      6.249      5.276
   1   -2     -2.135     13.690      3.252
 125  570      7.246     13.162     -6.891
  53  125      1.158     -1.347      8.799
  -1   -2     -9.557     -2.863     11.433
  42   15      5.271     -1.592    -12.684
 930  688     -9.782     -1.037      5.196
  24   -2    -12.251     11.701     10.690
  -1   40      9.450     -5.570     11.061
1278  422     18.243      1.719      5.880
 266  598     19.193     14.041      3.962
 728   -2     21.819      3.948     11.047
  -1   78     10.833     15.289      7.384
  -1   -2    -16.598     -0.436      5.737
 216  896    -14.237     10.742      6.667
  -1   -2     -7.703     15.877     10.540
  -1   -2    -11.376     -0.078      6.241
1251   -2    -13.937      3.549     -1.056
  -1   -2      0.922      1.436    -10.273
  78  723     20.010     11.245      3.768
  90   89      2.396      3.684      7.876
 878   -2      3.894      9.470     -1.487
  62  357     -1.641      1.160     12.538
 264 1181     17.813     13.779      5.354
 226   -2    -12.839      9.257     -0.328
  -1  651     24.264      8.684     11.368
  -1   -2    -13.541     14.058     11.747
1137  233      5.787      8.437      7.385
 246  278      4.175     10.217     -7.426
 358  110     -1.767      4.703      4.017
  -1  979     26.283     -5.698     12.327
  27  219     15.874      2.286      6.461
  66   -2    -15.914     14.890      6.017
  73 1265      9.867      4.399     11.120
 536   67    -12.839     -1.931     -3.388
  -1   91     14.440     -2.873     -4.879
  18   -2     20.618     -6.610     10.708
  17   -2     -5.819     10.364     -5.930
  -1  173      7.627     14.142     11.136
1293   -2      9.641     -2.586     -1.043
1072  567      3.786      3.161     -4.426
  -1   -2     20.532      4.053      3.582
  -1   -2     12.791     -4.147     -2.735
 111   72     -2.192     14.976      7.253
  -1  301      7.246    -10.742      4.631
  -1   -2     -0.469      1.117     12.311
 100  177     -1.681      6.342      0.410
  86  129      7.360      4.153      6.524
 249   -2     14.607     11.178     -8.164
1288  249     18.333      5.289      2.394
1291 1349     15.151      3.846     10.998
1104 1337    -11.762     -6.604     11.630
 861  170     11.708     -0.226     -3.646
1285  306     22.303     -3.627      9.178
 173 1258     -8.095      0.855      9.810
  -1   -2      6.968     -1.492     10.561
1080  308     18.905     -6.261     10.478
  -1   75      6.247     -6.071      9.777
  56  751     13.712     -3.579      1.018
  -1   -2     11.324     11.476     10.414
 619  844     18.257     14.307     10.442
  -1  178     -5.104     -1.359     -6.428
 836  141     23.721     -0.783      8.730
 162   -2    -17.394      5.430     11.362
  -1   -2     -6.283      8.478     -9.367
  77  588     -3.159      2.173     11.217
  -1   -2      2.528      5.122      9.937
 146  132      6.222      0.507     11.100
  91  520      6.012      9.590     -6.003
  -1   -2    -16.515     -1.331     10.709
  -1   34     -9.108      7.873     -0.604
 379 1301    -12.005      6.783      1.394
 157   -2    -20.220      0.694     12.610
 791  393     18.274      2.038     12.673
  48   -2     25.065      6.556     10.441
  -1   -2      8.271     -2.123     12.209
  -1  171     -4.780      3.921     11.826
 114 1272     11.489      5.538    -10.041
 210   -2    -15.816      1.272      9.059
 105  615     -5.326     12.128      8.668
1286  369     11.065     -5.458      9.332
  -1  307     16.693      7.691     -5.093
  -1   -2     -5.410      0.981     10.066
 166 1127     26.047      4.467     10.379
  -1 1202      2.222     -7.963     -1.710
 218   -2     12.443     15.497      7.157
  -1  516     -0.845      1.436     10.278
 708   29     16.649     12.575      3.733
  -1   90     19.896      4.693      9.546
 620   -2      8.256      4.441     12.384
1051  423     -0.088      9.290      5.792
  10   -2    -10.611     -0.714      9.124
  -1  102     10.604     10.323     -2.453
 365  587     24.643     -0.783     11.808
 309  589     25.568      1.273      6.946
 474  802      7.887     14.465      8.135
  -1 1045      0.983     12.164     12.534
 108   -2     -7.872      7.604    -11.205
 398   -2      3.916     -0.576     11.422
 835   81    -19.826      3.389      8.764
 148   -2      2.145      1.255      9.416
 142 1275      6.731     13.472      0.947
  -1  271     -6.862     -1.157      6.604
 995  610     22.275      4.109      8.160
  -1   -2     18.880     -1.534    -11.163
  -1   -2     17.191      6.143      2.512
 344 1300    -10.765     -1.776      6.364
 892   -2    -16.462      4.657     -2.403
 176 1142    -17.540     13.221      6.744
  80   -2     18.609     -4.891      8.520
 542  229     16.649      4.480      1.249
 771   -2     16.359     -2.230     10.979
  -1   -2     -7.117      7.656      2.325
  35   -2     12.983      2.236      5.901
 346  187    -13.733     -2.390      8.584
  -1  354     -1.344     11.076     -7.305
 329 1126     -3.498     -3.265      6.014
  84   -2     17.136      7.614     -2.594
 215   -2     -0.309      1.986     -5.647
  -1  130    -14.877     -2.014      5.594
  55   -2     -4.521      6.001    -10.986
  -1   32     -1.314      4.495      7.039
 312   -2    -14.645     -0.145      6.214
 156   -2     15.115     -0.374     -2.303
  -1   -2    -21.014      2.222     12.398
 409   -2      4.002      3.408     12.404
 214   -2     27.075      7.076     11.362
 643   -2      0.717     13.108      5.919
 238   -2      6.957     12.125     12.620
 199   -2     13.006      8.080     -5.979
 531 1125      9.282     -6.597      9.166
  -1   -2     10.685      2.905      5.004
 225   -2    -19.587      1.904      7.776
1272 1346     16.464     11.654      8.074
  -1  330      6.356     -7.922      7.065
 320  317    -14.541     -5.576      2.249
 145  594     -4.960     -1.467      6.721
1254  813     26.355     -6.349      8.215
 508 1017     23.595     -3.503     12.048
  -1  165     10.334     -7.825      4.494
1306   -2     16.621      1.781     -1.666
 525  770      6.383     12.028      7.853
 532 1150     21.780      7.957      8.753
 305  228     16.223      6.674     10.492
  -1  115     -4.897     13.134      4.649
  -1  166     15.452     12.419     -4.918
 219   -2     17.830      5.972     -3.711
 477   -2      6.742     -1.688      7.444
 994   -2    -14.988      1.154     11.920
  -1 1286     10.846     -0.152     -0.923
1264  104     16.028      0.399      5.700
  -1  288     22.449     10.453     10.423
1030  711     -7.589     -6.436     10.477
1003 1326      0.790     -2.961      8.126
  25  514     19.118     12.777      5.844
  -1 1015     21.395     -0.486      3.640
  -1  246    -17.415     12.333      9.768
 880   -2    -18.539     11.095      9.759
 529  630     19.406     12.739     10.485
  -1   -2      6.375     -0.344     -7.271
  -1 1052     -5.297    -12.511     -0.180
  -1   -2     20.865      7.688      1.733
  -1   -2      3.386     11.043      8.753
  -1   -2    -11.852      2.802     12.501
  -1   -2     -7.340     12.654      0.910
  -1   -2     -0.149      3.603      5.269
  45  819    -10.269      0.740      4.796
  -1  180    -13.304      0.946     11.967
  -1  399      8.022      5.253      1.522
  34   -2    -15.347      9.899      5.075
  -1   -2    -11.997      8.032     -9.802
1070   -2     17.990      5.340     -3.498
  -1   -2      1.984      9.356      3.600
 397  991      6.587     -8.734      0.757
 293   -2      0.334     11.917      9.773
 257  707      7.481      6.964     -0.323
 837  884    -18.900     12.737     12.178
 141  401    -18.532      3.959      7.747
1001   -2      0.621      5.896     -1.845
  -1   -2      0.074      3.970     -8.397
  -1  151    -12.016      0.854      2.200
  -1  202     -8.670     10.589     -6.607
  -1   -2     15.464      2.580     -1.604
 223 1285      3.092      4.422    -10.345
 663   -2     -4.247     -6.073      0.378
 479   -2     -2.742      5.083     12.087
  -1  247     -6.659     -1.828      0.553
1239  388      7.524      5.087      9.653
 476   -2      4.408     12.415     -0.652
1252 1339     22.322      0.834     -1.091
 139  372     24.156      5.576      4.242
  -1   -2      0.378      1.864     -5.494
1234  290    -13.117      8.497      0.233
  -1   -2     18.429     12.738     -6.351
  -1   -2     23.492     -6.389      4.569
 104  667     13.757     -5.665     -4.952
 364   -2     20.102      8.180     -1.356
 751  486     11.621     -0.598      6.776
 429  517     10.582     -7.444      9.466
 572  336     17.271     -8.674     12.577
  -1   -2     21.095     10.198      5.261
  -1  955    -16.786      3.438     -2.200
 897  340     -3.407     -6.944      4.633
 801  476     24.551     -6.288      0.460
 879   -2     -0.231      9.305     10.692
 694  877     24.897      0.587      9.848
  -1  300     17.692     -1.552     -8.456
  -1 1342      2.797     -8.173      2.868
  -1  759      8.834     -1.280      0.074
 388  248    -14.060     -7.579     12.099
  -1  558     15.231     14.101      4.330
1031   -2      7.283      1.669      9.142
  -1   -2     14.730     12.794      4.543
1148  543     14.537     16.231      9.862
 827  626     21.778     -6.260     11.205
 296  172    -13.388     -5.859     11.420
  -1   -2      8.032      1.118     -6.041
  -1   -2     21.958      5.362      2.736
 408  224      6.145      3.513      4.094
  -1  464    -14.816     -1.647     -3.168
  -1   -2     13.001      6.499     -1.225
 263 1291     -2.088     -6.335      3.103
 270  997    -11.269     -4.641      9.106
  -1  686     -6.027     -3.468     12.606
 848  531     19.431     -3.193      7.979
  13  137     17.948      7.695      5.360
 671  334      8.046     -2.744     -4.389
  -1   -2     16.263     -6.633     -1.589
  -1   -2     17.571     13.693     -7.592
 842  394     10.077     10.539     11.682
 413   -2     -9.213     13.033     -3.911
  16  279     -2.503     -0.102      8.066
 514  291     -2.804     -1.394      0.435
 421   -2     12.622      2.376      7.915
 175  179      1.459     -2.748      0.857
 333   -2     24.103     -9.336     12.391
  -1 1040     -9.078     -6.022     -4.124
 235   -2     -6.251     -1.278      6.536
  -1   -2      6.421      4.271     10.558
 325  480     -4.470     15.654      4.980
 190 1281     18.271      4.893      2.984
  -1   -2     14.236      9.901     -6.850
  -1   -2      3.305      4.887     -7.227
 518   -2     10.740     17.149      7.019
 288   -2     21.092      9.725     -2.461
  -1   58     25.461     -4.416      5.686
1115   -2     24.583      2.770      7.693
  -1   -2      3.039     12.587      7.281
 155   21     10.636      6.453     -0.733
 411  716     -9.969     -1.538     -3.010
 243 1025     -4.425      8.163     -2.771
 463   -2     -3.228     13.925     11.736
 727  966     16.794     -8.675      8.069
 576  851    -18.876     -1.132      8.279
 726   98     21.128      0.768      0.471
 667   -2     26.265     -1.019     12.845
 304 1298     19.768     10.019      7.576
 666  287     12.245      9.232      9.415
 526 1307      8.164      1.802      6.102
  -1   -2     23.504      0.457      7.573
 349  154     11.114     13.625      5.935
 200  209     11.877     -4.040     12.143
1281   -2     13.054     -6.150      7.782
  -1   -2    -17.006      3.458     -5.791
  -1   -2      6.003     15.565     10.188
 838  250    -14.018     13.445      3.933
1135   -2     15.905      1.421     11.097
 910 1321      2.981     15.360      4.269
  -1  646     17.989      3.981     -4.914
  -1   -2     23.407     -4.541      8.009
 677 1189      8.034    -10.623      2.138
 382   -2     18.307     13.235     -3.636
1010  683     13.125      1.044     -4.213
  -1 1098      5.505     -5.290      0.821
  -1  143      8.761     -8.366     11.581
1232   -2     13.791     -6.108     10.359
 605  425     15.008     -8.020     10.397
 506   -2     18.373      3.157      3.953
  -1   -2     16.003      2.782      8.677
 922  880     17.019      5.478     10.218
  -1  344    -10.985      1.520     -7.527
 846  518    -16.606     -3.018      6.139
 931   50     -1.693      9.378      7.045
 582   -2      4.851      9.334      6.775
 538   -2     14.267     16.124      6.360
  -1  584     10.703      1.998      2.076
  71  236    -14.208      0.423      7.176
 571   -2      2.925     -0.094     -2.416
  -1 1042     12.180     11.019      4.958
  -1  400    -14.737      6.305     -1.370
 205   60     -9.555     -0.019      8.711
 236 1121     24.868      3.117     12.239
 324  237     -1.271      9.422     -4.765
  -1  565      4.335     -1.326      1.721
 574  214     13.671     10.134     11.820
1002 1041     18.141     -5.179     -1.126
  -1   -2     -0.435      2.628      7.469
  -1  481     -6.345    -12.412      5.048
1098  681     21.691      3.197     -5.082
  -1  785     -3.689     -7.739      9.919
 321  253    -16.288      0.498     -0.093
  -1   -2      5.811      3.145     -2.294
  -1   -2     18.670      7.801      2.128
  -1   -2     -6.588     -4.041      0.008
  -1   -2    -19.521      9.320      9.003
  -1  582    -14.061     -7.857      4.543
  -1   -2    -10.066      4.928      3.574
  -1  835    -13.855      0.377     11.749
 404   -2     11.406      4.364      7.507
 417  215     -0.427     -5.649      0.476
 534   -2     -1.022     -8.391     -0.140
  -1  466      3.283      3.501     -1.650
 401  192      3.561      8.684     -2.203
1188  484     -9.203     -7.078      5.716
  -1  654    -12.286     -3.796     -6.348
 998  699     14.011     -9.554     -6.885
 911  158     -4.051     14.163      5.969
1039  692     12.034      6.304      7.677
  -1 1109    -11.514     11.479      6.564
1027   -2    -10.965      8.904      3.653
1041  103      9.733      8.065      4.457
 297  540    -12.200     14.071     12.572
 753   -2     -3.057      4.173     -2.355
 328  258     25.986      2.898      7.737
 966   -2     -5.680     -5.092      8.410
 452  157     21.112     -1.858      6.403
  -1   -2     21.418      5.058     -5.739
  -1  198    -14.337      2.326      0.387
 789  797    -17.549      8.351      8.465
  -1  706      5.603      3.180      4.103
 917  895     17.088     -2.445      8.253
  -1  296     10.071     12.090    -12.129
 179  195      9.103     13.853      4.875
 268  185    -11.918      7.408     -8.278
  -1  186     11.054      2.392     12.388
  -1  411     19.070     16.412      5.122
 187  603     22.161     11.994      7.219
  -1   -2     15.908     -6.242     11.124
 265   -2      3.231     -8.071     -1.544
  -1  312      5.773     -8.927     -3.555
  -1   -2     13.858     -0.079     -8.778
  -1  564     16.368    -10.892    -10.099
 103  581     16.056      9.514      3.555
 785  929     -1.035      0.279      1.996
 759  614     16.788     17.108      7.179
 294   -2     23.757     12.174      8.501
  -1  761    -11.395     -9.452     10.525
  -1  470     -2.799     -3.381     11.612
 211  368    -16.319     -2.484      2.886
 311  499      8.064     11.027     12.019
 502  738     24.484     -2.062      6.631
  -1   -2     19.304     -7.181     -0.239
  -1  183      1.668      4.385     -2.122
 387   -2      1.146     -5.530     12.260
1246  167     23.595     -3.436      2.781
 748 1212      6.034    -11.100      8.446
  -1  926     -6.838     12.352      9.871
  67  637     -1.161     11.773      6.468
  -1   -2      0.563     -7.298      5.555
 427  690     23.104      3.883      4.679
1125  225    -18.136     -6.830     11.804
 909   49    -11.250      9.654     -6.203
 914  784    -11.245     -3.342      8.787
  -1   -2    -13.082     -0.700     10.837
 707   -2     17.127     11.986     11.695
  -1   -2    -13.308     12.012     10.311
1052   -2    -14.150     -0.775     11.009
  -1  773      6.453     -6.432      1.925
 887  887      8.407      4.514      5.648
 944   -2     16.658     -4.414     -8.921
  39   -2     -5.568      7.469     -2.595
 250   -2    -15.698     12.363     -4.012
  -1 1269    -15.479     13.202     -0.506
  -1   -2     10.012      0.702     -6.626
 923  280     -2.207     15.282     10.276
 252   -2     14.615      6.198     -0.429
 795  405     26.062     13.528      7.776
 147   10      2.195     -0.401     11.141
 918 1104      4.725      7.883     10.322
1078  305      7.074     12.986     -2.612
  -1   -2     -9.513    -10.728      2.609
 437   -2      1.580     -2.717     10.195
  -1  689     13.535     13.588      5.135
 812  909    -18.288      6.755     11.859
  99  282     -7.063     13.379      5.206
 913  566     22.191      4.095      4.223
 339   -2    -19.103     -0.341     11.307
 869  954    -14.408     15.528      8.095
 939   -2      7.149     12.311      8.896
 648  684     -8.909    -13.809      5.605
1016   -2     13.906     -2.259      2.532
  -1   -2     11.273     13.972      4.103
  -1   -2    -17.552     -4.104     11.487
  -1   -2    -16.842     -5.496      2.746
  -1  359     25.452     -5.079      5.595
  -1  304      6.142     -9.145      6.201
  -1   -2     -3.616      4.200     -2.097
  -1  238     22.231      9.557      6.721
  -1  729    -15.823      2.540     -8.103
 473  412     25.647     -5.884      8.088
1189   -2      4.479     -1.741      7.148
  -1  283     18.841     -8.647     -0.585
  -1   -2    -16.058      4.018     -6.717
  -1   -2      7.095     -8.199      9.095
 453  528    -11.365     13.431     -3.224
  -1   -2      8.304      5.778      5.984
  57  504     -2.995      0.641      2.752
  -1   -2      1.232     11.112     -3.257
 695  482     12.618     -2.838      6.698
  -1   -2     20.645    -10.325      6.911
 877  349    -17.627     13.542     12.506
  -1   -2     -5.956     -1.359      8.923
 428   -2     15.974     14.504      3.069
1084  583      6.598     -8.059      2.609
1151   -2     -2.178      3.824     10.231
  -1   26      3.035     10.407     -2.979
  -1  362     -5.555     -9.530      1.338
 485   -2     20.045    -12.493      0.623
1301  823     19.938      1.459      4.016
 196  221      0.585      8.163      1.134
  -1  479    -15.149      9.771     -2.224
  -1  506    -13.241     -6.245     -2.850
  -1   -2     17.499     -5.088      8.404
  -1  623     -2.274      9.177      6.147
 900  421     -5.463     -7.847      9.059
  -1  494     10.076     -0.582      5.708
  -1  942     22.369     14.642      8.895
  -1  903     -5.213     15.133     11.246
  -1   61     -2.265      6.850     -0.462
  -1  191     15.106     -0.335     -5.204
  -1  257    -17.521      9.965     11.413
  -1   -2     10.718     -8.226     11.213
  -1   -2     12.839      4.473     -1.955
 775   -2    -18.866     -2.080     10.930
  -1   -2     26.073     -7.476      8.965
  -1   -2      9.092      1.879     -5.591
 583  513     18.476     16.922      4.812
 610  546      0.277     14.151     10.804
  -1   -2    -14.709    -10.116      8.652
 515  337     23.217      5.346     -1.387
 424   -2      2.539     -4.187     11.561
  -1 1044      4.136      7.538      5.852
  -1   -2    -14.225      4.624    -10.847
1200 1330      8.667     -0.888      1.609
  -1  298     25.344      4.775      7.519
 778   -2    -13.690     16.404      9.233
 777   -2     -2.251     13.315      7.734
 865  788     -5.521      0.540      5.406
 363 1038     -1.414     -2.917      4.420
1274   -2     12.002      5.973     -1.486
 724  924     13.018      5.960      7.923
 183 1280      5.790      1.476     -6.519
 231  256     24.415      4.029      6.638
 850    6     -0.877    -11.028      3.066
1150   -2     18.746     15.542      4.532
 117  727     -3.285     -3.845      7.549
 524  666     25.102      1.613      3.949
 348   -2      2.079     -9.246      4.773
 977   -2     19.648     15.428      9.903
 735  740     -0.549      6.653      7.437
 241 1287     20.066      7.466     -3.046
 102   -2    -12.360     11.189      1.072
  94   -2      0.905      5.697     12.376
 757  782     -9.682     -6.568      5.829
 247   -2     -0.883      3.245    -10.844
 640 1313     12.427     -1.216     -5.622
  -1  643     -3.865     -7.389     12.197
  -1   -2     -0.409     -3.066      6.517
 750 1081      3.019     -1.636      9.542
  -1  912     -9.835      9.325      7.126
 342  596     -0.182     -2.282     11.452
 585  217     16.264     -0.128     11.395
  -1   -2     23.289      9.404     -0.927
  -1   -2     10.838     11.382      3.824
  -1   -2     18.087      0.523      6.695
  -1  382    -17.548      9.007      2.306
1298  674     12.766      4.591     10.416
 800   -2    -11.632     10.351      0.812
 137  469     20.059      3.814     -0.161
 614   -2     -5.957    -12.557     12.028
1090   -2     -8.144     -5.553      2.961
 273 1065     15.573      6.496      6.767
  -1  491     -5.460     -1.306      4.055
 697 1057      7.191     17.646      9.200
1087 1118     23.997     12.033     11.667
 920   -2    -15.880      9.454      9.660
 809   -2     21.184     -3.988      9.110
  -1  239    -18.605     -2.418      4.260
 964   -2     18.608     11.623     -4.032
  -1   -2     -8.523     -2.675     -4.231
  -1  463     22.832     -5.084     -2.860
 116  207      2.046     -0.745     -7.470
 654   -2     16.379    -13.510      5.182
1155  580      7.269     17.096      6.999
  -1   -2     11.098    -15.133     -1.755
 240   -2     24.990     -6.579      7.800
  -1  562     17.016      5.564      0.388
 690  493     15.948     -8.085      6.972
 440  902     -9.494      1.239      9.099
 780  755    -13.803    -12.605     12.279
  -1  474     22.721     15.182     -0.192
 915 1292    -17.932      5.398      8.235
  -1  365    -16.131      1.027     12.235
 580  383     21.077     11.574      9.493
 891  972    -17.911      7.542      2.909
 672  373    -11.185     14.201     -0.127
 469   -2      9.121      7.296     -1.763
  -1   -2     -6.572      7.069      5.147
 475   76    -13.047     -2.079      4.325
 874   -2     14.784    -17.685     12.035
  -1 1208     -0.296     -0.667     10.132
 600 1145      4.766      9.921      7.712
  -1   -2     -1.969      2.521      8.931
  -1   -2     -1.181      9.729      5.676
1136  830    -15.661     15.704      9.367
  -1   -2      4.135     11.213      1.431
 195  316      6.305      7.905     10.390
  -1   -2     14.072      2.937     -2.881
 281  775     -2.857     -0.647     12.369
  -1   -2      5.625     -3.363     11.296
  -1  321     10.081      1.868      6.056
  -1   35    -11.181     11.767     10.622
 670   -2      4.760     -8.572     -1.600
  -1   -2      4.411      1.491     12.027
  -1   -2    -14.383     10.268     -9.862
  -1   -2     -6.175     14.711     10.018
 177  341     -5.752     15.521      5.778
  -1   -2     13.101      9.265    -11.263
 272  459    -11.571     -0.920      2.008
 774  105      5.286      2.956      7.544
  -1 1050      8.977     -5.660      0.664
 558  424    -15.493      6.571     -8.711
  -1   -2      6.610     -2.515     11.362
  -1   -2     18.649      1.756     -7.183
 883   -2    -14.378     -2.163      4.428
  -1  864     -8.638     -5.288      9.825
  -1  381     16.855     -1.509     10.146
  -1  294     15.128    -10.021      1.674
  -1 1066     -5.036     12.803     12.226
  -1   38     20.970     10.006      6.693
1179  222      2.254     12.622      8.766
1100   -2    -10.678     17.021     11.349
1169   -2     15.388     16.506      9.059
 185  114      8.142      0.722      7.944
  -1   -2    -10.536     -6.797     10.871
 808  510     20.555     -5.325      9.782
  -1  293    -16.223     -4.227      2.153
  -1  538     -9.473     -3.080      4.599
  -1   -2    -13.766    -10.610      2.037
 430   -2     13.702     -7.721      4.820
 262   -2     16.132     -3.650      7.435
  -1  676    -12.710     -3.810      3.178
  -1   -2     19.743     -5.859     -8.338
  -1   -2      5.843      1.322     -9.842
 513  917     17.541     -3.731      1.428
  -1   -2      8.076     -4.605      8.329
 664   -2     20.331     13.652      2.066
  -1  741      5.184     13.337     11.442
  -1   -2      5.287     12.140      0.296
  -1   -2     15.015     -8.481     -1.907
 510 1305     19.690     10.678      9.633
 711   -2      3.732     13.019      6.669
 163   -2      0.602      0.683     10.136
 626  262     -5.471     14.313      4.771
 714  758     -1.098    -11.436     -0.542
 118  416     12.189     10.043      1.561
 568   -2     -8.005     -3.263      6.619
 794  112    -16.939      5.627     -4.332
 982   -2     21.474      4.644     -6.041
 539   -2     20.870      8.966      7.395
  -1   -2     19.398     -7.487      3.945
  -1  272     21.484     10.520      1.276
  -1   -2      5.529     -0.875     -1.580
  -1   -2      7.109     10.558      7.722
 621 1102     25.552      9.984      6.017
  -1  705    -18.126    -10.805     10.572
 251 1289     -6.237      8.858     -4.988
 799   -2     -5.502    -13.416     -0.604
 824   -2    -18.522      2.786     12.038
 932  953      3.683    -11.904      1.254
  -1  848     12.726     -7.465     10.816
  -1 1076     15.576     17.728     10.210
 652   -2     18.647     -6.966     -3.325
1038   -2     18.788     -1.946      1.019
 554  700     17.322     13.023      7.398
 352   -2     15.053     14.938     11.106
1033 1325      1.164      5.709     -3.280
 691  696     22.467      1.676      7.118
 738   -2    -12.839    -12.710      4.503
1032   -2    -16.881     11.438     12.247
  -1   -2     21.701     16.251      8.202
  -1   -2     14.524     10.861      4.533
1108   -2    -15.839    -10.620      9.195
  -1  554     19.771     13.247     -4.528
1095  244    -14.678      2.445     11.737
1259   -2     -9.026      1.452     11.411
  -1  923     21.908     -9.923      5.592
 337   -2     14.221      9.559     -3.789
1123  670     12.340     -6.068     12.545
  -1   -2     22.153      4.885      7.536
 420   -2     18.559     -8.101     10.392
1064   -2     23.954     17.229      7.017
  -1  760     17.274     12.925     -4.689
1004   -2     15.772    -10.000     11.208
 729   -2     25.319      7.336      5.963
  -1   -2    -11.094     11.795     12.345
 335  532      6.795     -3.036      0.535
 596  930    -10.302     -0.155     -7.094
 504  724    -12.935    -10.849      9.946
 825 1070     26.779      8.638     12.047
  -1   -2     12.241     -0.368     11.951
1244  471     -6.111      1.436     -3.606
  -1   -2    -10.901    -13.894      7.151
 616   -2     16.338      4.735      6.659
 929   -2    -16.813     -5.395     10.255
  -1   -2      3.964      6.446     -5.030
 330   93     15.377      0.132      0.437
 715   -2     16.881      8.100      4.764
  -1   -2    -17.252    -13.379      1.092
  19  597     23.690      2.480      8.695
  -1   -2     12.255     13.352      3.694
  -1   -2     23.349     -0.608      3.860
  -1   -2     -3.237    -11.448      9.027
1022  443      4.682     10.054     10.213
 873   -2     26.524     13.604      7.856
 976  521    -10.240    -13.107      2.436
 747 1116      8.923      0.691     11.626
  -1  629     -7.522      2.808     -5.094
  -1   -2     21.267     15.171      6.059
  -1  403     13.994      0.327      1.557
 186   -2     -4.657      4.537      3.263
 454   -2      9.587      1.002      5.603
  -1   -2     16.005     -6.415     -3.710
 447  854      5.055     -8.343      2.550
 562  433      1.013     -0.113      2.751
  -1  370     18.874     11.899     -1.911
  -1   -2      7.833      8.123      3.122
 499   -2     -7.398      5.894     -2.365
  -1   -2     22.569      6.351      5.504
 198  350      3.125     -0.272      9.001
  -1   -2      5.133     10.001     -4.281
 442  436     21.391     -6.146     -1.213
  -1  140     17.285      1.697      3.517
  -1   -2    -14.288      1.058      1.674
 422  612     12.252     -2.377      7.185
  -1   -2     -1.865      8.805      0.104
  -1   -2     14.529     14.040      6.769
1086   -2      7.775    -13.458      2.201
 549   -2    -10.479    -10.288      2.733
 300  144    -14.254     -2.003      7.283
 445   -2     19.675      6.951     -3.602
 590  325     21.161      5.021     -8.817
  -1   -2      7.660     15.924      8.442
  -1   -2     -7.508      6.388      0.366
  -1  617      2.142    -13.035     -9.157
  -1   -2     -1.128      1.395     -1.062
1170  509     -3.821     -9.409    -10.462
 159  461     15.172     -6.677     -0.251
  63   25     -3.396      2.632     10.306
  -1  409      0.636      8.142     -1.661
 237   -2     17.018     12.336     12.150
 817   -2     19.493    -17.256     11.354
 376   -2     16.118      8.371      9.948
  -1   -2     18.214    -11.275     -4.599
 110   -2      9.471      6.674      8.185
  -1 1185     15.395     17.089      4.558
 907   -2     -3.415     -9.132     10.854
 460  468      9.917     17.436     10.707
 950 1091    -14.048     -9.685     11.302
  -1 1303    -14.055     -5.730      9.505
  -1   -2     -0.149     11.140     11.285
  -1   -2     11.145      7.308      8.977
1057   -2      4.330    -18.458     10.929
 743   -2     -1.115    -10.479     -4.013
 484   -2     21.914      7.950     -3.787
1153   -2     18.564      6.311      9.423
 555  940     22.560     12.964     12.091
1187  756     26.183     -2.797     10.992
  -1   -2      2.087    -16.068     11.161
 972  438    -16.617     -2.875     10.791
1185   -2     11.296     11.330      6.481
 519   -2     -2.737      5.516     -7.425
 734   -2    -18.895    -10.591     11.325
1292 1135     17.669     10.014      7.718
 481   -2     13.836     -5.254     11.630
 347   -2     -1.543     -0.263      8.375
  -1  397     -1.322      3.406     12.149
  -1   -2      5.792     -7.123     -0.546
  81  313     14.567     11.211      6.862
1162   -2     12.186     -7.947     11.167
 372  452      2.184     -8.551     -2.133
 520   -2    -10.717      0.092     -2.253
 993  815    -17.425    -10.753      5.297
 608  245      4.052    -10.187      4.878
 564  561     -5.658     -1.582     10.616
 805  765      7.348     14.097      7.338
  -1  625     14.548    -12.950     -6.668
1076   -2      8.769     -1.967     11.720
  -1   -2     -6.976     15.580      4.969
  -1  529     17.234      9.035     12.311
  -1   -2      6.626      1.749     10.176
 180  989     -8.489     -5.100     11.498
1097  338     26.793     -4.390      9.461
  -1  636     -8.233      4.185     -2.842
 366  771      4.302     13.994      8.523
  -1   -2      4.936     10.435     -7.253
 857 1112     24.883     10.338     10.360
  -1  147      3.896      8.687      9.140
 788  489     -5.313     -9.906     -8.956
 693  951    -17.528     -7.368     10.337
  -1  605     13.973     14.358     11.657
1196  806      3.844     -2.512     10.589
 973   -2     21.874     -9.510     -4.929
  -1   -2     19.532    -10.299     11.846
  -1   -2     -0.765      7.445      9.751
 688  384     19.107      4.061      9.850
  40   14     13.234     -1.650     -1.676
1059  839     10.740    -10.716     10.402
  -1  805    -19.013     -5.072     10.790
 143   -2     24.346      1.393      5.722
1120   -2      7.237     12.169      3.737
 286   -2     16.899     -6.854     -3.745
 594   -2     18.277    -10.521     -5.270
  -1   -2     13.953     11.838     -9.249
 593  984     20.696     10.780      8.676
 706   -2     10.809      8.653     10.785
  -1   -2     21.585      7.439     -2.696
 773  648     -9.918    -10.034      5.723
1101  764     -3.518     -5.161      3.753
  -1  270     -3.796     -1.831      8.392
1131  418      9.412     -3.326     10.436
 244 1168     12.747     12.693     10.303
 855  781     25.456     12.112      9.337
 543 1028     12.390     -0.377      9.880
  -1  462     17.477    -14.969      2.418
 660   -2      1.921    -10.090      1.245
1154  616      6.892     -6.913      8.918
 733   -2     -8.568     14.413     11.626
 849  938      6.104     12.559     10.134
  -1   -2     10.454     -2.766      4.140
 622   -2     22.635     -7.861      6.158
  -1 1011     11.654     -9.092     11.186
  -1   -2     -0.650     14.989      4.005
  -1  414    -21.537     -0.866     12.710
  -1 1110    -10.399     13.320     12.493
  -1  542    -10.323      2.924     12.065
  -1   -2     15.872     10.914      1.491
  -1   -2     -8.184     17.763      1.225
  -1  852     25.693      5.750     -0.754
 814   43     -0.823     15.211     -0.286
  -1 1031    -12.502      9.776      2.403
1230  168    -11.538     14.882     11.236
  -1  302    -19.319      9.452      4.002
 406  483     12.484     -7.421      2.238
  -1  265      7.822     12.290      1.301
 604   -2     18.333    -18.907     11.059
 798  485     28.186      3.896      9.381
 868   -2    -13.159     14.714      7.015
 965   -2    -12.562     13.285      5.448
  -1   -2      4.669     -0.358      9.373
  -1 1008     -3.188      8.153     11.927
 553  335      1.085      3.794      9.464
  -1 1304     -2.549     13.255     12.283
  -1   -2    -17.387      0.875     10.559
  -1   -2      0.650     -6.105     11.027
  -1   -2    -19.487      0.646     10.994
  -1   -2     -9.323      2.224     -2.327
 278   -2    -19.408      5.731      7.833
  -1  232     23.265      5.328      9.061
  -1   -2     -7.116      8.261     -1.571
  -1  853     14.407    -10.432      7.216
  -1 1163    -16.541    -13.253      8.110
  -1   -2      2.665     11.299    -11.067
  -1  876    -19.188      2.210     12.445
 844   -2     -4.596     13.260      3.182
1046  890     28.874      5.095      9.042
 792  410    -14.152     -7.324      8.723
1044  530     12.859     13.971      7.890
 528 1009    -18.303     -4.256      4.497
  -1  780     29.162      6.609     12.662
  -1   -2    -14.393      3.649      4.023
1118  907      0.257     16.220     10.149
 494 1058     24.496     -9.922      8.499
 369  284      8.233     -2.246      6.150
  -1   -2     -7.959     -0.701     11.447
  -1   -2    -17.524      5.194     -4.521
 951  465    -15.625     12.651     10.261
 885  885      1.093     17.025      5.254
 559   -2     23.636      4.029      7.900
 613  908     17.905     16.708     11.605
1105  303    -11.111     13.884      7.459
  -1   -2      9.044     -8.808     -2.370
  -1 1166     -3.305    -17.287     10.217
  -1 1018     -6.693     15.649      2.129
  -1   -2    -12.416     10.557     12.576
  -1   -2     17.872     -3.236     -3.298
 277  944      5.704     14.705      9.972
1111   -2     13.515      3.463     10.007
 987  432      3.268    -13.026      5.268
  -1 1206      3.617      2.622      7.465
  -1   -2    -13.491      8.628      9.282
  -1  122     24.355     -7.850      2.778
  -1   -2      0.988     -8.378     12.474
 698   -2      6.394     15.537      1.816
 866  126     -9.042      9.234      6.932
  -1   -2    -17.211      3.391      3.159
 986  861     -6.105     16.876     12.429
  -1   -2     -0.055      8.484      3.000
  -1  665     15.046    -18.753     10.288
1066  193     -2.158      7.380      5.571
  -1  347     -5.266     17.825      4.190
  -1 1315     14.080      5.536     12.123
  -1   -2      3.572      5.976     10.711
  -1   -2     -2.610      0.214     -7.258
  28 1261     -5.632      0.095     -7.778
1000   -2     12.806    -14.274      0.180
  -1   -2     17.670     10.172      2.969
  -1 1319     -2.880     -8.142      3.320
  -1  260     23.241     11.563     -6.720
 465  515     -4.492     -9.204      3.539
  -1  568    -11.379     18.377     11.153
  -1   -2      2.486      3.346     12.008
 754  487    -20.184     -9.596     10.234
1257   -2      4.510     18.266     11.984
  -1   -2     -2.535     17.086      3.151
 609   -2      4.161      6.721      6.390
  -1   -2     -4.783     -4.474      8.628
  -1   -2     -8.713     11.807     -5.719
 819   -2      6.460     -1.901     12.108
  85  199    -19.702      0.465      8.097
 650   -2     19.894      0.034     -7.811
 455   -2     -3.755    -11.629     -2.763
  -1   -2      2.058     -0.782      4.140
 178  682     14.506      5.512     -3.477
  -1   -2     25.737     -3.514      4.951
 935   -2     14.706     -0.206     -4.338
 830 1002     -5.586     15.728     10.701
  -1  534     21.238     16.199      4.249
1260 1022    -10.634      8.236      3.821
 705   -2     14.109      7.186      6.304
  -1  814     -7.611     11.379      3.865
  -1   -2     22.965     10.074     -6.963
1093   -2     -2.717     14.687      4.384
 405 1013     -8.108     -4.770      6.880
 940  995    -16.132     12.054     12.515
  -1  986     29.154      2.107     10.853
 189  875      9.197      4.187     12.248
 184  882     26.894      2.632      4.555
 820  962      5.641    -15.147      4.892
  -1  292     22.507     -3.265     12.585
 779   -2    -15.698     13.400     10.520
1126  967    -17.068     17.582      9.018
 793   -2    -13.229     10.690     11.636
  -1   44      0.130     -3.133     12.268
1194   -2     -8.306     -5.928     11.667
  -1  694      0.936    -12.367      5.101
  -1  576      1.985      1.583      7.334
1102  502     25.056      5.367     11.371
  -1   -2     26.072     13.717     -2.392
  -1  553     12.099    -10.715      4.608
 925   -2     -2.728      6.532      9.463
 786   31    -10.456      3.242     10.841
  -1  519     20.889     14.042      4.220
  -1   -2     -8.726     10.344     11.344
  -1  628      9.585     17.552      6.807
 872   -2    -18.725      7.089      8.785
1069  189     11.248     17.649      6.949
 841 1083     -0.337    -17.325      7.322
  -1   -2    -15.998      2.631     11.732
1109   -2     13.357    -10.398      8.889
 403  386      2.224     14.864      6.752
  -1  847     11.172    -17.693      4.225
  -1   -2     -4.429      9.424     11.599
  -1  169     -7.107     -6.596     10.748
 220   -2     26.182     -5.805     11.535
 898  936      5.032      4.338     10.572
  -1  965    -16.882     10.352     -8.864
  -1   42      2.881      8.924      8.902
  -1   -2     20.074     -3.597     -1.295
 374   -2     -3.846      6.068     12.143
 500  849     -1.565     13.105     12.282
1195 1117    -16.302    -16.806     10.771
  -1   -2     -5.853     -9.626     10.695
1164   -2      1.512     17.937     11.454
  -1   -2      5.496    -12.290      4.942
  -1   -2     24.692    -14.763      4.217
  -1  552    -16.127      3.331      3.683
 120   28     23.833     -2.301     10.365
  -1   -2    -11.096      2.291      7.725
  -1   -2    -12.943     12.599      4.480
 984   -2    -18.104     14.061      6.597
  -1  832     -7.186      4.640      4.222
 731  640     20.925      7.434      7.052
  -1  836    -17.353      1.813     12.463
 831   -2     10.912    -10.136      5.189
  -1 1024      3.067    -12.078     10.729
1005   -2     -2.787      3.288     -1.932
  -1   -2     25.732      2.529      4.277
1096  750    -12.251    -11.665      8.931
 224 1100     -1.493     -5.422     -1.957
  -1 1171     -7.092     17.316     11.032
 351  579    -19.750     -7.018     11.663
 490  873     -4.134     16.450      5.793
 306   -2    -12.965      2.399      9.402
  -1   -2     -3.153     16.611     11.650
  -1  255     16.401     -3.683      0.723
  -1   -2    -13.350     12.296      9.815
  -1  389     16.420     -0.683     -3.181
 839  196    -20.497     -2.702     11.173
  -1   -2    -10.557     -4.884      4.089
1218   -2     19.673    -18.512      8.325
 967   -2    -19.463     -8.297      3.305
  -1   -2    -15.853     14.141      6.870
 389   -2      0.780     20.029     11.790
1053   -2     21.214      2.663      9.138
  -1   -2     -0.422     -2.431      2.994
  -1  163      5.192      2.898     -0.126
 313  273    -18.112      8.924     10.867
  -1  356    -14.999     -2.840     11.724
 968   -2     22.303    -14.396      7.747
  -1   -2     26.898     -2.362      8.002
  -1   -2     -6.012      8.035     10.504
 653  339     -3.893    -11.745      9.734
  -1   52    -14.536      9.908      8.993
  -1   -2     21.604     12.351    -10.411
 945   -2    -14.650    -16.385      9.572
  -1  467     19.773     17.623      5.823
 686  527     -4.486    -12.542      4.650
  -1  439     -5.754      2.905      5.002
  -1  894    -14.733      2.833      9.613
1116   -2    -14.927    -14.733     -7.572
  -1   -2      8.529      6.845      2.881
  -1  947    -18.021      4.931     12.449
1089  415     26.763      6.526      6.957
  -1 1234     16.561    -17.046     11.685
  -1   -2     27.481     -8.491      9.768
  -1   -2     22.954      0.396      0.716
 988 1164     25.267     16.658     10.268
1049   95      0.114      8.121     10.191
 371   -2     -7.544     -8.576      3.982
1146   -2    -11.982    -18.984     11.296
  -1   -2      2.548      1.773     12.344
  -1  650     21.953    -14.575     10.058
 486 1180      8.102    -14.789     -0.497
 275   -2     -2.752     15.138     10.922
  -1 1063     20.029    -14.972     11.280
  -1   -2     -1.649      9.295     -8.160
 612   54    -13.074     -0.171      9.104
1083  184     -0.167     -3.411      8.310
  -1  749     -0.825      3.935     12.634
 464  635     19.631     11.066      7.616
1183  789    -11.142    -15.524      8.217
 434  161     25.921     -8.191     11.210
  -1   -2     10.545     -5.624     -0.192
 410  124      1.451      5.971     10.482
  -1 1156    -12.045     17.428     11.976
  -1  620    -11.976    -14.767      8.788
 845  866    -19.619     11.031     10.777
  -1  226     -4.168      8.911     11.566
 292   -2     18.981     -2.226      6.707
1012   -2     20.492     16.986      9.268
  -1  865    -15.638     -7.671     11.347
 637   -2     25.213     -5.918     11.504
 956   -2     16.848    -20.757      9.499
 764  162     -2.153      6.384     -3.972
  -1   -2     -4.008      7.385     10.731
  37  267     22.513     -6.270     10.784
  -1 1075      7.787     11.456     12.306
1158   -2    -10.516     -8.398      5.008
  -1  634    -17.821     -8.897     11.795
1192  669      1.964     12.618     -2.897
 983   -2    -10.938    -11.738      5.359
1258   -2     21.847     -9.784      8.053
 322  601    -17.578     12.676     11.323
 685  672      3.229     -4.806      9.912
1317   -2     -5.478    -10.084     -2.320
1140  804     -5.054     17.428      8.113
 926   -2     17.428    -12.914     11.173
  -1  407      2.011      5.659      1.936
 319   -2      8.996     -9.298     11.847
  -1   -2    -11.545      9.503     -1.691
  -1   -2     17.578      4.948     11.018
 894  668     -6.628    -16.900     11.277
 207   -2     -9.622      6.131      3.042
 784  796      2.469     16.869      5.645
  -1  268     -0.527     -0.586      6.980
 400  111     21.893     -5.960      3.566
  -1 1012     29.389     -8.694     11.470
  -1   -2    -13.328     -0.547      7.912
 353  753      9.392     12.524     11.811
  -1   33     13.083      0.242     -5.441
  -1   -2      7.349     -1.742    -11.951
  -1 1107     20.844      1.740      6.070
 287   73     13.158     12.645      6.087
  -1  204     22.048     -0.120      9.649
  -1  739     -2.340     -5.691     10.879
  -1  996     10.391     -9.245     11.163
  -1   -2     15.135     -3.519     11.554
 552  149     13.261     16.354      8.855
 414  757     25.128     13.469      8.921
  -1  269     15.636      0.533     12.287
  -1  600     11.798     18.307     12.327
  -1   18     -0.347      9.810     11.874
 578  440      1.821     14.628      4.448
 797   17     -3.664      7.347      6.569
 704 1092     -1.005     -8.203      3.131
  -1  828      2.682      6.181     10.825
  -1   -2     -6.573      2.729      9.733
  -1   -2      4.052     -6.173     -0.321
  -1   -2      8.553     -7.704     -7.539
  -1   -2     25.921     -1.552      3.662
  -1  822      1.981      9.306     10.230
 373   -2      1.160     -4.771      0.215
  -1   -2     -2.331     -7.586     12.036
 533   -2     -9.463     -8.492      8.659
1205   -2     12.565    -20.074     12.199
 970  945     10.863     -9.421      3.305
1011   -2     -0.804     18.461      8.485
 607   -2     22.924      1.944      9.440
  -1  697     18.611     16.040      1.848
  -1   -2      0.159      4.933     -1.229
 617  159     19.992     15.097     12.166
 974  863     -6.909      1.722      5.133
1163   -2      5.590    -13.243      6.081
1279  431     23.654     -0.294      8.047
 375   -2     11.561     12.781     -1.420
 378  585     13.574     -6.794      2.708
  -1  748    -19.645    -10.546     11.207
1160   -2    -15.770      8.551     -9.663
1036  329     12.449     13.458      7.452
 934   -2     12.455     14.567     10.614
 936  395     -9.669     -1.753     11.187
 871   -2     10.573    -14.513     -3.202
  96  590      6.578     14.330      9.176
1177  777     16.328     -3.680      9.266
  -1  990     24.155    -10.037     -3.078
  -1   -2    -10.165     -3.583     11.715
1282  677    -18.094     -6.249      3.718
  -1   -2     19.897     14.637     -1.595
  -1 1294      1.065     12.501     10.090
  -1  135      8.147      6.469     10.985
  -1  840      1.682      6.167      9.746
 431 1251     27.533    -12.007      8.014
 852   -2     -4.019     19.514     10.429
 858   48    -14.731     12.433     10.130
  -1   -2    -10.085     -6.287      0.488
  -1 1187     -5.493      7.371      7.826
 679   -2     14.902      5.846      6.457
  -1   -2     18.397     -3.720     -0.111
  -1 1140    -15.656     17.435     -0.590
  -1  507      6.900      9.020     11.318
 832  704     15.724    -13.506     11.941
1037 1046     23.840     19.375     10.522
  -1   -2     12.114      7.120      8.749
1149 1186     -1.897    -15.099      9.578
1275 1179      0.354     -9.472      4.961
  -1   65     27.236      0.215      5.251
  -1   -2      3.440    -10.868      1.797
  -1 1192     -3.893     17.233     12.426
 870   -2      4.589     16.335     11.843
  -1  174     -8.279     15.551      8.026
1193   -2      5.315     -2.813      0.936
  -1   -2     11.620     -3.775     11.663
1035   -2     -6.206     19.282     12.674
  -1   -2     13.904    -11.742      8.978
  -1  109     13.845      7.965     -5.711
  61  343     21.786      5.239     11.723
  -1   -2     22.514     13.639      7.150
 682  472     20.525     16.981     11.283
  -1   -2     14.505     -4.864     12.118
 544   -2     15.210     14.901      5.425
 503   -2      2.839      6.287      8.298
  -1   -2     -5.427      5.904     -9.099
 772   -2      7.618     -4.183      6.497
  -1  549      6.158      8.727      0.451
  -1  867    -15.764     19.008      9.456
  -1  645     11.112      1.252     10.542
1015 1055     25.165      7.394     11.844
  -1 1351     10.476     -2.634      0.492
  -1   -2     13.663      5.622     -3.522
  -1   -2     -8.126     -4.105     -2.991
  -1 1141     14.136     -2.472     12.540
 804   -2    -10.242    -13.419     -1.799
 737 1198      8.004    -13.617      7.262
  -1   -2    -12.755      0.384     -0.063
  -1 1128     23.581     17.080      4.141
  -1  500      9.208     12.523     -1.800
  -1  121    -18.480      4.048     12.592
  -1   62    -13.574      7.077     -0.200
1267  420      3.761     -9.101      3.316
 260  743     12.076     -5.373     11.349
  -1   -2     17.460     10.914     11.607
  -1   -2     18.011     -2.625     12.245
  -1  346      0.299     -7.186    -10.165
  -1   -2     -4.944      7.036     10.037
 459  869      0.875    -11.075      8.950
  -1 1003      9.319      6.215      0.235
 916  315    -10.154      0.812     10.185
  -1   -2      0.783      9.982      3.643
  -1  328      7.724     -3.569     10.011
 101  525     17.968      0.605      9.659
  -1  216      5.698      7.402     11.269
 996   68     -9.709      6.791      0.482
  -1 1143    -10.042    -12.077      4.156
 905  971      4.044    -14.871     -3.429
 828   -2    -18.616     -6.011     11.944
  -1  123    -11.592     13.793     10.282
 416   -2     25.499      9.918     12.509
  -1   -2     -8.377     17.765     10.879
  -1 1227      3.747    -20.445     11.797
  -1  477    -13.777     17.566     12.352
 895 1071    -11.106     17.704     12.138
  -1   -2     -8.941    -13.841      1.796
   9  152     21.872      5.599      6.077
 487 1099    -11.290     11.604      3.024
1147   -2      8.507    -16.704      6.114
  -1   -2     -2.223     -6.414      9.420
1204   -2    -22.670    -15.404     11.207
  -1   -2     29.973      7.091     11.200
  -1  455     14.820     13.635     11.561
  -1 1113     18.672     -1.249     10.238
  -1  286      1.624      2.775     12.365
 540  799     10.347      7.194      7.185
 867   -2     13.704    -18.289      7.302
 896   -2     -7.509     -8.906      7.568
  -1   -2    -11.905     -5.910     -2.272
  -1   -2     20.971     -7.323    -10.596
1186   -2    -20.624     -9.944      5.299
  -1   -2     27.422     -3.090     11.176
 625   -2      9.140     -4.970     10.565
  -1   -2    -14.594     14.017      3.583
  -1  746      9.885    -11.604     -9.384
  -1  631     18.381      1.209      9.803
  -1  627     28.158      9.635      7.232
  -1   -2     23.148     14.128      6.775
  -1   -2     22.753     -0.862      3.524
  -1  817    -16.645     -3.764     -8.328
  -1   -2     10.554      2.551     10.088
  -1  164    -17.371     16.054      1.060
1130   -2    -16.281     14.853      8.812
  -1   -2     21.382      4.914    -11.694
 692  505      8.257     10.538      8.271
  -1   77     -2.325     -3.213      7.960
  -1   -2    -13.199    -17.336      9.734
 436  745     21.553     -1.207     10.642
 522  919      2.973    -11.140      5.730
  -1   -2     -7.838      4.867     -0.773
  -1 1106    -12.499    -14.678     -0.773
  -1   -2     -7.816    -13.838      1.889
 978 1324     11.643      6.569      9.384
  -1  718      6.096    -15.355     -1.537
1019   -2     25.836      8.150     11.260
  -1   -2     11.776     -1.365     10.036
  -1  715     15.217     -5.683     12.219
  -1  644     20.462     10.876      6.814
  -1 1244    -17.650    -17.779      5.051
  -1 1231      0.591    -19.985     10.741
  54   -2     22.392     -2.641      6.286
1211  957      0.349    -18.741     10.248
 267   -2    -16.700    -11.229      9.612
  -1  779     21.959    -18.573      9.830
  -1 1216     -2.558    -20.457     10.211
1201 1250     17.464    -26.677      2.816
  -1 1036     15.684    -22.069     10.101
1222  985     26.215    -17.526     10.192
1129 1237    -24.240    -14.977     12.069
1206 1233     18.773     25.419     10.153
  -1   -2      2.322    -30.106     -5.695
1214 1253     -3.321    -25.307      3.868
  -1  904     20.559     20.239     12.550
  -1  790     -4.241    -17.106      0.786
  -1   -2     18.746     25.440      3.634
  -1  888     23.504    -15.462      6.723
1225 1210    -15.052    -19.171     10.699
1212 1236     13.597    -24.944     12.483
1210   -2     11.351    -17.691     10.620
  -1   -2    -23.124    -12.218     12.236
  -1 1073     13.007    -17.980     12.177
1220 1230     27.311    -22.555      9.700
  -1   -2     27.186    -16.399     12.383
1216 1245    -27.258     -9.852     10.904
1215 1232     17.745     25.887      6.412
  -1   -2    -21.236    -13.540      9.221
 875   -2     16.848    -19.915      6.617
  -1  731     28.180      5.231     12.227
  -1   -2    -18.515    -13.463     11.506
  -1   -2    -28.628     -7.694      9.747
  -1 1213    -17.876    -16.234     11.852
  -1   -2     -4.441    -24.295      4.390
  -1   -2     25.082    -14.716      7.023
  -1  959     12.612      0.299      2.461
  -1  242      0.788     -0.589     11.938
   7 1257     12.950     -8.818     11.583
  -1 1350     18.271      9.049      8.981
   8   -2     15.781      2.023     10.506
  -1 1355     16.682      1.799     -1.452
 646   -2     20.082     13.143      6.135
  21   -2     15.009      3.972     10.587
1141   -2      7.497     -7.281      5.819
  -1   64    -15.921     14.903      6.272
  -1   -2     19.775      7.049     -2.254
  -1   -2     -5.389    -12.418     -0.409
 133 1274     -7.986      5.132     -0.513
  -1   36     -9.484     -2.883     11.281
  -1   -2     19.559      3.081      2.519
1256 1340     19.676      3.062      2.671
  75 1266    -14.827     -2.073      5.630
  -1   -2     26.364     -6.157      8.131
  89   -2     -7.445     15.775     10.468
  -1   -2     14.127     -7.795      3.750
  -1   -2     12.238     -5.291     -5.228
 942  133     14.462     -2.866     -4.817
 115   87     15.503     -1.116      1.536
1271  285     18.416     12.333     -7.686
  -1   -2     22.071      7.526     -3.474
  -1 1323    -12.809     12.706      3.436
 446   -2      2.765     -0.011      8.365
 130  156      5.175      9.380     -9.824
  -1   -2      2.679     -8.164      2.837
 234   -2     10.846     -0.152     -0.923
 129   -2     -0.384      2.156      4.911
 248 1059     19.148     11.778     -4.420
 109   -2     10.289     -7.852      4.466
 172 1279     12.019      5.361      5.948
  -1   -2    -19.393      9.430      8.766
  -1   -2     -2.187     -6.284      3.233
 470  503     10.731     -8.199     11.117
  -1   -2     14.727     12.844      4.448
  -1 1341     21.530     -9.675      8.815
 357   -2    -11.390     -2.570      1.526
 438  377     -8.572     -2.672      1.393
  -1  892     16.524     11.654      8.139
 170 1277     19.608     15.073      3.944
1165   -2      5.917     15.616      9.918
 298   -2     23.545      0.503      7.766
  -1  858    -10.047      4.933      3.418
  43    7      8.493      7.088      2.373
  -1 1327     23.319     16.431      5.638
  -1  569      7.022     12.532     -1.527
 647  673     18.689      7.897      0.654
 432   -2     16.693     -3.408      8.699
  -1   -2     -4.001      2.990     10.075
 657 1035    -11.653    -14.985      9.861
  -1  541     16.265      8.505      9.757
  -1 1072     -3.522      3.619      0.103
  -1 1329     -3.606     14.831      4.276
  -1  488     12.196     -0.401      7.560
 854   -2    -12.017     12.163      8.318
  -1  107     -6.042     15.547      6.053
1277 1051    -16.775     12.455      8.059
  -1  794    -17.640      8.251      5.541
 981   -2    -10.760     12.153     11.001
 856   -2    -11.294     18.414     10.968
  -1   -2     -3.272    -17.237     10.059
1174   -2    -19.612    -10.638     10.943
 191   -2      1.122     -2.839      8.734
 302 1297     -3.763     -7.860      9.939
  -1   -2     12.540     13.276     11.503
 443   84     20.389     11.673      4.754
 902  961     11.223     10.892     11.342
 271  522     11.143      0.597      5.793
 113   -2     -2.095      2.835     10.210
 959 1105      9.956     -7.841      8.342
  -1   -2     12.874     -8.939     11.855
  -1  348     12.456      0.104      2.896
  -1   -2     18.612      5.091      1.960
  -1   -2     13.662     -6.457     11.149
  -1   -2    -11.371     14.024     10.948
 112   -2      8.149     -2.668     -4.362
1303   -2     -9.484     -2.883     11.281
1294   13     18.352     -6.508      1.868
  -1   -2     16.747      7.729     -5.295
  44  655      9.691     -2.625     -1.044
 426  685      7.680     14.125     11.150
 569 1344     23.319     16.431      5.638
   0 1254     25.171    -14.663      6.761
  -1   -2    -11.371     14.024     10.948
  -1   -2     16.682      1.799     -1.452
  -1 1352     -5.369    -12.459     -0.398
  -1   -2     16.747      7.729     -5.295
  -1   -2    -11.371     14.024     10.948
  -1   -2     12.456      0.104      2.896
  -1   -2     12.456      0.104      2.896
1235 1356     -7.058      7.684      2.554
  -1   -2     19.775      7.049     -2.254
  -1   -2     -3.735      3.922     10.898
  -1   -2     16.747      7.729     -5.295
1295   -2     -5.369    -12.459     -0.398
  -1   -2     12.456      0.104      2.896
   2   -2     12.456      0.104      2.896
1289   -2    -11.371     14.024     10.948
  -1   -2     16.747      7.729     -5.295
  -1   -2     16.747      7.729     -5.295
  -1   -2     16.747      7.729     -5.295
  -1   -2     16.747      7.729     -5.295
  -1   -2     16.747      7.729     -5.295
  -1   -2     16.747      7.729     -5.295
1242 1360     16.747      7.729     -5.295
 354  889      3.784      3.060      2.582
