1335
   0   -2    -11.139      4.489     12.136
  -1    2    -10.533      7.694     10.645
 582   -2    -13.983      9.716     10.873
   2   -2     15.910      1.953     10.454
1220 1303     13.001     -8.939     11.898
 380  690     -1.733     -2.493      3.634
1222  251     -3.332      1.042      6.709
  -1   -2      1.011     10.628     10.469
  -1  851    -13.572      9.507      5.041
  -1   79      9.768      4.292     11.376
  -1   -2     -0.728     11.096      3.881
  21    7      7.339     -6.923      5.275
 607  309      4.829     -5.127      1.708
 155   31    -14.309     10.736      6.949
   5 1248     16.649      9.572      2.606
  10   -2     -7.452      1.669      1.965
  -1   -2     -5.861     -0.767      4.216
1219   -2      3.437      2.379      3.389
   7  133    -10.874     -1.775      8.046
  -1 1306     16.448      3.623     -7.994
  -1   -2     -3.490      3.661     11.023
  -1   -2     18.229      2.052     -0.671
 855  372     12.959      4.399      8.327
  -1    8      7.374     -2.885      3.757
  -1   -2     20.456      0.058      3.660
  15   30      8.822      9.359     -0.409
  64   -2      5.940      5.317      3.849
  82   -2    -11.953      8.581      6.727
  -1  273     -2.362     14.778      7.160
  67   -2    -15.391     12.730      3.715
 743  252     20.829     -8.023      4.806
 177   -2      7.163     -0.242      3.760
  -1  303    -19.733      3.389      8.889
1242   58    -16.888      1.149      8.610
   3   -2     18.570      5.165      1.969
  92   44     -9.603      9.649      8.008
  -1  132      1.386      8.513      9.111
 292   -2      9.628      3.252      5.237
  -1  199      9.054     -3.035     -0.179
 116   55    -12.898     -1.966     -3.310
 179  371      1.656      7.250      4.148
  -1   -2     -5.137      6.481      4.145
  12   -2     17.215     -0.822      8.870
  -1  705     14.745      5.596      4.902
  -1  763     20.368      2.498     12.659
 505   -2     15.610     -5.191     10.691
  -1   -2      6.779      7.554     -2.500
 592   -2     11.704      2.871    -11.000
  63   -2    -14.453      0.216     11.855
 220 1089      6.156     -0.745      9.067
  -1   -2     -8.485     10.842      1.856
  -1  171    -11.671     15.841      6.242
  56   -2     23.643      4.807      7.691
  -1   13     -1.448      3.315      9.905
  -1   -2     18.574     -0.290     -3.403
  -1   -2     -5.305     12.143      8.784
 699  152     20.475      1.812     -1.463
 203   21     -4.462     10.094     12.012
 132   -2      9.426     -5.607     11.055
  -1 1092     16.806      0.965      9.221
  -1   -2     25.167      4.006      9.094
  18   -2     13.098     11.779     -9.328
1078  362      0.847     -1.329      9.055
  -1   -2      0.148     -0.745      3.471
 989   93     -8.800      7.531     -2.072
 122  835    -11.823     -0.420      7.540
  14  110     20.371     -0.393     12.412
  -1   -2     14.463      2.389     -2.951
  -1   -2     22.029      1.238     -3.479
 459 1083      8.820     -0.018      4.529
  -1   76     -7.886     -3.518      0.366
 105  795    -15.276      2.420     -4.142
  -1   75     -4.642     -1.049      2.042
 160   -2     -2.522     15.212     10.618
  25  931     -3.018      9.344     10.221
  -1  731      8.310      4.221     11.621
  -1  316      5.228      9.363     -9.934
  -1   -2      2.266     11.704     -1.102
 188   -2    -12.357      7.909    -10.355
 152   -2     16.228     11.773      7.704
1174   25    -11.257     11.843      8.859
  53 1256    -16.497     -0.496      6.061
  -1  182      7.809     -3.310     10.935
 121   -2     -5.170      5.531     -8.841
 910  353     13.579      1.409      7.692
  -1   -2    -11.732     -4.501      7.268
  -1   -2     13.475      1.274     -5.348
  45   -2      6.905     12.082     12.538
  -1   -2     12.664     -0.762     12.086
  78   -2     14.445      5.321      8.401
  35   -2      2.532     -4.266     11.725
  -1   43     -4.700      8.973      3.603
  -1   -2      0.855     16.677      8.275
1265   56     -8.090     -1.777     -0.145
 118   -2     -5.198      9.523     -4.407
  -1   -2     -2.064      6.317      1.804
  -1  294      6.654     12.976     -7.338
  -1  897     19.808     12.751     11.006
 909   -2    -14.048      1.618     10.135
  -1   -2      3.367      0.218     -7.116
1149 1300     21.436     10.110      9.332
  -1   -2     10.221     11.693      1.853
 898  869     20.350     -5.672      4.603
 172  410     17.524      0.895     -4.556
 541  179     -1.767      1.023     12.458
  -1   63    -14.686      6.419      4.423
  -1   -2     -5.640      3.885     -8.844
  -1   -2     19.567      5.250      2.334
 936   -2     10.576     -7.828      4.402
 387  112     17.357      7.801      7.245
  -1  163     12.262      4.221      8.663
  -1  821     11.902     10.852      4.506
  -1   -2      3.633      8.561     -0.584
 306  680      5.919      9.774      7.384
  -1  220      2.775      6.220      9.702
  -1   -2     20.524      4.616      2.215
  -1   -2      7.397     -2.642      1.951
 133   -2    -13.528      8.899     -0.819
  -1  160     26.409     -6.352      8.210
 830   51     -8.887      3.926      3.200
 115  222    -11.964      0.718      2.333
  54  272      4.899     -6.215     12.504
1008  109      3.380     -0.806    -12.301
 342   91     11.992     13.573      0.553
  -1   -2     11.162     -4.578      3.252
  -1   -2    -14.818     -1.930      5.450
 346   -2      3.610      9.903      4.302
 258   -2     -2.102      3.795      0.840
  -1   -2     24.368     11.364      6.300
  -1  398    -15.945      1.444     12.058
  -1  792     24.389     -1.986      7.391
  -1   -2      0.341     -3.653      7.630
  -1   -2     19.238      1.961     -6.978
 347  626    -17.274      5.505     11.586
  -1   -2     18.169     14.341     10.242
 602   -2     27.762     -3.441     10.798
 271    3    -10.352      7.695      7.300
  -1  781     21.151     -2.244     11.890
 247  788     21.371     12.464     10.430
  -1   -2     19.045     11.804     -4.129
 318   -2      7.963      2.407     11.566
 490   -2      3.036      0.419     11.430
 144   -2     24.824      4.770      6.269
 859  177      5.584      4.575      8.454
 654  231      3.241     -1.596      9.209
  -1  814      0.437     10.601      7.544
 252   -2      4.232      6.868     -3.109
 926  289     20.310     13.340      4.991
  65   -2    -19.606      6.461      7.344
  -1   -2     16.603     -7.889      5.322
 244  669     17.567      9.798     -6.465
 159   -2      4.267     15.267      1.835
1285   -2      1.354      4.364      7.806
  -1  621     17.073      5.423      6.356
 197  567     -1.745     13.149      7.311
  81   -2      4.435      1.529     12.419
 125 1262     -6.910     -1.090      6.464
  13   -2     21.365      5.132      9.480
  -1  341     16.473      3.087     12.084
  -1   -2     16.793      7.777     -5.453
  -1   -2     12.159     -6.553      6.115
  -1   -2     17.061     -4.167     -0.936
  -1   -2     13.362     12.379      9.566
 356  290      9.262     13.556      4.597
 478   -2     11.675     16.472      8.295
  -1   -2      0.551     -4.635     -9.994
  -1  417      9.869     13.866     12.254
  96  376    -14.413     10.555    -10.494
 494  709      6.008     -6.261      2.397
1259 1129     14.596     -2.218      7.635
  -1  288     -7.135      7.675      2.609
  -1   -2     20.075     -3.204     -6.826
 393  357    -20.125     -1.056      9.431
 400   -2    -20.064      1.987     10.641
 319   -2     12.345     10.800      6.038
  -1  455    -11.776     14.581      9.119
 634  678      8.696      5.584     10.710
  -1  319     14.750     -5.349      5.514
 198  102    -13.209     -1.014     10.644
 788   -2      0.578      6.764     10.181
 469   92      5.844      0.748     10.535
 299   -2      5.089     -1.117     12.347
 852  656     19.253      8.088     10.518
 560  425      7.871     -1.341     12.556
1175   96      6.428     11.578     11.302
 886  576      7.872      8.361      3.527
 568  436      9.327     -7.228     10.538
  -1   -2     -9.900     15.234      6.965
  -1  510      0.148      0.163      6.133
 709  227      1.998     -4.509    -10.777
 353   -2     16.232    -10.436      6.186
 101  448    -20.220      1.137      9.817
 486 1202     15.492      3.222     11.927
 221  312     -0.521      3.119      5.576
 881  234    -14.410     12.404      9.537
 441   -2    -12.040     -0.247     -3.545
  -1   -2     -9.516      3.224     -5.903
 746   -2     13.596     -9.507      9.826
  -1   -2      1.468     11.643      2.058
  -1  301    -16.042     -1.816     10.965
  -1   -2     22.403     -3.728      5.742
  -1 1164     -4.963     15.242      8.011
  47  181     -5.439      6.335     -1.328
 137  951      0.220     -2.662     -0.426
 542  339     10.359      3.425     11.571
  -1   -2      9.654     -0.866     -8.653
  -1  183     20.912      8.836     11.019
1180   -2      3.271    -10.231      3.515
  -1  688     18.967     13.962      3.880
  -1   -2      6.511     -0.909    -12.503
 389   -2      6.992     13.921      9.370
 466  157     22.915      1.116     11.378
 285   -2     18.500      4.273     12.108
 260   -2    -15.479      6.981      4.054
 180  126     10.604     -7.164     10.403
 732  361     20.908      7.394      7.258
1151   -2      3.441     -3.503     11.019
 538   -2    -18.533     -2.559      6.697
 263   -2     24.169     10.622     11.087
 796  816    -12.607     13.016      5.266
  -1   -2     17.179      4.472     -6.450
 996  360      4.288     13.012      7.676
  74  983     25.167      0.948     12.154
  -1  661    -16.503     15.249      7.790
1110  802     21.916      5.259      0.210
  -1  269     17.081     13.644     -0.038
 207  207    -11.184      7.879     -6.684
 293  238      7.382     14.380      4.418
 471  347     12.916     -9.860      5.543
 731  295     -2.829      8.889      4.598
 742  460     10.441     15.915      9.492
 711   -2     -4.870     -3.788      3.854
  -1 1079     12.068      4.210      4.799
 163   72     12.414     -6.053      9.749
  -1  459      8.441      5.502      2.700
 110  236      0.446      4.187     -8.252
 286 1270    -17.536     -4.174     11.832
  -1   -2      5.369      5.071    -11.006
  -1  433     21.520      0.476      8.365
  17  274     -5.940     -1.797      1.885
 231  449     -7.647     -6.411     10.138
  -1  917     -5.479      3.850     12.061
  -1  594     14.695     -1.475     -3.386
 812  489     -1.484      2.710     -2.741
 106  445    -12.629     14.914      5.319
  -1  392     10.030      8.494      5.190
  -1   -2     11.994     -0.300     -7.884
  -1   -2     -8.755      9.166    -11.868
 484  443     16.143     11.321      4.810
 171   -2    -13.901      8.059     -9.501
 232  302    -14.223     -1.406     10.992
1184  555     24.189     -1.406      9.459
  -1   -2     20.442     15.523      5.924
  -1   -2     18.121      8.335     11.202
  -1   -2     14.962     -6.978      9.534
 334   -2     11.330     13.948      4.174
 760   -2     18.870      5.312     -7.739
  -1  122     -7.956      7.797     -4.237
 103  223    -11.859     10.446     -0.004
 720   -2     -0.826     -5.500      8.854
  -1   -2    -13.021     -4.560      5.466
  -1   -2     18.583     12.733     -5.784
  -1  570     17.348    -13.059     11.420
1260  124     15.438      6.650      8.196
  -1   -2     -3.828     10.449     -3.052
 644  266     -4.076     -2.292      3.858
  -1   -2    -12.434      3.835    -12.217
  -1   -2     14.222     -4.402     -6.605
  -1  277     20.945      5.879     11.351
  -1   -2     23.015     -0.019      2.299
1075   -2     -2.389      1.344      7.021
1177  905     -1.864     -4.847     -1.662
 499   -2      5.839    -11.068      8.452
  -1   -2     14.745      4.488      5.132
  -1  358     -5.491     -9.757     11.735
  -1  477      3.378     -2.239      2.079
 991   -2     -2.074     -2.176      6.482
 957  476     -1.094      4.130      7.871
  -1  229      1.388     13.077     10.468
1100  505     26.560      8.786      8.117
  -1   26      6.960     -5.404      4.508
  86  247     14.177      2.633      7.678
  -1  429     -9.733      0.751     10.404
 173 1052    -18.898      4.690      9.630
  -1  315    -14.212     -7.470     11.721
  -1  714     19.669     10.199     12.581
  -1   -2    -15.633     -4.662      4.180
 223   -2     12.941     -7.681      1.408
  -1   -2    -17.265     -1.178      6.464
 222  561    -13.336      0.641      5.967
1266  627      5.515     11.705      4.796
  -1  716      6.955     -5.364      8.325
  -1  134    -11.467     -1.938      1.858
  -1   -2     25.024      0.346      9.483
 979   -2    -16.145     14.257      2.567
  -1   -2      0.032      7.942      1.590
  -1  243     13.251     -3.091      2.596
 343   -2      0.696     14.178     11.380
 352 1273      8.656      8.415      5.123
 667  618     24.489      5.883     12.453
  -1  782      4.537     -3.378      8.977
  -1   -2    -14.796     -1.734     -3.330
 671  525     11.305     -5.909      4.944
 534   -2     22.819      3.303     -3.244
  -1   -2     17.587      5.942      1.745
  -1   -2     21.798     10.195      4.969
 317   -2    -15.725    -10.741      8.792
 509  744     18.458      2.322      6.009
 100   -2     20.193      3.443     -1.785
  -1  169     22.292      4.445      2.864
1278  750     17.503      3.216      5.863
 253 1171      4.821      7.175      5.799
  -1  998    -16.501     -4.086      8.205
 748   78     16.101     -8.532      1.857
 799   -2      1.832      4.678     -9.612
 330   -2    -14.721     -0.951      5.069
 708   -2     25.008     13.420     10.759
 937 1008     -0.369      6.407      5.496
  -1   -2      7.777     -0.693      9.130
 678  478      1.920      0.285      3.067
 429  320     -8.053     -6.501     -4.800
  -1  541     16.345     13.814     11.287
1267 1062     10.170    -12.993     -1.016
 775  815     -9.917      7.063      1.840
  -1  991     -1.997      0.216     10.229
 437 1070     12.505     11.456      8.852
 288   -2     -7.108     -5.589     12.450
 228   -2     12.737      2.022      6.512
  -1  934    -19.044     -8.327      9.653
 370 1178     16.170     -2.298      7.709
  -1  208     14.006     16.127      7.161
 480   -2    -16.995      5.685     -4.519
  -1   -2     17.091      8.079      2.794
  -1   -2     -1.888      4.747    -10.752
 361  514     -6.008     16.154      9.169
 939  997    -17.950     10.576     10.459
 866    5     -8.402     12.447      8.266
  -1  311     -4.700     13.301      2.972
  -1 1175     18.529     11.407      0.639
  -1   -2     -2.748     -5.779    -12.520
 112   64      0.353      0.482     10.158
  -1  186      7.197     11.376    -10.440
  -1  334    -11.905     17.599     12.313
 392  982     -3.836     -3.740     10.860
 529   -2     14.122      1.410      4.032
 206  148    -17.575      5.707      8.824
 576   -2     18.463     -6.586      1.597
  -1  423     25.399     -4.915      5.631
 575 1251      6.583     -7.115      2.760
 790  753     -5.173    -12.983     -0.024
1173  528     15.676     10.121      8.688
 322   -2     20.865     10.392      5.935
  -1  407     10.559     13.965      4.740
  52 1255     12.237     -1.652      2.543
 599   -2    -12.229     13.297      2.591
  -1   -2     12.749     -5.777      6.569
 774   -2     -7.119      2.209      5.991
  76  170     20.702     -3.166      4.968
  -1  616     17.677     -3.967      6.149
1252   -2      5.592     -7.228      5.780
  -1   -2    -11.866      5.777     -8.447
 145   -2     13.099      7.644      4.005
  -1  292     25.023     -4.030      8.332
 426 1127    -12.360      1.591     11.459
  -1   -2     21.828     -5.601      9.577
  59   -2     17.503     -0.986      7.548
  -1   41     -4.592      9.008     11.236
  -1  907      9.291     14.912      9.402
1156   68     -0.832     15.762      6.285
  -1  648     20.737      4.465     -0.651
  -1   -2    -12.153      9.932     -3.022
  -1   -2     17.112     -4.285     -3.656
  -1  365     -5.206     -9.725    -10.163
  -1  767     18.648      9.509      8.393
1130  300     22.934     -1.896     11.366
  -1   -2     14.644     -2.646     -2.599
 281  581      2.600      1.502     10.849
 526  612     23.377     -7.586      7.411
 700   -2     16.088     -1.397     11.684
  -1   -2    -13.360      7.275     -1.324
  -1  454     21.771     -6.063     11.475
 410  511      9.716     10.641     12.278
 971 1147     -3.897     17.684     11.666
 496   -2     -7.960      7.010      1.561
1071   -2     24.858     -8.650     12.250
 236  363    -10.871     -4.486     10.916
 829  874      9.079      8.891     10.339
 994  107     22.341      3.707      8.028
 279   -2      3.119     12.336      7.860
 119   -2      4.597     -1.664      2.050
1128  749     14.056      2.109      0.223
  -1   -2     -2.193      6.297     -2.186
  -1   71      5.669      1.084     -1.925
  -1   -2    -16.121      0.969      8.246
 411  734      7.100     -7.638      8.326
  -1   -2     13.692      5.508     -6.838
  -1  310      5.630      0.131      4.047
 218   -2     19.365     -1.473      4.972
  -1   80     25.399      3.151      8.607
 843   -2     27.296     -7.588     12.060
  -1  873    -15.788     10.830      3.148
 432   -2     13.465     -1.843     -1.325
 933   -2      2.575      9.382      9.820
  -1   16     -0.486      9.926      1.837
 831   -2     -2.144     -1.401      9.534
  -1  386     22.277      4.277      8.927
 689  832      6.376      2.163     10.155
 940   -2    -16.262      0.234     11.721
  -1   -2     17.985     11.922     -2.545
 433  340    -10.522     -6.480     11.951
 205  736     -8.534     -6.181     11.077
 839   -2    -12.075     -7.292     12.536
 515  468     -1.150     -7.128     11.560
1127  280     -3.266      5.762      1.970
  -1   -2    -16.732     -7.864      3.071
 638  248     -1.879      7.784     -5.173
 752   -2     -2.917     -4.596     -3.583
 696   -2     13.557     -6.458     10.085
  -1  370      7.822      3.200      8.812
  -1  373     21.606     -4.510     10.117
 668  350    -13.438     -9.458     -2.283
 646 1282     17.937      6.120     -3.921
 793   -2    -19.743      5.525      9.039
 627 1046     -6.948     16.893      8.254
1025   10      3.243     10.721      6.923
 753  260     18.495     11.405      6.039
  -1   99     17.349      4.585     12.236
 349   -2      5.835     12.576     11.131
 652   -2     -3.729     -7.165     -6.059
  -1   -2     24.953     -7.978      2.831
 369   -2     -8.117     -8.278      1.609
 421   -2     17.744    -15.359      7.913
 301  933     17.951     14.232     -0.888
  -1  490     12.179      5.304      2.344
  -1   -2     -6.281     15.633      3.489
1053   -2    -18.196     -1.757      9.487
  -1   -2    -12.076     11.948      9.168
1062   -2      9.316     12.557     12.065
1142  534     15.160     15.232      1.920
   9   -2     -2.233     10.165      3.928
1158  807    -18.971    -14.044      8.609
  -1  209     11.507     11.466     10.843
 713  331      0.624     -6.516     -2.783
1020  427      6.339      3.348      3.517
 336   -2     19.905     -5.850     -7.966
1039   -2      9.134     13.691      7.883
 586   -2      2.054     -9.305      9.150
 174  381    -18.602      1.561      8.314
 431   -2     18.755    -11.720      2.306
 438 1275     16.108      4.022      8.156
1033  194     19.534      8.879      1.269
  79   -2      7.167      7.623      1.396
  -1  900    -16.535    -11.863     10.096
1147  886    -16.905     -7.551      9.540
  -1   -2      5.392     -5.366     -3.156
  -1   -2      8.789     -1.565     -0.508
 296   -2     -5.295     13.970      7.732
 483   -2      1.955     -9.334      5.208
  -1   -2      6.752     13.215     -1.250
  -1  457     -1.235      3.551     -2.369
 264   -2     19.788     -1.667      6.965
1072   -2     21.671    -13.837      8.182
  -1   -2     17.750     -5.238      9.199
1181   -2     14.753     13.891      9.799
 877  382      4.560     -0.435      9.455
 543  794     21.015     -5.890     -0.227
 917  904     -1.799     12.721      6.292
  -1  888    -10.347     -8.394      7.122
 610 1139     23.648    -13.558     12.345
1076   -2      9.239      3.553     10.870
  -1   -2     -6.329    -12.363      4.778
  -1  573     -2.406     -7.629      6.564
  62 1258     10.904     -1.006      6.642
 795 1192     -2.443     16.460      9.248
1093  864     -5.118     16.203      6.359
 275   -2     24.845     11.997      8.089
 864  527     19.789     -9.813     -4.982
  -1  375     25.363     -5.771      9.351
 233  299     26.046      1.745      6.978
 822  121     24.395     -4.262      9.925
 390 1155      1.004     -3.884      9.154
  -1  587      4.427    -11.058      4.004
 942  667     22.410     11.546     12.003
 762  156     15.442     -0.834     -3.726
  -1  739     -2.204     -4.285      2.156
1248   -2     19.082     16.797      4.499
  -1   -2     12.019     -4.087     11.388
  87  458      3.004     -4.203      8.459
 605   -2    -11.614     -4.119     -8.306
 398   -2     20.059     11.889      7.533
 305  964     -8.548      8.913     -4.472
 504   23     17.209     11.021      4.286
 417  517     -5.484     -1.412      8.999
 665 1184      8.127     10.344      1.435
 462   -2     25.252     -6.451      8.661
  -1   -2    -12.609     -4.388      0.098
  -1   -2     15.624     11.954     -4.279
  -1  237     -4.618     -3.358      7.367
 239   -2     10.558      9.528      5.623
  -1   -2      7.004      0.710     11.223
  -1  387     19.200     12.782      7.354
 249   -2     19.026      4.140      7.302
 729  384    -13.411      6.471     -5.430
  -1   -2     14.498      7.468     -7.241
 357   -2     13.875    -11.305      6.631
 497   -2     18.937    -17.613      9.591
1059  686     -4.994     16.232     11.415
  -1   -2    -11.301     -1.675     -6.464
  -1  756     -5.715     12.023     10.764
  -1  487     -6.332     -5.325     11.385
 315 1193      6.337      1.251     -2.695
  -1   -2     12.320      8.491    -11.475
 649   -2     -1.483     -0.437      8.850
 773   -2     25.745     -0.677     10.292
 329  806    -19.627      9.982     10.720
1172   -2     24.359     -0.423     10.201
  -1  666     23.488     11.866     12.440
1040   -2      8.228     12.157     10.758
 333  480     19.806     -7.980      2.977
  -1   -2      7.649    -17.002      4.391
1256  645    -15.313     -3.974      8.743
  -1 1264     26.788     -5.482      7.019
 532   -2    -12.505     -0.406      9.854
1249  720     -2.181      5.848     -5.812
  -1   -2     -5.666      8.930    -10.468
1036 1279      2.271     13.321      0.074
 294   -2    -17.476     -1.674     -1.530
  -1  244     22.796      9.057     -1.948
  -1   -2      5.065     -7.645     -7.254
  -1   -2     23.596      6.726     -2.127
  -1   -2     12.901      2.223     11.953
1170 1022     24.364      8.522     11.269
 181  657      8.906     -1.121      9.344
  44   29    -16.936      4.909     -1.605
  -1  564     23.552     10.338      5.745
  -1   -2      9.796     -4.875     -7.837
  -1  359     -6.353     -9.683     -7.102
  -1   -2     -9.328     -1.841    -11.735
 501  419     15.438    -10.300    -12.110
  -1   -2     12.604      0.723     -5.584
 896  242     -7.150     -3.474      9.908
  -1   -2    -13.694     -5.076     -6.951
  -1   -2      1.923      5.532    -10.419
  -1   -2      7.967    -10.113      4.551
 597   -2      1.050     -9.539     -1.283
 502   -2    -12.051     16.287     11.963
 706 1090     -3.823     16.594      7.192
  -1   -2      8.722      7.747     -4.450
  -1   -2     14.863     -6.544      7.569
  -1   -2      8.687      0.988     -2.013
 537   48     10.168      7.809      4.927
 944 1294    -16.774     10.166     11.238
1034  424     10.240      1.263     11.783
  -1   -2     20.564      6.658     -7.079
 621   -2     15.478     17.578     10.645
 622   -2      4.985     -4.384      2.889
  -1   94     13.484     10.048      7.974
 238 1130     10.832     13.073      7.597
 291  760      3.821     -9.728      6.558
 772  559      4.253     -5.714     -2.642
1014  939     21.058    -10.533      3.324
 461  681     19.919     15.051     12.239
 716   -2      1.847    -10.215     11.159
  -1 1075      2.434      7.590      8.475
  -1 1163    -11.879     -4.309     12.424
 588   -2     -3.728      6.273    -11.939
1055   -2     -0.586      3.772      9.588
 964  604     11.898     -4.086      6.972
  28   -2     17.018     12.423     11.988
  58  968      6.123     12.371     -9.311
  -1  420    -16.139     -2.924      2.792
 151  494     24.190      2.356      6.866
 986  966    -13.653     -7.761      7.946
  -1 1018     18.651     14.969      6.887
 164   -2    -14.805      8.388     -2.398
  -1 1060     16.428     -9.670     10.571
  -1   -2    -15.505      6.413     -8.929
  -1   -2     19.106     14.973     -1.071
 337  333     10.362     12.021    -11.696
 210  809     -4.543      4.573      9.498
  48   -2    -10.611     11.965      4.694
  -1  764     18.700      2.131      3.283
 624  166    -17.621     -5.804      5.214
  43   -2     12.779      7.246      7.762
 452  779     18.039     12.415      4.923
 596 1281     24.253      1.627      4.132
  -1   -2    -13.815      2.122      7.630
 676   -2      2.935      1.145      7.891
  -1   -2     -4.772     11.313     -9.497
 436   -2     -2.766     -7.010     -2.244
 472  928    -12.472    -11.346      4.561
  -1   -2     21.540     15.059     11.904
 687   -2    -13.069     -8.256     -8.619
 527  426     -1.217    -10.550      2.180
  41  313     -1.686      3.330     -5.211
 780   -2     -1.314     -7.777      6.910
  -1  421     20.659     -3.537     11.042
  -1   -2    -12.364      1.727     -8.243
  75   -2     13.041      3.282      7.851
 717  378      3.303    -11.178      6.359
 191  254    -15.235     -4.210      2.393
  -1  137     -7.872     -1.420      6.384
1081   -2     -7.566    -12.673      7.017
1165   -2     20.155     -5.125     11.454
  -1   -2      5.280    -10.185      3.852
 111  264     10.936      4.145     -3.581
 434  836     -6.077     16.239     11.323
 722  607     14.305     11.293      9.163
  -1  143      0.678     -7.018     10.276
  -1   -2      6.704     -9.603      7.978
 995  743    -18.274     -7.023      3.222
  -1   -2     -1.125      3.567     -3.422
 420   -2     14.855     -4.319    -10.690
1047  560     15.037     -4.092      1.563
  19 1351      8.321     -0.483     -0.353
  -1   -2     21.244      6.162     -0.111
 284   -2     17.572    -11.098     -3.138
 587   -2     18.078     -5.044      2.641
  -1 1036      5.418    -15.377      3.066
 255  845     10.768     16.851      5.428
1134   -2     16.078     16.021      8.281
 354   -2     11.990     -9.067      9.591
  -1  543     20.733      7.634     10.265
 335   -2     26.082     -7.734      8.421
 650   -2      5.865    -11.309     -3.287
 623   -2     22.944     -0.195      4.902
1032   -2     25.389     -1.190      2.013
 216   -2     23.466      9.820      8.022
 267   -2      3.456     -2.181      0.175
  -1   -2     -3.893     -8.126      9.227
1087 1297      5.568     13.285      7.681
  -1  615      8.287     -9.570    -11.552
 403   -2     -3.103     -8.259      7.167
 955 1136     13.140    -18.985      7.882
  -1   -2     13.192     -3.168     -7.514
  -1   -2      7.250      3.277      9.321
  -1  412     16.541      3.888      8.722
  -1  404     12.832    -10.731     -8.028
 935 1103    -19.358     -6.099     11.729
  -1  843     15.815      6.392     10.770
  -1  233     -4.641     -9.168     -0.700
1141   -2     25.483      4.596      7.208
  -1  206     13.950     -0.103      5.393
  -1  197     -9.738      2.704     -6.981
 759  535     22.885     14.564     11.049
 614   -2    -10.760    -12.258      6.851
  -1   -2    -15.176      1.881     -6.998
  33  544      8.968     -3.566      1.653
 234  219      9.556     11.661      1.014
 997   -2     10.845     -8.914      9.890
 348  128    -17.587      6.801     12.246
  -1   -2      4.853    -10.733     11.936
  -1   -2    -19.705      6.393     11.979
  -1  268    -12.353      6.536      0.273
  -1 1006      3.984     -6.784     10.180
 626 1031      8.779    -11.546      7.110
 460   -2     24.151      1.202      8.273
  -1   -2      4.956     12.052      0.319
1041 1091     -9.431     -5.036     10.602
  -1   -2     -5.184      7.507     -3.428
  -1  168      9.990     -1.991      8.195
  -1 1013     26.453     12.085     10.440
  -1   -2      4.260     -1.303      9.923
 620  530      6.515    -14.543      7.444
1148 1122      9.583     -4.768      7.128
 256  692      5.191     -1.871     -3.371
  -1   -2     19.760      4.868     -4.456
 797 1027      5.807      6.548      7.431
1157   -2    -12.936    -10.881      9.310
  77   -2     20.256      4.404      5.309
  -1   -2      3.784     -2.711    -11.317
  -1   -2     21.644     -5.747     -7.415
  -1  696     -5.463    -11.269      4.837
 442 1185     12.435      6.040      5.899
 237   -2     -6.443     -0.448      8.808
 680 1107     -6.611     -6.081     -0.811
 355  711     24.678      2.251      9.691
 821  388     19.448    -16.592      6.720
  -1 1105     20.803     17.504      8.590
  -1   -2     21.009      2.176      8.119
1113  942      1.498      2.805     10.232
 308  738     21.938     16.029      2.979
1024  665     18.590     -9.507      3.320
 272   -2     20.670     11.053      8.513
 794  603      7.852     10.362     10.721
 601   -2     22.212     14.932     -1.546
  -1  701     21.203     10.100      2.405
1009 1049    -10.698    -13.181      4.657
 916 1140     14.471     -5.284      0.871
1043  723      8.579     10.785      7.014
 447  920     14.246     -7.064     12.064
 295   -2     21.997     -3.787     -3.665
  -1   -2     15.027     13.591      5.759
 899   -2     -8.325     13.507      9.190
 924  453    -12.176     -7.939      1.914
 723 1087     12.569    -11.460      7.449
  -1 1196     -4.517     -7.780      1.940
1073   -2      5.139    -11.277      6.291
  -1  185     15.264     -2.446     12.097
  -1   -2     -6.236     -7.031     11.340
  -1   -2     -4.472      8.460     -4.491
 647  710     15.096     17.689      7.525
  -1  676      6.161     -0.182     11.927
 415   -2      3.049     12.668     11.215
 500  466     21.886      1.378      5.024
 578  698     -0.910    -12.914     10.855
  -1  557     -6.184     -6.699     -6.382
  -1   19      8.386      1.961      6.050
 784  540     -7.804      5.359      0.973
 464   -2     11.037     15.845      5.654
 455  892     -2.898     14.730      0.888
1004  578     -5.070     14.440      2.718
  -1   -2    -10.340    -11.055     -7.684
 670  524     -1.179     -4.048      9.872
  -1   -2     -0.953     -8.584     -3.956
 875  600     23.137     16.151      6.088
 726   -2     -7.425    -14.321      2.203
 891  195     16.988      5.203     -0.319
1237  985      6.996     -8.419     10.137
 860   -2    -14.704     -2.945      1.811
  -1   -2      3.325      5.873      9.534
1109 1298     -5.060     -6.946      9.702
  37   -2      5.617      4.488     11.793
  -1  352      6.069    -12.246      6.465
 569 1267     12.122     -3.646      5.118
  -1  317    -14.095      5.764     -4.865
  -1   -2     -2.130      0.126      9.397
 445   -2     19.879    -11.365     -8.919
  -1   -2     -8.590     17.193     11.887
 688 1039    -12.830     -9.778     11.875
1138   66      4.914      8.631      9.577
  -1  465     18.324     -6.242     -1.197
 274   -2     23.359     13.786     11.892
 981  296    -15.649    -11.400      4.986
 612  438     22.829     -9.020     12.058
 657  775    -11.915    -10.059      9.547
 530   -2     11.834     16.337     11.514
 972   -2     -4.310    -15.259      1.128
  -1   -2     11.134      1.058     -3.026
 553  611     17.283      8.949      7.058
  -1  285     14.977      8.431      4.465
 693 1152     20.865     15.719      3.967
 245   -2     19.362      0.362      9.507
1162  271     -3.228      3.711      2.496
  -1  605    -14.505     -7.617     -6.687
  -1   -2      6.355     -9.363     -1.001
  -1  601     22.148      5.726      5.712
 443  435     13.851     12.385      6.427
  -1   -2     18.107     16.042     10.506
1271 1311     19.070      5.160      4.304
 551   -2     -5.516    -14.108      8.534
 958  348     11.914     -6.354      2.704
  -1  323     -8.192     11.806      9.710
 980   -2     12.730     12.119     12.263
1095   -2     26.892     10.112      9.500
1209   -2    -14.098    -14.503      8.199
  -1  776     14.498      8.499      7.635
  -1  653     15.341     16.922      4.575
  -1   -2    -18.437      5.219     10.570
  -1   -2     20.528      4.167      8.580
  -1   -2     10.757     -7.471      8.728
  -1   -2      9.154     -2.530      4.815
 880   -2     -7.435     -8.095     11.744
 470   -2      3.721      4.055     -2.206
  36   -2     -4.695     -0.852      6.035
 199   -2     17.028      8.904      9.604
1027   -2     11.115    -15.002     -1.398
1085  785     -1.004     -9.193      7.320
 701  910     -1.840     -6.090      0.363
1114  786     21.030      5.331      8.294
 683   -2      8.544     16.278      9.840
1274  655     22.548     -2.292      6.251
 643  563      6.758     12.189      0.744
 704  497      6.060     -0.639      0.081
  -1   -2     10.061      7.319     -4.393
1083  531     24.685      7.545      6.678
  -1  513     -2.511     -5.945      5.541
1125   -2     21.451     -6.971      9.893
  -1   -2     20.067     -9.887     12.073
  -1 1144     16.790     -6.268      9.410
  -1   -2     13.875     -3.625      5.507
  -1 1159      8.140      6.562     10.149
  -1  752      5.005     -4.820      6.769
  40  687     -7.281      0.314    -11.305
  -1   -2    -11.371      7.186      6.369
  39  916     -7.594      3.465      1.885
 332   -2      3.425     11.051      9.192
  -1  877    -21.506     -3.250      9.379
 556 1025    -20.877      5.358     10.724
  -1   -2      2.906      0.092      3.173
 779  963    -15.897     12.776     12.717
  -1   -2     -0.684      7.136     12.544
  26  411    -18.380      2.860      7.296
  -1  515    -11.876     -1.573      9.317
  -1  829      0.425     17.903      3.669
1155 1038    -13.714     15.253     12.603
 766  891    -18.548     14.177      8.627
 241 1172     -1.962      5.242      3.784
  -1   -2    -10.131     -0.109      7.569
  -1   -2    -10.695     -1.755      6.392
 396   -2     -1.692     -0.277     12.712
  -1  224    -20.090     -2.476      4.490
  -1   -2    -13.030      8.972      9.862
 428   -2    -12.972     -7.682     11.686
  -1   -2    -15.682      4.397     -7.354
  -1  840     -3.409    -17.368     10.097
  -1   -2     18.956    -15.722     10.623
 826   -2    -17.849      3.543      9.212
  -1   -2    -12.196     14.453     11.872
  -1   -2     28.061      5.887      7.407
 929   -2    -15.655     14.370      7.255
 819  996    -12.231     -3.478      3.738
 148  993     23.910     -3.304     12.655
  -1   -2     -9.914      9.049     -3.059
  -1   -2    -13.265     13.217     -2.346
1176   -2      8.017     14.928      9.539
  -1   -2     26.874     13.704      6.717
1135  577    -16.265     16.613      6.095
 987   -2    -17.695     -1.483     12.012
 463  250     23.803     -7.100     -2.044
  -1   -2      9.766     -9.688     -0.648
1279  176    -13.396     11.560      6.657
  -1  952    -10.998     11.452      1.255
  -1   -2     -4.723     12.265     -0.078
 721 1284     -8.222    -11.506      7.579
  -1   -2    -14.644     -9.546     -9.193
1129  638    -17.414    -10.635     11.306
  -1   -2    -11.745      8.244      5.315
  -1  512     18.414    -11.625     -8.878
 157 1037     25.602      8.741     10.498
  -1  849     -9.626      0.134      1.255
 131   -2      0.493      2.644     -0.009
 561   -2     28.081      5.407     11.373
  -1  356    -10.201     -7.928     10.352
  -1   -2    -12.430      1.656      7.940
  -1  854    -12.042      2.824      7.811
  -1  772      4.836      9.200      6.953
  -1   -2     28.356      7.682      6.047
  -1  463    -12.956     15.220      2.762
 983   -2     28.849      5.823      8.520
 648  950     22.166    -14.672      4.035
 894  929     29.287      6.350     12.185
 789 1290     -2.605     14.803      9.409
 456   -2    -13.198     -5.707     11.891
 908  846    -21.816     -4.056     11.832
 378  553      9.989     12.621     12.560
1000   -2     11.967    -15.088      3.067
 862 1291     12.232    -15.967     -0.089
  -1   -2     -3.702      2.472     -1.556
 927  172    -15.199     15.477     11.991
  -1  452     26.828     -2.492      7.529
 785   -2     -1.761     12.977     11.103
  -1   -2     17.443    -11.548     10.594
  -1  946     -7.546      0.786     10.820
 907 1150    -16.242     -5.088     -8.001
  -1  546     27.802      3.835      8.909
  -1   -2    -10.910      1.551      7.027
  -1  464     22.924     15.088      7.647
 813  526    -15.217     13.693      7.022
 761   -2    -18.687     -8.941     12.279
  -1   -2      4.252    -13.945      5.191
  -1   -2     24.465     -4.880      8.897
  -1   -2     -4.251      3.543     11.629
1163   -2     10.572      6.073      6.301
  20   -2     11.553      8.875     10.184
 579  694      2.408     12.233      1.551
  -1  937    -19.724      7.442     12.675
 914  715    -17.526      9.558     -3.155
  -1   -2      0.132     16.702     11.495
  -1  866      0.374     13.317      7.835
 828 1289    -12.286     -2.030      4.856
  -1   -2     -2.775     -8.893      2.504
1088   -2     16.258     -0.387     11.265
 540  472     23.137      5.858      9.813
1067  516     17.111    -15.662     10.739
  -1   -2     23.550      5.361     -0.776
1051   -2     19.458     10.732     10.106
  -1   -2     -7.779    -10.134     -9.998
  -1   -2     27.028     12.773     10.092
  -1  894     -1.837    -12.914     -6.818
1213  885     15.018    -18.779     10.367
1006   -2      1.215      9.769      3.901
 921  830     -3.684      8.999     10.033
  -1 1095    -15.613     -6.109     11.120
 776  550      4.044      5.860      5.047
 737   -2     -4.342     12.385    -11.621
1057   -2      8.426      3.223      6.067
  -1   -2     -3.143      7.683      5.753
  -1   -2     26.143     -8.889     12.350
 660   59     11.443      6.536     10.735
  -1  287     -0.906      3.934      3.812
1111  202     25.129     -8.906      8.739
 728   -2    -10.622      2.378     -4.596
1253  608      6.627     16.756     11.920
  -1   -2     18.447    -14.815      1.648
  -1   -2     16.648     13.269     -9.848
  -1   -2     19.944      0.993      9.218
1210  281     24.359     13.705     12.070
1001  175      1.498      5.877      8.951
1031   -2     -2.374     14.488     10.573
 570   -2    -18.502    -10.453     10.083
  -1  889    -13.683     13.394     10.259
  -1   -2     24.550     -2.995      5.007
  -1  351      2.987     10.934      9.278
  -1   -2    -21.833      4.817     12.352
 932   -2      7.758     13.952     11.587
 840   -2      5.978    -13.195      1.428
  -1  249     14.051     10.889     -1.877
1150  586      4.256      9.803     10.749
  -1   -2     -1.740     11.023      8.464
1145  833    -19.033     11.565     10.889
1021  906     20.694    -17.222      5.546
 867  201    -18.080      8.829     11.418
 341  298      7.506     16.182      8.012
 883  619      3.826     17.065      9.218
 876  857    -20.224     -2.010      8.014
  -1  624      3.914     -8.211     12.556
  -1   -2      1.789      2.712    -10.189
  -1   -2     11.146      3.795      9.511
  -1 1028     -4.786     13.369     10.548
  -1  488     18.678     15.941     -0.799
 803 1288     -4.749     19.506      9.718
 278  144      6.787     -1.307     11.575
 482  504     -0.513      9.065      4.879
  -1 1050     16.012    -17.924     10.661
  -1  217    -15.636      8.764     -9.544
1131 1148    -16.228     18.033      2.440
  -1 1015    -12.312      6.988      5.149
  -1   -2      4.283      0.436      8.332
  -1   -2     15.210     -6.145    -11.204
1035 1296     20.559      6.728      3.300
  95 1162     11.560      0.786      4.585
  -1  499     -7.133     16.371      3.922
  -1   -2    -12.622    -16.676     -2.509
 156  336    -15.275     13.451      8.833
 868   -2    -14.246     12.077      8.666
 525  883    -14.108      2.801      9.695
 977  823     -3.050     13.942      6.301
1143   -2    -12.149    -18.917     10.767
  -1  726     -3.731      1.941     -1.718
  -1  246    -16.166     14.057      5.069
  -1   -2     -0.289     11.773      4.265
  -1   -2     -8.669     -1.922     12.218
 565 1350     -7.189     15.655     10.880
  -1  297      3.337     10.946     -0.509
 934  727     -2.055    -12.913      4.716
 915   -2     -2.968    -15.817      7.046
  -1   -2     13.726      1.695     11.770
 371   11    -14.405      9.702      9.427
1189  945     24.144    -12.278     11.598
  -1  859    -15.661     -3.353     -9.898
  -1  798      9.620    -11.153     -9.697
  -1  754     -2.951    -16.017      1.561
  -1   -2     28.182      6.847      7.258
 920   -2    -11.450     15.892     -3.119
  -1   -2     -9.295     -1.091      2.159
  -1   -2      1.004      2.235    -10.883
 212   -2     -6.242     -3.394      9.823
  -1 1086     12.180    -10.371      9.962
  -1   -2    -15.800      2.373      6.605
 506  187    -11.692      8.839     -0.125
1319   -2     -4.565      8.020     12.449
  -1 1157     -4.161     16.434      0.185
1250  852     24.094      0.358      9.889
  -1   -2      6.660      8.084      8.319
  -1   -2    -10.610     17.590      9.568
  -1  953     -0.765     14.298      5.887
 836   -2     17.724    -13.417      9.453
  29 1120     -9.815     -4.156     -0.927
  -1   -2      8.258     17.568      9.086
  -1   -2     -2.586     -2.489    -10.088
  -1   -2    -11.605     -0.373     12.128
1064 1201     -5.049    -15.959     11.288
  -1   -2      2.842     14.949      5.107
  -1  221      0.374     12.543     11.807
 344  954     28.000      8.314     10.511
  -1   -2      2.372     17.986      8.123
 685  704     13.785      5.510      6.266
1082 1002     10.157      6.979     11.657
  -1   -2     16.854      5.405      3.494
 666  305      5.979     -8.975      7.059
  -1 1104     14.358     12.485     11.150
 338  787    -10.450    -10.249      8.337
  -1  521     -0.221     10.877     -4.079
 405   -2     17.041      1.789      9.244
 458   -2    -10.459      7.645     -1.302
  -1   -2     -7.793     -6.614      6.585
 874  456     23.504    -12.205      9.032
  -1   -2      1.953     12.322     12.435
  -1   -2     -1.845      1.062      4.392
1026 1044     -1.000     -9.416      2.753
 849 1181    -13.719    -17.507      4.690
  -1  345     28.304      0.906      8.078
  -1  780      1.930    -13.639      1.898
  -1   -2    -19.137    -13.945      4.294
 975   -2     -3.496     -9.177     11.001
  -1  275     17.901      8.461     -1.726
  -1  306     25.375     10.603      5.009
  -1   -2      1.974     -3.686      6.429
 584  330      1.225     15.594      5.167
1251   -2     18.801     -8.978      7.332
  -1  872      1.022     12.588      3.299
 213  536     22.014     -0.802      9.039
  -1  542     26.754     -8.440     12.217
  -1  127    -12.074     -3.778      6.267
  -1   -2      5.779     -6.640     -1.334
  -1   -2    -18.504     -4.182      0.920
  -1   34    -14.640      0.639      9.429
  -1 1005     18.249     11.665     10.965
  -1   -2     -2.089     10.504     11.816
  -1   -2    -13.767      0.046      9.292
1193   -2    -19.629    -10.752     11.111
  -1   -2    -11.719     16.995      8.203
  -1 1265     24.526      4.793      4.857
  -1  671     17.805     -3.212      4.281
 439   -2    -18.031      8.114      5.268
  -1 1000    -10.638     12.214     11.966
1179  879     -9.997    -14.841      8.564
1013   -2      4.213    -13.246     11.329
 381   -2      2.846     17.156      2.481
 653  228    -15.745     -1.120     -3.574
 801   -2     -4.127     14.320      9.980
1255   -2     26.563     14.067      4.528
 988  446     11.788     10.455     -3.266
  -1   -2      7.191     -0.532     -2.171
1247   -2      5.087     -9.432     11.725
  -1  774      0.735    -11.875      4.006
 967 1194     -0.581    -10.865      5.850
  -1  675    -18.033      2.640     10.457
  -1 1211      4.568    -18.615     10.442
 923   -2      1.036      8.801      6.501
 313  328     -7.968     -0.984     11.836
 733  981     17.279     13.574      9.394
  -1   -2     18.393    -14.268     -0.865
 970   -2     24.494    -15.938      6.234
 510   -2     -1.219     -2.109      9.200
  -1  746      0.675    -14.611      8.054
 694  770     21.418     13.896     10.363
 423  432    -17.782     11.217     10.926
  -1   -2     -4.246     15.343     12.143
 846  729     -1.533      4.243     11.927
  -1  558     13.298     13.417      5.525
1182  881     -4.846    -12.900      2.081
 931  940     22.953      0.806      7.250
  -1   -2     20.012     -5.298      8.216
  -1   -2     12.279      6.437     -0.609
 897  697     -4.553     -9.197     -6.172
  -1  574     14.996     17.126      7.479
  -1   -2      8.336      0.298     12.240
  -1  721     -7.961     -3.633      2.163
  -1   -2    -17.567      2.737     -0.407
  -1   -2     15.078    -13.605     -4.837
  -1  860     27.148     -7.922      8.055
  -1  730     -6.353     -8.631      5.687
  -1   -2     18.932      0.141     11.857
  -1  924     -0.162      9.215     10.630
 865    0    -10.620      2.858     10.310
  -1   -2      2.763      4.584     -5.211
  -1  326     14.235     -8.985      7.352
  -1   -2     14.140      1.776      1.936
1140  327     18.878     15.837      6.523
1094   -2     -0.790      5.744     -4.954
  -1 1153      4.327      7.009      9.066
  -1  839     29.634      4.762     10.450
  -1   45    -19.917      3.113     10.654
1261  396    -14.807     14.033      5.210
 993   -2    -18.535     -7.092     11.521
  -1  422      3.066     18.121     10.802
1005 1283      3.674    -12.528     -1.582
  -1 1263      8.520     -4.345     12.013
  -1 1112     16.784     17.376     10.141
  -1   -2    -15.693      9.147     10.063
  -1 1058     27.178     12.469      4.653
  -1  267     29.163     10.738      9.915
  -1  614     -7.758    -11.298      4.659
  -1  226     20.649     16.597      6.437
  -1   -2     -8.084     -3.099     -8.997
1239   -2     -2.591     13.296      8.064
 513  761     23.511     -8.353     11.418
 573  702     -8.724     14.496      9.913
 603   -2     -1.258      7.908     10.075
  -1   -2    -13.456     -6.749     12.197
  -1   -2     11.065     -4.716     10.863
  -1  898    -10.825     12.303     -0.262
  -1  114      9.148     16.236      4.589
1117 1299     -3.415     -1.058      3.456
  -1  141      0.930     -0.293      1.465
  89   50     16.294      0.089      3.002
1121  972    -15.341    -17.392      3.131
  -1   -2      2.085     -8.668      2.093
 547  599      2.918     -6.720      3.301
  -1   -2    -17.838     -2.798     -3.288
 632  902     -9.248    -13.596      3.368
 503  390     20.589     -3.218     -4.444
 895   -2     18.433     -8.731     10.255
  -1  469      7.400     -6.106     -5.740
1106   -2    -18.135     11.370     -5.349
1054  962     22.884     -9.948     10.674
  -1   -2     13.478     -0.178     11.213
 345   -2     20.780      6.264     11.911
 738  485      5.551    -15.823     -0.957
  -1 1141     25.529      0.824      8.800
1208 1238    -20.382    -15.215      9.191
  -1  999    -15.215     18.038      6.178
  -1   -2      6.019     -6.282      0.626
 350   -2     -6.588     13.661     11.485
1178   -2      8.254      7.777      9.804
 368   -2     -0.006     -0.296      7.918
  -1 1016      9.346     -2.527      0.005
  -1 1165     -2.934     -2.369      4.843
 811  956     -3.863      1.620      0.921
  84  235      6.588      3.381      9.409
  -1  706     10.196     17.574      9.971
  -1  500     15.443      7.529      8.393
  -1 1026      5.902    -13.330      5.780
  -1   -2     -6.106    -16.325     11.941
  -1 1173      9.447      6.226     -0.608
 559  712      2.379     -8.518      8.669
  -1  211     15.457     -4.088      8.016
  -1   -2    -17.370    -10.030     -8.245
  -1  474    -16.146     12.988      9.118
  -1   -2      8.675      1.787      1.906
1216  911    -11.749    -19.258     11.714
  -1   -2    -15.702      2.443     12.413
  -1   -2      2.810      7.009      7.130
1122   -2    -13.130    -12.422      3.798
  -1  901      1.290     17.826     12.214
  -1   -2      3.907      1.171      8.593
  -1   -2    -12.648     -5.403     -1.934
 184   -2      7.516     13.097      6.126
  -1  834     26.927      3.148      8.484
  -1   -2     -7.668     11.586      3.321
  -1 1054    -10.268     19.271      6.377
  -1  628     10.716     -9.800      9.874
  -1  871     28.857      4.996     10.762
 815   -2     27.560      7.508      5.481
 878  364     19.457     -3.260      6.730
  -1  213      8.844     -7.825      8.387
  -1  552     -7.582      8.276     -2.353
 954   -2     -2.916     -5.640     12.006
  -1   -2      7.207    -10.837      7.279
  -1   -2     11.508     10.182     -7.548
  -1   -2     13.142     -9.336     -6.583
  -1  338    -18.542     -9.575      6.667
 805 1059     22.828    -10.724      3.155
  -1   -2     -9.156     -9.942     -8.302
  -1  346    -17.400    -10.628      6.180
  -1  735    -18.326    -11.665      6.562
1212  805      6.988    -17.527      4.127
  -1 1088     -0.339      3.330     12.361
  -1  329      4.741     15.899     12.059
  -1   -2    -17.426     -2.761     -4.673
  -1  708     20.429      4.270      7.144
 367  630      3.040      8.367      9.164
 109 1004     -3.485      1.049     10.256
  -1   -2    -12.225    -14.655     -7.868
  -1  751    -10.784    -14.086     -6.825
  -1  636     18.321      6.422      5.620
  -1   -2      1.680      6.765     -4.892
  -1   -2     -5.625     17.319     10.988
  -1  492     19.773    -14.009      5.781
 747  470      2.369     -1.225      7.592
  -1  844     -2.807      7.973      7.897
  -1  955      2.378     17.036      9.045
  -1   -2     -1.309     -6.058      6.717
1102   -2     -3.227      5.283      4.764
  -1 1197     -4.618    -15.159      9.774
 449   -2     -2.345     14.392      4.331
  -1  162     -5.004     -2.702      1.804
  -1   -2      8.405    -12.549     -2.428
  -1  853     22.951     17.431      3.791
1016   -2     19.890      6.512      5.130
  -1  684     17.663     -1.091     12.256
1091   -2     11.768    -10.405     11.676
  -1   -2     15.452     -0.196      9.514
 818   -2      0.795     14.698      6.651
 673 1048     -5.328      7.590      7.403
 208 1064     10.999     11.479      7.224
  -1   -2    -12.045    -10.610      6.445
  -1   -2     -5.764     -1.536     -6.948
  -1  462     -0.675     -4.162      3.884
  -1   -2     19.928    -18.546     -2.496
 985   -2     23.420      7.688     12.579
  -1  147     18.606      0.481     -0.165
  -1   -2     21.424      9.816      6.813
  -1  646     20.972      3.756      0.765
1199 1053      8.109    -19.709      9.124
  -1   -2      9.094     -6.654    -11.069
 948   -2      5.349     14.390     10.986
  -1  693     17.106     -3.791     12.059
  -1   -2      6.281    -12.690    -12.480
 613  257     23.098     11.285     10.455
  -1  366     -0.443     14.331      8.581
  -1 1117     12.894     -3.396      9.076
  -1 1123      0.262      1.458      6.403
 594  554     -2.222    -10.323    -11.568
1037   -2    -15.464     -8.645     -6.519
 153   -2     -4.889     -3.314     -6.458
  -1  747      5.455    -15.422     11.969
 765  914    -15.719     13.867     12.588
 661   -2     18.404     -1.247      9.182
 608  200     14.486      9.518      0.194
  -1   -2     11.158     -7.655      0.231
  -1  858     16.495    -10.006      2.442
  -1   -2      8.157     -3.125      8.901
  -1 1034     -0.041     16.074     10.174
  -1 1210     -2.775    -11.199      2.233
1044  784      9.101    -14.873     10.912
 744  642     -4.227     -6.027      4.961
 635   -2     18.891     15.570      7.515
 141   -2     12.367      1.318     10.252
  -1  593     20.600      0.598     11.230
  -1 1035     12.723    -20.248      6.093
  -1   -2    -11.565    -17.883     11.362
  -1 1030     -7.996    -20.559     10.101
  -1 1236    -27.053    -13.623      7.153
  -1 1233     14.172    -24.022     10.091
1049   -2     14.271    -16.416     11.732
1201 1227     16.613    -23.099      7.044
1190   -2     19.224     20.990      7.438
1196   -2    -26.909    -10.414     10.769
  -1 1240      9.110    -24.651     10.619
  -1 1239     23.594     19.178     12.159
  -1  713     20.109    -20.126     11.459
  -1   -2     -4.217    -22.848     -1.374
1198   -2     22.821    -20.955     11.211
  -1 1224     25.375     22.330      9.484
1211 1246     19.701     24.052     12.448
  -1   -2      0.960    -16.477      8.994
1077   -2     24.311     17.287     12.491
1215 1242     27.306    -22.622      9.938
1207   -2     -3.309    -25.257      3.779
  -1 1302    -28.654     -7.654      9.632
   4   38     -1.957     -2.382      3.216
  -1 1250     -3.458      0.992      6.586
  -1 1101    -11.232     13.854     11.102
 416  670    -14.085      9.431     -1.981
1224   -2     23.080     -3.416     11.116
  -1   -2     -3.685      3.448     11.761
  -1   17     16.477      3.557     -8.048
  -1   14     -5.767     -0.804      4.338
  -1  135      5.682     -6.178      5.490
 107   -2     23.976      2.753      1.758
  70   -2     15.225      3.252    -10.533
  51 1307     18.845     -6.207     10.794
  -1  369     -7.059      0.792      2.743
  -1   77     24.524      4.866      7.128
  -1  245      2.484     -4.327     11.603
  91   -2     -1.410      3.343      9.986
 998  262     27.776     -3.444     10.803
  -1  672    -12.541     10.080     -3.808
 468 1108     25.010      8.889      9.135
 196   -2     11.199     -4.441      3.029
  -1  572     14.249     -6.133     10.046
 142   -2     26.409     -6.352      8.210
 200   -2     -1.701     13.267      7.445
  -1  106    -14.835     -1.791      5.602
 138  198     12.542     -6.078      6.681
  -1   -2      6.842     -3.463     -7.850
1262   -2    -14.967     13.807      8.580
 384   -2     24.219     -1.213      8.940
 282   -2     -5.466     -9.812     11.666
  -1  125      5.970     13.965      9.694
 401  149     15.746      5.177     -3.825
  -1   -2     23.540      5.581     -0.436
  -1   -2     23.550      5.361     -0.776
 202 1268     16.286     13.810     11.174
 240  142     21.207     10.057      5.617
  -1   -2     18.067      9.185      9.842
1246   -2      1.236    -10.136      7.088
 827   -2     16.591      8.154     11.386
 457   -2     17.424    -13.097     11.179
 360   73     10.028      9.647     -2.743
 751   -2     15.398     14.799      3.718
1223   -2    -12.196     14.453     11.872
 848   -2      1.173     16.978      0.745
 265 1074    -10.847     16.149      9.975
  57  538     -2.386     10.063      3.742
  -1   -2      8.929     -3.771      7.683
 872 1292     -0.335    -14.178     -6.991
1284 1319    -10.811     -2.589     11.009
 531   -2     11.244     15.749      5.854
 974   -2     -9.681    -14.770     -2.497
  -1   49     -4.976     10.001     -1.835
 918 1293     -5.417     -5.549    -10.840
 572   -2      1.461     17.897     11.760
  27 1312     18.573      5.114      2.448
1136   -2     -3.404      1.025      6.713
  -1   -2    -11.232     13.854     11.102
1227   -2     16.477      3.557     -8.048
1238 1266    -14.835     -1.791      5.602
 209   -2     -5.792     -0.790      4.252
  -1   -2     12.962     11.266     11.055
  -1   -2     12.923     11.294     11.066
  -1   -2     23.381      5.542     -0.165
  -1   -2      3.455     -2.263      8.821
 102   -2     -4.976     10.001     -1.835
  -1   -2    -11.232     13.854     11.102
  30   -2    -14.137     10.589      6.647
1291   57     16.129      0.695      6.264
  -1   52    -10.511     -2.168     11.966
  -1  104     19.428      5.103      2.665
1282   -2      6.842     -3.463     -7.850
1245   -2     23.381      5.542     -0.165
  -1  634     18.785     16.747      3.865
  -1   -2    -11.232     13.854     11.102
  -1   -2     -3.407      3.664     11.294
1273 1320     15.611      2.469     -1.751
  -1   -2    -11.232     13.854     11.102
  -1   -2     -3.407      3.664     11.294
 289   42      1.992      3.918      6.361
1289 1322     24.104      2.716      1.326
  -1   -2     12.962     11.266     11.055
  -1   -2     12.962     11.266     11.055
1286   -2     12.962     11.266     11.055
  -1   -2    -11.232     13.854     11.102
  -1   -2     -3.407      3.664     11.294
  -1   -2    -11.232     13.854     11.102
1090   -2    -10.511     -2.168     11.966
  -1   -2     -3.407      3.664     11.294
  -1   -2     -3.407      3.664     11.294
  22   28     -3.407      3.664     11.294
  -1   -2    -11.232     13.854     11.102
  -1   -2    -11.232     13.854     11.102
  -1   -2    -11.232     13.854     11.102
  -1   -2    -11.232     13.854     11.102
  -1   -2    -11.232     13.854     11.102
  -1   -2    -11.232     13.854     11.102
  -1   -2    -11.232     13.854     11.102
  -1   -2    -11.232     13.854     11.102
  -1   -2    -11.232     13.854     11.102
  -1   -2    -11.232     13.854     11.102
 782   -2    -11.232     13.854     11.102
  55 1257      5.212      9.410     -9.995
1234   -2     -9.464     -3.032     11.231
