1332
  13  227     -9.989      6.001      8.585
 793   -2      0.887     10.604     10.640
  -1 1298     16.438      3.575     -8.060
 118  411      7.272     -5.928      4.771
   1   11     12.959     -8.899     11.821
  -1    4    -11.732      6.655     12.335
  -1   -2    -11.329     -0.555      8.011
  -1   -2     20.445      6.218     12.743
  -1    2      9.255      1.831     12.746
 161   -2     15.959      1.923     10.616
   3 1232     23.093     -3.388     11.134
  -1   -2    -10.225      3.521     -1.447
  -1   -2      6.216      1.562     12.637
  -1   -2     -3.308      1.024      6.730
 971   -2    -11.293     13.913     10.817
  12   -2      9.226      3.035      3.765
1114   -2     -7.117      7.629      2.692
 187  112     -3.520      3.647     10.914
 836   -2      3.848      3.107     -4.796
   0   87    -10.337      3.875      9.222
   7  288     -4.671     -2.338      4.956
 248   -2      3.832     -2.441      4.195
   4   -2    -10.488      7.423     10.191
   8   -2      2.628     11.309      5.682
  36 1236      9.547     -2.682     -1.007
  -1   25      8.925      9.458     -0.003
1054  365    -14.833      9.719     11.361
  -1   36      9.006     15.931      4.117
  60   49     18.873     -6.271     10.484
  -1   -2     15.551      6.089     -1.237
 491   -2     22.490      9.160      7.161
  -1   -2      5.378      0.309     11.607
  52 1333     18.898     -1.539    -11.131
 188  320    -14.586      2.114     -0.556
 128   -2      7.544      3.844      3.504
  -1   77     22.649      4.182      5.555
 724  895      1.052      4.858      9.082
 579  608     19.761     12.753     11.004
  -1  164     -1.977     12.977      6.578
  50   76     19.172      0.032     -8.291
 233  188      0.298     12.674     -7.240
 884 1104     -3.471      7.633      6.259
  68   -2     18.866     12.128     -4.478
  27 1235     18.309      1.656      6.221
  -1   29      3.462      2.416      3.795
  -1 1174     17.315     -0.884      8.510
  -1   -2     -2.231     14.888      7.530
  -1  566    -16.098     -2.683      2.489
 762  150      2.757      0.874     -9.148
 313  616     -7.192     -6.121     -6.166
  61   -2     -7.535     -0.438      4.992
 363  123     10.130      1.038      1.196
 681   -2      6.747     -8.757      9.526
  -1   -2      1.711     -2.347      5.641
  -1   -2      5.170     -0.041     -3.851
  -1  194     13.566      4.813      0.976
 195  210     -4.555      1.824    -11.048
 731   -2     -9.431     15.278      3.484
 936   85     16.432     11.312      3.843
  -1   -2    -12.048      2.245     10.350
  -1   -2     20.033      4.079      4.421
 133 1249      5.921      5.365      3.716
  -1  117      7.074      0.788      4.581
  -1 1122     12.109     13.361      0.379
  -1   -2     -8.747     -2.353     -2.140
 154 1256      9.088     13.612      5.012
  -1   -2    -15.595      6.014      2.811
 114  139      5.512     -5.932      3.910
 136   -2    -11.564     15.933      6.026
  -1 1147     10.823      8.503      0.400
1023  350     -9.667      8.943     -2.868
  46 1238     13.531      2.786      4.507
 926   19    -14.408     10.540      6.315
  -1  830     -7.447      1.762      2.231
 513  287     -1.904     -0.392      9.156
  -1 1012     -3.293      1.120     11.585
1240 1301      6.066      0.006      8.858
  -1  277    -15.225      0.586     10.238
  -1   -2     -6.211     -4.905     12.506
 773   -2     12.567      7.794      3.092
1090  354     -5.315     -1.685      6.164
  -1  463      2.268      5.529     10.633
  -1   94     -5.761      6.102    -10.674
  -1   63     17.259      0.964     -3.961
  -1 1056      1.378      8.535      9.232
  -1   -2     14.387     -6.527     11.152
 932  569     18.825     -5.712      0.484
  -1   -2      9.472      8.769      6.064
1026   39     20.258      3.340      6.904
1070  341      6.719      7.493      3.828
  -1 1306      5.047      6.142     -6.668
 110   -2     23.197      7.086      5.261
1176   -2     -1.373      3.378      9.828
  -1   -2     19.094      0.594     -5.252
  -1  348     12.345     10.685      6.335
  -1   -2    -15.481      1.672     10.814
  64   -2     -4.718     13.248      5.381
  76 1245     25.799     -5.068      6.807
  -1 1310      9.478     -5.579     11.008
1259  524     12.101      7.643      9.099
 390   -2     -3.429      4.429     -2.542
  -1  225    -17.439     -4.182     11.940
 328  433     19.997     11.708      7.846
 113 1057    -11.357      8.189      5.361
 267  452      2.862     -0.279    -11.121
  -1  385    -16.494      0.511      0.160
 994   -2    -16.484     15.305      7.840
  -1 1185     11.356     -2.504     10.319
1230  843    -11.904     -0.572      7.777
 817   -2    -19.134     11.144     11.724
 362 1131     17.782      4.448      4.139
  -1   -2     -9.792     -2.891      9.060
 759  196     14.042      4.353      9.905
 338   -2    -16.687      1.140     11.184
  -1  125     13.989      4.077      3.732
  -1   -2     11.549      2.829     -0.536
1032  254    -13.190      7.418     -0.855
  -1   -2     19.948     -2.654      3.436
 115   -2     10.562     -7.806      4.370
  -1   -2      7.752     -8.130      6.371
  -1   -2     19.108     -0.030     -2.342
 351  446     -5.513     -1.151     10.377
  45  539    -19.022      5.820      5.534
  -1   -2     -9.105     12.671      1.494
1076  292     -3.636     -0.151      4.318
  -1  535     15.328     14.775      2.734
 608  186     -0.541      6.555     10.329
  -1  260    -17.653     10.141     11.543
 304  236      6.308     -4.689      7.535
  -1  131     17.297      0.190      7.535
  -1   -2     11.080     -5.710      8.994
 833  338     -5.691     10.340     -5.905
 597  861     14.899     12.642     -6.169
  -1   -2     18.592     -4.939      8.626
1144  393     24.772     -3.511      9.724
 584   -2      7.124      4.707      7.953
  84  437     18.837      9.522      8.620
1139  508     13.484     -6.035     11.092
1231  151     -8.180     -1.610     -0.492
  -1  115     -1.050     15.112      1.932
  18  454     -1.340      3.927      7.731
  -1   -2     -1.192      4.359     12.279
 287  136      0.653     -0.435     11.802
 566   -2    -14.519     10.061     -3.163
 196   -2    -18.046      0.936     10.944
 588   -2      0.791      3.207     10.294
  -1   -2      5.873      3.294      3.916
 796 1017     24.640     11.611     12.350
 416   -2      7.275     11.831      4.544
  -1   -2     -1.654     10.742     -7.215
  -1  785    -13.694     13.400      7.069
1278  293     -8.694      7.226     -3.084
  47   -2     10.217      3.701     11.633
 581   -2     11.843     10.816      4.494
 920   -2     24.412     10.713     10.624
1002   -2      6.788     15.069     10.003
 384  445    -10.591     13.540      5.411
 571   -2      2.035     11.368     11.026
  -1  211     -1.507     -0.492      0.792
  53   37    -12.864     -2.044     -3.583
 290  297      2.262     -0.569      4.717
 819   -2    -11.888     10.534     -0.330
  -1   28     12.133     -1.689      2.389
 852  720    -17.286      5.511     11.771
 366   -2      6.986      8.816     -1.409
1293   -2      5.252      9.356    -10.019
 405   -2    -12.031     -4.092     11.998
 653  906     19.518    -12.305     -0.449
 122  523     16.553     14.884     -0.180
  -1   -2     24.698     11.016      4.604
1178   30      0.378     -6.319      9.576
  -1  336    -16.179     11.948     11.514
1185  334     19.006     -6.884      0.775
 201  831    -11.909      0.663      2.369
1247 1097     -7.824     -6.378      9.863
  -1   -2     18.778      7.856     -2.374
 827 1034      0.903     10.531      1.338
 856  296     17.961      9.046     12.384
  -1  364     -7.870      1.074     10.071
  17  880    -17.805      7.091     11.217
  -1   -2     25.984      3.526      5.951
 933  586     20.754      4.397      7.464
 874  130     12.546     12.640      6.826
  -1   -2     19.077     11.212     -6.661
  81  985     -0.445      7.583     -5.174
  -1   -2     -0.545      7.283      3.115
  -1  710      2.850     -4.097     12.389
  -1   -2     11.029      3.099      7.523
 109   -2     21.983      0.678      6.862
  -1 1255     21.081     10.165      5.304
 569   -2     10.448     13.813      5.407
1162   -2     16.070      2.601      8.671
 183  170    -14.624     -2.507      5.782
1246  721     19.728      3.409     -4.321
 220   -2     17.736     -2.994      3.305
  -1  317      0.558      6.745     10.164
 553  282     -4.739      4.332      3.496
 442   -2      3.992     -0.729      6.777
 171  924      6.113      9.751      7.138
 199 1259     -1.791      9.664      7.349
 139  457     11.002      5.231     10.806
  -1  964    -12.806      2.197      0.304
  -1  244     10.230     -4.420     -6.303
 394   -2      0.298     13.390      7.958
 323   -2     19.326      3.284     10.361
  -1   -2     -2.175      7.158      3.152
  -1   -2      7.060     -1.912      8.571
  -1   -2     18.552      8.055      2.488
  -1  200      5.197     -1.652    -12.586
 108   31     20.067      8.084     10.127
  -1  398    -12.931     -3.786     -1.183
  -1  110    -11.238     10.082      3.240
 255  622     -5.032    -12.827      0.214
  -1  181    -11.156     -4.043      8.451
 551 1016     -4.367     -7.683      7.139
 562   -2     12.512    -10.280      7.042
 444   53     -7.986     -1.389      5.293
  -1  175     -6.784     12.597      5.198
  -1   40     10.717     -7.159      9.993
 642  927    -14.774      2.771      8.626
 402  600     22.784      3.124     10.899
1109  212     -3.032    -11.756      7.683
 327   -2     -6.979     13.531      5.504
  -1   -2    -13.484     -5.922     11.276
 152  269      4.186     10.538      9.393
 968  238     13.821      3.164      9.231
 963   -2     24.943      4.059     10.197
 182   -2      9.765      5.014      7.539
  -1   -2     23.118      0.495      0.968
  -1  241      6.890      6.148     -1.482
  -1   -2     19.589     12.898      6.069
  -1   -2      6.984      7.525      1.398
  -1  242      5.842     10.557      6.877
 279   -2     14.798     -5.845      6.048
1028   -2    -17.552      0.190      3.900
 577   -2     20.907    -12.794      8.092
 697  648     14.664     -0.761      2.355
 332   -2      3.489     10.533      7.003
 644  219     -4.504      7.275     -3.512
 484  380     25.052      2.737     11.687
  -1   -2     14.328      2.172      9.252
 297  521     25.579      1.296      6.892
 166   -2    -18.743      3.867     10.780
  -1 1307     13.827      5.517      6.270
   2 1071    -10.489      5.265      3.868
 381   -2    -17.327      8.079      1.538
1263   -2     18.861      4.906      1.713
  -1   -2     16.292     11.365     -3.253
  -1  326     26.256     -0.627      5.833
  -1   -2     16.993     10.664     -3.042
  -1   41     -1.600      1.491     -1.159
 192   -2     12.003     -1.817      9.237
  -1   -2    -18.029     -1.403     12.262
1252   -2     -9.614     10.050      6.554
 582   -2     22.837     11.000     10.389
 208   -2     12.529     -6.107     12.116
1248 1305      2.980     -9.630      2.598
 975   -2     -8.960     -1.297      4.199
  -1   -2      5.981     -5.800      9.790
1243  629     19.957     11.017      4.460
 292   -2     24.828      9.012      8.571
1274   -2    -11.096     -5.095      9.346
  32  913      6.597     11.627      8.555
 202   -2     26.438     -6.274      8.086
1052  370     -0.406      0.238      4.899
1035  582     19.653     -0.518     11.154
  -1 1233     -0.525     -6.136     -8.245
 568   -2     13.464      7.517     11.152
 795  226    -19.768      4.322      7.813
 997   -2     -0.435     16.818      6.674
 354   -2      7.797      0.832     11.680
 897   -2      0.738     12.480     11.126
 222   -2    -20.190     -0.802      9.913
1085  618     18.145     -2.134     10.147
  -1  817    -13.120     12.203      5.114
 334   -2     18.776     -4.525     -3.769
 539 1087      1.321     11.692      2.019
  -1   -2     12.934    -13.063     -2.660
1190 1125     24.974     -1.149     11.316
  -1   -2      7.410      0.531      2.406
 266 1263     17.988      3.584      6.857
  -1   -2     -8.078      9.238     -2.925
  -1  480     10.913      2.994      5.188
 149   91      1.208     -5.446     -3.301
 986  455     -6.882      7.535    -10.624
1295   -2     19.439     -5.546     10.742
 799   96    -11.905      1.235     10.265
  -1  526      4.826     -8.175      2.508
 209 1260      8.538     -2.035     11.903
  -1   -2     10.577     13.365     -3.864
  -1   -2     11.681      9.261     -6.492
 835  183    -10.603     -0.678      9.005
1148   66     -1.363      9.833     11.499
 433  213     12.608      9.980     -1.640
 213   -2    -15.920     -1.979      9.263
  -1   -2     19.833      5.379    -12.258
 574  412     23.703     12.880     11.617
  -1   -2     12.858     -8.656      4.185
  23  342     -2.455      1.324      6.987
  -1   -2     -9.550     14.076      4.575
 272  799     -0.456      9.653     11.194
 549   -2     16.239      7.808     -2.208
  -1   -2     19.868      9.844      4.370
  38   84    -16.496      0.940      9.244
 379  718    -15.819     -1.692     12.113
 683  262      4.446     15.205      5.162
 242 1261    -11.027     -2.848      4.976
 180   -2     14.018     -4.017      0.141
  -1  702     14.041     -0.965     -3.644
 294  451      9.992     11.983    -11.746
  -1  401     -6.618      7.785     -0.678
 530   -2    -13.577     -8.327     10.041
  -1 1151      3.329     12.626     11.789
 234   -2      9.669      8.283     -0.125
 464  381      7.011      1.872     10.149
  93  930     -1.819      5.234     11.230
1021   -2     10.314     11.513      1.783
 253   -2     -1.537      3.166     -4.951
 754  189     16.986     -2.726      8.576
 617   -2     20.737    -10.287      6.755
  -1  423    -16.294      4.008     -8.311
  -1   -2     -9.920     -4.567     -5.777
  -1   -2      0.452      9.189     -6.059
  -1   -2     18.396     11.779      5.119
  -1   -2     -1.519      5.277    -11.660
 607   -2     22.500     -0.337      6.319
 370   86     13.531     15.131      0.318
  -1  791    -21.112      1.680     11.961
  69 1334     -6.903      7.410     -4.696
 958   -2     -3.011      4.213      2.177
  -1  298      4.174      7.213      4.698
 419   -2    -12.407      0.343     -6.522
 451   -2      6.423      1.282      0.076
 298  263    -14.788     -1.740     -3.459
 860  368     17.517     12.368      2.661
 889   -2    -13.698     10.916      6.712
 851 1165     10.782      4.015      5.505
  -1  180    -13.076     10.234     -3.564
  -1  403     21.427     -4.255     11.199
 916  203    -17.166     12.642      8.895
 634   -2     23.443     10.223      6.237
  -1  268      3.012      0.764      7.434
 627  736      0.888     -9.420      2.885
  -1   -2    -14.797     -1.280      0.684
 326 1267     11.130      7.745      3.386
 908   64    -17.957      0.077      8.203
 752  185      4.836      9.290      6.794
 585 1158     -3.431      9.003      9.951
  -1  278      9.875     -1.305      9.715
 792  161    -11.956      9.439     -2.188
 925  204     -8.072     10.267      6.036
 764 1095     21.858     -6.229     11.084
  -1  877     -5.167     15.896      7.445
  -1   -2      6.578     -9.567      8.514
  -1  744     19.259      7.037      0.441
  -1   -2      9.913     -8.765      8.085
 172  497      7.735    -10.217      3.370
  78  386    -16.241      5.650     -2.100
 688  209      1.072      0.388      4.726
  -1  781    -18.823      7.324      5.702
 503   -2     19.841     -3.859      7.514
  -1   -2    -19.967      7.728      7.740
 725  190    -17.668     -1.617      8.066
  -1  339     23.503      5.296     -0.836
  -1  363     10.033     -5.482      6.075
 449   -2     -3.859     14.334      0.814
  -1  272    -14.212     -7.734      6.231
 344  394     -0.798     -3.074      7.486
1272  329     23.295      5.347      8.848
  -1   -2     -4.713     -3.249     -2.126
  54   -2     22.366      4.207      3.333
 471  753     -9.090     -6.565      3.269
 756   -2    -12.575      6.265      2.225
 672  745     23.476     -2.511      9.343
 482  323     16.291      4.128      7.790
 200   -2     10.939     15.563      8.040
  -1   -2     10.841      2.540     -8.354
 674  101     20.504      2.376     -3.201
 288  441      8.433      2.560     10.220
 445 1272     16.022      7.206      6.539
 295  275     12.225      9.151      5.619
 185  306     11.740      2.450     10.374
 954   -2     16.306     11.771      7.893
1135   -2     18.019      2.753      5.035
 490   -2     21.744      1.582     -3.573
 655  813     -6.397     13.532     12.325
 347   -2     17.203      4.681     -1.815
1122   -2      9.999      6.410      5.409
1164   -2      8.141     14.561     10.336
 368  316     24.615      1.253      2.605
 591  129     22.888      1.897      6.957
 542   -2     -4.075     15.472      5.527
  -1  597     10.835     13.189      7.256
  -1  680     -4.066     -2.777     10.827
 289  562      7.126     12.042     -0.779
 178   -2      6.891      0.120     -9.009
  -1   -2      4.547      1.245      4.230
1068  981      2.131     15.897      7.767
 168   -2    -14.235      5.510    -12.184
  -1  179     23.571     -9.688     12.137
1064  319    -10.554     -6.764     10.991
  -1   -2     12.026     -9.516    -10.207
  -1  419     23.650      8.852      5.499
  -1   -2     14.591      2.797     -3.963
1261   -2     -0.343     14.958      2.894
  -1   -2     -0.966     -5.246     -0.927
  -1  382    -16.246     -4.203      8.448
 104   -2    -10.971     -1.376      0.189
  -1  493     11.741      0.017      4.108
 223  482     11.243      1.382     -0.173
 504   -2     12.542     -2.562      5.880
 864  852    -13.969     11.448      9.903
 336  353     25.562     -5.238      9.684
 877  628      0.545      9.656      4.067
  -1   -2      8.196     -6.910     -4.810
  -1  923    -13.715     16.378      9.241
1257  274      1.139     13.751      9.631
 315 1266     13.004     -5.972      8.412
  -1  825     22.903      0.922     10.586
  -1   -2     -6.714     -3.579     -2.883
 107   -2     -1.957      5.571     -6.166
 499  763     -0.458      0.913     -9.673
1123  375     17.889     -2.793      6.516
  -1  351     -9.301     -2.854      6.569
 769   -2     17.825     13.123      6.091
  -1  512     15.402     -3.409     -4.533
  -1  488     17.310      2.464      2.461
 489   48     11.500      8.986     10.096
  -1  333     22.394     -2.651      5.706
  -1   -2    -13.529     -0.618     12.350
  -1   -2     13.413      2.507     -8.302
  77   42     -7.710      6.780      0.328
  -1   -2     17.631     -1.138      6.783
  -1   -2    -10.980     -2.129     -5.334
  -1 1124      9.001      0.575      9.157
 472   -2      5.698     14.879      9.629
1188   -2     19.236     16.627      3.855
  -1  537     13.672     16.413      3.708
1130  809    -17.587     11.830      9.240
  -1   -2     -1.907     -6.193     -0.030
  -1   -2    -14.350     10.143    -10.365
 532  234      4.180     -9.592      1.724
  -1  449    -17.163      2.873     10.402
 494  696     10.143     -2.650      5.213
  -1   -2     25.598     12.837     12.111
  -1  633     17.378      4.565     12.229
  -1  285     -3.463     -3.629     11.055
1299   -2      7.313     -8.593      4.144
  -1  689      2.045     -9.252      5.443
 465  525     12.286    -10.316      9.707
  -1   -2    -13.931      5.737      2.856
  -1  109      8.414      3.177      9.812
  -1   -2    -11.112     11.491      1.040
  -1 1304     -7.909     -6.838     11.905
 669   -2     11.864     -0.486      6.810
 661   -2     20.433     16.079      7.962
  -1   -2     12.804     12.928     11.434
1270   -2      7.504     -1.606     -2.087
 125  840     -0.835      5.548     -3.747
 633 1282     20.136     -2.457     -9.707
  -1  143     15.538     11.997     -3.958
 978   -2     -0.556     11.490      3.281
  -1   -2     20.713     -6.358     12.529
 556   -2    -20.027     -7.070      9.683
 709   -2     -1.133     -7.067      8.480
 475   -2     -6.750    -12.137     -7.244
 414   -2     -2.614      6.464     -0.328
1225  121     24.722     13.202     11.655
  -1  685     27.790     -3.415     10.966
 249   -2     -5.353     -0.673      9.326
 710  428      9.642    -14.951     -3.346
 870   -2     23.625     -6.327      9.957
  -1   -2     -8.352     -4.406      6.346
 360 1270    -19.378      7.009     10.673
  -1  772     -2.151      9.674     -8.182
  -1   -2     13.031      6.336     -4.636
1138 1061     18.467    -10.953      7.778
  -1  548     -8.132     -9.590     -4.374
  -1 1153      5.861     -2.983     10.714
 586  100    -14.962     -1.222     10.932
 940  311     26.068     -7.348      9.594
 700   -2     11.745     -4.344     -1.777
  -1   81      6.715     13.869     -5.447
 189   -2     13.877      2.074      6.140
 631   -2     -0.328    -10.589      1.553
  -1  572    -19.836      5.695     12.446
  -1  366    -12.832     -2.603      6.875
  -1   -2      6.030     -9.765      3.730
  -1   -2      7.108      7.358      2.110
  -1  321     15.020     -8.029     10.493
 461   78     20.777      6.286     -0.279
 695 1292     24.960      8.181      3.174
  42   -2     -4.111     14.891      8.452
 335   -2     16.599     -0.642     -4.637
1074  301     -1.233      0.530     11.230
 204   -2      1.144     12.240      8.201
 356   -2     25.351      4.479      7.259
  -1  934     -7.424    -10.024     10.190
  -1   -2     18.132      6.516      9.090
  -1  784    -13.965      0.434     12.091
1141 1148     23.152     -0.873     11.137
  -1   -2     16.126    -10.460      5.177
 547   -2      5.224     -2.578      5.454
 274  591     24.130    -13.840     11.170
 341  359     18.540     -9.188      3.778
 388   -2     15.836     -4.538      6.417
 455   -2     -1.011     -3.655     10.092
  -1  427     19.565     -1.491     -4.833
1296  108     18.940     -6.734      7.012
 463  894      7.898      7.232      7.481
 280   -2      8.990      6.754      1.592
 331  257     -5.478     15.062      4.219
  -1  965    -13.233     13.290     -2.299
 818 1193    -17.264     14.916      4.768
 296  511     -2.194     15.343     10.060
 730  621     15.922     -2.373      7.976
  -1   -2     20.412      1.372     -8.628
  -1  925     11.653    -11.571      3.842
  -1  432    -15.290     -4.179      2.495
 487  730    -18.871     -4.696     11.735
  -1  166     -6.567      1.104     11.954
  -1   -2     -5.304     -0.365      3.995
  -1  371      3.366    -11.357      7.645
 193  157     -2.906     -2.552      4.856
 250   -2     -6.155     -5.299      7.952
  -1   -2     21.185      9.976     -3.748
  -1   -2     22.744      1.941     12.051
 359 1114      8.665     14.622      6.077
1106   -2     18.122     -3.154      9.296
1166   -2     16.133      4.907      7.631
  -1   -2     18.794      1.452     -8.800
  -1  416      1.501      9.493      6.362
1071  397      6.148     12.336      3.225
  -1  300     15.891      9.738      7.831
 522   -2     19.556     14.952      3.969
  -1  890     10.759     -5.109     -1.801
 611  447     16.412    -10.878    -10.401
 596   -2     -3.121     -2.060      1.783
  -1   -2      1.666     -2.149     11.194
 247   -2     12.468     11.625      8.449
 413   -2     23.308      0.780      8.582
  14  407     16.136      4.477      2.029
  -1   -2     18.480     10.555     -4.129
  -1   -2     19.374     14.586      6.056
 808   57     15.719     10.121      0.457
 800   -2    -12.372    -11.835      5.495
  -1   -2    -10.926      7.131      8.074
 432  541     21.837     -5.587      9.219
 404  544      5.316     -2.499      3.617
  -1   -2      2.247    -13.104     -9.477
  -1   -2     14.948      6.400     11.311
  -1   -2     -3.166    -12.598     -7.620
  -1  352    -12.459      6.726      4.041
  -1  367     -3.896      4.152     -0.764
1042  173     11.761     -6.297      5.203
1069  431     17.804     12.959     -5.458
  -1  947     -2.154      0.243      9.950
1136  796     16.369    -13.498      5.157
  -1   -2     26.449     -0.053      8.563
  99 1112      1.568     -3.738     11.785
  25   -2      3.230      0.338      9.860
 560  295    -20.232     -2.665     11.831
  -1   -2     19.445      5.051     11.568
  -1  265     18.950     10.473     -7.756
  -1  733      4.684     -8.662      8.288
1163  340     -7.550    -12.587      7.205
 590   -2      6.097    -12.942      7.215
  -1 1187     -7.167     15.816      5.467
  -1   -2    -10.139     -7.712     10.559
  -1  270      4.161      0.772      6.378
 458  377      0.495     14.272      9.967
 300  780     -3.205      8.742     -0.684
  -1   38      0.744     10.392      7.503
  -1   -2     22.552     -4.553     -1.339
  -1  325      9.442     10.379     -2.604
 685  128     14.565     -2.898      5.774
  -1   -2    -10.021     -9.392     10.666
 842  374    -14.197      6.538     -2.473
 145   -2     16.647      9.727      2.835
 506   -2     -1.831     12.778      8.966
 837  663    -16.558    -11.694      9.771
 692  496     14.722     13.458      8.825
 867 1136     14.368    -11.891      7.968
 450  315      7.641      5.199      3.337
 656  626     15.202     17.745      8.456
 717   -2     11.284     12.242      7.120
  -1  318     21.795     13.006     10.011
  -1   -2     23.671     -5.336     11.998
 456 1182     22.825     -1.584     10.721
 899  599    -18.715    -10.439      9.254
1224   -2      9.665    -17.654      9.679
 988   -2      7.282     -1.754      1.280
  -1   -2      7.067      2.106     -3.379
 561   -2    -19.536     -2.625     10.888
  -1  205     15.638      9.401     12.157
1132   -2    -13.510     -7.839      7.810
  -1  405    -11.917    -10.032      9.494
1128   -2    -15.780    -10.669      8.818
 982  645     16.918     13.180     12.299
 457   24    -10.516      8.134      4.480
 378   -2     -0.373      0.853      5.419
  -1  589     14.276     10.421      6.333
 447   -2     16.460     -9.539     10.863
 218   -2    -18.051     -3.923     12.041
  -1   -2      1.075     -8.670     -7.608
  -1  267     13.500     -2.284     -3.830
  48  177     20.169      2.798     -0.300
  -1 1157     15.582      7.045      3.148
  -1   -2     21.539      4.862      0.767
 517   -2     14.252      4.275     -7.115
 572  776     14.927     15.227      2.203
 155   -2     -7.013     -3.472      5.373
1219  732     19.492    -17.215     11.252
  -1  474     22.549    -10.487      2.172
  75  578      9.248      6.394     11.530
  -1   -2    -13.484     -9.648      8.998
  -1  575     24.183     -0.015     12.359
 386   -2     27.584      1.724      8.265
 959   -2      8.273     13.877     -0.156
  -1  746     14.206     -2.340      2.792
  -1   -2     13.769     -7.389      5.312
 217  202     -0.194      1.685     -6.083
 966  114     23.757     15.092     11.596
 755  475     18.895     -8.725     -0.449
 992   -2     23.434     16.464      5.758
 538  811     -6.167     16.171      9.918
 718  581     -8.386     -8.037      2.194
 511  466     22.351      5.106      2.120
 397  555     21.357      4.479     -2.034
  -1   -2    -10.975     -3.857      3.639
  -1   -2      1.271     -4.387      4.904
  -1   -2    -12.624     -0.363     -2.265
  -1   -2     16.738     -3.815     -9.424
  29   -2     19.444      9.279     -2.899
 512  922     23.762     13.190      5.485
 953   -2     18.909      9.755     12.226
  -1  458      1.461     -3.041      9.464
  -1   -2      7.297     12.876     -6.715
 869   -2     -4.626     -0.256      4.254
 411 1120     17.272     -8.694      5.970
  -1  690     -2.796     -6.089      6.517
 321   -2     -0.429     17.427     10.048
  -1   -2    -16.486     -8.369      4.594
  -1  172      2.661      4.066      5.619
  -1  975     23.715     -2.701      5.443
  -1  513     18.768     17.404      7.284
  -1   -2      5.024     11.949     11.529
1055  220    -16.580     11.731      2.372
 898 1164     24.440     -9.525      7.696
  -1   -2      2.769      7.714     -8.390
  -1   -2     21.837      6.044      6.509
 100 1247      1.394     -0.600      7.310
 319  640     13.393     -9.657      9.737
 675  754     17.419      4.536      8.974
 142 1252    -11.464     -0.345      4.129
 643  613     26.322      0.167     11.169
 658  635     25.786     -1.857      3.091
 686   -2      9.152     -0.372     10.658
 343   -2     18.354      4.476     10.950
 524   -2    -15.682      1.081     -5.184
 663 1080      6.836     -2.760      2.361
 843   -2     -7.207      6.705     -0.578
  -1   -2    -19.074      6.684      8.324
  -1  534     27.902      3.864      9.491
 181   -2    -16.835      5.896     -4.450
 712   -2     23.247      8.861      0.043
 766  683     24.497     -2.189      8.949
 937  442    -17.084     15.635      8.505
  -1  124     11.505     11.936     12.193
 732   -2     17.018     -3.731      2.066
1264  960     16.988     16.597      9.184
 744  643     21.062     -9.708     -2.061
 879 1141     -0.294    -11.355      3.844
 239   -2      2.595     -5.312      0.360
 900 1258    -15.044     -4.147      5.784
1053   -2     -8.772     -3.519     12.128
 454  510     14.805     17.180     11.670
 699   -2     -1.583     -9.840     -1.081
  -1  440     13.749     -7.525     -6.660
  -1  281      4.731    -11.931      6.247
  -1  237     -0.055      2.385     -0.377
   9  481      6.605      0.346     12.196
 679   -2      8.966    -11.010      7.780
 476   -2     -5.135      6.500     -0.857
1276   -2     25.034     15.497     10.222
1082   -2      5.883     -9.895     -7.794
1001  932     -4.666    -10.097      6.054
  -1  378     18.356      6.098      3.167
 708  899     -0.786     -5.758      8.290
  -1   -2     14.929      1.042      3.643
 798   -2     -3.921     -9.947     -9.011
 159  678     16.599      0.488      5.337
 701   -2      9.265     -4.595     -8.411
 729 1295     16.039    -16.789      5.817
1121 1047     -8.366     -3.822      1.638
  92  358     16.774      0.063     11.478
  -1  573     10.962     16.008      3.263
1067  855     -0.023     -8.871      7.985
 151   -2      7.224     -3.097     10.248
 778  620     22.695    -14.781     10.643
 903  561     -6.196     -8.033      7.663
 603   -2     19.047     12.227     -1.580
 806  790    -19.237     -1.882     10.746
  -1  775    -14.909    -10.951      0.130
1169  944     -5.519     10.552     11.878
  -1   -2     17.420      9.589      8.624
  -1   -2      5.424     -3.426     -5.642
 667  822     -7.749      5.016      0.094
 606  771     21.940     16.071      2.465
 502  250     12.430     16.478      9.560
 624   -2      6.937     -0.034      9.119
 757 1006     15.111    -17.765     12.066
1108 1004     11.645     -8.709      9.818
  -1  655     -1.355    -14.141      6.898
1117   -2     15.975     -8.946     -4.338
  -1  554     22.937     15.625      7.586
 123   -2     27.248      9.826     11.924
  -1   -2     19.414      5.305     -9.837
 483   -2     -5.032    -12.651      5.765
  -1  657     -3.248      6.235      4.970
  -1   -2    -17.924    -12.084      6.012
 748   -2     11.979    -15.192      5.534
  -1  570     10.425     -5.093      2.518
  -1   -2      2.435     -1.254     -5.088
 776 1075      9.420     -8.577      6.837
1234   -2     13.016      6.609      2.642
  -1   -2     22.147     -3.779      5.417
 684  231      4.479    -10.344      8.331
  -1   -2      1.310    -11.429     10.686
 871  912      0.964     -3.470      9.719
  -1   -2     18.655    -11.097     -5.436
 525  253      6.325     -8.982      6.200
 873  677     20.038     14.731      5.280
  -1   -2      5.906     -0.174      1.047
  -1  650     -6.445     15.200      2.749
  -1   -2     13.242     -6.807      7.765
 263  489     -6.557      2.574     -7.398
 533 1275      9.402      6.248     -0.363
 101  140     15.491     -0.477     -3.625
  -1   -2      0.277    -11.517     10.928
 605  580      3.640      5.415      8.133
  -1   -2     -4.936     17.882     11.159
  -1   -2     11.785      7.016    -11.775
  -1  332     10.175      9.643      6.230
  -1  688     19.578      5.222      9.085
  -1   -2     16.544     -8.173      1.008
1134  153      9.521      4.431      9.605
 377  652     22.479     12.908      4.816
1140   -2     -8.914     14.085     10.801
1111   -2      4.598    -11.678      1.157
 477  472     -5.626     -8.219     10.967
 398  116     -0.970      1.370      9.807
  -1   -2     -4.497    -14.993     10.236
  -1   -2     21.560    -11.173      7.290
1060   -2     14.731    -18.959      7.929
  -1  712     17.841     13.656     11.615
 694  107    -16.392      1.744     -4.889
  -1   -2     -9.560      1.231      7.396
  -1   -2      6.992     -0.232      0.739
 929   -2     26.754      1.487     10.591
 415  105     26.091     -4.006     10.990
 659  258    -15.267      4.567      5.608
 630  174    -18.277     -7.905      9.014
  -1 1068    -12.098     -4.405      3.761
1200   -2     16.491    -17.967      8.064
1284  946      4.097    -11.580      9.599
1202   58     26.306     11.397     11.410
  -1 1043    -19.075     -0.873     12.054
  -1  649     -8.179    -13.828     -1.167
 615   -2      0.145     -3.361      3.590
 521  553     -2.821     -7.991      6.779
 737  406     21.231     -3.517     -2.480
 573  473      5.329     -3.270      9.557
  -1  630     18.658    -10.053     -3.042
 872   -2      5.369     -1.691     11.247
1047   13     17.083      2.055      9.950
  -1   -2    -13.203    -12.634     -0.418
  -1  952     10.887     -7.620      0.743
  -1   -2    -15.248     -8.783     -5.476
1075   -2     -0.044    -12.167      5.996
  -1  714     18.434     -2.144      2.930
1214  767     24.208     17.340     10.978
  -1   -2      8.873     -3.267      4.990
 205   -2      7.774      8.992      7.430
 761  858    -14.373     -6.013      8.267
 372  490     17.482      6.753      7.748
  -1   -2     20.476      5.786     -9.569
 753  549     23.801      7.167      8.531
  -1   -2     19.496     -7.220     -3.295
1094  228     20.980      6.366      3.675
1112  919    -12.505    -16.407      6.931
 175 1285     16.121     -4.833      3.252
 224  651     21.480     -1.476      9.578
  -1   -2     -1.818     10.995      1.779
 623  545     -6.254    -11.975      5.604
  -1   -2     -9.640      8.463      0.822
 844   -2    -20.898      0.487     12.045
  -1   -2    -17.316     -2.443     11.604
 367   -2      8.019     11.693      9.905
  -1   -2     -3.157     11.361      7.427
 197  801    -12.504     13.207     12.443
  -1  820    -16.616     -4.900     -5.889
  -1 1118    -17.958     10.937     -2.721
1006   -2    -15.745     14.415      7.107
  -1  159    -17.651      0.219     11.403
 498  251    -17.394      3.514     12.347
  -1  221     -1.424      4.544      6.623
  -1  935    -19.987     -4.698     11.674
  -1   -2      5.304      7.190      5.825
 854  896      0.759     13.478     12.489
  -1   -2    -21.732     -1.553     11.904
  -1  637    -16.622     -7.538      9.951
  -1   -2      1.283     17.060      0.769
1180  759     -4.769     13.416      9.644
  -1 1318    -18.861    -13.886      8.740
 601 1055      8.010    -13.289      8.090
  56   -2    -12.146     14.278     12.262
1040   68      3.626      7.083      4.947
 853  783     24.410    -14.817      2.121
  -1   -2     15.114     12.029      2.613
 832   -2    -12.297     10.377      9.305
 996  163    -10.033     11.767     -4.182
 459 1010     25.235     -9.173     10.956
  -1   -2      5.658      4.532      8.737
  -1   -2     27.277     13.868      6.467
  -1   -2    -10.958     16.269      9.029
  -1   -2      0.844     17.081      9.951
 673  819     -5.787    -12.767     11.445
  -1   -2     -9.126      7.786     -2.169
1317  461      0.222      2.438      9.345
  -1   -2    -16.692     -4.586     12.362
1208 1168    -22.223    -12.186     10.823
  -1 1107    -12.398      8.163     -0.028
  -1   -2     -3.477      1.518      8.899
  -1   -2     28.061     -6.950     10.707
  -1 1049     -7.218      3.952      2.321
  -1  519    -14.135     -3.100      9.681
 277   -2     -8.136     10.212     -7.525
  -1  873     26.201      5.403     11.320
  -1  557      4.536     10.984      2.849
1037   -2     19.817      6.126     11.348
  -1   -2      3.818     11.443      7.806
  -1   -2      0.993     11.263      5.692
 486   -2    -17.347     12.495     11.343
 999  106     -8.018     -5.422      9.965
  -1  438    -14.261      7.606      4.912
1152  590     12.444     10.673     12.494
  -1  765      9.424     -7.375     10.650
 743 1031    -13.761     -9.915     -0.765
1192   -2      3.843      3.771      9.574
 635 1053      3.946     12.800      8.087
 777  769    -10.800      3.550      2.870
  -1  715     22.197     -9.212      8.687
  -1  531     -3.429      3.112     -3.290
1045  603     23.844    -18.825     12.319
1168   -2      8.356     -3.907     12.838
  -1  619      0.503    -16.395      4.845
 318   15    -15.223     -0.193      5.088
  -1  144     25.989      4.559      6.041
  -1  303     -5.262     12.550      0.065
  -1  872    -18.522     -0.091      4.519
  -1   -2     -6.711     -1.895      0.266
  -1  795    -14.498      4.050     12.040
  -1   -2     -3.360     15.695      1.918
  -1   -2      2.170      3.642      3.148
 998   -2     25.458      7.999     -1.813
  -1  201    -15.914      6.710      3.482
1211 1018    -12.703    -16.633     -2.545
  -1  966     17.455     11.521     12.658
  -1   -2     29.245      5.357      9.826
 713   -2     20.653    -17.216      5.531
  -1   -2     23.154     12.983      9.902
  -1   -2     -8.511      1.508      0.011
  -1   -2    -19.071      2.096     12.518
 169   -2     -1.455     -2.901      3.910
1210 1178      6.342     17.369     10.935
  -1   -2     12.023    -18.147      6.317
 847   -2      9.139     15.022      8.533
 878 1290     11.889     17.107      6.864
  -1  849     -6.957     -3.771      9.541
 452   -2     -4.572      9.036     11.247
  -1 1101      8.763    -19.608     10.187
  -1  888    -13.564      9.899      6.946
  -1    3     -0.942      5.530      3.762
  -1   -2      7.184    -12.686      0.304
1003  193    -19.052     12.371      8.554
  -1  355     -9.633     -5.794      1.563
 365   -2     14.358      7.747     -9.441
1007 1293     -1.760    -17.934      6.980
  -1   -2      7.944     15.147      5.528
  -1   -2     19.125     13.755      4.432
  -1   -2    -16.735     10.156     -9.318
  -1   -2     -3.373     -0.375      8.028
 207   -2     26.335      4.335      9.298
  -1   -2    -15.288      4.745     -7.427
  -1  487      7.750     12.303      7.141
 420  996     -2.769      7.105      4.482
  -1  792     -3.491      5.669     -1.487
  40  178    -13.393     -1.295      4.125
 915  806      8.372    -17.477     10.964
 138  369     -2.521      3.397     12.171
 882  576     -7.622     -0.491      8.732
 811  133    -19.161      1.264     10.098
1087  396     -2.373     -4.675      0.162
   5   -2     -1.458     14.808      8.957
  -1  567      8.269     14.751      4.311
1193   -2     20.241     16.651     12.161
  -1   -2     -6.138     -9.988     12.591
 948 1078    -15.757     14.219     12.412
1027  632     14.528     -8.819     -5.503
  -1   -2     10.424     -0.258     -5.138
  -1  719     13.498     -6.719      4.771
 664  344     19.785      0.871      8.614
 186  356      7.585     11.172     12.315
  -1   -2    -11.646     13.877      7.602
  -1   -2     -6.755      2.612      9.517
  22   -2    -18.673     11.158      9.095
  -1   -2     -0.303     10.822     -0.077
1088   -2     -3.426    -17.231     10.333
1051 1225     10.868     18.689     10.977
 286  479     -7.644     12.921      9.857
  -1 1052     20.377    -10.266     12.015
 387  834      1.579     17.900      9.001
 919  916      3.860     11.678     10.147
  -1   -2    -17.900      8.967     12.137
  -1 1139     -7.423    -17.504     10.708
  -1   -2      7.546      4.809     12.671
1080   -2     19.096     16.838      9.806
  -1   -2     -8.256    -11.859     -1.278
  -1  501     22.603      3.239      7.291
1167  471      4.966    -15.804      4.218
  -1 1033     -5.977     -9.697     -7.376
1241  206     -3.811     13.782      5.397
 749   -2      6.550    -11.553      9.363
  -1   72     23.983     -3.484      9.330
  -1  963    -19.423     -4.633     12.384
 781  122     20.534     -6.274      8.475
1077   -2     25.780    -13.013      5.674
  -1   -2    -12.845      4.389      2.678
  -1  664    -11.103     16.757     11.662
  -1   -2    -14.261     17.604      5.240
1056   -2     26.750      7.555      1.331
  -1   -2     20.636     -3.132      6.988
  -1   -2     18.000     14.355     -1.059
 371 1130    -19.133     -8.721      5.885
  90   -2     16.895     10.637      6.824
  -1  596      5.767      8.389      4.980
 789  468    -14.955     14.996      7.549
 260  833     16.313     -6.004     10.101
  -1 1090    -13.395      2.171      8.407
  -1  851     12.712    -10.451     -7.952
  -1   -2    -10.104     -3.368     12.868
  -1  956     25.778     -9.643      1.925
 111  331     22.760     11.180      6.992
 970 1274    -15.513     12.914     10.289
  -1   -2    -13.259     10.420     11.453
  -1   97    -11.938     17.825      6.860
  -1  993     16.159      6.197     11.341
  -1  900     28.884      4.691      8.792
  -1  280     18.711     12.189    -10.443
 453 1273    -13.844      7.799      2.834
  -1   -2      3.987    -12.330      1.686
  -1   -2     -5.227      1.952      1.950
 422   -2     22.089     -2.861      8.816
  -1    5    -11.287     13.354     10.632
  -1  638     12.843     15.517     10.381
  -1   -2    -12.822    -10.118     10.870
  -1  324      8.982     -3.726      1.439
  -1  723     -1.898      4.469     -3.911
  -1   -2      6.548      9.252     10.153
  -1   44    -10.965     11.389     11.082
 812   -2     -4.468      0.428      7.900
  -1   -2      5.420      4.504     12.297
  -1  731    -11.175     -2.337      7.915
  -1 1063     28.752      1.395      9.392
  -1  670     13.253    -14.147     10.406
  -1   -2      3.437     12.273    -11.965
 891 1082     -5.543     19.972     11.728
  -1  222     13.660      7.080      1.314
  -1  607     24.646     16.869      5.385
1149  104      0.937     -8.888      9.503
  -1 1129    -10.168     16.564     12.293
 143  823     15.473      3.149      0.070
  -1   -2     -3.896     16.229     -0.650
  -1  706     20.216      6.151      3.580
 282  504    -15.630     10.768      2.717
 144   -2     -0.968      7.118      6.685
 946  752     26.436      3.145      7.425
  -1   -2      2.667     -4.970    -10.011
  -1   -2      6.399      3.038     -3.686
 741  658     -7.440    -11.178      5.480
 702  694    -14.971     -8.115      1.733
1116   -2    -20.059    -11.060     10.012
 309 1103    -19.305     -2.113      4.762
  -1   -2     -4.981     12.997     -0.830
 742  724     24.200      7.098     11.825
  -1   -2     -2.415     -3.973      1.196
1173  384    -11.440    -14.188     12.542
  -1   -2     10.445     -3.272      3.203
  -1  845     -6.098      6.930     10.995
  -1   22     -6.465     -0.768     -2.212
 738  704    -13.624     -6.613     -0.162
  -1  506      6.274      1.216     -3.344
  -1   -2    -14.227    -20.417      7.254
  -1  568      0.474     15.904      9.868
 904  882      3.698    -18.395      6.155
 500   -2     -8.041    -10.861     10.487
 401 1062     17.425    -12.915     11.165
  -1   -2      0.402     -5.804     -2.567
  -1   -2     -4.548      0.874     11.901
  -1 1076     21.761      6.187      9.427
1079   -2      3.684    -20.416     12.008
  -1  592     26.075     14.002      8.414
  -1   -2     27.107      5.557      2.701
1044   -2      2.473    -10.772      0.859
  -1  803      7.224    -13.567      3.740
  -1   -2     18.771      7.135     -6.521
  -1  693      0.893     -5.267      1.283
  -1 1142    -16.632    -14.712      7.059
 901   99     -0.109      8.032     -3.308
 839 1039      1.952    -13.638      1.829
  -1   -2     12.456     13.471      7.346
  -1   -2      7.947      9.069     -7.022
1104  302     24.590     -8.194      8.301
 228   -2     16.615     -7.522      6.980
  -1   -2     25.405      2.589      1.822
  -1  273     10.687     14.974      7.620
  -1   -2     17.736    -10.018      8.558
  -1  560      7.045     15.182      6.737
 629 1121     20.856      9.189      9.939
  -1   -2      3.412    -14.123      4.339
 707  726     -6.765    -15.220     11.351
 691  697     16.004     15.832     11.842
  -1 1032    -14.705      7.584      4.699
1170 1027     11.242    -15.519      1.678
  -1   -2     -9.881     10.413     -2.966
1063  749     -6.699     16.173      3.202
1143   -2     -6.587      5.203      2.884
 666   -2      2.524     15.421      9.046
  -1   -2      4.058    -12.814    -10.534
  -1  839    -21.316      2.087     12.121
 440  734      5.574      2.932      7.506
1161  259     12.841     14.168      9.721
1265   -2    -10.426     12.482     10.289
  -1   -2     19.243     13.328      8.010
  -1   -2     26.310      1.798      2.750
  -1   -2     21.609     17.012      2.482
  -1   -2     14.492      6.822      6.381
  -1   -2      8.546    -16.393      3.548
 734  853     24.251      5.252      8.645
  -1 1065      7.436    -18.069      5.462
1024   -2     17.823    -11.663      5.623
1159  863     24.282     -9.463     12.273
  -1  476      5.505     17.264      9.462
 162   -2     -3.506     -9.158     11.143
1091 1030     28.209    -12.113      9.788
  -1   -2     -8.145     -4.849     11.327
 650   -2      6.856    -16.310      3.293
 271  668    -11.561      8.620     -3.308
  -1   -2     -3.515      0.747     11.418
  -1  232     10.437      2.170      1.417
 821 1138     27.189     12.473      4.576
1113  439     23.978     -7.690     11.907
 944   -2    -17.415     15.003      8.787
  -1  854     27.918      7.580      5.459
 943  871    -16.587     17.413      4.312
 526  686     -1.103    -12.260     -4.360
 715  687     17.638     14.478      7.937
  -1   -2    -10.329      1.777     12.421
  -1  876      8.955     15.562     11.340
 216   -2    -19.125     -1.596      1.589
 105  224     16.334     -3.883      1.600
  51 1160      4.335      9.816      5.428
  -1   -2    -19.207    -14.017      4.150
  -1   -2     16.727     16.745      6.606
 950  435     -6.551     -7.148     -6.889
1101 1023     26.816      7.179      6.691
 720   -2     -4.631     -7.710      9.494
  -1  735      8.909     -1.106      0.604
  -1   -2      6.652     12.146      9.273
  -1  304     16.589     -8.932      2.467
  -1  546     14.001    -10.102      3.859
 564 1226      4.058    -18.717     11.375
  -1   -2     12.043     -4.269     12.179
  -1  312     -7.658     -8.743      6.404
1018  328     22.344      1.592      9.108
  -1  774     14.025     15.296      8.749
  -1   -2     14.985      5.840     -5.314
 647  127      7.226     14.487      9.020
1207 1207     -8.209    -19.951     12.096
  -1   -2     -6.796     -2.982    -11.481
  -1  309      6.559     -8.939      8.192
1172  786     -2.659     14.962     11.445
  -1 1094    -15.670     15.568     12.117
  -1   -2      6.023     -2.270     -5.542
  -1  518    -13.248     -8.682     11.472
 955  614     -2.633    -15.245      2.145
  -1   -2     16.176      7.224     10.997
  -1 1001      0.087     -9.111      1.749
  -1   -2     19.811     -4.155     -0.523
  -1   -2      2.314    -12.675     12.055
 238   -2     20.417      3.507     -8.351
  -1   -2     14.864     -5.747     10.001
 610   -2     -6.059     -6.497     10.039
1093 1008     -5.475     16.009     10.411
  -1 1051      7.811     -1.961      3.936
 240  905      4.690      0.266     10.978
 981   -2     -1.248     11.525      6.297
  -1   -2     -6.570     14.268      8.997
1156  667      3.591     -2.733      8.731
  -1   -2    -11.877     17.427     11.967
1238 1054      9.565     15.508     11.670
  -1  699    -10.235      0.710     -7.242
  -1  740     26.884      9.051      5.008
  -1   -2     -2.391     19.146      7.631
  -1  627     -3.836     -4.331      9.932
  -1 1024     26.221      3.628     10.470
  -1  812     15.600     -4.617     11.095
 876  156     11.833     11.600      6.963
  -1   -2     -0.718    -10.866     -3.783
  -1  656     11.399      4.679      2.851
 434  751     17.931     -4.302     -6.430
  -1   -2     19.917     -0.504      4.052
  -1 1137     11.043     13.027     11.674
  -1 1098     -3.725      7.618     10.995
 299   -2     10.677      7.392      7.963
 507   -2    -19.082     -5.881     11.271
 820   -2     14.031      7.090      6.880
1229  604     -2.963     15.207      5.965
  -1  818     -5.045    -18.190      7.833
  -1  691     10.135      1.759     11.738
  -1  970      8.017    -19.397      8.746
 962  907      3.752     -9.751      6.840
  -1   16     19.337      8.076      7.810
1217 1083     27.782    -14.575     11.555
  -1   -2    -13.220     10.635      8.897
1057  713    -15.344    -12.850      4.511
1222   -2    -17.581    -16.394     10.268
 519   -2     -9.491      0.502      1.202
 262  307     25.091      7.714     12.142
  -1  821     -1.235     19.424     11.177
 497 1146     -1.242     10.022      7.968
  -1   -2     -4.521     -5.881      4.884
  -1   -2      2.735     14.812      9.257
 815   -2      9.341      8.169      9.110
1105 1286      0.933      1.650      4.033
 751   -2    -10.597    -12.303     11.048
  -1  850    -11.050     -4.285     12.170
  -1  789     -3.478     11.167      7.235
  -1  711      2.306    -12.069      4.681
  -1   -2      3.192    -14.768      2.905
  -1   -2     -8.725     15.230     11.181
 951   -2    -18.826     13.980      9.130
  -1   -2     16.771     17.214      7.566
  -1   -2    -14.072      2.735     10.338
  -1   -2    -16.835     16.289     -0.269
  -1   -2     13.624    -12.794     -6.410
1058   -2     -4.409    -17.075      1.372
  -1 1073     -3.117     18.977     11.424
  -1  594     13.902    -12.127     -7.144
 268  870     -0.819      2.120     11.168
  -1  606     16.567    -12.510      7.603
  -1  598    -11.782     -9.236      8.625
  -1  948     21.548     17.308      6.484
  -1   -2    -11.844     -5.396     -2.495
 626   -2    -10.820     -3.329      9.963
1115  141     21.369      7.149     10.763
  -1  417     12.079      0.493     -6.906
 886  533     18.006     -3.259     11.909
  -1   -2     20.844      4.422      2.648
 632  327     14.920      8.858      5.959
1078  574     -0.917     -4.828      8.750
 337 1162     16.672     -3.678     10.943
  -1   -2     11.438     -4.723     11.429
  -1   -2      3.163      9.085     10.486
  -1   -2     24.622     11.629      9.725
 704  289      9.034      0.658      7.309
  -1   -2     19.708     17.630      8.298
 350   -2      2.530      4.142     -2.490
1213 1048    -20.143    -14.551      9.262
 651  773     15.021     -6.202      1.677
  -1  992    -13.830     -5.818     -3.054
  -1  756     19.638      3.856     11.292
1187   -2    -12.468     16.466     11.988
1151   -2     -7.220     11.335      9.399
  -1  247     13.861      3.129      8.702
  -1  408     26.910     10.146      9.350
 868 1045     10.080     -1.753     11.032
 885  942    -14.525    -17.986      8.569
  -1   -2     22.269     -9.833      6.524
  -1  514     -2.048     10.857      2.953
  -1  717      8.135    -10.930      6.457
  -1 1213    -17.081    -13.955     12.633
  -1   -2     16.722      9.256     -3.984
  -1   -2     -3.086      1.589      0.475
  -1   -2     11.892    -11.146      6.467
  -1   -2     -5.334     14.701     10.560
  -1   17      1.874      3.197     -6.448
 938   -2    -13.358     -9.589     12.485
1251   -2     -3.851     -1.332      3.506
1133   -2     -1.016     17.429     11.158
 583  579      1.392     11.631      2.288
  -1   -2      9.395     -5.278      8.548
  -1   -2     20.842      2.607     12.000
  -1   -2    -18.014    -10.322     -4.245
 671  266      5.066     -0.858     11.074
 693   -2      2.342     -6.680      7.152
 767   -2      6.937     -5.060      8.620
  -1  747     -4.493      1.175      3.726
1036   -2     14.602    -15.683      1.812
1205  684     14.956    -21.778      7.912
 593   -2      4.644    -11.399      4.788
  -1   -2      5.846    -24.612      3.734
  -1   -2     23.577     24.068      8.558
  -1   -2     19.760     24.103     12.652
  -1   -2     -1.321    -22.531    -10.361
1204   -2    -17.036    -20.401      7.670
  -1   -2     -2.051    -26.152    -12.292
1215   -2     16.840    -20.843      8.169
  -1 1199     29.019    -25.219     10.736
  -1   -2     24.825     17.849     11.533
  -1 1228    -27.995     -9.851      9.702
1223 1194    -23.607    -14.358      9.069
  -1 1197     22.505    -19.620     12.068
  -1   -2     -9.915    -20.390      8.694
  -1  682     26.261     16.569     10.512
1127 1209     23.690     19.617     12.508
1209   -2     28.571    -13.399     12.119
  -1 1231      0.198    -20.092      9.773
  -1   -2    -15.725    -15.200     12.909
 924 1022    -12.215    -17.552      8.170
  -1 1200      4.705    -28.003     -0.020
  -1 1217     13.250    -25.302      9.120
  -1 1011      2.817    -20.208     10.811
1203 1224    -25.336    -12.786     11.729
  -1 1230     27.302    -22.594      9.835
  -1   -2     -3.289    -25.262      3.820
  -1 1221     19.744     23.751      9.157
  -1   46     -8.573     -2.207     -2.629
  -1   -2     -2.342     14.814      7.652
  -1  460     -2.171     14.905      7.342
  -1   -2     17.783      9.561      7.750
1237   -2     16.438      3.575     -8.060
1233 1297     18.412      1.552      6.214
  -1   -2      3.462      2.416      3.795
  19 1234      5.133     -0.065     -3.982
  -1 1079      5.235      9.462    -10.130
  59   -2     14.387     11.156     -6.986
  -1 1243     18.894     12.189     -4.402
  -1   -2    -14.911      9.659     11.339
  -1 1241     -4.579     13.252      5.155
1255 1250      6.009      5.507      3.776
1256  918     13.768      5.544      6.335
  -1   -2    -11.928     10.644     -0.415
 739  856    -10.011     12.445     -3.758
  -1 1309      7.071      4.826      8.024
  -1   -2      9.478     -5.579     11.008
  70   -2    -15.402      1.753     10.643
  -1 1257     16.678      0.117      4.341
  -1   -2      6.446     -0.382    -11.877
 226   -2     22.904      1.060     10.843
  -1   -2     19.523      9.176     -2.314
 648  462     14.920      1.902      5.544
  -1 1268     25.778     -5.088      6.798
  87 1246     23.067      0.486      0.845
 645  729     21.047     10.154      5.271
  -1 1317      7.763     -8.175      6.320
  -1  310     14.441     -6.492     11.109
1253  467    -17.470     -4.228     11.782
 270  779    -12.870     12.534      4.611
 857   -2     -4.457     15.139      8.968
 342 1269     12.794    -13.050     -2.729
  37  245     18.943     12.946      9.223
  -1   21      3.468     11.789      7.474
  55 1239     -9.998     -0.004    -11.012
 259  424     13.649      0.333     -2.724
 329   -2     12.882     -8.612      4.030
1254   -2      5.104      6.037     -5.985
 495   -2    -13.466      5.010      0.640
 703 1020     13.549     -1.708      8.094
 373   -2     14.229     -7.755      7.133
 281   -2     15.367     -2.892    -11.537
  -1 1005      9.214     13.512      7.050
  -1   -2     -6.920     -5.101      6.364
 140   -2     -1.158      5.909      5.735
  -1   -2    -18.861    -13.886      8.740
  -1   -2     -9.650     15.717      4.743
  -1    7      0.609     11.372     10.987
 176  940     -4.812     -3.388     -1.834
 317   -2    -16.691     13.829      3.637
  -1  972    -19.491    -10.463     11.189
1283  214     -7.217     -0.647      6.005
  80  520      9.842     16.575      6.105
1086   -2    -16.735     10.156     -9.318
  -1 1173     12.109    -18.150      6.543
  -1   -2      3.547     10.284      8.024
  -1   -2     14.419     -6.451     11.187
  -1  218     16.382      7.862     -2.250
  -1  903     19.829     -0.032      6.010
1196 1210     23.577     24.068      8.558
1206   -2     26.030     16.627     10.034
  -1   -2     -8.573     -2.207     -2.629
  -1   -2      3.462      2.416      3.795
 727  429      9.478     -5.579     11.008
  -1  917     20.152     -5.423     10.254
 395   -2      7.763     -8.175      6.320
  85  154      6.091     -0.009      9.007
  89   -2    -14.864      9.539     11.573
  -1   -2     12.079     -1.575      2.262
  -1   -2    -18.861    -13.886      8.740
1301   -2     11.938    -18.217      6.097
  41 1308      3.451      2.376      3.846
1294 1332      5.235      9.462    -10.130
  -1   -2     12.079     -1.575      2.262
  -1   -2     12.079     -1.575      2.262
1300   -2    -18.861    -13.886      8.740
  26   -2      8.647      9.352     -0.054
  -1   -2     12.079     -1.575      2.262
  -1   -2     12.079     -1.575      2.262
  -1   -2     12.079     -1.575      2.262
  -1   -2     12.079     -1.575      2.262
  -1   -2     12.079     -1.575      2.262
  -1   -2     12.079     -1.575      2.262
  -1   -2     12.079     -1.575      2.262
  -1   -2     12.079     -1.575      2.262
 646   -2     -4.855      8.390     -1.558
1242 1302     16.760      7.714     -5.321
  -1   -2     12.079     -1.575      2.262
  -1   -2     12.079     -1.575      2.262
  -1   -2     12.079     -1.575      2.262
1297 1322     12.079     -1.575      2.262
  94  430     23.590     -1.440      3.930
