1270
  33   -2    -11.155      4.521     12.105
 134   -2     -0.220     -1.072      5.241
  -1    1    -18.051      2.161      6.201
   1    9     -9.104     -0.163      7.896
  -1    3     15.993      1.849     10.508
  -1   -2    -10.761      7.542      9.800
  -1   13     -2.096     13.324      4.152
1017  773     12.977     -8.877     11.737
  -1   -2     14.182     13.265     11.206
 600   -2     -4.878      1.927    -11.249
 821   -2      4.772     -6.125     12.635
 377  788    -13.032      6.188      8.584
1239   -2     -2.207     15.048      7.236
   4  197      4.657      3.893      3.033
 270   -2      0.958     10.631     10.488
1092 1272      8.996      9.324      0.239
 636  295     25.842     -5.251      5.836
 199  132     -5.818     -0.770      4.489
 407   -2      5.847     -1.696      4.777
 363   -2     12.547      1.651     -6.047
  37   -2     -6.515      0.632     -1.084
  12   -2     -6.020      6.149     -7.668
  -1   88     19.542      5.037      2.172
1018  704      5.580      5.191      3.263
 972   50    -14.251     10.595      6.448
  21   -2     -5.820      0.308      5.941
 699   -2      1.365      4.599      8.278
 494   30      2.666      3.763     -8.836
 454   67     11.203     -0.946      1.686
  -1  983     11.867     -5.058     11.793
1051  131    -14.004     -8.702     12.222
  -1   46     -3.086      0.925      6.089
1241 1296     -3.472      3.574     11.050
1202   -2     16.442      3.630     -7.874
  -1   38     12.184      2.353      0.397
1210 1285     18.878     -6.139     11.187
 432  576      9.738      3.265      5.273
  -1 1096      7.803     13.481     10.414
 348 1084      0.684     -0.745     10.831
 132  451     -5.951     -0.670      8.741
  -1 1293    -11.194     13.888     10.985
  14  867     -8.753      3.760      3.168
1240 1295     -9.055      9.119      6.610
  -1   -2    -11.827     -6.388      8.247
  -1    8     14.306     -3.180     -0.899
  -1   -2     16.790      7.750     -5.377
  -1   -2     12.091      9.588     -4.654
  -1   -2     25.451     -1.485     10.290
 195  406     -0.871      1.630     10.606
  -1  178      8.534      9.641     -7.476
  -1   -2     -1.216      3.613      2.873
  -1  147     14.867      5.917      5.009
  -1   35    -14.041      3.012     -2.110
 112 1236     21.344      0.498     -0.252
1047  303     -2.816     -5.375      7.414
  55 1231     17.548     -1.797     -3.300
  -1  299     -8.191      8.126     -5.286
  -1   -2     -4.706      9.009      3.577
 477   -2    -12.087      1.172      9.181
  -1   -2      6.449      2.687     -4.504
  -1  611      8.798     -3.607      1.308
  -1   -2     23.629      4.743      7.933
  -1  528     19.237     14.848      5.567
1035  111     22.637      9.209      7.646
  17 1219     11.926      5.376      6.111
 844   -2      8.338     14.628      5.788
  -1   -2    -14.823     12.557      4.265
  -1   -2     11.757     10.884     -3.754
  -1 1003    -11.256     10.008      3.327
  -1   -2      3.082      1.576     -1.113
 154  134      4.561      5.254    -11.881
1205 1283     19.902     12.665     10.996
  -1   19     11.285     11.491     10.302
  -1   -2      3.745      5.816     -1.271
1230  229     -1.335      7.122     -0.438
  -1 1023    -15.347      0.917      9.490
 505   59     15.787     -1.513     -1.306
 216  207    -13.449     11.610      6.521
  -1   -2     20.410      9.538      7.038
 140   -2      6.685     -9.939      1.276
 567  874     20.050      3.553     -1.764
  -1  122     -7.779     -2.984      8.373
 403   24    -15.449     -1.357      7.826
  -1   -2     -6.764     -2.032      0.923
 128   -2     18.893     -1.563    -11.075
 860  729      4.266      9.389     12.546
  -1  487     12.859     -2.966      3.548
  -1  193      8.018     13.915     -5.440
 259  981     -4.215     -0.454      4.663
  -1   -2     -9.026      8.375     -1.693
1044    4     14.744     -8.455     12.155
  -1 1181     -9.686     14.928      2.468
  -1   -2     -8.503      3.500     10.265
  -1   -2      7.205     -7.437      4.980
  -1   31     -5.580      6.621      5.034
 816  590     -5.439     16.089      6.300
  -1  163      5.127      6.228     -6.992
 525   -2    -14.994      0.359      4.756
 928  341     -9.956      5.432     -4.215
 652   -2     20.902      2.568     -6.359
 376  257    -17.277      4.765     -1.438
  87  499    -14.146     -2.115      2.066
  -1  510     11.013     14.416      3.533
  -1  963     21.665     -2.596      3.592
 130   23    -10.464     11.415      5.466
  -1  709     16.686      9.369      2.121
 814   -2     22.067     -8.224     -2.268
 123   -2    -19.713     -1.098      8.359
  48   -2     14.233      3.946      3.195
 673   -2     10.065      2.185      8.559
1095   -2      7.528     -0.574     10.808
 862  603     25.374     -1.134      5.760
  -1   93      0.499      0.316      3.641
 106  127     17.318     -2.051      8.470
 410 1258     -7.968     -5.280      3.407
 720  176     10.474      3.480      8.236
 156   -2     20.238      6.468     -2.113
 765   -2    -19.040      4.630      6.115
  91   -2     16.093      2.550      8.691
  -1   -2     16.661     13.210     -3.511
 168   -2     24.183      6.015      7.990
  -1   -2      3.538     -0.117     -5.404
  92   -2     21.823      0.506      8.643
  -1   -2     14.649     13.097     -7.466
 747   -2     14.960      7.541      2.199
  -1  930     -7.397      6.474     -1.004
  -1   -2    -10.569     -2.302    -12.398
  -1   -2     -1.857      9.695      7.273
 146   -2     18.274      1.043      7.655
  -1   -2      5.274      9.312     -9.990
  -1  108    -12.362      7.102      2.299
  -1  114     15.391      3.683      3.983
 453   -2    -16.209     11.528     11.273
1149   -2      3.487     10.504      7.834
 807  769    -18.041      1.227     11.346
 277  813     -1.704      3.277      9.122
 889  953     17.220     -0.987      8.831
 735  938     17.663     10.734     12.395
 864 1045     15.463    -10.887      4.566
 771   -2      9.674     -6.842      1.833
 241 1247    -10.850     10.928     -2.939
  -1  995    -16.466     15.086      7.918
1223  185    -16.318     -2.736      6.200
  22 1182      5.779      9.682      8.596
 127   39     -0.966      0.429      6.597
 679  121     15.816    -10.807     -8.659
 994  796    -11.650     15.261      9.448
  -1   52    -16.919     13.778      0.009
1105 1035      8.488     10.498      7.126
  40   -2    -15.858     -5.331      4.538
  -1   -2     -8.760      7.528     -1.781
  -1  737     19.608      8.548      2.792
 205   -2     10.126     -1.575      8.532
 963  205     25.297      3.126      8.476
  -1   -2      5.718      0.563     10.370
  -1   -2     14.279      3.213      9.940
 332   -2      1.084     12.812     -4.923
 280  973    -11.122     -4.354      8.809
 209   70     -2.459      7.393      3.520
 167 1242     19.318      1.818     -6.825
 688  105      7.684      6.677     -0.699
  -1   -2      5.476     -4.244     -3.123
  -1  527     20.308     -0.274      4.390
 489  100     25.107      3.815      5.218
 659   -2     -1.881      5.591     -6.197
  -1  230      7.784     13.334      6.596
 385 1198     12.124     -1.705     -6.369
 117  828      6.944     -0.978     -6.764
1145   -2     -2.623     15.320      9.864
  -1  314     -5.466      9.541     -1.860
 718 1141    -15.386     -7.270      7.739
 300   -2      0.597      6.812      9.924
 250  192     -5.043     -9.679      2.440
1078  224     21.136     15.489      8.663
  -1 1187    -13.519     11.129     -6.144
  -1   -2     14.380      2.015     -2.632
 991   -2     24.840      4.610      6.225
  -1   -2     22.799     -8.193      1.504
  -1   -2      2.795     10.193     -1.954
 790  400     19.607      3.924      4.622
1215   -2     19.815     -7.892      4.799
 182  211     16.325      7.710      2.006
 738  977     23.067     -0.928     11.209
 397   -2     16.686     -6.500      6.007
 105  785     23.675     -2.843      9.318
  -1  228     12.156      3.760      8.635
 124   -2      8.534      6.370      0.700
 227   97      4.721      2.437     -7.315
  -1   91     18.350     -0.379     -3.455
 562   -2    -18.058      7.659      3.741
  -1   -2    -12.232     -0.133      1.042
 334   -2     23.242      4.976      0.286
 400  194     -0.857     -4.035     -0.054
1245 1298    -13.546      7.222     -1.406
 768 1268    -15.572     14.215      7.576
  39 1226      3.845      4.722      0.574
  65  140     25.542     -0.683     10.405
  -1  138    -11.299     -2.969      4.117
  -1   -2     22.722     13.069     11.843
  84  533     16.334      6.414     -9.177
  -1  507     22.103     -3.963      7.238
  -1   -2     15.967     -1.289      0.499
  -1   -2      8.114      6.616    -12.786
  -1  275     18.062     13.199     -0.812
  -1   -2     -5.393      6.417     -1.348
 230  966     -3.057     14.266     10.923
1206   -2     18.109     10.441     -0.303
  -1 1046     27.073      4.566     11.222
  -1   -2     18.136     13.232     -6.405
 115   -2     20.047     11.716      7.964
  -1   -2      2.111      8.817     -4.833
 935  700     20.274     -6.556     -1.865
 183  506    -18.382     -2.127      7.150
  -1   -2     19.468      8.134     -1.199
1219  373     15.181     10.634     10.211
 323   20    -14.098      3.216     11.148
  -1  970    -18.759     -3.597      8.050
 669   60     24.099     -1.804      7.388
 485   -2     16.553      0.301      4.715
  -1  676    -11.353     -2.184      7.336
1099   -2      6.381     15.798      4.651
  -1   -2    -14.295     10.434     -0.861
 775  315    -15.467     10.150      5.324
 674   -2     12.954     11.659     10.400
  -1  324      3.007     -2.770      2.205
 675   -2     19.416     15.055     -0.505
 845 1175    -16.928      8.172      3.269
  -1   -2    -18.798     -8.076      9.997
 884  655    -17.874     12.081     12.330
 832  177    -11.729     -1.375      9.482
  -1   -2    -12.062     -4.638     11.798
 823  681     -6.164     14.725      2.386
  -1   -2    -12.063     11.826      1.670
 451  216      9.169     -0.411     -6.442
 603 1170    -16.406     -0.687     -3.303
  -1   -2     -3.627      9.171     -8.503
  -1   34      2.099     10.686      3.784
 672   32      7.311      4.064      6.340
 287 1044     22.246      3.587     10.118
 100   -2      6.566      7.679      4.042
  -1  589    -14.312     -0.439      9.114
  -1 1076     10.247     -2.218      1.298
  -1  366    -17.797      1.671     -0.164
  -1  567     -1.286      6.047      1.644
 800  309    -12.761     14.440      5.224
  -1  780      5.047     11.348     12.587
  42  413      3.431     11.925     -8.625
 254  683     13.519     -7.038      3.735
 694  479     16.126     -4.551      8.987
  -1   -2     -9.602     -6.878      6.278
  -1   -2      5.528     -1.327     11.500
 449  651     11.627     11.759      3.618
1074  476      4.692     -5.778      3.516
  26  377     -5.723     -1.925      5.657
  -1   -2     10.866      2.289     -8.285
  -1  181    -19.083      1.209      6.851
  -1   -2    -14.592      0.256     -5.568
  -1   -2     12.325     -2.817     -1.239
  -1  624     22.600      6.400      5.546
 157 1068    -11.085     10.830     11.127
 326  939      5.524      4.451      8.545
  -1   -2      6.823     13.181     -1.350
 382  791     -4.468      8.249     -2.983
 291  260     20.671     -0.597     10.281
  -1   -2     -0.207    -10.775      1.644
 934   37      0.445     -2.096     10.759
  -1  378     -0.711     14.670      4.042
 856  504      2.708      7.842     -2.182
  -1  463     -5.895     -8.002      4.854
  -1   -2     21.627     -2.764     10.814
  -1   -2      6.717      6.301      1.524
  76   -2      3.391     -0.696     -0.519
  -1   -2      7.700     -1.814     -1.299
 551   -2     -7.486    -10.491     -8.898
 203   36    -10.664      7.614     -1.595
 492  239      6.507      2.048     11.408
 194   -2     -1.106      3.425     -3.919
  64   42     13.531     13.666      4.842
 885 1041     -1.848     10.643     10.406
1120   -2     -5.280     12.169      8.970
  -1   -2     15.067     -4.754      6.643
 258  141     -1.985      4.832     10.771
 374  543     23.884    -11.724     12.227
 498  546    -11.759     -0.779      3.878
  -1   -2      6.515     -0.954    -12.741
  62  553     20.067     15.697      8.552
  -1   -2     -6.630     -2.578      4.826
 513  280      7.303     -1.948     11.711
 502  292     -9.879      1.983     11.909
 351   -2      6.677      8.415      2.253
 483 1260     17.066     13.575     -0.069
 564   33     -2.604      4.862    -11.001
 653  364      3.240     -1.818      1.755
  -1   -2     11.694    -10.853      2.954
 579  537      3.536     -3.132     10.149
 424  191     -4.260     14.024      2.864
  -1   -2     14.115      4.045     -7.645
 239  254     11.204     -4.485      3.429
 493  343     19.611      5.671    -10.908
 536  711     -0.534      2.915      8.128
  -1   -2     13.307     -5.841     10.962
  -1   -2      3.778     13.583      5.325
 394  284     -1.996     13.795     11.708
 443   -2    -13.635      9.898      2.088
  96   -2     18.353     -0.532      5.219
 309   -2     -2.432      9.668      3.022
 442  583     17.770      8.483     -4.683
  60   -2     18.352      6.892      4.709
 951   41     16.163     11.859     10.746
  -1  550     10.354      3.624     11.635
  -1 1282      8.833     -2.396     12.408
  -1  635      6.570     -8.424      1.607
1048   -2     12.103     -6.979      5.210
 381 1255    -11.996     14.558      3.569
  -1   11     -6.051      2.329     11.604
 873  586     23.979     10.854     11.753
 545  701     -4.872     -6.531      7.743
  -1   -2      5.822     -4.223      5.855
  -1  245     23.089     -2.797      8.612
1067  247     -7.532     15.836     10.716
1123 1274     -5.381     12.949      8.930
 964  215     19.393      3.259      9.353
 116   -2     10.955     15.464      8.054
  -1   -2     -7.606      7.969     -8.092
  -1  145      7.544     -0.830      4.896
 224   -2     -7.228     -6.599     11.219
 835  133     -7.397      3.967    -10.681
 419  204     15.325     -0.183     -8.402
 107  218     17.503     -4.984      6.736
 959   -2     -8.548      4.975     -4.217
 633   -2    -16.318      3.481     -8.366
  -1  242     -9.351    -10.774      2.476
  -1 1004     16.174     11.258     -4.965
  -1 1115     22.015     -1.203     12.182
  16   -2     -8.280     10.108      0.414
1108  435    -19.686     -9.575     10.548
  -1   -2     -0.770      7.945      8.875
  58  657      6.603     13.823     -4.961
 329  356     15.195     -4.182      8.641
  -1  418     18.016     -7.359      4.528
 756  360     -2.762     -1.474     11.906
 827   76      6.205      0.847     10.829
  -1   -2    -15.421      6.962      3.856
 912   74     16.083     14.179     11.052
 298  256    -12.488      3.471      3.615
 200  249     -3.535     10.796      8.367
 422  337     -5.944    -13.763     -2.301
 717   -2      5.287    -11.010     10.266
 868  203      8.733      2.625    -10.159
  -1  462     22.457     -0.723      3.684
 262  212    -20.787      0.387     12.194
 751   -2    -10.191     12.535     -0.272
 500   -2    -15.048     -3.091     12.213
  -1   -2     14.969      5.965     -1.812
  -1   -2     14.824      4.374      8.891
  -1   57     -7.037     -1.226      6.893
 191 1021     14.941      2.708      8.100
 879   -2      5.187     -8.791      3.602
  -1   -2     25.518      7.323      8.673
 496 1133     -2.135     -1.262      5.035
 744   -2     -2.622    -11.266      2.002
 815   -2    -10.818     -4.750     -0.176
  -1  404      3.359    -11.285      0.776
  -1  184     -2.042     -1.460      9.402
 217  137     16.685      5.363     10.223
 531  333      9.517      8.073     12.229
  -1  221     23.166     -4.142     11.145
1022  922      5.564     13.954     10.541
  -1  724      7.827      2.617     -2.167
   9  272     17.790     11.009      4.713
 890  540      1.763     -6.489     -5.648
 401   -2      0.264      3.176      2.708
  75  891    -15.819      2.222      6.339
 795   -2    -11.417     14.092      7.729
  -1  535    -18.271      6.536     10.099
  -1   -2     19.940      2.780      6.588
 958  719      2.554     -5.202      5.436
  -1  573     18.867     -0.616     10.382
 537  493     16.148     14.487      0.353
  -1  832     24.457     -7.989      7.417
 895   -2     25.323      1.261      7.804
  -1  897     18.070     -6.311     -4.919
  -1 1034     -0.547     -9.749    -10.629
1110  287     17.741      8.296     10.421
 452  336     -0.984     -8.431      6.338
  -1   -2      1.769     -0.785     11.859
  -1   -2    -10.690     -5.691     -7.994
  -1  980     21.121      5.581     12.476
  -1  539     -1.363     -5.692      1.494
  -1   90     22.286      4.212      7.409
  -1  383     10.101     -6.835     12.391
 472   -2      3.673      9.546     10.296
 353   -2    -10.364      8.701      3.073
  -1   -2     -5.114     14.952      3.837
  -1   -2     19.272    -13.807     -2.544
  -1   -2      3.981     -5.157     -2.259
 418  380      2.925     12.469     11.132
  -1   -2     11.535      3.596      2.700
 922   -2     -8.615     -6.470     10.815
  -1   -2      9.847     -5.845    -12.140
  -1   -2     25.955      4.604      8.369
 682   -2     -3.170     -6.377     -8.085
 295  570     -5.549     -2.054      1.436
 455  808    -19.855      8.491      9.368
 691   -2     -3.346     -3.211    -12.288
 360  989    -15.738     -2.851      9.007
  -1   -2     21.586     -5.424     -8.490
  -1  515     -3.194      3.524     -3.526
 462   -2    -20.010     -2.881      9.806
 553 1081     -4.723     13.579      6.359
  81  283     -3.374      3.321      4.938
  -1  475     24.997      0.229      9.467
 534 1033     14.263    -11.866     -8.208
 367   -2      1.185      0.459     -9.249
 197  591     16.946      1.190      6.343
 439  699     -2.370     -7.819      6.712
 368   -2     -1.361     13.438      8.094
  -1  306     21.943     11.772      8.349
 649   -2      7.284     -9.861     11.463
 389   -2      8.349     10.673      9.395
  -1  142     20.538     11.339      8.198
  -1  763    -15.443      6.188      1.159
  -1   -2     -5.959     -8.937     12.259
  -1   -2    -12.000      7.485    -11.617
  -1  398     -9.709      9.470      9.283
  69 1036      2.510      8.580      2.222
 487  175     11.309     -2.488     10.377
 384 1037    -15.355     -9.511      6.977
 441  819     -9.136     -0.804      3.598
1170   -2    -12.777    -10.801      8.263
 788   -2     24.503     -8.370     10.452
  -1  653     16.565     -9.032      5.543
  -1   -2     -2.253      7.705      6.908
  -1   -2     18.647     -5.383     -0.557
  -1   14      4.953     -6.353     11.512
  -1   82      6.055      1.454      2.648
 257 1172      6.196      1.626     -1.672
  -1  485      9.700     -4.656      7.055
 962  318     14.508     -8.383      2.065
  -1   -2    -14.129     10.515     10.196
  -1   -2      3.312     12.253      8.232
  -1   -2     10.994     -5.922    -11.527
  -1  722     -1.948     -8.778     -1.993
  -1  263     -2.896      5.920      7.162
  -1   -2    -16.352     -4.913     -2.025
1158   -2    -17.556     10.875     11.962
  -1 1091     17.493    -15.531      6.913
  -1   -2      7.959      6.571     10.550
  -1   -2     13.973     -1.054      8.728
  -1  574     15.426     -6.444      8.656
 769  323    -18.329      8.585     10.219
  -1   -2     -5.292     12.811     11.888
 503 1227     13.353     -3.777     -1.662
  -1  926      5.699     13.780      6.672
  13  104     -2.726      1.454      8.584
  -1  592     11.588     -4.405      9.710
  -1  505      1.928     -9.957      2.695
 627   -2     22.823     -4.238      0.638
 233   -2     23.617     -0.991      4.566
  -1   -2     10.989     11.848      7.319
 831  622     26.780      9.164     10.877
 111   -2      7.873    -10.588      5.086
 760   -2    -19.218      6.644      9.493
 311   -2     12.337      9.221      8.624
  -1  726     20.933     -3.983     11.794
 826   -2     25.713      9.514     11.119
  -1   -2      2.227      7.968     -6.356
 526 1241     19.478      0.843     10.108
  -1   -2     23.477     11.851      6.729
 271   -2     -6.926      8.436     -0.220
 997  770     13.060     15.240     10.823
 356   -2     21.137      7.811      7.007
   2  790     16.559      0.020     10.531
1019  851    -10.975      0.977      4.943
 456  414     -2.258      6.166     -1.724
 533   -2    -18.442     11.764      9.140
1146    7      1.751     14.291     11.540
 571  663     10.127      6.365     -8.187
 846  345     20.094     -5.164     11.638
  -1   -2     -9.265     -1.372    -11.300
  -1   -2     12.376      7.512     -5.125
  -1   96      6.640      4.719      6.404
 315   -2     -3.772     10.692     -2.340
 985  723      7.536    -12.828     11.867
 276  119    -13.062     -0.574      9.144
 597 1266     -2.968     -2.435      5.809
 253   16     -3.835      6.483     -3.944
  -1   92      6.881     -4.345     -0.927
 286   -2     15.097     12.887      4.592
 211   -2      7.589     -3.641     -0.844
 852   -2     16.910     12.084      9.157
1087   -2     -2.591      0.643      4.031
  -1  102     13.531      8.294     -4.982
  -1   -2     -6.548     10.264     -5.567
  -1   -2      5.369     11.816      8.626
1064   -2    -13.426     -2.572     -4.242
  57  312      5.294     -1.623      7.929
 547 1262     16.938      6.180      5.824
 316  448    -19.827      1.948      7.079
 192   -2      6.134      7.531     10.637
  -1  602     20.140     11.831      5.619
 796   -2    -19.112      0.186      7.038
  -1  461      0.984     -9.472     -0.698
1042  209     17.092    -10.390      8.097
  -1  319      6.769     -7.293      0.592
 501  436     16.426     -4.187     -7.807
 908   -2     -4.905    -12.016     10.122
  -1  252    -13.093     15.082      3.368
 391   -2     -9.636     13.786      0.025
  -1   -2      6.745     10.142     -3.291
  -1   -2     16.526      9.252     -8.184
 733  213     -8.095     -3.904      2.998
  -1 1055     19.835    -17.106     11.675
 361  886      5.114     -2.080     -0.433
 701  601     17.852     15.652      2.522
  -1   -2      2.339     -1.331     11.090
 552  290      9.460     14.844      0.713
 774  940     -5.733    -10.974     -9.491
  -1   -2      4.779     10.958     -8.627
  -1   -2    -12.735     -5.286     -2.278
 231  276     -9.333     -2.797     10.867
  -1  460      9.844      9.225      6.217
  -1  965     27.995     -4.737     11.578
  -1  532     12.586     -8.670      3.970
  -1   -2     20.583      3.003     11.140
 666  614     14.814     -0.838      1.974
 742 1186    -16.964    -15.297      6.604
 899  582     24.503    -16.021      6.053
  -1   -2      3.465     14.267     12.089
  -1  352    -14.669     -4.711     -2.208
  -1   -2     -5.769     -3.427     11.830
 974   -2     21.927     15.626      7.209
  -1   -2     12.238     -2.344     -6.635
  -1   -2      0.122      0.796     -4.198
 175   -2    -15.203      6.222     -9.098
1236  322     24.054      0.538      9.862
 428  914     -9.173      1.296      8.600
1184  949     26.156     13.012      8.824
  -1   -2    -10.082     -2.143      2.095
 596  233     23.898     10.177      6.780
1222  492     14.212     17.563     10.032
 425   -2     -0.320     -2.856     -1.933
  -1   -2      9.628     -5.609     10.811
 518   -2      4.487      6.828     -0.269
1056  379      8.854     -0.389      1.785
 214  452     16.883      1.647     -0.994
 681  587    -13.332     -5.344     -6.356
 575 1263     12.627    -10.851      5.253
 871   -2      3.300      2.155      9.356
  -1   -2     13.691     -1.141     11.259
  -1 1154     -5.949     -9.102     -8.389
 342   -2     20.203     13.827      8.151
  -1   -2     16.644      8.724      1.377
1121 1049      7.176     -5.205      6.043
  -1  606     20.793     11.618     -1.128
1225  569    -10.683     -5.211     11.302
1119  755      4.615     -0.674     12.363
 880   -2    -11.727     12.479     10.567
 906   -2      3.429     11.465      1.138
   6   -2    -10.338      4.940      3.747
  -1  531     19.776     11.322      3.059
 628  294     15.960     16.093      1.974
 855  688     -2.931     -5.361     10.880
 512  200      6.785      6.508      4.006
  -1  696    -18.315     13.522     11.881
 684   -2     12.208    -10.209      9.914
 535  514      5.856    -10.857      9.819
1069   -2      8.721      6.825      2.961
 331    5    -13.000      5.659      2.998
 436   -2     27.161      6.512      9.695
  -1  446    -19.358     -5.794      7.869
 955  174     24.061      3.490      2.123
 947   -2     14.562     15.300      5.926
  -1   -2     13.153      0.069      0.794
  -1  615     10.562    -16.177      0.119
  -1   -2     21.805      4.392     10.180
 520 1196     -3.384     -8.677      9.485
 624  760     20.161     -5.106      6.675
 739 1000     -9.658     16.440     10.394
  -1  332    -13.995      0.795     10.365
 212  329     11.230     -4.085      5.041
  -1  544    -12.698     -1.961      5.300
  -1   -2     -1.233     -0.101      4.209
  -1  401     11.885    -10.705     -0.156
1122   89     12.143      4.041     11.151
  -1   -2      9.998     14.146      5.408
 288  225    -18.164      5.145     10.358
 953  810      5.569    -14.493      3.839
 279   -2     -0.774      5.540     -3.700
 338   -2     21.856     -6.366     11.293
  -1   -2      7.004     -8.819    -11.573
 125  246    -17.678     -5.686      5.300
 409 1018     12.983      0.554     10.576
 299  916      2.399     -1.085      7.995
 566  707    -18.547    -13.348      6.350
 976  697     -0.445      2.778     -7.664
 687  534    -13.695    -11.306     -0.098
 350  753     21.529     -4.603      7.404
 878 1116     -6.160     13.106     10.534
  -1  841     18.493     16.549      4.879
1004   -2     22.573     -1.146      9.184
  -1  757     19.664     -0.996     -3.540
  -1 1073     -0.287    -12.059     11.791
1075  799     13.764      9.988      0.909
 415 1168      0.349     -9.601     -2.757
  -1   -2    -16.679      2.584     -4.270
  15   -2     -2.915      3.318     -9.065
  -1   -2     -2.721      8.846     -1.725
 667   -2     21.304      5.128      6.973
  -1  415     14.225     12.655     10.653
  78   -2     19.588      5.026      6.470
 599   68     10.183      1.817      5.654
1185   -2     24.614     15.072     11.940
  -1   -2    -14.489      0.668    -12.065
  -1   -2    -14.501    -11.063      0.550
1071  297     17.340    -16.526      9.086
 414  889     -0.628     -2.167     10.011
 196   -2    -14.045     -7.569     11.570
  73   -2     -2.001      2.738     -1.523
1062  271     19.012     -4.144      6.354
 530 1261     11.042      2.805     -0.196
  -1   -2     20.593    -12.415      8.460
 390  150     15.776      9.423     11.765
  -1  746     22.624     -6.917      4.599
  -1   -2    -15.452     -8.027     -7.118
  71   -2    -15.186      7.702     -3.410
  -1   -2      4.262     -0.997     -4.499
 399   -2     24.258     -6.014      9.563
 692  561      3.555     -7.669      1.622
  -1   -2      4.032      4.825      8.345
 825  367     22.365      8.303     -2.284
  -1   -2     13.791     16.680      7.296
 926  106    -13.876     12.374      6.081
 301 1251    -16.764     -2.122      3.563
 497  734     17.979     -2.798      9.627
 355   -2     -0.371     -7.580     -2.379
1054   -2     -4.032    -16.760      4.332
 731  816     22.444      2.103     11.895
 590  728     -4.492    -12.384      4.933
 915 1193     21.140     -7.443      9.985
 289  732      8.815     -9.000     -3.055
  -1   -2      9.615      1.855     -6.875
 499 1042     -8.534     -7.686     10.608
  -1  919    -20.726      6.580     11.320
  -1   -2     -6.879     -7.628     10.481
1097  304     19.419     -1.766      9.730
1132   -2     -1.029     -8.447     10.300
 362 1067     23.708      8.580      7.332
1154  671     17.421     17.064     10.685
1079  562     21.823    -11.207      6.944
  -1  594     -9.287     -7.315      3.821
 506 1267      5.038      2.209     10.307
 629  658     18.646    -10.072      9.740
  -1  157     -4.792     12.878      5.952
1036  865     -3.998    -10.622     10.896
 785   -2    -12.275    -11.397      4.389
1163  993     10.365     -7.159      4.502
  -1   -2    -16.942     13.025      7.584
  -1  473     15.684      7.975      7.875
 582   -2      2.834     -6.899     -4.412
  -1  883     24.151     12.697      9.574
1207  103     17.230     -1.484      9.132
  -1   -2     -0.298     10.331     -6.020
 894   -2     -0.950     15.669      8.546
 359  161      9.992      8.402      4.805
 677 1127     16.836      3.942     -0.303
 982   -2     19.696     10.052     12.380
  -1  538     18.787     -6.081      4.292
1073  918     -4.303    -15.332      0.833
1112 1273      4.090     -1.678      9.520
1232  884     22.237     -4.944     -4.723
 665   -2     -0.119     -8.269      5.045
  -1   -2     19.586     -9.979     -5.015
 772  394      5.412      6.891      9.517
 854  834      4.393     -3.387     -3.872
 693   -2     17.505    -14.881      1.780
 930   -2     -2.463      8.122     10.072
  -1   -2     18.650     11.506      3.902
  -1   -2     21.692      1.817      0.054
 625 1063     14.750    -15.776      2.496
  50  130    -12.320     11.763      2.906
 568   -2     19.189     13.722      3.698
  -1  626     -6.243     -6.675      0.438
1188   -2     24.713    -17.525     11.761
  -1   -2      0.263     -6.423      3.896
 977  631     22.165      1.512      4.079
 431   -2     17.057     -9.598      1.303
  -1   -2     -1.159     11.598     -5.464
1003   -2     16.628    -14.691      0.937
  -1 1166      1.386     -2.186      9.947
 495  896     -7.137     15.249      6.162
 586   -2     15.049     -2.951     10.344
  -1   -2     -6.411     -7.381      1.985
  41  453     21.922     10.775     11.568
1152   -2     15.345    -11.096      6.854
 581   -2     -7.722     -7.451     -0.040
  -1 1135    -17.750    -12.035      5.631
  -1  368      2.374     -7.473     11.066
1012   -2     11.442      3.530     11.006
  -1   -2     22.789      9.195      2.079
 870   -2     -1.415     -6.182      6.715
 587   -2     13.978     15.988     10.690
 303   -2    -12.130      1.999      3.159
 988   -2      3.903     12.757     -4.213
 704   -2    -10.707      0.791     -5.942
 539  985     -4.448    -14.869      9.335
1135 1139     19.609     16.154      5.635
 727   -2     23.436     -0.245      2.536
 797  310      6.312     15.099     10.763
 920   -2     15.647     17.417     10.684
  -1   45      5.028      0.710      2.894
  -1   -2     24.600     -2.748      2.894
 544  189     19.651      5.217      9.026
 722   -2     18.751     15.890      8.509
 927  782      0.287      8.224      2.737
 849   -2     19.432     12.703      4.685
 631   -2     25.649      9.831      6.390
1028  136     -4.589      3.531      1.138
  -1  450     -8.328     15.534     11.787
 842  264     19.197      1.263      4.071
  -1  818     13.590      3.636      9.654
  -1 1085    -10.062     -4.827     11.911
  -1   -2     11.015     14.579     -1.469
  -1   -2     15.496      6.679      6.348
 129 1144     11.029     -4.824      1.264
  -1   -2     19.596      2.552     -2.150
 902  758      5.829    -14.968     12.275
 763  126     19.309      3.449     -0.552
  -1   -2     -0.879      7.680      8.623
  -1   -2     15.984      7.972    -11.273
 872  560     13.319     -1.902      4.905
 881   -2     11.279      5.399     10.144
 490   -2      7.080     -1.932      0.173
1178 1088      0.094    -15.687      6.663
 185  481     26.404     -5.168      9.751
 160   -2     -0.647     -2.091      2.094
 705  716     -5.635     -7.565     -7.120
1093 1064     24.677    -14.336     10.119
 875 1040     24.068     12.551      6.492
 152  317      3.089     -0.719      4.993
1162   -2     11.747      8.923      5.612
1227   -2    -13.787     -5.522     -4.800
 594  925     11.575     -9.194      1.669
 207   -2     -1.797    -10.327     -1.496
  -1   -2      3.136    -13.129     11.751
  -1   -2     -9.890     11.745      4.957
1020 1130      3.639    -10.822      7.069
  -1  365     21.296      4.466      7.604
  -1  311    -15.443     -4.070      9.127
 388 1050     17.868     -5.867     -0.488
 202  201     16.553     -0.696      9.181
  -1   -2     -6.321     15.590      3.041
  -1   -2    -13.505     -8.808     -3.893
  53  525     11.979     11.288     11.466
1088   -2     -1.992    -11.587      3.967
 622   -2    -13.914     -2.185      7.293
 924 1060     10.167     14.443      7.584
 799  992     25.687      3.741      5.915
 723  107      6.827     -8.876      9.041
 516   -2     14.189     -5.773     10.536
1118  616     -2.762    -11.930     -5.881
 190   -2     -6.264     -6.458     10.019
  -1  634     -9.415      5.185      6.772
  -1   -2      2.917      7.638     12.440
  -1   -2     11.674      4.629     -0.150
  -1  632     -7.133     16.365      4.041
  -1  776    -21.506     -3.031      9.418
 998  868     21.908     -0.922      9.207
  -1 1238    -20.751     -1.009      7.511
 781  792    -21.072     -4.133     10.203
 617  931      8.358     -3.906     12.864
  -1  872      2.858     16.737      4.995
  -1  873     24.218     16.922      7.618
  -1   -2      6.984      4.345     11.285
 757   -2     -3.098      1.182     -0.201
  -1  182     -3.215      9.250     10.179
  -1   -2    -16.446     17.307      3.079
 310  598      2.694      0.167     12.513
  -1  551      2.065     -4.700     11.309
 730 1299     19.255     12.100     -1.134
  -1  649     17.479      7.036      6.612
 225  231      7.645     14.254     11.158
  -1   -2      0.693     11.791      9.778
  -1    0    -10.849      3.567     10.966
  -1   -2     -3.498    -17.418      9.958
  -1  331     -8.760      8.219     -4.045
  -1  342    -11.720     10.256     -3.512
  -1   -2     11.949     14.508      3.894
  -1   -2    -12.784    -15.301     -6.393
  -1   -2    -10.864    -11.167     -2.241
 529   -2    -13.883     14.064     11.322
 711   -2    -11.726    -11.129      7.084
 573   -2     24.039      7.797      2.842
  -1   -2    -15.197     -0.550      5.150
  -1 1167      7.150      3.053      2.016
  -1   -2    -14.618      8.999     -7.765
 560   -2     14.431     15.873      1.177
 853  648    -14.628     -9.600      1.444
 851 1123    -13.733     19.269      5.895
  -1   -2    -18.324     13.585      0.301
  -1   -2     -7.446      1.691     11.683
1010   -2      0.016     -6.500      8.162
 957  389     -5.390      3.925     -4.706
  -1   -2     -7.998      1.626      0.454
  -1  166     -9.652      3.400     10.731
  -1   -2     26.330     -7.752     10.966
1089  708    -10.970     -0.598     -2.804
  -1 1134     -0.877      9.343     11.104
 830  718      4.085      7.322      5.982
  -1  382    -10.374      8.220      4.730
 658  619    -18.649    -10.580      9.391
 841   -2      2.388     20.143     11.802
 657   -2      9.480     -4.937      4.847
  -1  829    -19.761      1.000     11.683
  -1  396     28.058      8.962     10.349
  -1   -2     -1.959     13.956      5.117
 999   -2    -21.245     -6.473      9.331
  -1  740     24.233      6.760     -2.576
 662   -2    -18.542     -2.325      4.301
 923  593      4.702     13.602      8.375
  -1    2      0.630     -0.601      3.790
 882  244     25.403     -5.981      9.450
1009  880      2.598     -9.393      9.438
  -1  666     11.452      6.550     10.454
 246  830     11.279     16.870      6.969
  -1  467      7.174      1.744     11.368
1199   -2     -1.967     14.656      6.689
  -1 1077    -18.510     10.916      9.308
  -1   -2    -20.611    -14.130      5.141
  -1   -2     25.076      5.469     -0.225
  -1  972     29.301      3.308     12.074
  -1 1195     -6.730     -3.863      8.563
1090   -2    -10.504      1.681     -1.604
  -1   26     -1.921     12.577      7.118
  -1  904      9.293    -17.011      3.886
  -1  438     -1.662     16.406      0.081
 804 1197    -17.638     -1.381     12.206
  -1   -2     13.446      7.598     -2.882
  -1  900    -11.304      8.030      4.276
 179   -2     13.252     12.420      9.820
  -1   -2    -14.835      2.887      8.271
 645   -2      6.381     10.268      4.867
1050  738    -18.219    -10.807     11.433
  -1  974     26.864      9.897      7.759
  -1  999     -1.576     -0.546     10.910
1057  831    -18.393     -4.043     12.208
  -1  480     -8.920    -13.772      5.669
  -1  358     11.635     -6.328     12.206
  -1   -2    -16.362     15.991      8.469
 245 1012     -0.340     10.051      1.859
  -1   -2      4.001     14.253     -3.257
  -1  881     21.981     -1.651     -8.480
 126   -2    -11.860     15.333     10.597
  -1   -2     28.027      6.736      7.758
  -1   -2    -17.024      4.719     -4.503
  -1  521     23.312      1.197      5.882
  -1   -2      4.009     14.061     -9.014
  -1   -2     -8.807    -11.604      8.193
  -1  579      5.861      9.706     12.000
 867  353     23.830     14.358     11.160
  -1  801     -5.869     10.083      7.173
  -1  526    -15.576      5.494     -1.666
1037   -2     -3.826      9.179      9.200
 465  188    -13.842     15.417      8.059
  -1   -2     -0.449     -3.407     12.027
  -1   -2     -7.593      1.246    -11.238
 792   -2     19.298    -16.008      9.401
  -1   -2     -8.408     -1.461     -0.702
1173  944     10.111    -18.268      9.107
  -1   -2     -6.178    -13.844      2.554
  -1   -2    -15.343     13.492      7.477
  -1  798      2.392      5.857      9.772
  -1   -2      0.003      9.933     -4.473
 848 1014     -7.744    -13.003     -1.331
  -1   -2     -0.315    -10.885      9.880
  -1   -2      9.940     10.946     -8.005
  -1  652     15.621     -1.439      5.044
  -1   -2     -4.677      7.200    -11.460
  -1  650     22.681    -12.400      8.461
 729   -2     16.663     -7.259      0.138
1098   -2     14.356     -4.091      4.009
 660   -2     19.938      7.851     12.617
 171 1016      3.338     11.396     -1.326
  -1  643    -17.620     11.543     -5.618
  -1   -2     26.401     11.867      6.551
  -1   -2     -0.904     15.646      6.329
 639  455     -2.148     -2.386      2.337
 946  898     -9.524     18.977      6.145
1082  677     26.466     14.415      4.777
 909   -2     14.001    -15.606      3.187
 716  934     20.779    -14.238      7.899
  -1   -2      3.015     -7.648      0.095
 966  967    -14.741     -2.542     11.520
  -1 1252    -17.715      0.426     -0.915
  -1   -2     12.949      7.050      7.133
 850   -2    -12.921     13.861     10.146
  -1   -2      4.110    -11.062     11.225
 420  417     -3.826     15.493      6.531
  97   -2    -11.409     -1.286      6.730
 810   -2     22.771     10.036     -4.060
  -1   -2      6.873      4.840     -6.261
  -1   -2     -0.704      5.485      5.670
 950   -2     -0.641     14.768      2.101
  -1  523      9.049     -9.642     11.356
  38  623     24.151     -4.073      8.718
  -1  376     19.255     -9.168      0.710
  -1  759    -19.808     -2.782     11.367
  -1 1010    -13.406      9.956      9.973
  -1   -2    -17.012     -9.701     -9.538
  -1   -2      3.657      6.875     10.034
 281  641     -3.443     16.626     10.340
1127   -2     27.410      9.267     10.129
  -1   -2    -15.387     12.574     10.792
 162  167      6.020     -7.293      2.390
  -1   -2     13.538     17.922      8.521
1221  110     24.871     -3.940      8.705
  -1  477    -19.004     -0.801     11.782
  -1   -2      0.735     12.581     11.381
  -1  466     13.453      8.991     -5.152
 618   -2    -17.534     -6.654      5.462
1166  747    -11.307     -5.541      9.898
  -1  580     22.491     -9.243     11.068
 426   -2     13.189     12.105      7.280
 229   -2    -14.678     -7.099      3.390
  -1   -2      6.002      5.158     -0.167
  -1   -2     -3.907     -2.798      5.223
 812  489     -1.761     12.907     11.154
  -1  856     23.155     17.608      6.021
 820  447     -8.124     -1.063      3.348
 945   -2     12.234     16.150      9.852
  -1  381     18.169     -7.972     11.095
 987   -2      8.245      8.688     10.668
 863   -2    -14.289     -1.754     11.602
 944 1020    -12.019    -18.511      6.298
  -1  744      3.473     -3.287      7.630
 450  644     20.747    -10.263      6.784
 269   -2    -13.398      6.954      0.181
1024   -2    -14.298     -5.634      8.830
  -1   -2     12.307      0.350      4.441
1070  945    -13.154     15.599     11.244
  -1  536     19.661    -18.452      8.461
 840  768     25.137     -8.580      1.014
1046  300     -9.878     -4.843      1.378
 172   69    -14.681      0.944     11.074
  -1  266      6.054     -4.980      4.552
  -1  118     -7.583      6.463      2.212
 904  563     24.514     11.902     12.184
  72   -2      5.737     -0.152      8.744
 373  893     -7.752     10.985     11.178
 833  863      9.307    -10.995      9.065
1144   -2     23.966     16.403      3.445
  90   -2     -1.414     11.615      0.199
  -1   -2     10.790     12.003      3.669
 605 1124    -14.154    -11.706     11.691
 683   -2      9.222     -3.477     -3.915
1052  512     -4.763     17.697      9.531
 471  610      7.081     13.445     10.674
  -1  164    -14.226     -2.404     -0.310
  -1  234      3.217     11.113      8.219
1106   -2    -10.777    -16.086      6.820
  -1  605     23.371     14.779     11.383
 989   -2     -9.757     10.705     11.603
  -1   -2     18.464     -0.732      1.047
 459   -2     14.788    -13.199     -6.985
  -1   -2     19.477     10.176      6.969
  -1  639     16.968     14.075      5.200
 741  840     10.310    -14.945     -3.960
1058   -2     -6.452     -2.944     -7.939
  -1   -2     26.676     -9.312     11.649
  -1  933     28.563      5.139      9.498
 802   -2     26.442      6.499      7.670
  -1   -2     -8.616      5.436      0.831
  -1   -2     -8.193     -1.331     -8.045
  -1   -2      9.657     15.824     11.808
  -1   -2     -1.229    -17.666      5.975
  -1   -2     25.172      1.146      3.035
  -1   -2     24.194      3.652     12.477
  -1   -2      1.724      1.186      9.473
 408 1136     21.080    -11.519      2.844
  -1  330     10.152     13.630     12.130
  -1  268     -6.606      1.779      8.338
 783  478      7.954    -12.413      0.168
  -1  969     12.518    -13.411     -4.015
 911  710    -10.477    -15.279     11.459
  -1   -2      5.947     13.073     -1.481
  -1   -2     20.567     13.751      3.391
  -1  321    -16.152     14.010      7.497
  -1  833     -1.238     -3.188      7.213
  -1  827    -17.132     14.485      3.368
 626   -2      8.629     -8.442     10.939
  -1  748    -17.332    -11.720      3.024
1176 1074      3.241    -20.709     11.783
1002  870    -17.768     10.482     10.733
  -1 1013     26.551     13.938      1.044
 297   -2    -14.651      7.074     -8.076
 910  950    -16.990      5.775     10.684
1217  902     -8.504     -7.006      8.611
 993   -2    -10.778     14.780     11.640
  -1  894    -11.225     11.453     10.979
  32  162     10.082      3.986     11.586
 877   -2     -0.879     14.107     11.981
  -1  519     25.111    -10.494     10.533
  -1  646     22.109     10.252     -2.045
  -1  608      7.566     -9.787      0.423
 635   -2      4.469    -10.395     -6.703
  -1  612    -10.244     -7.122     11.483
  -1  847    -10.326      6.264      3.619
  -1   -2    -13.780     15.272     -7.057
  67  405     21.897      4.951      7.728
 404   -2      7.900      0.718      4.365
  -1  862     -8.756     -9.790     10.911
  -1   -2     -5.716      6.857     -4.745
1164   -2     24.266      7.147      7.953
  -1   -2     18.789     -5.996      1.089
  -1  861     12.696     -6.134      9.420
  -1 1270     -6.326    -16.542     12.634
  -1   -2     22.666     -8.797     -7.266
  -1  219     16.214     -0.437     -1.195
  -1 1113    -11.576     -7.730      3.248
1192   -2    -11.862    -19.206     11.547
 857   -2     -5.006      8.472     12.788
  -1   65      9.552     -6.465     -0.819
  -1   -2    -21.128     -4.995     10.421
 417  248      1.488      9.566      2.755
  -1   56    -16.234     12.632     12.043
  -1  733     20.190      0.953      8.515
 445   -2      0.590     13.067      8.801
  -1   -2    -16.141    -11.057      3.294
 685   -2    -14.649    -16.600      0.076
  -1   -2    -11.287      9.311     -6.768
 939  987     -8.400    -14.461     -1.285
  -1   -2     24.533    -11.617      6.314
 754  210     -8.203     -5.429      9.491
  -1  662     16.845      5.213      5.310
  -1   78     -0.693      4.437     -4.566
1094  625      9.604     16.856     12.381
 574   -2     23.839    -17.233      8.614
 948  617     20.108    -12.239      3.234
1167   -2     15.201    -18.392     11.441
  -1   -2    -12.606     -3.556    -10.757
 743   -2     22.932     12.226     10.389
  -1   -2     10.278      4.459      4.479
 956  403     18.592     13.022     12.206
  -1   -2     10.143      1.212      0.293
1125   47     -3.003      8.936      6.842
 163  585     25.654     -1.315      3.969
1068   -2     21.674     12.634     10.290
1029  511     26.930     -1.472      8.284
  -1  454     11.218     -3.124     11.860
 897  675     -7.185     -9.023      9.979
  -1 1126      3.871     17.463     12.309
  -1   -2     21.708     11.367     -1.073
 375   -2     -7.849    -12.179      1.388
1006   -2    -13.314     -0.503      0.106
  -1  484     10.001     -2.219      7.482
 937   63    -16.169     -7.859     11.572
 975  786     -5.243    -15.360      6.636
  -1 1017     -3.702    -20.083     12.563
 689 1002     25.573     12.040     12.051
 616 1143     24.381     11.495      9.791
   7  265     11.159     -8.228     11.165
  -1   -2     -9.899    -11.323     -5.796
 592   -2     22.711      7.775      1.855
  -1 1158     14.522      8.614      7.293
 263  179     23.107     -2.728      6.381
  -1  803     24.999     -6.769     12.130
  -1   -2    -17.036      8.983     11.901
 532  978     -3.280     14.769      1.822
 779   -2     -8.299      2.848      9.093
 237   -2     14.187      9.849      9.428
  -1  542      2.085    -15.144     -3.714
  -1  994     -3.953      1.850     -1.989
  -1  340      5.080      7.385      1.445
 960  685     -6.724     18.908      9.836
  -1  778    -11.741     16.389      9.151
1104  494      4.356    -14.040      4.645
  -1   -2     -5.523      5.700     -2.776
 555   -2      0.862     -5.937     -2.391
1193   -2    -15.024    -19.412      9.437
 712   -2     21.112      9.891      3.352
 133   -2     15.956      5.641     -3.461
  -1   -2     20.514      6.404     -6.602
  -1  326     20.796     -2.354     10.168
  -1 1047      6.846    -14.953     12.533
 412  835     24.688     -8.815      5.045
 444   -2      5.839     -3.600     -6.277
  -1  702      0.483     -6.779     10.428
  -1   -2     15.358      4.379     10.051
  -1   -2     13.371      9.353     -6.898
  -1 1121     15.055    -17.891     12.004
 749   -2      5.151    -11.647      8.826
  -1  355     14.501    -15.036     -1.450
1143  717     26.539     -3.195     10.846
  -1  423     17.164     -8.179     -1.088
  -1  839     26.167    -14.894     11.943
 464 1059     -6.485     -3.682      1.906
  45   -2      6.993      3.788     11.494
1076  457      1.423     16.973      8.895
  -1  123     18.939     -4.795      7.907
  -1  159     14.078     -3.768     12.467
1091   -2     -7.646    -16.465     -1.205
1040   -2      8.745     -2.769      1.857
  -1   -2      2.335     -9.699     12.289
1039   -2    -14.825     16.439     10.063
  -1   -2      4.495     14.095     12.143
 457  293      8.568     -4.718     11.534
 325  180     -3.651      7.478     11.192
 759   -2    -20.249    -10.370      5.844
  -1 1094     17.578     -5.497     10.450
  -1   -2     18.465     -7.320      8.659
  -1  348      9.028      7.588      1.553
 869   -2    -12.091     11.353     12.350
  -1   -2     21.567      6.435     -8.766
1043 1039      0.113    -12.376      6.248
  -1  392      6.507      7.647      9.678
 892   -2      4.625      2.084      9.492
  -1 1151     11.341     -6.800      1.684
  -1  282      1.731     10.532      6.687
  -1 1118     10.059      1.608      8.682
  -1 1103     14.641     14.607      9.692
1077   -2    -13.443    -14.870      8.669
1136  442     23.820      8.443     10.213
1117   -2     -1.347      4.252      1.200
1179  979     15.209    -19.151      8.687
  -1  878     14.513    -10.617     11.492
 656  409     -3.022     -8.742      7.514
1134   -2    -20.226    -14.753      9.400
  -1  621     18.961     18.831      9.878
  -1   -2     12.909    -11.535      1.017
1161  854    -15.304     12.825      6.621
  -1  124     -7.822     14.627      4.358
1115 1183    -15.539    -16.242      5.770
 507  715     18.214     13.595      9.568
  -1 1169     -7.139    -19.779      8.077
  -1  411     21.233     10.465     11.573
  -1  815      6.663     17.606     10.612
 837   -2      1.545      4.215      7.625
  -1   -2     -0.925    -10.965    -10.328
 265  627     -1.919      3.196     -3.784
  -1  656      9.454    -18.808     12.211
 158   -2      9.875     -0.703      6.242
  -1  235    -15.795    -10.226      5.985
  -1   -2     13.448     -1.426      9.462
  -1   -2    -13.170     12.731     10.659
 109  843     18.329      5.553      5.820
  -1  665     21.400      1.587      6.024
 508   -2     -5.476    -14.561      3.784
  -1  982     11.622    -18.445      7.299
  -1   -2     10.843      5.071      1.189
  -1  750      1.956     14.738      3.710
 638  743     23.556     16.965      4.760
  -1   -2     19.591      9.290     -7.899
  -1  491     23.976     15.509     -0.514
  -1   -2     13.922      4.828     -8.948
  -1   -2      8.415      1.187     -7.348
  -1   -2      3.639    -16.606     -0.811
  -1  502      2.872      0.240     -3.247
 339 1253     13.341      1.477      4.809
  -1   -2     18.433      3.142     10.620
 752  259      1.174    -10.310      2.930
  -1  668     14.273     17.575      6.943
 438  600     -4.412    -10.480      8.728
 961   -2      1.553     16.401     10.800
  -1  713    -11.095    -13.445      6.031
  -1   -2      1.601     -1.215     -3.218
  -1 1138     -3.602     17.350     11.787
1174 1275     25.252     22.879     11.946
  -1 1208     -2.671    -23.960      5.224
  -1   -2     11.374    -27.763     -5.420
1175 1217     17.407     24.050      4.854
  -1   -2     25.748     16.008     11.656
1180 1212     19.141     25.069     11.142
  -1 1206      9.489    -26.655      1.984
  -1   -2      8.100    -25.543      8.228
  -1  620      3.635    -19.654     12.897
  -1 1080     24.337     17.260     10.928
  -1   -2     -6.685    -21.353     12.318
  -1   -2     20.143    -17.938     11.789
1189   -2     14.502    -22.585      3.608
  -1   -2     17.830    -18.780     11.453
1182 1205     26.693    -17.226     10.057
  -1  775     22.263    -19.478     11.689
  -1 1207     26.978    -16.690     12.100
  -1   -2     21.985     20.087      8.413
  -1  745    -11.320    -16.123      8.515
  -1 1199     18.651    -22.739     10.033
  -1 1201      9.486    -22.830      5.742
  -1 1209     -1.639    -20.827      4.575
1183 1215     23.711     19.507     12.435
1194 1204     16.148    -22.829     11.593
  -1 1117      0.540    -17.087     12.257
  -1   -2    -23.552    -14.231     12.703
  -1  976    -18.664    -15.180     10.629
  -1   -2      9.245     27.094     10.610
1196   -2    -20.689    -14.199     10.957
  -1 1213    -28.474     -8.165      9.998
1157   -2      1.821    -19.821      9.159
1142   -2     21.754    -17.107     10.499
  -1   -2    -18.000      2.233      6.123
   5   -2     -2.222     13.145      4.001
 538 1245    -14.352     10.602      6.266
 973  629     -2.325     15.233      7.077
1198 1276     -3.448      1.030      6.849
  -1   -2    -11.230     13.856     11.120
  -1   -2      7.908     13.902     -5.459
  -1   -2     -5.991      6.232     -7.876
  44   -2     13.816     -3.629      0.625
  23 1300     15.201      3.847    -10.445
1171  115      5.579      0.488     10.477
  -1  584    -19.597     -1.016      8.064
 221  975     -2.565     10.286      3.294
  -1  112    -13.888     -0.913      2.691
  -1   -2    -15.267     -0.594      5.264
 623   -2      4.152      0.083      8.275
1208  139     14.456      2.775     -1.950
  -1   -2      5.859      7.307     11.005
  49 1228     20.393      9.486      7.117
  -1  278     20.029     12.991      6.320
1204   -2      8.532     -1.927     11.474
 170   -2     22.711     -8.176      1.300
  -1   -2    -11.594     15.176      9.756
1213   -2    -11.594     15.176      9.756
 773   -2      8.325      3.225     10.616
 184  678    -12.653     11.608     11.507
  -1 1057     19.862     14.760      8.494
  -1   -2     -4.165      7.219     -5.358
1214  472    -17.401      4.555     -1.371
  -1   -2     19.383     -7.479      3.997
1226   -2     19.773     -1.865     -0.049
 161   -2    -18.789     -8.178     10.200
  -1   -2    -12.248      3.041      4.704
  -1 1290     14.105     17.567     10.004
  -1  456     -5.676     14.850      4.675
 386 1257      3.427    -11.265      0.706
 155   -2      4.616     -0.243     -6.187
 267  160     18.114     13.149     -6.525
 549   -2     -1.803      1.405     10.089
1229 1292    -15.969     -7.486     -4.641
 580  437      0.810     12.804      8.155
 750  667      9.087     -5.138     -1.504
  -1  545     24.505     11.224      7.810
 380 1061     -7.570     -8.936     10.978
  -1  291    -12.155     11.925      1.388
 762   -2      2.858     16.737      4.995
 780   -2     -3.483    -17.487      9.802
 240  824    -17.511      3.150      4.352
 865   -2    -15.441     -3.612     -6.013
 542   94     18.253     -7.276      0.241
 978  518      2.431      5.066      4.366
  -1   -2    -11.230     13.856     11.120
 255  416     -3.555      3.714     10.878
 523   -2     20.358     12.191      6.253
  54 1284     19.918     12.671     11.297
  -1  129    -12.157     -0.090      1.108
  -1   -2    -12.275     -0.134      0.990
  30   -2     18.715     -6.030     11.094
  -1 1288      9.473     14.468     10.679
  -1   -2     19.383     -7.479      3.997
1243 1297     16.600      9.343      2.024
  -1   -2     23.634     -1.068      3.842
1224 1291      6.876     13.232     -1.344
  -1   -2    -11.230     13.856     11.120
1244  388     -0.152     -7.940     -7.013
  -1   -2    -12.157     -0.090      1.108
1242   -2    -12.275     -0.134      0.990
1200   -2    -11.230     13.856     11.120
1203 1281     16.453      3.525     -7.882
  -1  250     19.487     -7.620      4.209
 721   -2     11.352      7.264     -7.255
 208   -2     -3.236     -6.253    -11.101
