1313
 828 1078    -11.145      4.485     12.144
1256    6     16.030      1.827     10.108
  18 1222     -5.812     -0.719      4.278
   4  359      9.333      2.459     12.115
  -1   -2     12.900     -8.878     11.810
  -1   -2     -5.855      6.140     -8.321
   3   -2    -10.650      7.405      9.730
  13   70     -1.134      9.155      4.865
  11   24      4.819     -6.196     12.575
  30  256     13.189     11.148     10.020
  -1  188      9.753      4.319     11.578
  -1    7    -11.751      0.924      8.364
  25 1224      8.836      9.415     -0.254
 479  187    -11.627     -3.257      8.776
  -1  270     24.042      4.635      6.746
  -1  137    -11.263     13.815     11.110
 659  485     20.401      3.368     11.121
  -1 1280      2.173      9.951     -0.873
  -1   14      9.716      3.193      5.369
   6   -2     18.127    -10.258      9.785
1282   -2    -16.702     -0.526      5.957
  -1   -2     17.366      0.847     -3.699
  -1  559     -5.759      0.337      6.013
1267   -2     -0.235      0.172     -5.038
1287   44      9.318     -2.736      0.590
1281   -2     -2.329     14.751      7.224
  34  731     17.147      3.079     -3.406
  -1   -2     -9.216     -1.980      4.661
  -1  149    -10.441      7.560      7.381
  -1   -2     15.095      6.920      4.271
1041   -2    -16.238     11.878      6.194
 807   -2      8.544     13.081      7.381
 351   -2    -14.660      2.357     -2.553
  82   -2    -21.036      1.941     12.505
1257 1295     16.350      3.749     -8.006
 303   83     -7.028      7.599     -6.649
  -1   -2     16.390     11.291      3.971
   7   -2     24.715     -0.888     11.884
  -1 1223      7.024      2.222      6.333
  -1  689      7.798     -0.403      9.819
 476  434    -16.561      3.193      0.890
 785   11     16.835     -5.042      6.750
  84   -2      4.381     -1.659      9.065
 886  122      2.662     10.060      4.948
 242 1249     18.482      5.227      2.060
 240   18     -0.737     11.251      3.794
  -1    4      7.032      4.591      7.888
 895   -2     -4.708     -1.414     -7.448
 846   -2     -3.289      3.378     11.672
1125   -2    -11.680      9.353     -7.380
 194  151     25.374      0.856     11.984
 206  682     19.831     12.671     10.659
  -1  156     18.168     -0.414      4.794
  27  211    -14.242     10.561      6.395
  72 1233     16.699      9.557      2.546
  10   -2     -0.108     11.308      9.360
 545  881    -13.589     11.323     -6.447
1269   45     14.406     11.297     -6.554
1155  990     -3.413     11.365      8.937
  -1   -2      4.103      7.200      0.003
1105  227     -8.843      9.860      4.653
  -1  690      0.469      0.798      3.390
  -1   40    -17.288      7.432      9.628
 802   -2      6.530      4.052      5.436
 696  193     -2.127     -0.155      2.472
  -1  633      9.685     -3.249      6.337
  59 1232     18.917     -1.570    -11.059
 170  318     23.644      5.400      3.984
 184  230     -5.320     14.853      3.732
  -1  784    -13.314      0.862     -4.975
1222  680      5.739      0.342      8.152
  -1   20      9.283     -6.561      8.802
 121   -2     18.372     12.134      7.042
  -1   -2      0.943     11.456      9.013
  -1   -2     -5.711      0.414     -7.395
  -1 1302      3.466      2.457      3.956
  33   -2     -4.757     -1.289      7.315
  -1 1046    -10.748     13.455      5.970
1179  541      5.931     10.492      7.879
  55  464    -15.455      0.126      5.719
 109 1238     -7.892     -6.442      9.882
 304 1086     -0.460     -0.475      7.688
  50 1229     -7.476     -0.545      4.274
  -1   -2     11.324     11.422     10.279
 491   -2     12.263      4.197      8.770
  -1   -2    -11.820     10.425     -8.267
  -1  100     -0.975      3.199      0.481
 150  130     -5.118      9.615     -4.488
 110  363      9.869      9.830      4.461
  -1   -2      4.497     -1.410      0.855
  -1  246    -14.113      9.952    -11.443
1063   -2      2.537     12.221     -1.961
  -1   -2      2.132      5.239     -8.919
  37 1227     -8.063     -1.670     -0.443
  -1   96     19.668     12.946      5.932
  -1   -2     13.966      8.730    -10.535
 450  253     24.144     -2.238      7.349
 408    9    -13.569      8.462      8.688
  -1  438    -16.109     -2.622      2.387
 169   -2     10.868     -0.187     -0.898
 495  828     13.976      4.545     10.394
  -1  261     11.747      3.031      2.151
 502  292     -3.188      2.275      9.677
  -1  646      2.837     12.680      7.586
1271 1157     13.288     -3.051      2.633
 197   -2     10.334     -1.687      8.148
 885 1018    -12.947     13.946     10.778
 489  760     18.523     11.676      4.838
  -1   -2      5.952      6.157      3.112
 143   -2     16.567      0.113      4.742
 668  773     19.174     -5.023      7.960
 269 1120     13.901     -6.136     10.525
1171  754     -8.825      1.665     -6.234
  -1  389    -12.573      0.013      4.476
  -1   -2     -4.733      8.936      3.400
  97  328     -1.994     -0.332      9.066
 474  367      7.018      2.972      1.597
  -1   29      7.162     10.720     -5.609
  -1  106    -13.861     -1.933      1.662
  -1   -2    -13.506      8.347      1.319
  -1   -2     -1.606      6.555      1.100
 120  341     14.475     -0.985      3.678
  -1  277    -20.852      0.200     12.515
  85   -2     -0.318      1.967     -5.373
  -1   -2    -17.451      4.682     -1.572
 630   55     -5.356     12.024      8.730
 136  295     -1.763     13.170      7.053
  52  683     15.061     11.218     -2.099
1082   42     -2.447     15.109     10.482
  -1   -2     -1.603      1.019      8.757
 752   -2     14.181      4.019      3.141
  19   -2     -3.593      3.831     10.938
 780  726     19.650     -0.743     10.165
  -1  192     16.069      1.865      5.449
  -1  332     26.942      6.885     11.339
 217  234    -19.883     -4.671     11.867
1135   -2    -11.160      0.880      4.864
 187  604     25.384     -5.238      6.169
 402   -2     12.258     11.412      1.046
  -1  183     18.568     12.572     -6.315
  -1   -2     -8.708     12.903     -4.324
 127   -2     16.731     -9.126      7.435
 853   28    -13.071      1.019     12.197
 280  200      2.756     -1.410      8.783
 276  743      0.705     -1.206      9.586
 163 1277    -16.524     11.894      2.441
  -1   -2    -13.617     13.394      7.044
1001  562    -11.555     15.255     10.078
 340   52      7.500     11.117     12.343
1036  271      5.161     -6.387      4.789
 533   -2     -2.795      4.787     -0.143
   9  770      6.390     -2.294      3.098
  -1  107    -16.241      4.989     -7.360
 291 1253     -1.109      4.568      7.256
  -1  512     25.761      3.837      7.729
 273   -2     20.673      2.492     -1.831
  -1   -2    -15.277      1.007      9.630
 506  210     20.358     16.259      3.009
 215  430      1.786      7.287      4.322
  -1   -2      3.668      0.691     -5.888
 654   -2    -13.077      6.405    -11.242
  -1  240     16.195     -2.464      3.123
  -1   -2     22.975      3.726      4.746
 530  864     -4.343     12.923      4.053
 232  984     12.831     -5.178      9.144
  -1   -2     10.712     -7.331     10.086
1161  734     22.782      2.753      5.549
  -1  209     23.097      1.052     11.490
1261   60    -12.996     -1.748     -3.018
  -1  816      9.190      2.655      8.097
  87  912    -13.842     10.011      0.615
 637 1250      2.600     12.784      5.265
 108   -2      1.729      3.840     -7.730
 484   -2      4.121     -2.273     -0.840
1207  369      7.956     16.795      6.468
 375  516     11.321      9.490      8.317
  -1  416      7.365     10.777      7.855
 345  272      0.727     -6.331     -5.770
 865   -2    -16.621     -1.060     11.311
  -1   34     -6.130      6.587     -0.354
 390  786     11.927      5.353      6.101
  -1   -2     19.633      3.801     -2.751
  46   -2     18.749      2.586      7.393
1090  705     11.887     10.852      4.451
 227   -2      4.174      2.019     -0.461
  47  954    -13.558     10.713      7.778
 540 1261      3.389     11.033     11.728
 858   -2    -11.474      7.169      1.939
1191   -2     18.814     -4.800      4.595
 700  132      9.156      7.429      2.176
  -1   -2     11.445      9.480      9.733
  -1  578     15.743      0.073     12.432
  -1   -2     -0.874      3.836     -5.534
 902   -2      8.601     11.243     -7.312
 249   -2      7.517     -0.414    -11.097
 327   -2     23.544     12.073      6.225
  -1 1239     -1.255      3.891      7.316
1184 1023    -11.983     -3.926     11.915
 225   -2     -2.198    -10.847      6.390
  -1  752     20.915    -12.419      7.892
 388   -2     13.338     -6.553     10.679
  -1   -2      8.428    -10.242      4.635
  -1   -2    -10.013      9.253      0.139
  -1  267     20.027     11.666      5.832
  -1   87     -1.707      8.797    -10.395
  -1   -2     12.081      8.797     -7.876
 107 1022     14.905     12.970     12.562
  -1   -2     22.315      3.535      9.796
 981  160    -18.109      7.499      3.964
1313   -2     21.537     -5.240      1.702
 513  279      5.654      1.300     -9.965
  -1  806    -13.071     -1.767      4.769
  -1   58     12.471      2.825      7.124
  -1  433     -0.713      3.631     12.410
 845  165     -1.376      3.391      9.782
 274  326     -3.901     -0.990      5.241
  -1  290     20.760      7.675      1.698
 447  787      1.560     -6.026     10.748
  -1   -2     -3.754     -6.564      4.453
  -1   -2     10.950      5.095     10.973
  64   -2     -0.801     11.736     -9.404
  -1   79     10.873     -1.295     -4.198
 406  206      7.984      4.830     10.092
 157  164    -13.589     -0.341      9.380
  -1   -2     12.028     14.418      4.095
  -1  506     -1.061      5.641     -2.982
1206 1103     -9.016      7.879     -0.173
 969   -2    -13.953      2.903     10.150
1332 1276     14.305     -3.131     -5.657
 201   -2     17.692      5.864     -3.589
  -1  405     19.384     -6.500      2.303
 526 1185     -4.886     -6.578      7.201
  81   -2     21.727     10.118      5.423
 693  186    -11.677     -1.617      3.455
  -1   -2      5.839      5.599     -0.389
 202   -2     15.625     12.555     -6.216
 368   -2     18.616      7.887      2.636
 548   -2    -11.988      3.950     -5.310
  -1   -2      0.666     -2.779      9.506
1152   -2     12.799      1.879      6.406
  -1   -2     16.669      4.844    -10.975
  -1   -2     21.364      4.221     -6.055
 152   -2     15.260      4.375     10.164
 234 1269     -6.463      8.561      0.585
 803 1265    -16.646     -8.068      4.080
  -1  899     10.444     14.920      7.754
  -1   -2     -1.017     12.305      2.657
 210   -2      6.246     -0.318    -11.832
1144 1278      5.656     -0.421      8.073
  -1  313     23.518      5.336     -0.880
  -1   -2     -6.955     -3.982     10.416
  -1  542     17.791      4.700      8.078
 830  425     26.385     -6.262      7.960
 226    5     -2.901      0.446      9.485
 362   -2    -11.931     -1.650      9.291
 671   -2     17.987      0.350      1.834
 480  221     16.533     13.258      1.616
 424   -2     -1.072      9.900      8.192
 286   -2    -14.812     -2.171      5.937
 726  639    -18.987     -8.274      9.688
  -1   -2     18.193      1.667      6.597
  -1  218      4.183      9.852      5.461
 800  500     -4.069     -7.387     -6.314
  -1   -2      3.484      4.807    -11.684
 209   -2     21.743      6.635      5.030
  -1   -2     -1.117     -9.871     10.972
 271 1251     23.507      0.399      7.613
  -1   -2      9.972     11.950    -11.779
  -1  370     22.829     -8.163      1.382
 990   -2    -13.727     16.163      8.708
  -1   -2     -7.771     -2.943      3.761
 509   -2     -5.994     -0.065      8.110
  -1  138     17.322     -0.839      8.443
 658  198      4.379     10.769      2.482
  -1   -2     13.466     -6.639      8.544
 914  173     25.453     -4.466      5.558
  31 1225     -7.376     12.393      1.414
  -1  260      7.435     -1.895     11.562
  -1   -2      6.848      4.247     11.451
 632  415     19.443      7.914      8.172
1076 1156     -2.411      5.498     12.280
 130  219     -8.956     -0.358      7.443
  -1  908    -19.869      6.583      8.064
1124  440    -14.184     12.342      8.381
  -1   -2      3.482     -3.534     11.158
  -1  339     25.420      1.454      6.791
 586 1263    -10.481     -8.534      7.709
 900   -2    -18.398     -0.573     10.659
  -1  394     17.018     -2.713      8.530
  -1   -2      8.622     -6.241      1.890
 712   -2     18.035    -16.094      4.818
 175   -2     25.860     -7.506      9.831
1174  437    -13.308      7.393     -0.943
  -1  202     21.778      7.993      8.777
 397  125    -18.576      2.702      9.807
  -1   -2     15.176     12.123      2.455
  -1  212      1.431     -0.163     -2.414
 205   -2      3.326     12.693     10.953
 353 1150      2.131     15.942      7.701
  -1  397     16.442     -4.359     -8.183
  -1 1136     20.004      7.907     12.517
 733   -2     18.218     17.207      6.778
 744 1104     -8.681     -5.981     -5.138
 788  598     -9.638     -6.872      6.010
 355   -2     15.077     15.382      2.831
  -1  280     -7.703     -0.426      8.834
 412  611     17.625      4.544      4.548
 138   -2     25.415     -5.757      9.358
 631   -2     10.394      0.449      5.182
 600   -2     12.345     14.764      8.442
 623   -2     26.019      2.924      8.010
 827  455    -15.694      5.834      0.864
 901  642     18.534      9.313      7.899
  -1   -2     10.609      8.293     -6.701
 470  678     27.739     -3.724     10.149
  -1   -2     -2.349      6.214     -1.308
 329  442     -5.110     15.933      7.364
 439   -2     -4.082     -8.710     -7.121
 111  287      2.216      5.166     10.037
1279  847      6.042     -0.226      9.615
  -1  647     14.194      5.325      2.851
 568 1260      2.297     -1.688      0.291
  -1   -2     -3.004     11.443     -3.869
 131  254      5.951      9.032     -8.417
  -1   -2     -1.202     -1.214      8.044
 322  966    -18.890      4.941      9.271
 910  427     16.868     -6.340      5.217
  51   98      1.946      5.349      0.814
  -1  131     13.501     -2.027      2.105
 766   -2     20.025     -5.068     11.709
 922  488    -11.618    -10.946      6.591
1023  103      2.369     -2.286      6.300
 956   -2     11.400     -6.854      1.603
  -1   -2     19.514      8.914     -4.886
 275  274      9.981     -4.755    -11.140
 952  478     -6.947     16.876      8.449
  -1  139    -11.843     -4.174      7.095
 124 1127     24.290      6.325     11.499
  -1   -2     -8.865     10.889    -10.903
 328   -2    -13.370      1.143      4.686
 312  140     18.000     -3.569     -2.838
  -1 1128     -1.551     -6.901     11.075
  -1  170      0.082     -2.214     -1.335
 918   82      4.325      3.521      8.838
  -1  396     18.283      7.684     -0.094
 496   -2     16.958     11.528     10.502
1142   -2      3.157     11.524    -12.431
 764   -2      6.913     14.532      9.423
  -1   -2      9.850      4.093     -6.244
  -1   -2     10.560      4.069    -10.204
  -1   -2     -8.884     -3.053      0.945
 781  759     21.212     -4.442      8.194
 133  711     20.757      6.090     12.046
1237   -2     25.913     12.946     11.216
  -1   -2    -14.862     -1.166     -4.368
  -1  480     23.574     -5.466     11.994
 445   95     24.271      2.277      2.235
  -1   -2     -4.953     -1.213     12.167
 361 1256    -13.921     -2.261      8.375
 937   -2     -4.656     13.205      7.605
  -1   -2      1.813      0.292      2.748
  -1  547     21.678     -6.211     11.544
1013  353     13.480     16.447      8.480
  -1  624     -5.135     -5.535     11.642
 268   -2    -16.078     -1.529     -1.261
 333  197    -16.631      1.060     10.917
 241   -2      2.798     -3.690      9.977
  -1   -2     23.941     -3.373     12.453
  -1   -2      6.274      9.335     -5.468
 158  470     14.911      1.444      1.394
  -1   -2     20.310     10.796     -1.840
  -1   -2     21.129      0.047      8.362
 498  616      8.131     -8.677     10.616
 997  709      9.961      7.845      6.918
 967   -2     -4.393      2.271      7.804
1109   -2     17.612      3.541     -2.466
 393   73    -11.727     10.949      8.414
  -1   -2      0.306     -0.367      5.185
 411  482     19.106      5.541      8.068
 468   -2    -15.300     -3.475     10.693
  -1  572     21.687     -4.590     10.106
 930   -2     -4.308      8.069     -2.752
 618   -2     16.894     -1.997      9.254
 698   -2    -18.532     10.917      9.589
  -1   -2      8.412      4.286     -5.999
 263  412     27.257      2.176     12.485
  -1   -2     18.245     -3.023      9.162
  -1   -2     -9.536     14.032      4.615
 384  422      5.100      6.059     -5.917
 647   -2     14.330     -4.902      7.977
1180  311     13.143     -9.706      5.965
  -1   -2     -4.830      0.979      7.237
 239  104      9.889      2.953      8.597
1307 1066      8.953     -8.782     -2.366
 106   -2      3.247      9.906      6.964
1091  461    -17.065     -3.099     10.834
 736   -2      0.574     -4.281      8.838
 973 1274     10.474      4.298      8.935
 229  324     22.241      6.517      6.703
 603  404      5.072     -6.296     -7.493
  -1  358     -2.448      5.240      2.958
 129   -2     26.098      3.991     11.369
  -1  226    -14.585     -0.222      6.388
 387  588     -1.592     15.381      2.685
1318   -2     17.871     14.085      1.631
 611   -2      5.864     -8.879      6.939
1114  334      5.820     -4.133      5.870
1002 1101     12.514    -10.803      4.927
 293  712     19.396     -7.519      4.026
 420 1042     19.821      2.524     -5.754
 318   -2     -3.327      7.039     -1.347
1193   -2      9.468      4.355      5.693
1212   -2     10.281     -5.373      8.484
  -1   -2     10.780      5.099      5.350
 524   -2     -7.693      0.928     10.323
 154   -2      2.245     12.870      1.819
 469   -2     -6.621     -0.605     11.262
  -1   -2     -0.249    -14.734     11.762
 514  528     -2.188     13.945      9.777
  -1   -2     -9.566      5.314      2.376
  -1   -2    -10.786     -1.820      6.740
 624  782     -3.993     -4.801      9.474
 543  748      0.504     -7.510     -9.875
1157   -2     13.554     -6.603      4.299
  -1  739      8.207    -11.596     -6.449
 681  251    -16.277      3.925     -8.087
  -1   -2     24.988     -3.830     11.999
 346  452      7.373    -18.114      5.284
1168  677     -3.034     14.382      5.442
 862  918    -19.517     -0.697     11.862
  -1 1123     23.583     -3.438      2.675
 320   -2     21.812     11.319     12.111
 675   -2     -5.289    -10.178      5.963
 771   -2     21.730     13.270     -0.201
 655  590     24.599      1.613      1.336
  -1  659     17.896     12.667      2.122
  -1   -2     11.011      7.191     -1.458
  -1   -2     21.938      1.890      9.089
  -1   -2     16.624      5.370     -6.872
 573   -2      0.870    -10.956      9.295
  99   -2     10.194      2.350      8.868
  -1  718     -1.873     -4.009      6.107
  -1   -2     23.788     -9.379     12.540
 200   19     -3.283      2.717      7.171
1056  965     22.577      4.225     11.562
 935   12     -0.630     10.851      9.042
  -1  620     10.158     -4.650      9.255
  -1   -2      2.366      6.934      7.938
 894   -2    -19.498     -2.671      9.648
 704  352      6.019     -7.449     11.375
 874  346    -16.045      2.196      6.297
 832  765      8.216      4.490      0.637
  -1   -2     24.027      5.251      7.995
  -1 1107     23.188     -0.867     11.102
 282   -2     19.814    -10.936      4.994
  -1  510     20.218      3.442      7.176
 891   -2    -12.544     12.800      4.516
 185 1047     11.012     16.034      2.983
  -1  431     14.699     -6.497     10.745
 238   -2     18.056     13.329     -5.903
  -1  537     19.281     -1.192     -0.803
  -1  481     -1.408     -1.977      7.398
 640   -2    -10.276     -7.908     10.778
  -1   -2    -16.190     -0.965     -6.890
  -1   -2      2.749     12.039     -7.017
  -1   -2     17.032      1.370     -6.880
  -1   -2    -14.158     -1.842    -11.106
1100   90    -12.578      7.997      1.471
  -1   -2      7.122     -7.991     -7.141
 779  118    -11.678     -3.976      3.088
  -1  951     17.342     -7.607      7.647
  -1   -2     11.914      7.876     10.331
  -1  531     -6.911      8.431     -0.907
  -1  289      7.467      0.757      4.745
  67  379      3.464      6.696      3.202
  -1   -2     17.297     -5.357     -2.574
 666 1264    -17.239      8.648     -1.241
 831  702     -5.234    -11.574      7.164
  -1   -2      2.936     -9.420      1.847
 697 1122     21.665     12.575      9.833
 597  579    -17.551     -7.530      9.926
 971  665     -6.923     15.521      4.774
 547  330     -3.663     -4.341      2.575
   5   -2     12.667     -8.124     12.272
 525  638      8.177    -11.139     -2.999
  -1 1082     20.879     10.668      5.066
1097   -2    -18.692     -5.135     10.501
 389  618     25.128     10.521      5.154
 753   -2      0.561      6.597      9.651
 863  207      4.161      6.857      9.586
  79   -2      7.189     -3.635      3.544
 381  114      0.982      4.732     -5.934
  -1  778     21.036     -4.008     10.810
  -1  166      0.159      2.756      6.864
1284  335     24.701     12.309      9.065
  -1   -2     12.535     -2.489     -8.201
  -1   -2     14.849     10.766      7.378
 207  477     18.452      6.274      8.772
 961  780     17.112      7.048      6.484
 759  693     10.003     -7.609      8.865
 763 1226     15.781      3.541     -0.751
  -1  406     18.499     10.044      0.220
1092   -2      0.445     14.460     -0.123
1026   -2     18.271     11.611     -8.614
  -1  533     -9.923      3.056     -9.885
 747  721     23.952    -13.231     11.466
 965   -2     -0.237    -10.565      1.798
  -1   -2      0.606      5.994     -1.364
 482  977      2.418     -1.255      6.545
 825   -2    -15.266     14.019      7.868
 433   -2     17.915      0.691     12.359
 383   -2      3.192     -4.181     -6.240
 653 1067      2.954     17.880     12.001
 598  524      5.399     -9.089      4.211
 401   33      7.220      1.786      9.206
 199   71     14.985      6.904      0.107
 511  749     -0.673     -4.330      7.379
 776   -2     19.134      8.120     11.260
  -1   -2     -9.065     10.633    -12.508
 709   -2     -1.626     -4.111     10.142
 888  586      8.791     -2.341     10.835
1095  701    -11.757     -5.525      7.581
  -1  460      4.586     -3.298     -0.868
 638   -2    -10.545     -6.792     11.097
1049  569     17.295    -13.953      6.610
1068  372     -5.960     16.171      9.185
 308  685     11.183     -1.126      3.874
  -1 1106     -1.947      7.850     -5.069
  -1 1275     10.947      5.566     11.491
  -1   -2     12.637     -1.066      6.378
  -1 1142     -4.483    -10.244     -0.943
  -1   -2     -1.546     -5.982      0.768
1133   -2     21.725      8.064     -5.175
 755   -2     24.798      0.558      9.656
  -1   72     -9.792     -3.905     10.789
 103   -2    -18.305      0.222     11.651
 423   -2     22.168     -3.877      5.220
 710  357     21.242    -11.254      3.245
1214   75      8.998     -1.037      5.806
  -1  371     -8.364     -3.948      1.945
 929   -2     -3.796     -9.995     -8.995
  -1  738     10.955      0.205     -6.213
1007  393     12.074     12.531      3.425
  -1   -2    -15.592    -12.169      4.443
 815   -2     -1.315     -2.533     12.375
  -1  622    -13.222     -9.982     11.712
  -1   -2     19.650      4.903     -4.100
  -1  489     -3.126    -10.026     -9.370
  -1  239     -2.993     10.770     11.057
1301   -2     24.367      9.378      5.632
  -1   -2    -11.248     16.466     10.084
 707   -2    -19.693     -9.774     10.284
  -1   -2    -18.185      6.372      3.475
 684  503    -16.059      4.434     -4.937
  -1   -2     -0.415      2.242     -8.241
  -1  744     15.633     -4.019      8.249
 987  236     25.136      2.602     10.420
 494  532     -3.565     -9.416      0.314
1006   -2     -7.171     -6.937     11.966
 742   -2     -5.668    -12.243     -1.008
  -1   -2      2.968      9.328      7.486
1005  623     22.904      8.057     -1.452
  -1  391     -5.084     17.812     11.131
 882 1015     10.849     12.196      8.373
1117  278      8.801     -0.493      2.392
  -1   -2     -5.093    -12.679      5.860
 100 1077      1.228     -0.535      8.445
1141  403     18.475    -16.679      7.739
  -1   -2     -4.712     14.753     10.218
  -1   -2     19.531      4.594     -8.665
 380   -2     -6.218      6.337     -2.595
  -1   -2      1.164     -9.019      0.912
 580 1013    -15.537      6.596      4.530
 453   -2     11.609     16.382      8.540
  94   -2      8.041     -6.262      5.688
 457  644    -18.863     10.517     11.826
 183  522     -3.186      4.370     -2.817
  -1   -2     -6.083     -4.531      1.252
  -1   -2     14.601     12.206     -0.818
1208   -2    -15.855    -10.556      9.011
1309 1121      6.286     11.953     10.562
 413  580     18.728      9.713      3.755
  -1   -2      9.963     -7.936      3.735
  -1  153     -3.645     -0.261     11.864
 582  456    -15.426     -6.792      6.672
 287   -2     23.668     -3.326      9.635
 142  383     -5.396     -1.563      1.003
1236   -2     23.123     15.886      7.307
  -1  368     10.037     12.173    -10.098
 574   -2     -3.775    -15.432     -0.172
 962 1272      7.714      7.724      5.496
1182   -2    -15.768     -7.685     11.294
  -1   -2     15.676      4.286     10.052
 754  228     25.633     -2.493      9.744
1119  746     11.890     -2.719      8.537
  -1  441     -8.199     -6.181     12.193
  -1  761      3.550     -5.079     11.938
 960   -2     22.482     -2.809      8.166
 394   -2     18.871     -4.952    -10.023
  -1   -2     26.026      8.044     11.409
  90  614     17.568      1.865      9.212
 751   -2     19.037     -1.951      8.003
 991  999    -12.165      2.012      3.315
 306   -2    -11.525     -1.389      6.649
 576   -2     21.761     -5.286     -6.299
 673 1172     19.605     17.786      7.353
 939   -2      4.742     -2.039      4.058
  -1   -2     14.313      2.072      9.655
  -1   -2     13.917      3.227      9.823
  -1   -2     12.760     15.638     11.696
 662  779     -9.780    -10.805      5.481
 190  774     18.218     -2.095      4.167
1073  560    -12.161    -15.411      7.660
 405 1259      4.838     -6.153      1.042
  -1  284    -16.693     -0.134     -1.882
 444  108     15.268     -6.413      7.916
  -1   -2     -4.026      7.760      5.672
  -1   -2     -7.929     -0.564     12.194
 976  858    -10.741      1.124      9.302
  -1   -2     11.196     -8.115     11.767
 906  439    -19.664     -6.215      9.287
 307 1130     18.985     14.586      8.512
1293   -2    -13.600     -6.295     -2.598
  -1   -2     14.116      2.456      7.974
 837  838     24.562    -11.063      6.698
  -1   -2     23.035     -5.453     -2.387
  76   -2     10.373     10.073     -5.336
  -1 1012     11.084     -1.513      1.788
  36  943     15.714      8.323      5.655
  -1   -2     10.076     -3.255     -2.441
 636  338      6.578     13.876      5.906
 993   -2     17.614     -2.017     -4.943
 377  637     -3.479     -7.860      9.936
 486  471     14.796      8.420     11.009
  -1   -2     27.197     -8.179     11.362
  -1  169     -2.244      6.783     -0.319
 472  730     17.479     -9.467      3.853
 427   -2     22.845      9.640      8.019
 326   -2      1.544     11.280     -6.660
 556   -2      4.177      1.414      5.195
  -1   -2     -5.667    -10.475     -7.720
 505  558     18.848      7.437     -8.237
 692  317     -7.462      6.707      0.196
  -1   -2      5.275      8.223     -9.410
 646  945      0.303    -12.256      5.221
 219 1284    -13.147     -0.383     -3.828
1289  585     19.404     15.028     -0.557
 608   -2     15.364      3.679     -5.291
 913   -2     25.073     -6.478      7.743
 887  224     13.351    -12.925     -2.306
1045  451    -13.919     -7.857     10.395
  -1   -2     23.667     -1.059     12.443
 975  447      3.791     13.742     -5.042
1086  493     23.644     12.125      8.334
 627   -2     24.635      3.814      6.146
 578  157     12.000     -5.376     10.635
1083 1158      3.961    -11.629     10.712
 140 1242      7.588      7.679      1.832
 702  950    -14.500    -10.935      3.381
 570 1262     -8.966     13.702     10.734
  32   -2      0.329     -1.061      1.374
 421  208     -1.492     10.767     -6.840
 499  807     -7.090     -3.958      9.435
  -1   -2    -12.731      5.166     -8.262
 564   -2     -2.668     -9.556     11.963
1053  308    -10.038      6.062      2.990
 497   68     12.433     12.273      9.783
 458  361     21.830     15.047      6.643
1302  354     22.030      8.340     -0.738
1052   -2     -5.927     -1.676      2.200
1030  719    -18.251    -10.103      8.312
 452   -2     19.855     15.044      4.391
 691   -2     25.091      4.696      2.355
1019   -2     -4.252     -5.550      6.467
 541   -2      6.178     15.637      9.121
  -1   -2      9.117     16.014      4.064
 677  870     -9.456    -14.160      4.235
  -1   -2     15.732     -2.562      4.001
 487   -2      1.743     -6.036      7.176
 645  662      3.168    -12.983      5.477
  -1   -2    -11.573     -5.985     -5.863
 721  316     24.173      0.940      7.727
1064  696     19.492    -17.266     11.397
 221  269      6.626     -5.815      1.333
1297  566     -7.438    -11.881      2.542
 341  812     10.954     -6.931      7.347
1153 1044     -2.317     -7.735      6.392
1216   -2    -15.929    -10.562      6.444
 731  722     22.037     -0.964      9.656
 685  621     20.702     -1.228      8.533
 488  697     19.962      0.065     10.565
1046   -2     12.695    -17.680      8.206
 609   -2      8.557     10.843      8.555
 964 1152     19.290      1.643     11.662
  -1   -2      8.659      9.775     -2.352
 644   -2     22.465      3.970     -3.588
  -1   -2      3.444     -6.068      0.186
1106  567     24.282      7.978      7.904
  -1   -2     14.044     11.826      8.427
  -1   -2     -0.965     -2.173      8.275
 295   -2     13.558     -9.543     -3.534
  -1  941      4.961     12.415     12.277
 782  785     14.589     15.246     10.743
 281  518     16.320     -0.914     11.265
 617  607     -1.723     -6.720     -2.637
 734  769      4.534    -13.989     -2.143
  -1  617     15.188     17.766      9.379
  -1  152     16.221      5.219     10.827
1187  815      7.814     -3.364     10.877
 988   -2    -12.501    -12.631      3.613
1190  657    -12.523    -10.796     11.009
  -1  294     21.511      5.678     10.032
  -1   -2     -6.855    -11.229     -6.681
  -1   -2     19.287     -9.171     -6.160
  -1   -2      2.936     -4.488     -8.838
  -1   -2     21.468     -1.060     11.515
 220  232      8.658      5.797      2.277
 529  873     21.867     -3.804     -3.247
 798 1169      2.404     -9.384     10.401
 762   -2     13.544     15.168      9.901
1101 1148      3.026     14.257      8.538
 680  536      8.138    -10.594     10.062
1143  366     22.214     16.087      2.404
 535   -2     -0.625     15.904      8.580
 539   -2     17.347      6.494     11.129
  -1   -2     12.791    -15.294     12.206
  -1  599     18.966      4.262      9.746
  66   -2    -11.784      8.922     -4.934
 149   -2     -4.536     -0.063      5.786
1233   -2     22.953    -15.880      5.855
 504  582      0.125      0.542      6.075
 429   43     22.549     -2.912     10.450
 373  336      5.393     10.202      3.369
 729 1034     13.719    -11.102      9.826
 165 1164      0.451      5.397     -0.033
 500 1088      3.332    -10.961      6.631
  -1  635     23.198      8.538      5.846
 414   25     13.987      8.531      8.291
 442  776     25.849     -1.566      3.383
  -1   -2     12.711      3.707     10.826
  -1  509     17.509    -10.513      3.992
1201   -2      6.350    -12.590      7.761
 811   -2     -0.210     -6.604      0.621
  -1  768     20.993     -2.172      8.710
 905  863    -10.629    -14.859      9.495
  -1   -2     11.426     -9.571      7.400
 665   -2     -5.197    -13.332      6.890
  -1  716     15.230      5.833      2.640
  -1   -2     -6.152     -9.238     -8.056
  -1   51     18.522      8.981      4.189
1189   -2     -4.630    -17.990      7.072
  -1   -2    -14.816      4.730    -11.090
1198   -2     23.847    -11.044     10.947
1084   -2     26.297      8.737      9.005
1303  583      5.348    -12.904      2.099
1011  826     10.432    -14.332     -2.982
 331  603     21.931     11.586      9.023
 302 1029     19.052     12.839     -8.934
  35   -2      5.049      2.414     -0.987
1025   -2      5.579     -2.683     10.938
 349 1255     21.546      3.879     10.597
 460  610     -0.193     -9.031      1.381
 613  432     -7.669     -8.472      2.520
1183 1303      5.643      3.476      3.978
 615  180     -0.087     -3.560      4.736
 741   -2      8.507     -0.987      0.050
1034   -2      2.945    -13.435     -2.297
 989   -2     22.552     14.681      9.289
 670  906     -0.325     11.525      1.886
 970   -2     25.438     -8.564      9.774
  -1  552     -3.685      2.992     -3.553
 701   -2      6.738     17.548      8.779
  -1 1294    -10.714     16.570      8.673
 875   -2    -11.460     17.965      9.836
 843  868    -15.181     15.383      2.350
  -1  376     -8.776     12.136      9.159
 804 1266    -19.977    -12.467      5.767
1031   -2     28.940      5.941      9.650
  -1  333    -17.425     -1.817      0.254
 834   -2    -16.289     13.488      1.447
  -1   -2    -18.030     10.888     -2.973
  -1   -2    -19.559      1.614     11.233
 283   -2     -7.406     -9.901     10.413
  -1   -2     10.225    -14.796     -7.946
  -1   -2     19.344    -18.637      9.093
  -1  216    -18.577     -1.067      4.407
  -1  822     19.918    -14.485     -1.995
 430  857     -4.513     13.647     10.384
  -1  956    -11.073      3.363     11.234
  -1  177     -3.206      2.586     -0.227
  -1   -2     21.272     -4.826     12.222
  -1  499      1.258     12.679      7.184
 243   74    -16.286     -1.497      0.683
 664   -2     -3.812     15.884     -1.127
  -1   -2      8.481     14.773      6.107
 126   -2     18.907     -6.208     10.300
  -1   -2      6.115     12.453     -3.882
  -1   -2    -15.760      0.360      3.667
 813 1068    -19.807     12.143     10.987
 933  319     14.512     12.088      2.284
  -1 1032     25.607    -15.902      5.993
 561   -2    -10.985     -7.543     -3.073
  -1   -2    -12.548      1.500      7.877
  -1   -2     -6.219     -2.870      9.521
 455   -2     -9.439      4.144     -1.386
 182   -2     -7.300     13.623     -9.205
  -1  419     26.885     13.703      6.732
  -1  418     -0.426     17.160     11.173
  -1   -2     25.133     -9.330      1.019
 928  303     12.228     -6.685      5.954
 855   -2    -11.178     13.295      8.292
 824  546      3.377     16.186      3.054
  -1  258    -17.659     12.479     11.958
  -1   -2    -17.097     13.042      9.603
  -1  249    -16.742      5.271     12.582
 369  382      9.902     16.252      8.065
  65  181    -14.794     10.665     12.493
  -1   -2     28.428      3.872      8.739
  -1   -2    -13.385     12.724     -0.834
 705 1173      5.854    -11.662      8.515
  -1   -2     -3.998     10.350     -3.533
 125   15    -18.456      1.908      7.827
 515 1177      7.596    -12.941      2.163
 616  163     -3.796     -8.174      5.365
  -1   -2     15.805     -8.628      7.657
  -1 1163     -8.942    -11.736     -9.519
 715   -2     24.312     13.678     12.378
1120  220     16.194     11.862      7.450
  -1  957    -11.576    -15.304      4.040
 162   -2    -16.432     15.317      7.949
  -1   -2     -2.795      9.905    -12.555
  92  262      6.226     -8.942      1.634
 253   99    -12.293      9.088      2.026
 577 1052      6.524     -6.803      3.584
 550  550     -8.263      9.260     -4.111
1060  466     -1.325      8.320     10.760
  -1  829    -19.194     -1.236      1.665
1126   -2     -1.931     12.769      9.597
1032  539      9.379    -11.214      8.110
 938 1271     -8.654    -14.297      1.505
  -1 1027    -17.462     -4.229     11.777
  -1   -2     11.649     -2.115      3.660
  -1  793    -21.481     -3.523     12.429
  -1   -2     -3.127     16.258      5.127
  -1   -2     -1.736     15.157     10.353
  -1  763     17.044    -11.220     11.448
  -1  327     12.209     -3.711     11.939
 959   -2    -17.450      5.177     10.844
 560  344      8.166     14.584     10.287
 822   31     23.094     -6.693     10.199
 954  268     18.440      4.075     12.569
1003   -2     25.365     15.912     12.312
  -1   -2     -9.624      9.894     -6.969
  -1  885    -12.612      4.130      3.444
 907   -2     27.066     13.936      3.042
1247   -2     24.232    -14.658     12.757
  -1   -2      2.589     -8.480      1.998
 417  426    -18.255      7.507     10.967
  68  979     14.107    -11.201     12.532
  -1   -2    -14.460     14.926      9.744
 587   -2     -5.730     13.217     10.592
 297  375     19.338     -8.630      6.142
 365   -2    -18.201      7.782      6.786
 694  670     19.045     16.398      5.060
  -1   -2     16.897     -8.553    -10.302
 338 1094     -1.192     10.993      7.233
 342   -2    -13.556     -7.842      7.457
  -1 1144     12.063      4.050      3.796
  -1  872     -4.642      9.870     -9.444
  -1   -2     -8.824      2.230      9.265
  -1   -2     20.532     -0.252      4.694
 977  296     27.841      0.967      8.405
  -1  803    -19.098     12.155      8.793
  -1   -2     -0.843      5.119      7.338
  -1  691     -5.659      5.284      3.238
1298  927     -8.020    -10.853     10.517
  -1   -2      2.064      8.637     -9.207
 674   -2      5.565     -1.677     11.843
  -1  178     27.019     -6.501     10.288
  -1 1139     24.789      7.893      9.645
 356  320     25.122     -6.871     11.478
 164  596    -18.390     -0.542      9.475
  -1   -2     -8.164     -9.794     12.111
 903  654    -11.134     11.624     12.468
  -1 1116     -0.254     18.372      7.457
1051  698    -19.976      5.617      8.037
  -1   -2     -9.458      4.493     -4.630
 958 1055    -15.781     14.859     11.612
 877  997      1.584      9.013      4.189
 978  865     -4.274     16.578      5.341
1213  914      1.319     16.588     12.174
 101   -2    -11.522      0.017      7.894
1059   -2     16.181    -17.534     10.782
  -1   -2     21.243      9.717    -12.098
  -1   -2     -0.676     -0.979      5.055
 153 1141    -10.928     13.439      4.102
  -1 1010    -19.717    -10.677     10.974
  -1   -2    -18.197     -7.216     -2.809
  -1  986     -5.631     18.676      7.314
 817    3    -12.542      6.540      6.010
  -1   -2      9.902      9.937      7.939
  -1   -2      3.556     16.878      3.968
  -1   -2      2.619    -12.362     -6.189
  -1   -2     21.486     -6.516      1.815
  -1  263     13.457      7.431     11.219
  -1   -2     24.850     13.292     10.755
  -1  896      2.922     15.368      4.804
  -1   -2      0.653      0.006      8.849
 628  666     -9.821      8.401      4.775
  -1  548     -0.892      1.821      8.707
 337   -2    -12.177     10.941      0.955
1115   -2     29.100      6.424     12.132
 940   -2    -19.201     -3.659      6.808
 917   -2     23.288     17.806      5.778
  -1  867      0.426     -1.583      7.646
 626  487      6.897     12.067     12.571
 492   -2     11.814    -10.850      5.151
  -1   -2      3.102    -10.611      4.190
  -1   -2     17.026      5.049      9.294
1246 1175    -12.036    -19.012     11.442
 727   -2      5.885      1.730     11.272
  -1 1058     27.266      8.722      4.225
  -1  259     23.857      0.002     12.261
  -1  281     26.658     -7.949      9.880
 378   -2    -16.887     -7.403      9.475
 812  742     21.700    -11.213     12.477
  -1  551     10.259      3.303     -0.323
  -1  832    -11.818     12.094     -0.489
 151   -2     19.493     12.400     -0.032
 758   -2     -7.492    -12.671      7.009
  -1   -2     12.548     16.118      2.994
 870   -2    -18.051     14.361     12.497
  -1  747     25.914     -4.470     10.222
  -1   -2      9.697    -12.445      6.809
1319   -2    -13.913     13.622      2.289
  -1   -2     -3.396      0.544     -6.549
  -1   -2      8.468      0.715     10.491
 841   -2     19.063     -6.684     -6.483
  56  109    -14.030     -1.841      5.111
  -1   -2    -12.934     -1.793      1.291
  -1  725    -15.271     -2.140      7.824
  -1   -2     16.415     -7.738      8.934
1300   -2     -1.833     17.254      7.333
  -1   -2     12.141      1.542      2.682
 999   -2      0.386    -15.414     -3.520
 296   -2     -1.372    -10.738      0.276
 590   -2      7.145     -7.060      6.189
  -1  613    -14.584     12.502      9.180
  -1 1291     -7.228     -9.204     10.365
  -1   -2     16.814    -12.993      3.563
 893  903     10.502    -16.038      0.070
 523 1024     -5.458     -9.749     11.836
1075  589    -15.296    -12.465     10.989
 119   -2    -18.060     -2.276     -3.609
  -1  450     -4.839     13.925      7.811
 566   -2     -8.898     -3.775      6.411
1139   -2     16.167    -10.118      6.325
  -1  523    -19.438     -3.781     10.685
1014 1267     14.951      9.657      2.212
 823   -2     26.571      5.099     11.512
  -1   -2     26.632      8.191     12.290
  -1  174     11.252      3.311      2.688
 979   62     17.073      1.102      5.024
1149  417    -21.078     -9.894     12.681
  -1   -2      6.248     -5.596      5.797
 948   -2     25.927     13.503      8.274
  -1  640     -3.462     -4.538     -3.814
1203   -2     -2.876    -15.612      7.196
  -1  204     10.995     14.416      3.561
  -1   -2     -5.743     -3.052     10.250
  -1 1153     14.338     -9.609     10.435
  -1   -2     -9.596      0.583     10.281
  -1   -2     11.795     16.282     12.486
  -1  948    -15.391    -10.801      3.236
  -1  740      3.567      9.343      8.860
  -1 1288      5.882     -0.060     11.329
1286   -2    -12.769     -3.534      2.766
  -1   -2     22.938    -10.506      7.452
 398 1258    -15.328     12.600     10.933
 836   -2     -8.319     16.190     12.480
  -1  893     27.483      1.518      7.447
  -1   -2    -16.213      3.082      3.136
 419   -2     27.427     -4.834     10.366
1188  243     -2.764     16.502     12.204
  -1  233      3.356     15.126     11.369
  -1  814    -12.634     -6.888     10.204
  -1   50     -9.792     13.089     -0.194
 252 1283     13.048     15.410      5.064
 473  930    -10.489      5.406      2.993
  -1  798      4.792     18.406     11.989
  -1   -2      3.990     15.548      3.134
  -1  619     29.244     -5.775     12.246
  -1   -2     -5.545      5.998     12.147
  -1   -2     29.232      7.855     11.362
  -1  127     -0.733      5.525     11.538
  -1   -2      0.528    -10.369      2.757
 310   81     18.197      6.453      2.641
1130   -2     16.325     10.518     11.522
 934  886     -6.283     14.940     12.422
  -1   -2     -3.814     -2.987      1.108
  -1  584      7.402     -8.715     10.416
1224 1118      4.419    -11.545     -2.844
 854   -2    -13.571      3.218     12.660
  -1 1095     -2.895     11.985      8.613
  -1  767     17.462     14.037     10.684
  -1  380     18.524      0.628      7.582
  -1   -2    -15.428     -3.091    -10.657
  -1  714      0.222      9.639      9.448
  -1  982     21.889      4.460     12.529
  -1  972    -12.017    -18.544      6.307
1151  700     25.947     -1.128      8.902
 382  823    -16.944     13.157      6.269
1169  629     19.470     10.203     12.471
  -1   -2      8.198     -9.659    -11.455
  -1   -2     -3.877     -2.964      3.571
  -1   -2     17.345     -8.206     -5.475
1255   -2      5.477    -18.723      8.640
1015   -2     25.676      9.152     -1.448
  -1   -2    -13.100     15.977     10.088
  -1 1051     18.858     10.845      7.311
1204  115    -15.070      1.609     11.127
  -1   -2     22.777      8.310      9.822
  -1   -2    -14.797     -4.861      4.146
 909  145      3.693      7.418      9.660
  -1   -2     -7.298     -3.217     10.263
1029   -2    -12.662    -15.098     10.179
  -1   -2    -16.087     13.225     -5.137
 714   41     -4.567      5.464     10.128
  -1   -2      5.440      6.755     11.956
   1 1218     15.495      0.886      8.864
  -1   -2    -12.791     13.236      4.782
  -1 1154     -0.271     12.592      9.984
 699  727     20.064     16.885     10.262
1215 1002     17.396     16.804     11.439
1239 1210     -8.731    -18.126     11.076
 555   -2     19.733     15.273     12.662
  -1   -2     -8.389     -0.874      6.171
  -1   -2      9.826      6.576      7.359
 723   -2     15.313    -16.000      4.234
  -1 1170     -6.380     13.048     11.463
1000  925      4.383     13.702      5.194
1145   -2     17.399     -0.476      8.741
1227   -2     21.311    -14.468      8.983
1314  684     11.774     -8.828      8.532
  -1   -2     20.412     -6.405      7.808
 456 1053     26.276      5.448      9.981
  -1   -2    -20.378     -5.832      8.648
 873  923     24.646    -10.619     11.182
  -1   -2     11.173     13.029      7.948
1122  553     23.289     -6.309     11.999
 599  728     -1.558      8.892     -3.708
1172   38      1.942     10.545      6.382
1304   -2      2.049    -14.217     10.184
 899  817     28.553      5.435      9.831
1043  564     -1.751      6.998      2.585
 946  985    -11.676     17.061     10.993
 594   -2     14.291     18.641     10.889
  -1  736     -9.896      4.813      3.118
  69   -2     -7.442     16.789      5.026
  -1  494     -6.493      9.751      4.513
  -1   -2     18.524     11.334     12.290
 968  901     -6.025     18.807     12.329
1245  775     10.947    -18.232     12.061
  -1   -2     -8.917     10.273     11.468
  -1   -2     14.478     -4.312      4.362
  -1  834     -0.300     14.690      7.062
  -1   -2     -5.465     -4.052     -8.235
  -1  606      7.426      1.809     11.616
  -1 1033     15.734     -1.730      9.232
  -1   -2     25.459    -10.980     10.147
  -1  707    -12.353    -10.965      4.279
  -1  309     13.516    -10.424      8.450
1205   -2     10.338    -16.636     10.598
  -1   -2     23.283      1.677      8.886
 591   -2     22.040      9.493      8.496
 932   84      9.864     15.783     12.428
 571   -2     17.838     -7.343      5.140
1127  688     22.535     14.129      1.795
 174   -2    -16.605     -6.237      5.953
  -1  554     15.839     11.479     10.075
 212   -2      5.628     14.401     11.016
  -1   -2     20.772    -20.822      2.433
 277   -2    -12.551      9.956     -4.122
 852  213      7.137      6.004      8.262
  -1   -2      5.137      1.932      8.083
  -1 1096      3.469     -1.140      7.666
  -1   -2     18.427      2.683      5.541
  -1 1008    -19.614      8.998      9.356
  -1  932     -5.597     20.065     11.734
 992   -2     18.789     -7.242      7.936
  -1  231     -5.399     11.243    -10.117
1199  514     15.307     14.391     10.559
  -1  576      5.119     10.620      9.143
 542  571      9.775      6.448     -0.530
  -1 1099    -13.873      9.923     11.268
 904 1041     13.861    -18.392     10.058
  -1   -2      2.229      1.618      7.989
  -1   -2     25.143     11.703      2.982
  -1  762      6.929      8.635     10.970
  -1   -2     -1.210    -14.613      1.084
 435   -2      3.294    -11.688     -2.058
  -1  445    -14.259     -9.994     12.630
  -1  970     25.242     -4.363     12.328
  -1   -2    -10.059    -16.625     -1.734
 986   -2      9.841     -8.132      6.617
  -1  764    -12.330     17.652     11.494
  -1   -2    -19.629     13.040     10.420
  -1   -2    -13.134    -15.582     -4.282
  -1   -2     -4.943     17.281      8.600
  -1   35     18.445     -3.708      6.948
1055   -2      0.135     -3.086     -0.950
1311   -2    -12.053     10.144      0.901
  -1   -2     22.699     -8.005     -1.423
  98 1235     12.403     11.196      9.617
  -1 1176     11.064     -0.558      1.438
  -1 1050    -17.697     14.893      8.081
  23  322      9.200      1.959      4.748
 122   -2      9.815      5.690      5.164
 607   -2     22.413      5.669     -3.181
 593   69     20.280     14.932      7.294
  -1   -2     26.710      9.750     10.659
1154   -2     -8.407     17.719     10.984
  -1  818     -0.765      0.978     -3.283
  89  142     -8.880     -5.522      9.238
 866  587      0.300     16.635     10.918
 507  745     19.523     -0.618     -3.911
  -1   -2    -10.531     16.815     10.446
 588  252     11.206      2.881     12.014
  -1   -2     21.316      0.429     12.109
  -1   -2    -16.368     10.169    -10.026
  -1   -2     23.116      3.790     -4.717
  -1  842     12.361     16.482     11.599
  -1  283    -10.830      7.093      4.406
1004  694     -5.615    -17.719      3.004
  -1   -2    -16.162     14.827      2.981
  -1  672     26.711      2.914      5.355
  -1 1181     26.248     18.531      8.944
  -1  574     -9.180     -6.179     -0.048
  -1  723      4.118     -8.754      6.592
 246   -2      1.209     14.148     11.936
  -1  673      7.177     -2.608      6.545
  -1   -2     13.487      2.121     12.485
  -1   -2     -0.324      9.539     11.278
  -1   -2      7.543     14.690      8.563
  -1   -2     -3.268      1.123      4.736
  -1   -2     11.801      5.372     10.303
  -1  568    -13.601      1.338      3.535
  -1  540     14.003     -5.427      9.074
  -1   -2    -10.639    -10.796      1.749
  -1   -2      2.216    -17.246      1.621
  -1  191      1.839      1.652     12.330
  -1 1020     -9.678    -14.802      8.472
  -1   -2      1.746     -1.977      9.137
1009  835    -11.364    -15.928      8.232
 313   -2     -7.682     -9.039     -2.370
 784  502     24.608     12.129     11.137
1027  704    -15.348    -11.502     11.343
 370   -2     -4.422    -12.177     -0.880
 783   -2     -1.575     -2.925      9.441
  -1   -2      0.216      5.298     12.405
  -1 1079    -18.636    -13.571      4.776
1148   -2     -5.191     15.429      9.894
  -1  805     28.110      5.572     11.828
  -1  329     13.847     -5.364      5.286
 104 1237      7.831     -1.831    -11.289
 791   -2      5.776    -15.215      4.911
  -1   -2     -2.452     -5.488     11.806
 250   -2      4.831      9.836      3.993
1146  715     -1.655    -12.153      2.199
1048  958     -4.512    -14.426      7.393
 857 1112     -7.297    -17.376      3.575
 869   -2      7.164     -9.350      6.749
1274  962     -9.708     -3.730      8.539
1042  909     25.215     -9.808     11.404
  -1  385      8.649     -3.176      2.873
1121 1207    -19.476    -14.156     11.401
1017  222     22.092      5.181      3.994
1102   -2    -11.200    -17.658     11.253
1229 1217    -16.327    -16.899     11.239
1192  597     26.634     16.383     11.175
1195  947     23.334     10.273     -5.730
  -1  196     -1.377      4.427     -3.973
  -1  141     -3.017     -0.659      6.305
1128 1161      5.837    -15.170     11.788
  -1   86      6.060     -1.375      9.557
 941  821     -4.184      9.618     10.811
 760  609     23.334      8.518     12.335
  -1 1110     -2.985     13.342      7.853
  -1   -2     18.831     -0.930     11.906
 745   -2     17.341     13.438     11.987
 953   -2      9.973     -6.941      2.236
  -1   -2      7.377    -10.637      0.678
  -1  577     14.902     -2.820     10.357
 661  490     19.392     11.152      9.969
  -1  190     11.217      9.795      0.395
 463   -2     23.356      5.777     11.457
 651   -2      1.308      4.042     11.907
 994  408     -1.388     -8.353     11.508
 554  944      2.270      5.033     11.851
1218  443     -5.992     -7.367      2.292
  -1   -2      3.848    -23.748     -1.337
  -1   -2     15.450    -21.914      9.637
  -1  819     -4.218    -18.762      8.042
  -1 1213      7.314    -19.999     12.288
1228 1193     20.054    -25.366      9.606
 354 1197     26.319     13.279     12.843
  -1 1186    -19.545    -15.019     12.618
1232 1191     23.698     19.633     12.536
  -1 1211     -5.537    -19.474      7.022
1250 1195     18.242     25.993      8.886
1238   -2     21.533    -19.061     11.511
  -1   -2     14.458    -23.448     12.044
  -1  755     -3.750    -17.799     11.474
1140 1215     -0.332    -19.536     10.289
  -1  946      8.468    -20.088     10.926
  -1   -2     22.144    -19.561     12.163
1253  980      0.607    -23.061      5.228
  -1   -2     27.347    -22.970     10.330
1305   -2     24.183     19.089     10.939
1249   -2    -23.865    -14.969     12.848
1225 1084     19.845     22.284     11.224
  -1   -2    -15.810    -16.527      0.116
  -1   -2     15.435    -21.822      4.417
  -1 1188      6.513    -22.477     11.362
  -1 1155     -2.101    -24.840      7.091
  -1  513     22.196    -18.148     12.797
  -1  668     16.332    -19.905     11.887
1231   -2    -23.768    -13.828      6.176
1244   -2      6.064    -22.068     10.371
  -1  750    -17.111    -12.725     12.162
  -1   -2     13.063     -8.875     11.809
  -1  955     13.027     -8.917     11.845
  -1   -2     15.875      1.906     10.563
  -1   -2     16.357     11.208      4.231
  -1   -2      9.022      9.086     -1.107
  -1   -2     13.025      1.721     -1.920
1295 1290     12.994      1.736     -2.011
  41 1230    -10.405     -2.125     11.682
1265  414     15.595      2.474     -1.630
  -1   -2      3.424      2.428      3.821
  -1   -2     18.271      1.664      6.327
  -1   17     18.261      1.718      6.339
 360  887     20.738      2.661     -6.470
  24   -2      7.066      2.251      6.302
1270   -2     13.673      8.606     -4.068
  -1   -2     -5.729     -0.820      4.349
   8  570    -11.825      1.053      8.147
 285  282     13.764     -2.370      0.919
  78 1234     -5.613      0.344     -7.341
 522   21     22.301      5.605      5.479
  -1  529    -10.463     -0.605      8.779
1258   -2     15.028     15.466      3.024
1268 1287     16.581      5.318     -6.915
 135  788      9.517     -2.505      1.343
  -1   -2      5.415     -0.537      8.620
 795   -2     14.536      1.152      9.981
 118   -2     -1.338      3.981      7.718
  60   -2     24.380     -2.087      7.419
  -1   -2    -16.633     11.830      2.207
  -1  724     10.939      5.125     10.842
 230 1248     12.463     -6.182     -2.421
 676  121      7.330     -2.433      1.535
  -1 1246    -17.480     -6.638      5.069
 374   -2     10.567      7.649     -2.554
  -1   -2    -16.085     -2.685      2.316
 558   -2     -1.995      3.419     -4.264
 288    8      1.852     -2.595     11.702
  73   -2      9.339     -0.187     10.006
 924 1087      0.799     16.232     11.094
  -1 1083    -16.519      3.259      2.229
  39   -2     -5.747      0.316      5.962
  -1   -2     -7.300     -9.089     10.249
1296   -2     -7.315     -9.061     10.209
1292  150      6.179     -7.569      1.132
1285 1289     25.556      2.015     10.200
  -1  650      1.752     -9.226      8.274
1315   -2     11.369      6.988     -1.607
 738   -2     18.806     13.154     -9.772
 189 1273     10.965      5.609     11.614
 159  247      1.438     12.421     11.081
  -1   -2     -1.488     -9.689     -0.971
 477 1037     19.161     -1.705      8.816
  -1  351     21.597      8.024     -5.438
 884   -2      8.685     -9.467      7.755
 440  413    -10.010     -5.678     11.147
1259  794     -3.401      2.377     10.458
  -1   -2     -2.074      9.670     10.639
 829   -2    -19.464     -1.686      2.506
  -1   -2     -6.801      0.312     11.072
 300  101    -13.607     13.335      7.265
  70   -2     18.648     -3.888      7.029
  -1 1005     -3.713     16.392      7.424
 416  241      9.077     -7.782      8.672
 228   -2     24.252     -6.461      9.458
 761   -2     18.199      5.711      9.451
  -1   -2     -3.072      7.096      1.254
 236   -2     -7.829     -2.974      3.614
  -1   -2     11.293      8.108     -1.060
1330   -2      3.424      2.428      3.821
  12 1221     16.320     11.216      4.140
1263 1285     11.109     -4.473      2.983
 925  168    -10.714     16.570      8.673
 294   -2     23.699      5.664     -0.206
  -1   -2     14.420     -6.551     11.306
1275   -2      8.997      9.826     -1.271
1078  143      6.745     12.352     11.769
  -1    1     12.942     -8.954     11.987
1322   -2     13.048     -8.891     11.815
1325 1299     15.648    -11.782    -10.819
  -1   -2     18.284      1.738      6.139
  -1   -2     18.271      1.664      6.327
 521 1091     18.237      1.689      6.436
  88   97     16.757      7.707     -5.335
