1316
1170   -2     -9.997      5.997      8.616
  -1   -2     15.954      1.794     10.304
  -1  622    -17.561     -2.747     12.638
   5    3     12.900     -8.864     11.999
 889   88    -10.385     -2.315     11.777
  34   -2      2.182     -0.103      4.027
  -1   81    -17.279      2.734     -0.626
  -1    2    -10.704      7.571      9.710
  -1   -2      6.892      2.285      4.609
  -1   -2      5.601      5.938      3.690
  -1  263     -4.119      1.838      9.157
 297    8     -4.035      2.926     10.044
 336   13     23.031     -3.671     11.447
  20    9     16.346      3.800     -8.033
  -1 1029      0.842     10.606     10.574
  -1  123    -11.230     13.865     11.114
  -1   -2    -18.036      2.195      6.142
  -1   67    -10.142     -0.958      5.275
 416   -2     15.907     -3.262      4.340
  -1   -2      5.786      1.281     -9.891
 801 1287      1.673     14.380     11.400
  -1   -2     18.826     14.305      3.371
  23   28      3.960      2.011      2.333
  -1   -2    -12.109     10.430      0.175
  -1  219      1.361      4.537      8.226
 339  147     20.733      2.961     11.891
  -1   91     10.083     -1.687     -0.882
  -1   -2    -13.503      7.258     -1.229
  -1   -2     19.251      1.698     -7.084
  -1   -2      8.455     11.427     -6.381
 384   -2     13.341      8.159      5.473
  -1 1114     -7.507     15.776     10.572
  -1   -2     12.549      1.672     -6.098
  -1 1246    -12.907     -2.019     -3.361
 241  769     11.352     -2.499     10.611
  89  892    -13.792      7.149      3.968
  35   17      0.964     -1.242      9.152
  48   68     -9.536     -3.325     11.797
  12   32      6.603    -10.003      5.308
  77   55     18.868     -1.640    -10.850
  -1   -2     -7.136      0.164    -11.856
 300   -2     13.299     12.486      9.867
  52   -2    -12.198      1.148      9.122
 518  834     -2.246     14.758      7.041
  -1   -2     19.907      6.952     -2.966
  -1  174    -16.434     -0.041      2.370
  -1  227     17.264     -1.051      8.751
  -1  536     17.055     13.049     -2.701
  30  811    -14.390     10.491      6.278
  -1 1248     -5.816     -0.760      4.522
  61  416     13.520      5.648      6.830
 907 1018     -1.870      9.654      7.190
 112 1253     -0.250     -4.194      2.178
 783   -2     11.633      4.787     11.180
 656  607     -7.181     -3.509      6.218
 109  623     -2.408      5.497      6.693
  -1   -2     -2.121      2.265      6.278
  -1  177      9.275      5.127      9.553
 434   -2     18.913     -6.268     10.517
  -1   -2     25.614     -5.040      5.684
 904   29     -0.526     -0.728     10.687
  -1   26    -17.540      4.402     -1.168
 307   38     -0.266      0.966     11.801
  -1   -2    -12.609      0.298      6.234
  -1   -2      3.895     -0.420     11.764
  -1  860     -8.800      3.218      6.717
1254   20      9.691      3.249      5.170
 515  197      0.387      4.033     -7.947
  -1   -2      7.061      7.244      2.699
 343 1275    -12.416      0.236      2.065
 107   37     19.010     -0.192     -8.171
  17   -2      0.612      4.767      7.074
 617 1280     14.999      8.695      1.717
 324  971      5.963     -0.539      9.639
 154  419     -2.233      6.190      2.229
1279   -2     -9.083      9.120      6.612
  -1   -2     -1.375      3.340      9.879
  -1   -2    -16.217     12.603     -3.806
  -1   -2    -10.257     -3.792      2.681
 330   -2    -16.471     -0.515      6.167
  -1  493     20.335     -0.747     11.823
  -1  206     -6.717      8.681     -5.895
 845   -2     13.760     -8.641      0.173
  -1  164     24.089     10.888     11.552
 370   73     11.294     11.444     10.277
 896   -2    -15.731      1.339     10.987
  -1   -2      8.836      9.347      0.007
  -1 1247      3.324      0.020     -7.177
1048   -2     19.303     -8.600      6.302
 375  513      4.972     -3.193      5.322
 767  366    -13.449     -5.451     12.018
  -1   60     15.052      3.088     -5.273
 942 1136     -9.783      2.998      7.544
 914  180     -8.121     -1.889     -0.182
1241  564     23.821     -1.960      5.931
 318   -2    -15.538      0.145     -2.944
 724 1333      5.145      4.599     -2.202
  -1   76     16.315      6.396     -2.322
 215 1267      5.630      0.561     10.517
 597  531      6.127      6.809     -0.723
  -1   -2      2.743     -3.171     -4.968
 605  609     -2.159      3.804      0.679
  78   -2    -15.851      1.227      9.084
  -1  154    -14.894     -1.915      5.467
1239  259     -5.384     16.095      6.649
 981  467     24.342     -4.698     10.145
  -1   52     21.391      0.412     -0.546
1178 1002      8.506     15.023     11.758
 631  582     22.086     -8.211     -2.249
1253  224     18.652     10.464     -5.215
 186  545     -5.508      8.545      2.032
 218   -2      9.250     12.539     12.646
  -1   -2     16.736      7.696     -5.180
 160   75     15.686      0.326     -3.667
  -1   -2     20.730      6.047     12.191
1010  322     23.050     -0.618      7.860
 320   -2      5.899      9.588      8.340
  -1   14     -0.572     -0.533      4.563
 437  124     15.900     -4.690     -6.307
  99   -2     -5.970      1.457      9.068
 560   -2     19.899     12.729     10.891
  -1  187     -8.012     10.550     -8.951
 135  119     -8.884     12.822      1.273
 110 1142      9.116      8.496     -1.147
  -1 1276      2.708      0.227     12.281
  -1   -2    -10.196      9.532     -5.901
  -1   -2     15.466      0.010      0.260
 111  433     18.244      1.926      9.957
 162 1261    -15.816     13.720      1.512
 183   -2     23.644      4.756      8.021
 487   -2    -17.737      5.259      8.299
  -1  167    -18.500      4.978      2.564
1161  245      0.555     15.862     11.243
 546  568    -15.024     -4.605      7.347
 592   -2      4.991     11.367     12.682
  -1   -2    -11.525      6.964      2.182
  -1  628     18.500     13.753     -2.531
 395   -2    -10.375      7.746      7.053
 888   -2     18.871     12.093     -4.922
 133 1256     23.812      3.760      3.170
 163  743      7.359     -1.978     11.655
1140   -2     -2.369      9.802      3.176
 193   21     23.412     -2.171      8.501
 976   -2      9.577     14.887      1.239
  -1  100      5.542      4.505      8.535
  -1  137      1.097      6.386    -12.255
 472   -2    -12.334     -0.499     11.526
 780  293     18.917    -15.722     10.507
 406  198      6.166      0.685      8.003
 337   -2      8.540      0.195     12.074
 389 1163      9.240      3.541     10.078
 900  462    -15.527     -6.209      8.756
  -1 1303      3.632     11.188      1.800
1129 1133     15.230      6.646     11.887
 621 1281      1.801     10.866      3.637
 957   40    -17.359      3.801     12.085
1163  541     14.343     13.914     10.406
 542  139     12.833     -3.002      3.019
  -1   -2     11.036      0.320      5.974
 711 1076      1.952     -9.413      5.381
  -1   -2      7.816     13.387      6.460
  -1   98      6.731      3.669     10.802
1255  290     16.927     -1.913      9.523
 838   -2     -6.482     -7.309     11.167
 495   -2     18.330      3.266      5.552
  -1   -2    -10.302     10.890      0.882
 423   -2     -4.735     -1.510      7.458
 153 1259     21.663     -2.621      3.664
  -1   -2     13.063      8.614     -7.166
  -1  439      5.312     11.189      8.983
 496  780    -19.682      2.089      9.347
 436   -2     22.469      2.563     11.459
  -1   -2      5.952      7.361      4.499
  -1   -2      2.899     -1.454      2.242
 992  454     25.589      3.745      8.495
 827   -2    -17.437     10.111     11.595
  41   61     -8.625      7.528     -2.066
  -1  169     14.854     10.751      6.683
 323  626     14.166      3.800      2.703
1058   -2     18.704      8.565     10.408
 237 1005    -11.791     15.019     10.810
 266  730      4.573     14.504      6.655
 285  133     12.213     -6.560      6.212
 134   -2      1.730      7.246      4.017
  -1   -2     -1.399     15.346      2.895
 356   -2     10.655      3.274      8.291
 424   -2     20.012     11.689      7.852
  -1  753    -14.702      4.039      1.347
  98   -2     -6.051      8.062     -1.202
 535   83    -12.529     -3.767      1.383
 953   12     -5.246     12.163      9.011
  -1  229     22.063      8.564      9.616
  -1   -2     23.685      2.833      6.667
  96   -2     -0.788     -1.235      4.944
  -1  347     10.193      6.615     11.225
  -1   -2     13.827      0.273      1.350
 367   -2      2.430     11.280     11.017
  -1  172    -19.661      4.144      7.259
  -1   -2     -8.094      2.861      0.245
  80   -2     17.730      9.944      0.544
  67  507      7.354      4.064      6.704
 244  384      8.043     -1.570      7.921
  -1  367      6.814     -1.910      7.876
 147   -2     23.739     -0.575     11.831
  -1   -2     14.002      4.132      9.732
 630  317     20.918      2.928      7.757
 114  391     -1.446      0.903     11.335
  -1   -2     -8.913     -4.050     12.516
  -1   63     -5.653      6.355      4.904
  -1   -2      1.104      3.391     -9.042
 102  191      7.690     14.074     -4.499
  -1   -2     -5.346     -6.229     -8.589
 550  104    -14.611     -1.422     10.603
 878 1129     10.337     -7.012     10.641
 917   47    -13.369     10.391      6.909
 524 1118     13.356     -3.352      7.831
  -1   -2      6.022     -0.231    -12.209
 167  176     13.339      9.268     -9.053
 228  600      9.581      9.676      4.471
 151   -2     -4.446     14.987      4.972
1109  121     13.465     13.624      5.142
 206  297     25.548     -5.802      9.116
 169   -2      4.042      7.732      2.555
  -1 1065     -3.245      9.351     10.196
 236  470     16.649      4.770      7.351
  -1   -2     10.233     -2.062    -12.293
  -1  359     14.953     -6.122     -6.261
 435   -2      7.085     -7.668      8.299
  -1   -2     11.156      0.684      2.576
 782   -2    -15.924     12.447     12.468
 906   -2     -1.910      9.775      9.731
 129  485     19.335      5.050      2.676
  -1   -2    -12.737     10.944     11.741
 583   -2     -1.242      7.677      9.174
  -1   -2      0.252     10.297      6.502
1146   -2     -9.794     10.399     -3.524
 519  299    -14.017     -1.774      2.708
  -1  865     17.107     18.437     10.665
 791  256    -12.613     12.455      3.866
1069    6      2.184      1.128      0.731
  -1   -2    -11.592     -1.212     -8.949
 444   -2     -9.685     -6.793      6.243
  -1  151     22.473      3.513      9.138
1247  777    -13.302      4.481     -9.911
 294  640      6.247     -0.674      5.886
 380   -2      7.242      1.171     12.039
 159  216     -7.810     -6.443      9.824
  -1   -2     17.342     12.464     -8.137
 882   -2     22.554     -5.189      8.474
1264  303      9.287     -5.566      6.507
  -1   -2     -0.976     13.976      0.344
 409  560     24.525     -2.177      7.537
 995  312     -3.649     -3.176      5.753
 719  550     17.992     -8.616      4.193
  -1   -2      2.213     -4.931     -7.311
  -1   -2     11.073      8.344     12.373
 120   -2      2.532     13.125     10.705
 753   -2     17.036    -16.269      9.772
 304   -2     -4.109      0.149      6.131
 141  266      6.116      1.508     -1.971
  -1  715     14.015    -16.016     11.592
1180 1067      9.731    -10.312     -9.182
  -1  110      6.674     -9.385      0.461
 314   -2     -9.732      1.966     11.457
 684   62     18.886      9.555      7.975
  -1   -2      4.224     -2.037    -10.281
  28 1237     20.288     -5.781      9.562
  64   -2     20.795      4.628     -0.710
  -1   -2     12.737     14.016      2.918
  -1  544     20.538      7.054     10.003
 610  717     24.852     13.220     10.755
 467  247     26.682      0.260      9.088
 279  277     -4.692     -3.316     11.398
 357   -2    -11.174      0.622      5.732
  -1  288     18.425      5.911      9.255
  -1   -2     14.041      6.601     -8.121
 697  666     16.405     10.678     -7.761
 626  265    -16.610     -4.064      1.560
  51   -2      5.256     -7.898     12.331
 136  342     11.338      3.337     11.097
  54   -2    -17.473      5.272     -0.417
  -1  363     20.417     -3.027      9.940
  -1  355    -16.308     11.957      5.464
  -1  261      5.540     11.624      4.781
1141   -2      2.954     -4.278      8.068
  -1  456    -16.062      0.990      1.946
 309  670     13.638     -9.407      9.404
 462  146      0.911     11.048    -10.943
 205 1089     -6.219     16.004      9.837
1113   -2     -7.149      2.175      6.091
  -1   -2    -15.398     10.075      5.460
1019   -2     26.857      9.222     10.685
 564  365      3.250     -6.270      0.815
  -1  233     19.358     11.528    -11.944
  -1   -2      7.744      7.447     -1.349
 453   -2     -2.573      4.570      9.908
 806   -2      3.254     10.099      1.253
 569   -2     18.433     -6.521      1.723
  -1   -2     -9.895      7.284    -11.512
 202  953     22.574     15.183      8.139
 824  689      3.615     15.967      2.960
 517  255     -9.508      0.383     11.012
 265   -2     21.279      2.108     10.733
 991 1291     -7.056      7.242     -5.428
1258  194    -13.178      7.386     -8.658
  -1   -2     14.305    -11.632     -7.828
  -1  716     14.352      2.497      7.345
 696   -2     26.153      5.445     10.897
 274 1013     11.704     16.407      8.255
1138  767      4.473      8.408      8.323
  -1   -2    -10.411     -6.386     12.073
  -1  771     15.531      1.035      0.999
1144   -2     16.986     -5.987     10.897
1051 1140      2.703    -12.347      8.292
  -1   -2     16.614      2.238      0.876
 361   -2     18.408      6.843      3.485
  -1  283     24.236      4.007      9.841
 579   44     26.378     -6.213      8.412
  -1   -2     25.569      3.818      6.167
  -1   54     -5.293     -1.966      3.766
 364   -2     -7.435     12.576      1.083
 306   -2     14.122     -5.261      4.600
  -1  501     -5.385    -11.394      7.980
 456   -2     -0.862     -9.536     10.222
 958  529      9.562     -2.060      4.701
  -1   -2     23.617     11.916      8.113
  56   -2     -9.175      8.627     -5.020
 786   -2    -10.950      7.814      3.882
 379   -2      8.024     10.966     12.100
  -1   -2     20.283      3.210      6.838
 360 1277     17.834     -1.892     10.290
 601  540     16.762      0.001      4.350
  -1   39      9.366      9.006      1.227
  -1   -2     14.888      7.302     -8.623
  -1   15     -1.191     -0.129      2.812
  -1   -2      0.227      1.628    -11.028
  -1   -2     12.568     -0.768     12.025
 987   78      0.632     -1.077     -8.194
  -1   -2     20.192      3.516     -3.519
  -1   -2      8.781      1.671     -4.441
   1 1297     16.733      0.827      9.297
  -1  246    -16.683      4.861     -4.198
 869  495    -18.373     11.803      9.071
1171   -2      5.043      8.208     -8.802
  -1  412     13.591      0.297     10.755
  -1   -2     -6.617      9.180     -8.127
  -1   -2     15.710      0.536    -10.562
  -1   -2    -18.013     -7.375     12.156
  -1   -2     10.528     13.923      6.603
  -1  925     15.402      6.010      8.933
 522  979     20.928    -10.390      7.177
 414  749     -4.868     -3.758      4.056
  -1  238     18.619      5.321     -2.357
  -1   -2     24.471     -0.236      8.319
1269   -2    -19.513      1.216      9.236
  -1  672    -15.284     -8.629      4.378
  -1   -2     -2.696     13.556     12.092
  -1  249      8.389     11.012     10.004
 811 1288     25.839      2.189      9.675
  -1   -2      0.616     -1.554     10.590
  -1  530     20.057      7.348     -3.100
  -1  193     10.727     16.742     12.107
  -1   -2    -18.534     -2.267      3.569
  -1   -2     19.453     -1.482     -0.628
  -1  760     13.519     -6.940      3.787
 264   -2     12.674     -6.190      9.849
  21   -2    -11.530      0.295      1.986
  -1  271     -4.207    -11.292     -3.611
 935 1008    -14.390      2.380      9.768
  -1   -2      0.155     -0.261      4.818
  -1  972     -4.370     13.238      4.441
  -1  822    -19.111      6.921      8.330
 245  209     12.190     11.037      4.941
 123   -2     -2.355      6.133     -1.255
 443 1132    -11.257     -9.579     10.407
 196  356     18.699     -8.306      0.012
1188  644     12.306      2.570      0.322
 284  158     -4.437     -2.425      6.438
  -1   -2     21.137     10.058      5.436
 106   -2     19.718     12.832      5.892
1300  620    -13.734     -4.538     -6.566
  -1  326      7.094     -7.131      4.912
  -1   -2     24.358     -0.073      6.329
 527   -2     11.686      1.628    -10.065
 541   -2     10.088     15.082      6.641
 802    5     -0.001     12.808      8.678
 531  329      6.924     14.833      6.288
  -1   -2     10.641      8.876     -7.302
  -1   -2     14.463     12.919     -7.715
1052   -2     -6.302    -11.498     12.157
  -1   74     -1.472     10.642      9.947
1011  336     15.513      7.948      9.512
 189   -2     22.335     -1.671     10.797
 214 1266      9.002      5.238      1.415
 502  316    -16.238     13.599      8.119
 249   -2      9.346     -1.267      6.280
1192  636    -15.748    -10.665      9.100
  -1   -2     -2.500      7.831      3.177
 366   -2     16.321    -10.860    -10.191
  -1   -2      2.181      7.208      8.024
  -1  325    -11.747    -11.210      7.243
 668  207     15.441      2.676      7.507
 649   -2      8.056     -9.955      1.062
 482  291     21.987     11.557     12.497
 327   -2     21.711      2.318     -6.474
 429  358     15.739     10.455      0.713
  -1   -2    -13.525      0.054     11.225
1299  381      5.923      9.985     -6.129
 378   -2    -10.842     -0.740     11.976
  -1  500    -11.465      2.631     12.259
1072   -2     15.556     14.034     10.250
  -1   -2    -12.989     -7.081     -5.762
1090  390     -2.180     -7.012      4.401
 932   -2     11.588      9.454      8.828
  -1   -2     -6.903     11.013     -9.399
  -1  827     15.108      7.782      4.755
 798  295    -16.518     11.943     11.609
  -1   -2     -2.307     -0.774     10.043
 805   -2    -13.121      9.409     -5.960
 821   -2      6.115      8.589      5.451
  -1   -2     17.172     17.006      5.509
1003  186    -11.990     -4.402      6.835
  -1   -2     -1.490     -4.653      2.576
  -1   -2      9.581     -2.637     12.146
  -1   -2     -7.527    -10.560     -9.120
 677   -2     18.383    -14.311     -1.139
 755   -2      8.095    -12.376     -8.738
 864   -2     16.357     -5.174      4.872
  87  208    -11.116     -5.232      9.724
  55   -2      6.301     16.585      6.077
  -1   -2      1.671     11.733     -4.915
 851  401     14.541     12.877     -5.869
  -1  945     17.367     -8.292      7.406
 222 1215     23.109     14.540     12.294
1162   -2      0.689      2.187      2.345
 657 1191     -1.000     -4.426     10.251
  -1  338    -17.049      1.146     11.173
 615   -2     24.420     -1.302      2.858
  -1 1001     -6.149     -0.718      7.660
1240   -2     10.457      6.690     -7.790
  -1  690     15.015    -18.743     10.689
1103  512     14.627     -3.500     11.490
 363 1019      2.016     -0.781      7.393
 624   -2     13.876    -15.367      3.852
  -1   -2     15.093     -8.016     10.532
 760  388     -0.347    -10.660      1.309
 373   -2      0.799     -7.244     10.191
 860  222     -2.190      2.520     -2.424
 445  400     10.366     -5.396      8.025
 526   -2     15.303     17.711     10.138
 190   -2    -19.737     -1.760      6.845
  -1   -2      2.786     -2.118     12.323
  -1  930    -12.672     14.440      4.942
  -1  287      6.074     13.775     -2.730
 945  643     -2.412      6.329     -8.468
1159  754     20.593     15.218      6.943
 319  102     10.973     -0.410      4.308
  -1   -2    -14.218      2.222    -10.962
 628   -2     23.758      6.381     10.153
  -1  734     23.966      8.315     10.846
  -1   -2     13.789     14.137     -0.206
 143  101      9.561     14.022     11.671
  -1   -2     -6.471     10.712     -7.515
 469 1049     17.404     12.864      6.467
 278 1268     21.172      5.543      6.477
1062  179    -12.575     13.160      5.658
 728 1285     -3.119     15.098      6.196
 419  108      6.696     -3.969      6.374
  -1  808     -8.881    -10.199      5.881
 230 1309     19.908      2.473      5.687
  -1  881     11.674     13.770      5.187
  -1   -2     16.241      3.418    -10.929
 144  882      7.326     11.035      6.961
1177  742    -12.135     -9.615      5.550
 404  141     19.915     -1.241     10.301
 298  567     26.225     13.548      7.776
  -1  393    -15.224     -0.748      2.992
 758   -2    -14.067      0.148      8.012
 642  555     23.491     -1.201      2.866
  -1   -2     -2.240      3.331      9.967
 599  417      0.341      4.610     -2.656
  -1 1043      0.197     10.965     -0.465
  -1   -2      7.011      1.879     -3.709
 145  784    -12.895     12.795     11.737
1038   -2     17.055     10.688     -2.797
  -1  719     26.521     -1.976      7.475
 172  113    -15.110      0.209      4.366
 500 1085     16.100     -8.613      1.694
 152   -2     -1.076     -0.787     10.725
  -1  321     13.640     -3.113     -2.894
 622   -2     14.178      6.297     -1.148
1157   89     -0.924      5.092     10.554
 855   -2     19.151     -0.976     10.471
  -1  398      7.614     -0.406     12.352
1087  262     14.839     10.420     11.219
  -1   -2      0.867     -9.319     -9.861
  -1 1141     11.332     -3.686      5.713
  -1   96      9.486      7.298      3.987
 195  588     20.292     12.653      3.699
  -1   -2     13.772     -5.962     -6.680
  -1  307      9.213      0.420      5.696
 705   -2     12.386     10.638     12.610
  -1   -2      1.964      3.339      7.038
 650  546     18.698     11.691      4.375
 303   -2     -6.331     -5.416     11.226
  -1   -2     21.897      2.550      6.856
 269 1059     24.342     -2.693     10.903
 408 1087     -7.408    -11.388      5.582
1056  999      8.265    -10.265      5.253
  -1  708     -0.828      1.795     10.042
 915  450     14.326      4.182     11.275
 405  928    -20.688     -3.737     11.233
 941  306     -0.780     15.078      1.522
  -1  566     20.381      3.477      4.411
1194  302      4.350     13.205      8.256
  -1   -2     -0.908     -0.820     -2.218
 332  469     -2.991      5.205     -3.765
  76  103      4.932     -0.402     11.557
 126  339     17.719     -0.223     -0.417
  -1  506     11.701     -7.655      6.181
 611   -2     -5.603     14.970      4.899
  -1   -2    -14.618      9.995     -3.042
  -1 1027     -0.035    -10.041      4.655
  -1   -2    -14.847     -7.411     -5.866
1015  939      3.741     10.415      8.517
  -1  374     24.822      6.353     10.436
  -1   -2      3.288     -8.063     -1.526
 866  420     27.163     -2.630      8.058
  -1   -2     -0.094     -6.157      9.811
 412  994     22.362     -1.192      8.010
 967 1084     -6.428    -16.581      4.935
  -1   -2      5.303    -10.067     11.848
 192  635     -7.053     -0.650      5.941
 235  705     12.775     -9.825      9.741
 629  156     20.476     11.355      8.388
  -1  594     12.599     -4.868     10.047
 479  580      1.037     -5.473      8.766
 707  547     16.074     15.687      0.887
  -1   -2     13.136     10.921     11.439
 461 1159     19.111      5.764      7.688
 964  150      7.163      8.868     -1.362
 371  539      5.878     -3.023     -1.766
  -1 1176    -11.405     11.220     10.494
  -1   -2     22.288      4.488     -2.524
  -1  793     -9.293     14.042     -0.288
 585   -2     12.523    -10.809      4.950
  14  565    -18.506      1.668      7.956
  -1  298     10.076     11.040     10.493
 681   -2     21.376     -1.528     11.784
 464 1072      7.193      0.969      3.737
  -1 1126      4.245     10.203      6.721
  -1   -2     -3.031     -8.695      8.828
1053  333     22.822      6.110      2.163
 131   -2     -3.202      1.389      9.565
  -1   -2    -10.641     -1.708      9.573
  -1  332     -6.133     14.678      2.305
 566   -2    -13.828    -10.703      9.489
 477   -2     22.028    -10.853      5.208
 759   -2     18.801    -12.005      3.011
  -1   -2     20.412     -6.642     -5.497
 937  571     -3.816     -8.193      9.244
  -1  746      0.846     -3.906      6.376
  -1 1182     21.703     10.732      1.219
  -1   -2     -7.086     -6.731     -7.946
1099  443    -19.908     -6.651     10.610
  -1   -2    -11.219      1.318      4.714
  -1   -2    -15.093     14.216      3.849
  -1  331     23.136     -8.027      6.401
  -1   -2    -20.750      4.261     11.892
  -1  341      5.632     -5.314      5.277
  -1   -2     20.048      4.782    -11.605
 476  415     16.144     14.633      0.165
 481   -2     25.419      7.609     10.827
1155   -2    -17.711     11.960     12.103
  -1  905     -4.506     -0.466     10.834
  -1  413     26.282     11.293      9.874
 688   -2      9.274     -4.172      2.419
  -1  178      3.025      0.027      0.383
  -1  906     18.853     -5.967      0.983
1197 1044     18.803    -18.166      9.084
 669   -2     26.242     -7.474     11.164
  -1   -2     14.102     -1.644    -11.341
 201  190      6.428     -8.794     11.499
 335  548     25.134     10.501      5.048
1092  682     22.489     -9.883      6.742
 885   -2    -15.803      3.333     10.987
  -1   -2     -4.278     -4.107     10.100
 898 1225    -20.358    -10.455     12.568
1094   -2     -9.926     12.864     10.083
  -1  614      1.195    -10.755      9.122
 734  272      3.802     -1.523      0.474
1125   -2    -11.936    -12.481     -3.331
 382 1096      1.227      7.164     11.814
 714   -2    -13.904     12.035     -1.556
 184  406     18.785     -3.782      2.884
 104  373      4.498      5.149      8.174
 258   -2    -16.800      4.280     -6.685
1123  346     26.798      2.712     10.740
 857  998     24.649    -12.233      9.882
 826   -2      4.538    -10.793     -6.236
1153   -2      8.002     -8.154      3.292
  -1   -2      3.589      6.760     10.040
1270  183      2.220     -3.980      8.232
  -1   -2     -7.714     14.160      8.384
  -1   -2     20.270     -0.476      0.567
 113  778    -18.620     -6.054     11.730
 334   -2      6.702      7.919    -10.870
  -1  231     21.440     -3.336      7.301
1009   -2     17.504     11.629      6.800
  -1   -2    -10.493     14.094      0.235
  -1  707    -12.622      4.253     -0.060
  74   53     10.948      5.079     11.279
  -1  309     17.465     13.643      0.790
  -1  494    -13.599     -4.747      1.893
1189   -2     21.449     -0.961     11.309
 292 1270     18.152      4.963      8.788
  -1   -2     -7.533     -3.172     -1.100
 138   -2     22.306      7.564      1.186
  -1   -2      6.746     13.874     -4.702
  -1  460     15.870     -9.617     11.169
 508   -2    -11.865     -7.685     -7.453
  -1  661     20.837     -3.960     -1.710
1112   -2     -7.891      2.399      9.967
1060   -2     -2.258     14.448     11.176
 739  410     14.190     14.729     11.875
 413   -2     -5.390    -14.212     -1.178
  -1  603     -3.643     16.433      4.881
  -1   -2     -2.251     12.640      9.478
  -1   -2     12.143      3.651     -0.988
 346   -2      6.229     -4.711      1.477
  -1   -2      0.004    -10.716     -8.360
  -1   -2    -12.318      3.523      3.631
 281   -2     20.753      9.012      0.883
  -1 1183      8.940     -4.206      9.508
 494  234     -4.252      8.679     -5.268
 790   -2     15.085      0.933     11.720
 664   -2    -12.485     -6.126     -4.183
1139 1204     18.397      9.520     12.211
1088   -2    -15.394    -12.463     10.815
  -1  354     11.723      9.275      0.553
1071 1154    -16.060    -11.909      6.569
1027  824    -15.293      6.861     -3.043
 400  929    -14.425     -4.833     11.484
 450 1110    -11.385    -15.760      8.796
 962  551     10.906     -8.981     -9.284
 672   -2      9.452     -5.832     -1.644
  -1  583    -11.086     -7.407      5.730
  -1  211      7.009     -2.787      2.027
  -1  282      5.382      2.259     10.961
 691 1079    -16.480     -3.773      4.421
  -1  324     21.777     10.132      7.977
 108 1057      7.019      0.825      2.026
1045  798     21.848      5.849      3.760
 188  203     26.007     -2.068     11.447
1101  361     12.134     -5.050      7.928
 310   -2     18.617     -5.742      4.679
  -1  656      0.843     -9.441     -0.432
 658   -2     11.729     10.662      4.504
 703   41     24.629     -1.270     11.463
  -1   -2     16.197      7.360     -8.298
  -1   -2      6.006     15.041      2.339
 555   -2      2.980     -4.876    -10.103
  -1   -2     -0.773    -13.838      5.478
  45  314    -17.617     -7.331     10.960
 752   -2    -10.382      0.258      5.110
  -1 1074    -12.554     -4.798      5.432
 736  370     21.099      2.026     12.238
  -1   -2      3.968      7.955     10.895
  -1  654     -8.784     -2.795     10.323
  -1  192     -9.310      9.083      8.380
 170  853     -9.322     -6.232      6.648
 694   -2     10.410    -16.162     -0.189
1005  844    -16.340     10.205      0.255
  -1  801     -8.116     -6.829     12.342
 430  677      6.541     -8.648      2.864
1130 1196     14.023     15.860     10.651
 376  511     19.505     16.015      5.751
 646   -2     -6.836     -9.550      9.014
  -1   -2     21.340      1.797     -1.904
 704   -2     17.664    -12.869      9.339
  -1  561    -10.927      0.732     11.051
 229 1115      7.951      3.101     11.795
 299   -2    -15.725     14.286     10.295
 305   -2      4.422     14.450      3.403
 220  880     -6.751     12.524      6.989
 848   -2     -3.075    -10.683     10.270
  -1  702    -11.999    -13.898      1.940
  32 1025     16.920     -0.841      7.634
 543   -2      2.159     -1.707      8.242
 712 1185     17.387     17.027     10.841
1289 1157     11.029     -8.816     11.761
1156   -2     -5.396    -12.935      6.436
  -1  375      1.597     11.862     -6.907
 982   90     21.594     15.971      3.245
 591  252      5.963     -3.300     -3.679
  -1   -2     11.987     -3.720      5.446
 277  171      1.087     -0.612      4.145
  -1 1081    -11.149     10.151      9.290
  -1   -2     28.138      4.177     10.923
  -1   -2     22.621     -0.646      4.357
 901   -2      5.642      1.782     -6.107
 101  630     -0.687     -3.262      6.077
  -1   -2     15.248     -3.623     -1.086
 345  962     25.874      7.939      6.139
 756  430     18.468      4.000     -0.203
  -1  663     -5.324      6.644      0.060
  -1   -2     -2.039      5.172     -1.223
  -1  274     -9.657     -6.885     -5.359
  -1   -2     11.633     10.187     -7.296
  -1   -2    -14.467     -4.622     -2.970
  -1   -2     14.524      3.468      6.718
  42  497     23.716      0.185      8.261
  -1   -2    -11.682    -12.382      3.542
 273  655     23.244      1.219      9.304
1007  692     -3.730     -3.726      4.005
 115   -2    -13.748     -8.167      6.558
  -1  713     16.807      9.402      8.392
  -1  476     16.609      2.629     -0.600
 966 1014     10.233     17.817      9.663
  -1   -2     -1.114     -9.403      7.362
  -1  429     -3.634    -11.169      6.348
  -1   -2     12.853     -5.950      8.069
 709   -2      1.984     -5.653      4.389
  -1   -2     25.622      9.503     11.944
  -1   -2    -12.951      4.867     -3.809
  -1 1000      0.523      8.993     11.814
  -1   -2      3.439    -10.847      6.773
1054 1224     13.340    -18.269     10.424
 800  257     -7.585      6.826     -0.086
 505  451     -2.290      9.823      4.717
 737 1178     25.218     15.119      8.652
1245  976     19.545     -8.018      3.301
  -1   -2     -1.024     -4.494      8.645
 645  621      6.003     -9.289      6.687
  -1   -2     -9.061     -6.095      0.174
  66   -2     -2.159     11.916     -8.910
  -1   -2    -10.285     -6.438     10.482
 528   84     -5.566     -6.900      7.726
  -1  217     15.963      0.218      3.943
 483  864    -12.833      0.775     11.082
 954 1082    -12.218    -14.530      9.425
 349   -2     16.302      4.607     -1.190
  -1   -2      2.772     -5.428     11.787
 470 1069     -2.871    -12.147      0.564
1076  549     14.376     -6.649      9.047
1124   -2      3.133     14.069     -2.511
1002 1186     -8.121     15.454      3.080
 157   -2     23.160     11.773      0.808
  -1   -2    -10.114    -12.047      3.584
 909  522     21.150     -7.158      9.636
  -1   -2    -16.473     -2.427      4.490
  -1  596     22.553      5.552      9.457
 742  744    -15.859     -8.367     -0.192
  72   -2     21.606     11.119     11.529
 625  364     -1.293    -17.257      5.370
1075   -2     20.671     -8.856      9.554
  -1  894     21.542    -11.009      7.665
  -1   -2     12.613     -3.703     -3.115
  39 1243     15.390     -4.956      9.287
  -1   -2     23.437      1.005      3.478
 570  932      6.287    -10.266     12.187
  -1   -2     15.292     -0.997     11.021
  -1  491    -10.785    -10.538     -2.242
  -1  695     21.720     12.688      5.379
 586  658      8.221     -3.365      5.047
 989   -2     18.213     -0.934      7.279
 960 1062      5.457    -15.520      1.514
  -1   10      5.751      5.579      3.355
 290  117     19.557      8.507      4.686
 639 1177      8.113    -10.121     10.747
  -1  595     16.281    -14.205      1.254
1018   -2      5.111     14.003      9.195
  -1   -2     15.987    -10.872      1.495
  -1   -2    -12.848    -10.682     11.154
 442   -2    -12.076     -7.255     12.565
  -1  228     28.079      5.869      7.396
 463   -2    -16.463      9.176     10.490
 774  772    -21.275     -3.169      9.014
 940 1099    -13.283      8.678      9.990
 177  554    -11.533      8.305      4.529
  -1  447     -4.031     -0.085      0.554
  -1  947     11.401     -8.490      3.282
  -1  286     27.941      0.898      8.277
  -1   -2     -3.636     11.027      8.832
  -1   -2     -6.930      5.632     11.219
   0   -2    -10.166      3.925     12.337
  -1  502     -1.016     -0.467      6.976
 410   66    -15.796     11.551     10.738
  -1   -2    -15.736      0.871    -11.695
  -1  577     -8.726     12.021      9.094
  -1  414     24.189     16.923      7.635
  -1  779    -19.795     -0.537      5.268
  -1  387    -10.263     12.476     -6.133
  -1   -2    -17.191      2.635     -4.945
  -1   -2     22.829      9.280     -5.695
  -1   56     24.936     -4.901      8.721
1256   -2    -17.928      8.291     10.811
  -1   -2     -2.529     -5.143      9.442
 446  646     18.276    -16.436      3.634
  -1  534     -5.426     10.470     -7.175
  -1  835      7.634     14.534      8.106
  -1   -2     18.786     -4.899      8.544
 809  292    -18.810      4.808      8.494
1148 1004     17.546     -0.868      9.716
  26   69     -2.441     11.661      9.830
  -1   -2     -2.359     -5.552     -6.257
  -1   -2    -17.144     -0.300     12.371
  -1  372    -21.272     -0.914     10.253
  -1  423      4.482      0.404     11.487
  -1   -2      3.229     10.960      6.247
  -1   -2     16.262     13.579      6.893
  -1  250     17.784     -8.471     12.280
  -1  878     25.930    -13.429     12.563
 128 1030     25.217     -8.979      0.172
 460  157     16.678      9.414      2.298
 763  111      0.043     16.341     11.749
  -1   -2     -4.054      5.014     -0.176
  -1  757     21.478     16.781      1.679
  -1   -2     -6.161      1.919     -9.737
  -1 1138     19.141    -13.287      4.907
  -1   -2     24.395      1.090      8.308
1032  349    -18.169      8.886     11.113
  -1 1150      6.605    -12.958      8.863
  -1 1319     -3.497    -17.388     10.020
   6 1240     16.640     -2.605      9.694
 511   -2    -18.599     -2.329      6.747
  -1   -2     15.624     15.575      3.084
 125  131    -19.420      2.002     11.736
  -1  532     25.598      7.824      2.889
 486  408     16.372     -8.084      8.124
  -1  927     13.392     12.753      5.705
  -1   -2     -7.870     -2.768      7.935
  -1  399      9.368     16.623      5.382
 539   -2    -16.571      1.373     -5.180
 219   -2     25.992     -7.506      9.401
 558   -2     25.045     10.680      2.990
1013  515     -5.685      1.342      5.246
  -1   -2    -14.479      0.605    -11.773
 291  949    -15.916      9.180      1.283
 438 1034     -4.960      5.561     10.230
  -1   -2    -11.485    -15.198     -6.568
  -1  960    -10.099     16.846     12.084
1222 1208      7.290    -19.078     10.167
  -1 1073     10.678     -1.885    -10.502
 523   -2     22.557     -7.477     10.426
  -1   -2      5.648      4.091     -9.096
  -1  225     26.835     -6.445     10.303
  -1  704     16.335     -7.564      0.757
 634  608     -1.120     -4.960     -1.620
  -1  360     -4.495      2.263      3.780
  -1   -2      2.321      1.956      8.362
1017 1307     -8.372     -6.006      9.697
 567  634     -5.542      0.669      6.355
 272 1101    -10.458     11.501      0.844
 578   -2     -9.332     -2.111    -10.989
  -1  813     -4.698     12.713     11.889
  97   -2      6.503     -1.013      8.176
  -1   99      6.773      5.946     -1.673
  -1   -2      7.166      9.877     -4.975
 331   -2      0.132      6.283      5.848
  -1  898     -2.311     -8.361      4.139
  -1   -2    -14.378      3.775      6.681
 253   -2     21.581      5.283      9.697
  -1  893     -7.186     16.376      4.036
  -1   -2      4.707     -3.478      8.099
1216  896    -20.167    -15.010      8.778
  -1  575     13.525      8.949      2.596
1160   -2     -3.381    -11.332      9.234
  -1  795      0.101     18.046      3.495
  -1   -2    -10.687      0.903     -1.454
  -1   -2      1.726      9.980     -1.294
  -1 1149    -17.752    -15.533      4.608
  -1   -2    -21.724     -4.250     11.846
  -1   -2    -16.817     -9.581      4.912
 911   46     -5.752      8.462     12.579
  -1  627     23.203    -13.622      3.836
  -1 1033      2.117     17.567      3.163
 397   -2     24.285      6.611     -2.892
 287   -2    -10.060     14.484     -8.554
  -1  435    -12.278     11.587     -4.070
 972   -2    -16.357    -14.461      4.280
  -1  964     -0.626     -7.910      9.627
  -1  803     -5.466    -10.586     -9.745
 612  867     22.565      7.661     -5.460
  -1  471     18.753      5.846     11.173
  -1   -2     14.813     -0.176      1.391
 158   -2      9.910      3.546     12.073
 422  518     25.430      5.587     11.323
 171  959     -1.461      4.623      6.335
 377  402     15.022     17.904      8.462
  -1  585     -2.165      0.061     10.265
1187   -2    -13.675     15.420     12.163
  -1   -2     12.923    -17.184      3.485
  -1  475    -19.556    -10.631     10.942
  -1  267     14.817     -1.690      6.052
  -1   -2    -10.415      7.202      0.859
1114   -2     14.262      5.521      9.416
  -1  275    -18.726    -10.173      6.981
 777  610     -4.752     15.326     10.197
  -1   -2     -8.310     -1.690      5.225
  -1   -2      5.633     -3.208     11.442
  -1 1075      2.344    -12.013     -0.359
  -1  842    -13.477     10.986     11.423
  -1   -2      5.817      7.402     11.137
  -1  520    -13.960     -9.178     11.698
  -1   -2     25.522     -5.204      9.941
  -1  138    -19.543     -0.518     10.764
  -1  618     25.467    -10.950      9.466
 340  899     16.287    -10.489      5.549
1016   -2      0.210     15.677     10.396
 858  701      4.605    -11.712      6.345
1030   -2    -10.231     15.350     10.512
  -1 1053     23.770    -16.658      7.926
 632  253     12.511     -9.226      5.066
  -1   -2    -16.615    -12.029      2.309
 828  538     25.772      6.432      4.007
  -1   -2     18.345     -0.104     12.225
  91  735     26.060     -4.256     10.253
 886 1098    -13.064     13.387     11.956
 717   -2     23.878    -14.111     11.829
1135  335     25.387      4.903     10.969
  -1  213     20.634     -5.251     10.805
  -1   -2     13.631      4.004      8.438
 326  553     -0.656      6.831     12.190
 722   -2     20.517     16.315     10.309
  -1  727     13.564    -12.628     -5.870
 267  817      7.277     13.538      8.296
  -1   -2      2.652      0.874     -9.536
  -1   -2      7.049     11.028     12.330
  -1 1058      4.792     -5.099     11.069
 521  189     20.919    -13.901      7.913
  -1   43     -4.562      6.836      9.377
  -1  874      7.130     14.943     10.465
1214  668     23.552    -16.015     11.872
  -1   -2     11.843      6.161     -0.462
  -1  652    -16.893     16.041      3.642
  -1   -2     -3.094      9.057     -8.868
 598  418      4.492     -4.278      6.085
 161  967     -4.090     12.523      5.402
 243  997      1.782     -9.776      8.162
  -1   -2     -6.566      3.199      8.225
 997 1116     26.463     13.332     10.099
  -1  794     27.988     -4.818     11.792
 540  684     10.858     -7.107     -1.206
  -1   -2     15.702      7.807      8.272
 396   -2     25.318     11.570     12.145
  -1  524     -4.791     -9.086      3.760
 757   -2     10.535      5.519     -2.136
1014 1292    -16.534     11.841     -5.761
 225  129    -17.877      3.442     10.191
  -1   -2     14.681      3.842     11.702
1203   -2    -21.176    -10.943      8.304
  -1  950    -10.774    -10.641     -9.874
 503 1134     11.114      7.045      7.954
 478 1123    -11.978     15.840      8.575
 644 1189    -15.249     16.210     10.613
  -1   33      7.346      1.963     -0.793
1064  969     -3.002    -13.224      0.327
  -1  871      9.170     13.697      8.735
 766 1064    -18.917      6.143     11.222
1061   -2     20.635      0.887     12.296
 620 1038    -11.409     17.711     12.519
  -1   -2     23.778     14.447      9.091
  -1   -2    -20.109     -2.130      3.474
  -1   -2    -11.786     12.682     10.486
1211   -2     -0.636    -13.338      8.824
  -1 1092    -12.014    -18.512      6.302
  -1  659      0.271     15.448      1.012
1106   -2     -0.010     -0.641     -0.819
  -1   -2     13.687     18.014      8.291
  -1 1188    -13.483     15.506     -7.797
 879   -2     -5.164     17.342      8.141
  -1  353     15.213     -4.995      7.170
  -1  900     12.245      2.021      7.957
  -1   -2     -8.673      5.824     -7.060
 978   -2     11.388    -13.764     -7.294
1042  237      1.146      5.719     10.358
  -1  200     -3.663     15.420      6.273
  -1   -2     18.434      3.239     10.178
  -1   -2     15.057     -8.799     -9.534
 699 1283    -14.473     -3.110      4.957
 693  455    -14.127     14.936      7.314
 835  574     -3.094     17.885      7.105
 614   -2     23.709     13.020     11.399
  -1  922     22.457      8.983     11.863
  -1 1041     17.168      4.784      9.043
  -1  696      9.616     13.949      6.071
 261  181    -12.469     14.819      7.250
 771   -2      9.040     15.371      8.392
 818  362      8.815      3.942      6.348
 843   -2      1.225     -5.982     11.430
 204   -2      5.210     -8.356     -2.200
  -1   -2      5.285     -3.997     -3.650
 897   -2      2.608    -16.973     11.426
  -1  788     27.673      3.019     11.369
 386  589    -15.355    -11.736      0.901
1166   -2     -8.929     14.570      9.918
  -1   -2     10.323      9.803      6.454
 475  633    -10.527      5.399      3.409
  -1  556    -17.994     -6.524      5.777
1196  281     22.644     19.405     10.260
1115   -2     -7.089     11.950     10.448
  -1  723      2.512      4.448     10.667
1039   -2    -16.811     -3.740      6.622
  -1   -2      6.629    -10.349     -5.678
 829   -2     12.099    -18.130      6.969
 577  812     16.011     11.255      4.151
  -1   -2      3.010     -9.477     -4.489
  -1  854    -17.349     16.824      9.807
  -1 1063      1.370    -14.978      5.323
 248  294     21.957      6.407     11.791
  -1  966     23.576     10.889     -2.163
 257   -2     10.524      1.712     -0.970
  -1   -2     18.640     16.193      9.475
 466   -2     -0.059     10.194      2.604
1004  724    -19.672      9.850     10.460
  -1   -2     -5.037     15.410     10.291
 895   -2     -2.761    -12.726      3.386
 841   -2     15.875    -17.189      6.007
  -1   -2     -0.185     -5.263     -5.926
  -1   -2     -1.568     -1.759    -12.636
 504  340     10.614     -2.781      8.543
1078   -2    -17.704     14.990     10.008
  -1  687     -1.520     -9.861     -1.236
  -1  552      5.310     13.173     10.127
  -1   -2    -13.233      5.116     -0.289
  -1   -2    -12.931     11.155     11.536
 831  579     16.494     -6.790      9.145
 553  686      9.415     -7.281     11.259
 394   -2     19.267     -0.729      6.209
 943   -2    -19.515     11.276     11.814
  -1   -2     21.851      7.830     12.235
1167   -2      2.758      6.989     12.406
  -1  615     -1.590     -3.165     10.354
  -1  328     15.761    -12.257     -9.963
   8  461     -1.950      1.176      3.256
  -1 1139    -19.619     -8.765      3.622
  -1  244     23.704     -5.379      5.159
  -1   -2    -14.242     -6.643      2.369
  -1   -2     24.767     -5.487     11.681
  -1   -2     -3.904      4.998      5.453
 501  792      6.571      6.121      9.024
 833  337      0.411     12.232      8.897
  -1 1028     -2.356     19.242      7.785
1066  424     -2.751     -3.943     10.749
 979  982    -15.992     -4.382     -4.726
  -1   -2     -0.667    -16.419      3.168
 548   -2     20.030     14.485     -3.423
 985   -2      8.036     14.336      7.775
  -1   -2     20.195    -11.402      3.451
  -1   -2     13.190    -18.885      8.117
  -1   -2    -12.117    -19.172     11.385
 718   -2     11.252     -9.447      7.954
1147   -2      5.056    -13.617      5.613
  -1   -2     16.846    -15.897      0.236
  -1   -2     -0.146      5.554     12.285
 793  699    -15.448      8.617    -10.409
  -1  422     22.656     14.130     11.709
 762   -2     26.765      2.413      4.794
  -1   -2     -8.425      6.867     -8.569
 725   -2    -19.931    -13.188      2.375
1200  273    -21.674     -9.269     11.547
  -1  535     -6.613     14.970      2.545
  -1   -2     -7.666     -6.916      3.265
  -1   -2    -17.586    -11.019     11.967
  88  775    -11.612      9.869      2.986
 949 1056     27.077     -1.159      7.261
 390 1160     13.231      7.712     10.106
 871   -2     -6.301     12.112     10.928
  -1   -2      2.294     15.811      4.720
 270 1017    -13.788     -7.183      9.429
  -1   -2     26.007      3.461     11.553
 808  728     10.157    -19.270     10.663
 308  201     -3.405     15.959      9.398
  -1   -2     12.670     -0.322      8.382
1296  891    -11.984     17.589     10.003
  -1 1143     28.840      1.464     10.205
  -1  866     27.786      4.135      9.652
  -1   -2      4.563      3.962      9.661
  -1  694      5.309     -8.276     -4.831
  -1  210    -12.153     -8.253      1.651
 750   -2    -17.954     -8.924     11.613
  -1  944     -4.150      9.992     -6.488
1110 1206      7.858     12.300      5.455
 846  482     11.320      4.140      4.362
  -1  756      5.484    -15.755     10.452
  -1  611     26.558     10.133     11.773
  -1  578     25.808     15.628     12.066
 733  606     18.518     -4.947     -9.637
1024 1174      8.605    -17.600      8.191
  -1  725     -2.704      1.507     -4.382
  -1  613      9.205    -10.524      8.614
  -1   -2    -10.680     -3.463      7.191
  -1   -2      7.728      1.895    -11.802
  -1  279    -11.953      0.425     -0.198
  -1  989     19.609      8.219     11.842
  -1  671     10.176      1.144      8.734
 974  990      3.219      7.337      6.655
 254  799     -9.137      6.509      3.946
  -1   -2    -16.652     -9.061     -5.104
  -1 1179      7.634    -14.668      0.431
 959   -2    -19.022     12.639      9.635
 313   -2    -10.778     12.329     -3.186
  -1   -2     -1.932     -5.614      9.352
  -1 1040    -15.585     14.671     12.120
 778  440     -2.474     14.828      9.197
  -1   -2      6.254     16.547     11.360
 894  693     -8.962    -14.526      5.209
 870   -2     25.579    -12.469      0.306
 124  722     -0.560     -3.162     11.017
 613   -2    -11.782     -8.120     -0.154
1191   -2     10.355     -2.185     12.349
1077   -2     -5.090    -19.784     12.513
 812   -2     25.853     -9.526      2.519
  -1   -2     15.343      6.880      5.985
  -1  382      8.365      6.623      7.087
  -1   -2     -1.200     -1.110      4.678
1111  434      0.689      8.488      5.241
  -1  691     22.458      3.320     11.285
  -1   -2     17.309     11.754      7.805
1152   -2      2.164     14.715     10.950
  -1   -2      2.425    -11.052      9.528
  -1   -2      8.970     -8.670     -3.188
  -1 1190      7.680    -15.599     -1.979
  -1  232     24.346      1.946      8.557
  -1  681     18.684     15.828      8.835
 556 1273      7.117     10.628     10.042
  -1  647      6.785      1.839      6.890
  -1   -2    -10.548     12.773     -0.267
  -1   -2    -16.987     13.229     11.496
  -1   -2     -3.839     -1.165      4.171
1212 1192     -6.548    -19.998     11.740
1036  481      8.199    -12.989     -7.077
  -1   34     -2.471     12.615     11.098
 745  166     21.390    -11.013     12.232
  -1  605    -10.792     -3.350      4.957
 867   -2     27.192      6.670      5.423
  -1  543     19.501     18.581     10.603
  85   -2     14.742      5.134      4.137
 191  676     18.060    -10.760     10.606
 832   -2     22.874     17.188      3.097
1028  926     -7.595     19.526     12.276
1040 1026     -9.970     16.126     10.040
  -1  729      8.502     -7.555     -8.081
 315   -2     19.080     -1.827     10.881
 354  409      2.351      1.899      8.712
 213  942    -19.556     -9.252     10.966
  -1  680     16.874      7.893      1.403
  -1  917     22.608      6.628     -9.782
1154   -2    -11.991     -4.989      9.905
  -1   -2     15.402    -11.706      4.756
  -1   70     15.396     -0.942     -3.445
  -1   -2      5.576     10.942     10.862
  -1   -2     -3.584     -7.508     10.341
  -1  221     -6.819      7.240     -0.112
  -1   -2      6.753    -13.371     12.402
1207   -2     26.793     15.347     11.144
  -1  598      3.923     16.299     12.341
  -1  483    -13.181     -2.055      3.046
  -1   -2      1.633     11.281      5.161
1047   -2     -8.525    -12.826      5.445
 338  562     20.356      1.931      8.734
  -1  371     20.889      1.705     -5.416
 433  318    -10.941     10.991     11.608
1219 1066    -16.719    -15.619     11.883
  -1  819     12.283      3.574     10.949
 744  862     -5.827    -15.852      5.061
   3  664    -10.196      4.834      3.346
  -1  805     13.652     10.960      7.025
1093   -2     23.795      2.598      8.355
1173 1095    -15.151    -19.238      9.314
  -1   -2      3.842      6.860     -3.205
 670   -2      1.376     -9.611      0.192
 488   -2      8.652     -1.439      1.748
  -1 1078     27.297      4.025     11.536
 859  839     -3.162      8.368     10.712
 918   -2     22.896      8.985     -5.088
  -1  115      0.521      7.227      2.520
  -1 1039     -6.289     13.991      9.420
1068  890     22.978      8.858      6.357
 788  602     13.230     -3.645     11.500
  -1  980     14.279     -5.702      8.360
 678   -2     22.118     14.509      4.240
  -1   -2     26.715     -1.314     11.310
  -1   -2      7.153    -13.405     10.028
  86   -2     13.773      3.657      7.493
 683  712      2.212     -6.599      0.805
  -1  956     28.617    -17.283     10.280
  -1 1007     24.863     23.264     11.013
  -1 1180      8.185    -25.431      8.390
  -1   -2    -28.134    -12.754      5.125
  -1 1218     25.684    -19.003     12.882
  -1   -2     12.243    -20.357     12.311
1096  642     22.181     16.962     12.490
1199   -2      5.050    -19.221     11.843
  -1   -2    -27.149     -8.915     11.848
  -1   -2     -4.829    -20.877    -11.637
  -1  883     19.559    -17.626     12.471
  -1   -2    -17.782    -19.827      8.773
  -1   -2      2.000    -19.715      8.898
1201   -2     24.841    -17.527     11.512
1209   -2     -0.127    -23.162     10.318
  -1 1219    -24.771    -13.863      9.271
1206   -2     -3.341    -23.920      6.099
1220   -2     18.287     24.578      5.825
  -1   -2     28.633    -25.073      9.976
  -1   -2      0.267    -25.685    -12.268
  -1 1021    -20.607    -14.192     11.098
1215 1230     16.149    -22.816     11.564
 984 1170    -12.886    -17.606      7.499
  -1  747      4.019    -19.697     12.097
  -1 1223     -6.553    -20.463      9.675
1233   -2     14.999     -8.142     10.392
  -1   -2    -11.230     13.865     11.114
  -1 1323     10.882      2.454     -8.153
  -1  196    -17.952      2.190      5.813
  82 1251     24.126      3.492      2.021
  -1   -2     17.305     -0.917      8.605
  -1   -2    -12.064     10.456      0.108
  -1   -2     16.732      7.736     -5.276
 420   -2     17.569      8.120     -0.895
 221   -2      8.158      7.985     -4.472
  68   -2     14.451     11.504     -6.365
  -1   19    -16.236      1.654      8.090
  -1  392    -14.946     -1.865      5.832
 137   -2    -14.834     -2.054      5.353
  62   59      3.270      0.041     -7.297
 640 1131      2.238      2.886      5.845
  58  159     12.148      9.803      1.619
  -1   -2      3.622     11.132      1.654
  -1   -2      3.665     11.167      1.714
  -1   -2     11.548      3.601      7.074
  -1   -2     23.921      2.562      2.452
  -1   -2    -16.082     13.550      1.746
 666 1282     18.936      9.808      7.158
  -1  345    -12.457      0.513      5.803
1080   -2    -12.631      0.272      6.349
  -1   -2    -17.941      7.575      3.741
 930   95     18.908     10.082     -6.444
 122   85     -1.721      9.707      7.202
  44 1244     18.855     12.109     -5.036
 819 1271     -4.078      1.848      9.073
 350  116    -18.915     -2.824      8.380
1252   -2     22.603     -0.758      3.915
  -1   -2     23.794     11.530      8.613
 175  114     12.107      2.491      0.172
 499  806    -16.544     -8.190      4.320
 325 1274     12.261      6.693    -11.571
 593 1120     -1.331     -6.884      7.096
  -1  679      7.004     12.735      8.533
 428 1083     -4.540     -6.346      9.257
  -1   -2     17.711     -2.798      2.864
  -1  397     24.477     -0.358     -0.627
1272  748     21.620    -11.189      7.338
1059  912     25.377      3.598      9.122
  63  797     -5.833     -0.718      4.678
1043  320      2.573      1.830     11.869
  -1   -2      5.253     -4.129     -2.602
 925   -2     15.882      4.129      9.474
 573   -2    -13.402      3.749     -7.824
1084  296     18.121     -0.540      2.745
 185   -2    -12.854     -2.049     -3.406
 905   -2      2.200     17.637      3.002
  -1   -2     -3.497    -17.388     10.020
 328  688     20.887     -5.267     10.154
 773  214     -9.581      6.264      3.096
 792 1286     13.957     -9.328     -6.534
  -1   -2     -8.795     11.312      2.993
 580   -2     22.365     -0.774      3.891
 856   -2    -17.239      1.139     10.769
 641   -2      6.962     -9.956      3.751
  -1   -2      6.628     -8.478     10.229
 513   -2     -0.130     -5.353     -8.200
 532   -2     -2.736      1.974     10.106
 342   -2     -2.073     15.002      3.732
  -1   -2     19.679     12.770      0.750
 565  504     17.763     -3.185      3.650
 662   -2     23.675     -0.884      3.604
 727   -2     -2.276     -1.973     -0.660
1271   -2     28.617    -17.283     10.280
  -1   -2    -27.149     -8.915     11.848
1273 1313     16.092      1.771     10.008
  -1   -2    -11.230     13.865     11.114
1236 1316      6.643      8.390      2.188
  -1   -2     10.882      2.454     -8.153
  -1   -2     17.320     -0.950      8.651
1229   -2    -17.985      2.222      5.932
1232 1300     16.762      7.700     -5.395
1278 1318     -5.653      0.175     -7.524
  -1   -2      6.099     -0.762      5.989
 178  731     18.734     12.431     -2.302
1280 1135     23.794     11.530      8.613
  -1   -2      3.622     11.132      1.654
 121   -2      3.665     11.167      1.714
1297 1325     21.942     10.108      4.911
1246 1306     19.388     -7.465      4.003
  -1   -2     -2.396     -5.499     -6.335
1208  961     -3.497    -17.388     10.020
1262   -2     20.755     -7.040      2.330
  -1   -2      4.328     -4.903    -10.263
  -1   -2    -11.230     13.865     11.114
1285   -2     10.882      2.454     -8.153
  -1   -2     -2.359     -5.552     -6.257
  -1   -2    -11.230     13.865     11.114
  -1  452     20.338      9.424      7.099
  -1   -2     24.249     -7.771      3.088
  -1   -2    -11.230     13.865     11.114
1292 1328     24.249     -7.771      3.088
1294 1330     -2.359     -5.552     -6.257
1284 1322     16.418      3.716     -7.818
  -1   -2     20.338      9.424      7.099
1298   -2     20.338      9.424      7.099
  -1   -2    -11.230     13.865     11.114
  -1   -2    -11.230     13.865     11.114
1295 1331    -11.230     13.865     11.114
1228   35     18.382      5.271      2.103
