1326
  -1  507     -1.322     -0.377      3.672
 835   -2     -9.996      6.011      8.587
  -1   -2     13.012     -8.917     11.877
 126    6    -10.680      7.399      9.683
   2    3    -11.081     -1.423      7.898
1224    1     15.912      1.901     10.353
  -1   -2     -3.338      1.035      6.637
  -1   -2     18.273      2.009     -0.718
  41    8     -9.159      7.664     -0.333
  -1  560     -3.535      3.718     11.001
 781   -2    -14.606      6.706      5.130
1072    0    -12.909      6.321      8.784
  18   -2      7.331     -6.624      5.195
   7   -2      0.997     10.639     10.450
  -1   -2    -11.225     13.851     11.093
  16   19      8.869      9.385     -0.366
  -1   23     16.448      3.625     -7.980
  -1 1296    -10.413     -2.192     11.793
  -1  117     17.792      9.852     -0.206
  62  452      3.452      2.394      3.790
   6   70     -9.239      9.095      6.830
  -1   26      9.414      1.444     12.291
  -1   -2      4.316      1.921     12.535
  20  861     -5.120      6.401      4.232
 226  316      4.824     -6.208     12.569
  -1   28     -5.735     -0.365     -3.973
  -1   -2     -3.497     11.628      8.181
 347  211     -0.611      3.119      5.382
1023   -2     11.917     10.818      4.474
1249 1300      6.019     12.109     -8.769
 285   -2    -15.365     12.742      3.749
 800   37     -3.234     13.544     11.644
  87   -2     17.310     -0.817      8.540
 877  114     -9.666      3.095      7.038
  29   51     16.804      0.979      9.251
  60 1245     18.875     -6.277     10.465
  -1   -2     15.376     -2.992    -11.226
  -1  256      4.080     -2.644     -2.573
1085   -2     19.494     12.934     10.136
  35 1242     -8.892     -2.417     -2.027
  -1  155     -3.425     -1.731      4.188
  -1   68     10.727     -7.804      4.840
 114  217     17.148      6.733     -1.585
 920   -2      9.525      5.269      8.574
  25 1240      5.699      0.602     10.600
 740   -2      0.972     -1.109      9.203
  -1  957    -16.671      4.954     -3.942
  -1 1235     18.890     -1.573    -11.015
  -1   95    -14.228     10.604      6.576
 892   83     13.129      4.853      6.012
  68  590     15.799     -0.608     -0.004
  -1 1182      4.516      2.780     12.571
  -1   -2     -5.777     -0.746      4.576
  -1  189    -17.027      0.040     -1.149
  -1   55     10.316     -6.214     12.415
  36  213     -3.272     -1.820      5.434
 107  127      6.987      4.552      7.614
  -1   -2     15.125      3.197    -10.636
 459  199     11.176     -4.495      3.136
  -1   -2     -1.901      6.459      1.510
 852  147    -12.441      2.211     10.401
  -1   -2     14.059     -0.109     -2.581
 629   36     21.117     -0.091      9.381
1183   88    -12.078     -4.121     12.050
  -1  267      3.029     10.853    -11.551
 297  442     -1.995     -6.358    -10.471
1044  981    -17.308      7.457      9.655
1060  838      3.448     -3.478     10.996
  -1  933      5.826      1.622     -6.291
  -1   -2      1.633      4.429      7.744
  33  108     -8.178     -1.512     -0.373
1019   -2     13.170     -5.462      8.148
 602  176      7.136      7.215      2.775
1292  101     26.402     -6.348      8.198
  -1  320     10.559     -6.801    -10.024
 429  128     -4.837     -1.381      1.988
  -1  872      9.890      9.750      4.147
 278 1261     15.033     15.228      1.730
   0  687      1.142     -0.531      3.696
 130  891     19.384      3.477      5.358
  37   22      6.755      6.152     -1.189
 541 1070    -13.673     12.118     10.817
  -1   85     23.146      0.933     12.161
  -1   -2     15.759     -2.879      3.641
 159   45     22.752      4.029      5.203
 798   -2     20.028     11.726      7.885
  -1   -2     15.301     11.237     -5.409
 313 1029     12.015     13.375      5.149
 898   -2     -0.226     11.288      8.706
 412  629     17.791      4.614      4.364
 783  787    -10.409      7.665      7.306
1258 1302     -4.555     13.396      2.549
1021   27     -4.757     -0.665      6.581
  -1  265     17.780      0.692     -4.864
1290   -2      5.235      9.369     -9.996
 208 1258    -14.549     -0.142      6.326
 415  378     12.285     14.821      8.277
  -1  611     14.137      7.652     -3.380
 827   -2      1.724      7.248      4.008
  -1  725     22.617      1.853      8.870
  -1   -2     13.452     14.135      3.464
 397   -2     24.201     12.396     12.773
  -1   -2     -2.507     15.230     10.737
 609  614      6.971     14.031      9.464
 422   -2      8.243     -5.813      1.247
 653   -2      9.713     10.348      7.156
1282   -2      9.359     13.414      3.845
  -1  182    -18.371      5.240      3.089
  -1   -2    -13.109     -0.675      9.735
  65   -2      7.433     -2.627      1.903
  79   -2     15.040     10.969      7.477
 224  412    -12.100     -0.406      3.498
1108  249     -2.878      5.695      7.540
  -1  623     20.224     13.309      5.016
 138   -2    -13.041     13.804     10.952
 451  295    -17.723     -2.740      5.365
 284  287    -14.188      8.026      1.418
1011  761    -16.392      1.137      8.566
 709   -2     20.914      8.705     11.106
  -1   -2      9.089     -3.759     12.691
 299   -2    -17.680     -1.564      8.290
 325 1015     -1.812     13.173      7.377
  -1   -2      0.676     -0.601     12.047
 109   -2     16.743     -0.401     -6.920
  -1   -2      6.410      3.707      5.153
 160   79     14.884     -0.489      2.396
 509  655    -18.960      4.736      8.734
  -1   -2     12.672      8.966      8.047
1077  363    -15.537     13.454      8.353
  -1   -2     12.872      4.698      3.262
 142   -2      5.959     10.022      7.155
 100 1249    -20.135      1.261      9.499
 705   -2    -14.500      0.250     11.741
  -1   -2      6.065     -0.596      9.306
 937   -2      0.850      1.285      3.182
  -1   -2      9.313      1.387      7.260
 207   -2     10.339     -1.670      8.275
1227  178      7.296     -5.204      5.825
  67   -2     -5.032      9.875     -3.686
  -1   -2     -6.704      5.821     -8.679
  -1   -2     -8.600     12.754     -4.279
 334   -2     18.325      9.071      9.087
  -1   -2     -5.697     -0.099     -7.631
  81  438     11.070      2.818      9.305
 529  334     24.634      4.853      5.571
  -1  402     -7.829     -6.410      9.801
 145   77    -19.390      3.490      9.552
  19   -2      6.691      1.112     -2.948
  -1  888      6.152      8.932     -8.061
  -1  190     -7.174     -3.741      6.924
 797 1280    -11.746     -2.162     -5.387
  -1   60     22.816     -3.171      3.531
  -1   -2     12.181     -6.555      6.163
  22   -2     13.991      5.235      8.209
1169   -2     15.666    -13.496      3.997
 672   -2     17.655      7.957      6.731
 221   -2     12.815     10.864     12.151
  49   -2     -1.687      3.056     -1.154
1248   -2     22.392      4.982      2.140
  -1 1020     12.275     15.059      2.200
 893   -2     -1.614     -5.954     -2.836
  -1  946      1.420     13.386      9.751
 901  254    -19.101     11.136     12.066
  -1   -2      8.395      7.088     -7.409
1089  900      1.375      8.501      9.256
 496  973     24.786     12.031      7.079
  -1  103     18.944     -6.885      0.656
  -1   92      5.984      5.437      3.949
  -1  111     24.885     -4.385      7.539
1018  294    -18.084     -6.159      7.498
 557  942    -16.549     -0.449      5.767
  -1  163     18.061      7.304     -0.354
1268  589     16.988      5.612      9.220
 464  720     20.461     -3.180      9.215
 391  645     20.979     -5.963     -0.224
  -1 1290     15.323      2.993     11.208
 185   -2      7.783      1.882     10.164
  -1   -2      0.420     12.678     -5.991
 123  220    -12.155      0.636     10.229
  -1   99    -13.301      1.058     11.957
1090  391      3.861      3.323     -5.025
  -1  729     13.261     -3.107      2.593
  -1   -2     10.350      0.309      6.340
 762  337     -2.925     -5.937      8.923
  -1 1114     20.499      5.900      4.730
  34   -2     23.972     -2.754      9.725
 384   -2     11.070     -0.269     -9.092
 686  954     -0.444     11.518      3.489
  -1   -2      2.876     10.492     -1.685
 214   -2    -11.533     -1.887      1.463
  -1   14    -10.514      8.139     11.424
1073   -2    -17.717      5.386      8.443
 586   -2    -11.021     -0.351      0.749
  -1  403     -7.559     -0.521      4.836
1137 1077     17.589     -2.484      5.838
  97   -2    -10.863      5.936     -1.915
  -1  361    -15.766      7.699     -5.880
  -1   -2     19.185      4.323     -3.057
 809   -2     14.081     -7.552      7.605
 632 1276      7.529     10.999      6.300
 194   -2      4.040     10.240      8.893
  -1  306     24.333      4.489      0.832
 601  371     -5.275     14.072      7.970
 122  530     15.490      9.867    -11.171
 521  727     18.651     13.677      8.665
  -1  462     10.851     -0.128     -1.051
 179  308      9.497     -2.466      0.984
  -1   -2    -14.281     -1.412      2.169
 575  830    -10.815     16.479      8.519
 829  644      2.149     10.859      3.856
 167   -2     -8.048     -1.345      4.693
 141  201     13.499     -6.853      4.628
 578   -2     -0.127      7.707     -1.859
  -1   -2     -9.739     -2.830      6.397
 155   -2     21.473     10.293      4.579
  -1  194     -0.254     14.459      4.380
  -1   -2     -5.363      6.455     -1.389
 799  304    -11.323      3.048     11.814
1283  205    -17.646     -4.917     10.645
  -1   -2     13.264     11.352     -9.847
 896   -2     27.760     -3.366     10.939
  -1  169     22.993     -0.927     11.470
 981   67      6.055      0.803     10.528
  -1   -2     -1.116      4.524      7.222
 698   -2     -3.604     -2.949      6.864
  -1  501     14.352      8.369     11.029
  -1   -2     -0.659      7.203      3.283
 102  497    -14.332     -2.347     -4.813
  -1  235      1.743      9.208      0.001
  78  953    -12.603      2.598     12.616
 379  538     19.591      3.583      9.500
  -1  149     18.919     10.443      3.262
  -1   -2     18.389     12.724     -6.325
 111   -2      9.250     -5.952      4.620
  -1   -2     17.481     -5.228      3.159
  -1  333    -14.235     -7.452     11.770
  -1   -2     21.137      9.716     -4.743
  -1   -2     18.233      2.502     -6.597
  -1   -2      2.733     -3.033     -5.285
 475  833    -12.349      7.837    -10.482
 584  207      0.883     -2.069      2.940
 971   -2      3.307     10.908      9.200
 912   -2    -17.208     12.968      9.312
 403  717     25.348     10.348      6.406
 964  187     10.563      1.904      1.848
1112 1170     24.551     10.497     10.866
 220   -2     12.068      7.417      2.215
  -1   -2     -3.694     -7.275     -5.919
 956   -2    -14.493     -3.339      4.647
1256  585     -2.041      0.327     10.048
 229   -2     -4.538     -3.614      3.365
 330   -2     25.835      1.472      5.987
 386  148     16.228     11.887      7.398
 654 1128      0.256      7.243      9.948
  -1   -2      2.706      5.687     12.398
  -1   -2     16.725      7.748     -5.469
  -1   -2     13.726     11.069     -7.879
1216  767     24.406     13.743     12.044
 152  394    -12.067     -7.282     12.557
  -1   -2      8.477      0.455     -8.556
 248  209    -19.146      1.039      9.676
  -1   -2    -10.107     12.895      2.908
 407 1272     25.395      3.484      9.438
  -1   -2      7.409     14.398      4.449
1237   -2     17.919     -1.366      5.457
 358   -2     -2.272     -8.825     12.701
  27 1054     -6.091     -0.677      3.626
  24   -2     25.490      2.352     12.343
1158   -2     15.747     -5.283      9.445
 316  393     26.147     -0.648      5.746
 181  105     10.589     -7.396      9.443
 209   -2     22.868      6.394     11.851
 543  999     -2.654     -5.612      1.710
  -1   -2     21.701      4.697     10.180
 301  587    -12.785      1.650     -2.698
 489   -2     -4.709      8.982      3.410
  57   -2     25.993     -7.616      8.976
  -1  298     25.525     -8.542      7.705
 972  255      9.613      0.372     -7.439
 517   -2     26.468     -0.154      8.504
 519   -2    -13.323     -8.509      6.189
  -1   -2     14.703      6.817     -9.037
  -1  272    -17.020      5.394     12.231
  -1   -2     23.158      3.700      4.778
 917   -2      4.556     -5.824      3.165
 383  534     20.731      6.751     11.932
 549  809    -12.216     14.416     11.934
  -1  384     -1.542     -2.857      4.795
  -1   -2     25.206     -3.724      3.488
 460  286     -4.513     -0.965      8.471
  -1   -2      6.271     -9.161      1.732
 199   -2    -14.735     -2.551      0.942
  -1   -2      0.321     -8.710     11.955
  -1  563      8.967     -1.477      6.237
  -1   -2      7.053      5.311     -0.985
  -1   -2     10.301      7.021      6.341
  -1  285     16.330     -8.478      1.509
  -1  459     12.569     11.544     11.908
  -1  516    -11.146     -0.945      7.228
1134  219      0.592      6.428      9.917
 565   -2     22.454     -8.585      1.667
 867  921     -7.618     13.936      8.225
1025  843     24.646      3.444     11.309
  -1 1193     13.849     -4.317     10.067
 506   -2    -13.741      1.336     -1.876
 507   -2     25.877     -5.043      6.804
 261  264     12.520     11.484      8.901
  -1   -2      0.494      3.051    -10.858
 402  273     13.652      7.200      1.702
  -1  991     -7.358     -9.050     10.259
 589  197     -8.693    -13.978      0.323
 133  231     18.554     -3.543      4.451
  -1   -2    -16.654      6.222     -0.521
 626   -2      2.119     -3.823      7.374
  51   -2     21.011      2.630      7.965
  -1   -2      4.386     15.099      1.656
1278  966     -4.523     14.165     10.501
 810  952    -12.458      9.339      3.939
  -1  396    -14.791     13.467      9.233
1078  607     21.890     -5.323      9.634
 258  303     11.948      7.281     -2.036
 380   -2     17.924      4.053     11.057
  -1   -2      9.834      3.173     -5.548
 322  628    -15.555     -2.034     11.934
  -1   -2      5.401     12.099      0.333
  -1  115     -5.278     12.104      8.852
  -1  782     14.871      1.790      5.515
 355 1183     26.137     -4.407     10.839
  -1   -2     20.340     14.731      7.955
1191  341      0.076    -10.623      1.038
  -1   -2     -0.369      2.291     -9.065
 225   -2     23.412      0.436      8.978
  -1   -2    -12.346      8.069      0.791
  -1  435     14.347     13.806     10.858
 264   -2     -0.440      6.553     10.652
 182  120     -5.035      3.921      7.058
 710   49      6.226     12.614      7.905
 747   -2      1.039     17.497      9.786
1171  511     -3.127      3.499     -1.515
  -1  802    -18.964      6.099      8.202
 997   -2      5.083     14.247      7.087
 732  489     15.020      5.166      0.964
 311   -2     -8.977     -5.846     -4.075
 832 1047     -5.494     16.572     10.476
  -1  852    -19.072     -1.642     10.375
 690 1081      0.907     14.493      3.476
  -1  276     20.794     -2.376      5.585
  -1  647     14.589     -6.502     10.835
  -1   -2     16.216      6.587    -12.158
 953  167    -18.107     10.839     10.391
  -1  121      6.123     -3.187     10.440
  -1   -2      3.319    -10.141      3.353
 183  469     16.260      6.855      4.556
 739   65     18.091      1.920      7.095
  -1   -2     -2.880      0.691     10.197
 119  661     16.464      7.281      9.246
  -1   -2     11.849     -5.733     11.547
 370   -2     23.525     -4.797      8.132
 164   -2     20.197     -3.259     -6.670
  -1  721     18.566      9.731      9.037
 293   -2     -3.356      3.406      5.902
1013   -2     -9.421      9.893     -0.176
1074   -2    -12.092     12.064      9.433
 724  719     -6.463     17.501     10.288
1043  555     -8.659     10.910     -7.557
 711   -2    -14.772     -2.219      6.063
  -1   -2     11.481     11.015     11.335
 552   -2     -2.650     -7.666      7.229
  -1  208     -1.035     12.043      3.161
 833  200    -14.070      8.241     -2.585
 994  482      3.988     -3.329      0.644
 721  474     23.572     10.324      5.784
1129   -2      1.097     -5.969     12.152
 595  584     18.301     15.210      8.007
 514  324    -16.539     -0.449     -5.202
  -1   -2     17.374      0.944     -0.260
  -1 1134     12.200     15.113     12.091
 222  188    -17.152      0.561     11.902
 339  195      3.690     -7.327     -0.289
 163 1256      6.855     -0.995      9.397
 447  713     -5.991     -0.670      7.855
1247  487    -11.249     -8.913     -1.257
 786   -2    -20.073     -3.317     12.023
 436   -2    -15.240     -5.164      5.000
  -1   -2    -11.083     11.232      2.066
1154   -2      4.886      8.526      9.674
  -1   78     16.795      8.319     -1.404
  -1   -2    -14.520     14.439     10.458
  -1  427     13.635     11.747      8.493
1156  708      7.016      1.361      6.155
  -1  347     27.735     -4.039      8.291
  -1  935      1.285     16.564      6.113
 504  759     25.781      7.110      8.730
 688   98    -12.406     -3.716      4.952
 193 1035      9.724     13.692     10.512
 767  345      6.442      2.152     10.185
 233  386      6.988     -9.502      1.780
  -1   -2     -3.247     -4.603     -3.516
  26   -2    -13.453     11.696      6.399
  -1  381      5.178     -2.032    -11.748
 729   -2    -12.948     -6.931     -0.581
  -1   -2      7.109     -7.616      8.329
1281  766      5.832      9.985      8.946
 639  420      6.554     -9.593      8.522
 170  318     19.284     -9.041      5.392
 932  486      5.421     -0.797      9.878
1186  975     11.041     -8.052     11.460
  -1   -2     12.296      1.248      8.427
 280 1103     11.199    -11.192      2.933
  -1  627     -4.795     15.446      7.559
  -1   -2    -10.018     10.755     -8.469
 536   -2     10.100     11.983    -11.500
1201   -2     26.049     12.289     10.104
  -1   58      1.523      1.508      2.403
 251   -2      7.075      9.989     -3.267
  -1  722     15.797     -8.870      1.632
  -1   -2     17.825     16.046      2.712
  -1   -2     20.373     -7.139      3.412
 309  153      9.316      7.750      3.265
  -1  591     -4.768      6.790     -4.946
  -1  632      4.581     -3.676      5.265
  -1   -2    -11.099     -0.912     -3.343
  -1   -2     11.722      5.387      6.798
 794  882      7.100     15.142      6.953
 605  404     18.378     11.340      5.952
  -1   -2     15.856     -1.730     12.609
 500  526     -9.615      5.098      2.125
  13   -2     -5.442     10.177     11.178
 382   -2     -0.710      8.614      2.901
  -1   -2    -10.938      5.836     -7.758
  -1   -2     -6.134     14.817      2.319
1062   89     18.576     13.313     10.880
 717  451    -11.758    -11.195      7.211
 647   84      8.211     -4.738     -6.562
 488 1140      5.249     -3.766     -4.317
 846   -2     15.812     12.684     -5.917
  -1   -2      5.599     -7.852     11.620
  -1   -2     11.135      3.689     10.006
  90   -2     12.614      2.263      0.876
1265  416     11.922     -2.034      8.844
  -1   -2     -0.644     11.642     12.171
 871  982    -10.926     11.894      9.581
  -1   -2    -13.567     12.385      8.370
 938   -2     20.831    -13.119      7.907
  -1  519     -4.733      9.096     -0.177
 608   -2     22.117    -10.333     10.060
  -1   -2     15.516     10.927     -1.530
 425  198      7.701     16.799      6.180
  -1   -2     15.525     -7.590    -12.386
  -1   -2     23.501     12.867     11.824
  42   -2    -10.403     12.299     -6.259
 766   -2    -16.660    -11.871      2.302
  -1  683    -12.802     -8.176     -6.010
 427  417     21.678      3.163     -5.348
  -1   -2     11.337     -4.111      4.734
  -1  746    -10.262      3.380     -4.974
 617   -2      5.018     -0.633      6.186
  -1  548      6.988     12.995     -2.236
 906  711     21.628      4.156     11.778
  -1   -2      4.600     -3.530      2.837
 148  150     19.243     -0.095     -5.994
 562   31      2.257      0.448      3.510
 201   75    -15.356      4.424     -6.183
 881  868    -13.427     -6.041     11.528
 695  702     20.049      6.277     11.694
 636   -2      9.853      8.368     -0.082
  -1   -2     -7.335     -7.355      9.079
  -1   -2      6.260     -9.114      5.920
  -1   -2     -4.767      7.177     10.169
 935   -2     12.169     10.866      6.659
  -1  445     21.021     -3.696      5.683
 294  637    -13.456     14.086      3.602
 993  580     -7.620     -2.057      9.162
  -1  578     21.929     -6.756     10.368
 596  406     23.475      0.382      7.584
  -1  514    -19.376      1.690      7.419
  -1   -2     -9.187     -8.883     -7.313
  -1   -2      2.644     -8.656     -1.087
 364 1267     -2.902    -11.712      7.983
 121  730     -0.331     -0.678     10.931
 139  186     -4.477     -3.121     10.763
 497  709     18.293     16.412     10.479
 886   -2      1.754    -13.509     -8.315
 188  184     18.968      8.843      6.209
  -1   -2     15.687     -4.092      8.527
1138   -2    -11.125     16.713     11.639
  -1   -2    -17.546     -7.111     11.116
 457   -2     -4.300      8.619     -5.019
  -1   -2     15.809     -7.079      2.379
 156   -2     20.613     -4.154      1.653
  -1  466      4.065    -10.065     10.519
  84  376     -7.514     -0.241      7.861
 812   -2     -5.728     -3.543     11.404
 454  144      4.222     13.897      8.423
 128   -2      5.237     -0.510     -4.730
  -1   -2      3.618     13.727      4.785
 548   -2     -5.711     -9.521     -2.870
1075   -2     -8.748     -6.312     11.162
1034   -2     16.415      3.112      6.619
 581 1117     -8.870     14.506      8.712
 726  744     14.056      3.119      9.008
 344   -2      0.931     -9.296      2.160
  50  161     12.781     -5.597      9.538
  -1   -2      7.820     -3.816      3.798
  -1   -2     -3.498      4.322     -2.229
  -1  513     -6.298     -9.555     -7.547
 657  502      1.811     -9.531      8.505
  -1   -2     20.475     15.900      8.030
  -1   -2     -0.520     14.553      2.464
 530   -2     22.175     10.336     11.399
1100   -2     15.206      8.286     11.474
  99  138      5.317      6.793      6.495
  46   -2     -2.508     14.824      9.516
  -1   -2      0.346      0.561     10.202
  -1   -2     13.216     -9.654      5.804
1253  366    -10.992     -2.858      4.958
1152  313      9.802     16.506      6.312
  -1   -2     -3.439      6.685     -5.374
  -1   -2     -0.097    -11.435     10.364
  -1  588     15.793     -4.579     -6.202
  -1   -2     -3.267     -8.888     -1.679
  -1  136     -2.064      7.553     -4.966
  -1   -2     15.485     -8.255     -1.354
  -1   -2     15.801      9.769     -9.478
  -1  710     17.444    -12.897     11.065
1066 1019     19.065     16.706      3.583
 627  330     -4.208     -9.843     -0.947
 635   69     18.552      3.537      5.620
  -1  542     21.715     -3.897      9.361
 441  398    -14.398      8.285    -11.048
  -1  657     21.265     13.228     12.123
1197 1055     15.384    -18.235     11.516
 369  547     -3.402      8.254      3.172
 401 1271     16.556     -3.359      0.200
  -1  426    -15.478      0.438     -0.258
  -1   -2     -0.228     -3.472      5.951
  -1  296    -10.130     -3.236      0.451
  -1  408     14.030     15.312      8.750
 147    2     -0.868      0.967      9.594
  -1   -2     16.685     12.844      5.763
  73   -2     -2.833     14.548      4.972
  -1   -2     21.677      9.003      5.152
 765   -2      2.945    -13.320      1.146
 271  212      7.305      9.410      8.851
 443   -2      9.983     13.880     -5.111
  -1 1195     22.084      7.390     11.584
  -1  311     24.511      4.055      5.844
  -1  625     12.782      7.828      2.429
  -1   -2      0.095      5.745     -2.019
 342   -2     23.319      1.918      9.839
 482   -2     -1.324     -8.580      4.807
 337   -2    -17.463    -10.476      9.521
1046 1085      7.299     14.115     11.180
  -1   -2     22.193      4.340     -3.652
1111   -2     18.437      6.089      9.206
  -1   -2     10.148     -1.753      6.776
1146 1003     24.553      2.160     10.868
 807   52    -19.813     -1.711      6.617
  -1   -2     12.375      7.294      8.319
  -1   -2     -1.159    -11.410     -0.460
 818   -2     11.985     16.242      9.635
 493  380     -6.585      4.532     -4.004
 989  626      8.071     10.769      0.518
 771   -2    -18.501     -7.036     11.464
 667  577     15.774     -6.531     -0.733
 346   -2    -14.056     -1.113     10.696
 925  633     17.316     -7.720      7.891
 467  673     -0.155     -8.390     -2.216
 641   -2     -1.268    -14.388     10.785
 219   24     -3.321      7.040     -1.471
 255  568     16.393     -0.566     11.600
  -1  824     -4.572     -4.306     12.256
1193 1082     24.117      6.954     10.552
  -1  840     -2.752     -2.686      4.512
1172  539     -1.102      8.969     10.750
  -1  604     13.877     16.095      7.144
 576 1133     -7.006     -5.630     10.079
  -1  764      1.258     -4.196      4.450
 955  846    -14.035    -14.586      5.306
  -1   -2     18.874    -11.890      2.132
  -1   -2     10.352     -0.429     -4.938
 865   -2    -17.333      3.405      9.706
 239  351     20.683      1.426      6.967
  -1   -2      9.987     -2.572     11.486
  -1  781     -9.221     -9.688      1.506
1063  866      5.750    -16.973      5.889
1275  246     -8.771     -6.348     -0.434
  -1   -2     -4.129      9.107    -12.241
 363   -2     -7.829     -0.642     10.276
1236  247      8.824     -6.206      8.954
 573  881     16.139     -2.308      7.634
 961  528     -4.790     -9.620      0.426
  61  904     -2.010      4.946      0.048
  58   -2     14.400      0.816     -3.969
 442  192     22.924      7.089      2.449
  -1   -2     18.001      9.160     12.181
1088  470     20.812     10.240      5.826
 682  598      1.173     -8.481      7.969
 784   -2     27.017      3.126      8.779
  -1   -2    -12.294     -6.795    -12.086
  -1   -2      9.832     -3.701     -9.076
  -1   -2     19.974     12.966     11.104
 525  377     20.288     -3.632     -3.804
 345  859     16.921     11.820     -1.045
 943  293     21.034     -9.122     -0.974
  -1   -2      7.598      3.026      9.490
1174   -2     -7.446    -12.191      2.277
 634   -2     -7.128     16.854      7.718
 515  566     11.346     15.240     10.367
  -1  776      3.880     -7.144      7.465
 986   43      1.419      5.356      1.684
1143 1143    -17.346    -16.023     12.191
1184   -2      9.023    -11.229      7.541
 276  557      0.142     12.076     -9.942
 430  635      2.164     -2.939      9.566
 752   -2      6.839     -7.184      6.968
 304 1263     12.513     -2.942      6.760
 210 1165     13.818      4.956     11.401
1255   -2     -7.407     -4.238     10.670
 788  903     16.442     -9.659     10.562
  31 1002    -18.494      6.919      3.972
 477  726    -16.966     -9.525      4.726
 645  468      4.557     11.466     -5.121
 157   -2     20.614     10.870     11.307
 211   62      7.831      4.822      7.663
 508   -2    -11.829     -9.685     -3.170
 830  352    -19.405     -8.717      7.973
  -1 1046     25.302     -2.303      6.736
  -1   -2     20.921     -4.859     -9.552
 828  157     -7.518      7.819     -0.583
 685   -2      5.512     -9.373     -9.626
 677   -2     16.730     17.208      7.668
  -1   -2      3.552     -1.124      8.841
  -1  170     15.809     -4.535      6.421
  -1 1011     22.022     14.600     10.543
  -1  564     12.216      9.134      4.846
 247  336     18.022     13.089     -6.312
1080  541     -5.432    -12.960      6.298
 446 1063    -11.139     -9.303     10.428
 866   -2     -7.513      0.864     10.447
1162   -2     -5.331     12.673     11.639
 290   -2     23.791     13.794      1.702
 908  639      6.249      2.515     11.004
  -1  728      4.330     -0.179      4.000
 377  914     -9.597     10.812     11.515
 637   -2     13.498     -1.447      9.180
 842  174    -14.312     -2.187      3.785
 567  616     22.289     -9.836      6.319
 570  788     20.339      0.238      6.736
 819 1021    -17.828     -8.831     11.986
  -1  651     -2.016     -4.150      8.682
  54  382     -7.161      2.843     -6.456
  -1  707      3.831     11.356     12.061
  -1   -2      0.440    -11.926    -10.313
  -1 1004     16.985     17.057     11.823
 106  372     13.174     -8.130     12.377
 875   -2     -5.135     -4.002     -8.109
 976  447     -6.502     10.639     -7.822
1267   -2     17.190     13.510      9.424
1055   -2    -10.547     -6.996     11.320
 779  739    -14.642     -7.045     -7.463
1195 1027     -4.052    -18.095      8.102
  -1  419     15.244    -10.207     10.284
  -1   -2     15.448      1.294      1.296
 331  505      9.793     -4.541      4.425
 563  779      6.183    -12.341     10.504
  -1   -2     20.033      6.126     -1.643
 393   -2      3.121     -2.560      5.864
 725   -2      2.286     -0.870     -4.354
  -1   -2     22.339     14.839     -2.047
  -1   -2     15.755      4.106      0.940
1045 1131     -5.809    -15.698      5.660
 153  156     12.605      9.414     -9.346
  -1  913     17.378      5.874     -1.511
1054   -2     -2.816     -8.541      8.074
 266  666     19.799     -1.680     10.234
 664   -2     15.210     14.332      6.879
  -1   -2     21.512     13.022      5.147
 522  288     12.907     -0.893      6.685
  -1 1013     23.741     -9.564     12.249
 744  168     24.978     -5.626      2.374
  -1  342     25.803      2.181      8.721
 302  565     19.723     -2.086      7.268
  -1  800    -15.682     -8.805      5.390
  -1   -2     -5.736     -6.427     -9.046
 444  527      2.397    -12.197      4.982
 921  652     14.423     10.940      7.878
1069  753    -15.265     -4.369      2.988
  -1   34    -16.478     -2.100      3.944
  -1   -2      0.377     -7.405     -9.693
  -1   -2     -2.944     10.069      0.345
  -1  433     21.920     -5.865     12.269
  30  457      8.759     -7.670      3.618
  -1 1123     25.661      9.438     11.364
 665   -2     17.829     -2.253      1.581
  -1  424     25.609      7.806      6.677
1097  703      0.674     -3.480     12.185
 789   -2    -18.465     13.157      6.172
 882   -2    -19.720     -6.823     10.229
  -1   -2    -17.503      5.558     10.727
 466  669     -9.318     -6.309      6.792
 291  606     20.509     -6.401      8.301
 918  642     22.966     15.455      9.324
  -1   -2     10.833     16.246     11.397
 265  222     12.401      4.584      0.812
  -1  738     16.477     -3.046      7.559
  -1  310     17.379    -14.919      1.935
 455   -2     21.340      1.685      4.739
1180   -2     23.743    -10.398      9.319
1246  423     20.535     -0.884     -7.563
1059   -2      4.405    -10.257      4.611
1173   -2     19.222     -1.428      7.913
1103  932      5.460    -10.706      6.875
 136   21     12.728     13.350     11.728
 618  704     20.715      5.507     -6.109
 802   33      8.701      6.047     11.390
 844   -2      0.872     11.841     -3.713
  -1   -2     -0.667     -9.313      8.342
  93   -2      2.323     -0.280      5.900
  -1   -2      6.980     -8.763      8.578
  -1  379     17.310     16.226      1.997
 895  874      3.703    -17.055      7.651
  -1   -2    -11.981      7.619      3.083
  -1  573     15.368     16.528      7.162
  -1  536    -12.160     -9.609     11.376
  -1   -2      8.735     -5.934     -5.322
  -1  603     19.739     11.313      2.952
  -1  307    -15.598      3.073    -10.283
  -1   -2     -5.414    -10.108      5.529
 687   -2     -8.687     -4.300      8.010
  -1   -2     20.513      3.810     -1.820
  -1  425    -10.120     -0.605     -7.593
  -1   -2     11.264      9.876     -7.443
 706   -2      7.902    -17.434      4.905
  -1  736     20.383     14.608     11.558
  -1  723    -12.077    -12.582      4.205
1117  751     -1.497     -9.892     -1.060
 659 1121      7.316     18.340     10.488
 622  997    -15.424     -3.414     10.608
  -1   -2      9.403      4.423      8.781
 795   -2    -19.353     -3.901      9.851
  -1   -2      4.973     -4.710      3.740
  -1   -2     13.321     -0.595     11.132
 234   -2     -5.121     -2.713      5.933
 486  134      7.395     14.591      8.859
1107  988    -17.111    -12.726      8.458
 432 1125     10.542     10.034     10.950
1092   -2     25.209     -7.512      4.178
1203   -2     20.318     17.369      8.385
 878   -2     -1.773      4.203      6.173
  -1   -2     -7.458     -6.632      0.878
  -1   61      9.726     12.969     11.832
 587   -2      3.693     -5.086     11.492
  -1  837      0.854     18.311     11.720
1113   -2     16.322    -10.516      5.817
  -1  261     23.388     -1.814     11.558
1114  620     20.919      2.144     11.950
 614   -2     15.639      3.765      9.689
  -1   -2     24.551     15.048      5.043
  -1   -2     18.054     -2.626     11.989
1008   -2     19.134    -17.378      5.032
1161   -2     -5.000     17.001      8.562
  -1  672     -4.583     -3.887      7.527
1027   -2     24.819     15.073     11.254
 569  332     21.026     -9.355     -1.740
 335  181     12.482     15.024     10.744
 490  780     15.176     -4.539      2.502
  -1 1169      4.254     -3.217      8.273
  -1  648     -0.624    -11.957      5.818
  -1   -2    -10.056    -17.254      9.464
  -1   -2      7.244     -1.929     -4.580
  -1   -2     14.658      6.097     -4.696
  -1   -2     11.925      3.202     10.523
 854   -2     -8.578    -10.850     11.006
 983  716     -6.781    -10.669      8.179
 787   -2    -16.832     14.861      8.603
 785   -2    -13.775      2.600      4.836
 780 1094     25.952    -16.905      6.587
 870   -2      0.132     10.485      3.105
  -1   -2    -20.926      5.375     10.875
 939   -2     29.398      5.336      9.621
1280  785     -3.184     12.965      8.856
  91   -2    -17.089     13.752     -0.054
  -1   -2    -17.403      9.821     -5.390
  -1 1022      3.597      7.094      1.122
  -1  621    -21.469     -3.262      9.317
  -1   -2    -12.165      8.955     -5.734
  -1  450    -10.409     12.742      0.370
  -1   -2      5.679      7.920     -0.420
  -1   -2     27.663     -5.060     10.883
  -1  821     25.994     13.875     -2.149
 449  499      8.731     -0.742      5.507
  -1  998     -4.644      1.433      1.317
  -1  897    -10.581      5.187      3.894
  -1  355    -12.078      2.094      6.456
  -1   -2    -15.931      1.551     12.215
 180   -2      6.441     12.669     11.057
  -1  879    -11.795      3.111     12.286
1132   -2      6.111      7.898      9.531
  -1 1104    -10.494      1.803      8.448
  -1   -2     -7.497     11.568     10.546
  -1   -2    -16.396     -5.062     -7.767
  -1   -2      2.309     11.804     -1.066
  -1 1188      3.488    -20.524     12.091
  -1  279     11.732      3.848      8.011
 319 1266    -17.265     12.168      0.403
  -1   -2     -1.958     14.689     11.415
 847   -2    -10.027     13.607     -0.856
  -1  902     18.346      6.913     11.413
  -1  413     20.509    -14.647     11.294
 453  582    -15.401      2.565     11.664
  -1   -2    -19.747    -11.787     12.759
  -1  820      5.814     12.928     -3.268
  -1  844     -4.702     13.912      7.053
  -1   -2    -10.021      0.112      2.116
  -1  848    -14.915     11.850     11.051
1084 1286     -9.882     -6.360      7.469
 811  836     23.549     17.867      5.562
  -1  871    -17.123      8.229      9.643
  -1 1076     25.077      1.650      2.574
 813   -2    -21.685     -1.501     11.717
 845  596     -8.827      5.465     -1.174
  -1  429     24.367      4.815     11.664
  -1 1040    -17.074     11.978     10.272
  -1   -2     13.082      0.725     12.892
 143   -2     10.923     10.919      6.068
  -1  896     28.440      3.857      8.578
1016   -2     -8.225      5.542      5.398
  -1   -2     -2.605     -2.823      8.271
 834  808     -3.457     13.873      5.769
 841 1057    -12.514    -16.203     -3.608
  -1  116      8.538     11.784     11.186
  -1   -2      2.412      4.670     -3.976
  -1  856    -11.795     16.526     -0.948
 184   -2    -16.799      6.128     -4.053
  -1  173    -12.022     12.423      2.771
1207   -2     19.617    -17.265     11.136
1109  576      2.181     11.738      2.980
1086 1124     -1.461     14.577     11.471
  -1 1147      9.657      8.809      7.702
1002  405     -1.246     12.094      7.378
 849   -2      2.482      6.937      7.996
  -1   -2    -12.614      7.817     -8.051
 528 1009    -11.553     11.585     -1.193
  -1   -2      7.247      7.170      5.401
 836   -2     -0.349      4.654      6.870
 823  360    -20.363      6.226     10.677
 853   12      1.018     12.036      8.788
 945   -2    -11.939     10.099     -3.411
  -1  624      9.527     -2.958      0.341
  -1  551      9.064    -12.248     10.873
  -1  863     14.010     -2.609     -3.326
  -1  390     10.397      3.939      8.550
1277  965    -13.468     -8.902     11.366
  -1   -2     18.067      8.226     10.907
 411   -2      3.077     10.092      8.466
  -1  765     26.111     16.573     10.222
  -1  910      9.105     14.952     11.029
1130   -2     -2.128     13.708     10.244
 859   -2    -20.736     -4.027     11.609
 215  960    -13.683     16.411      9.305
  -1 1091    -20.589     -9.938      7.672
 905  292    -13.162      3.454     12.079
1120  432      6.006    -13.082      1.472
  -1   -2     27.221    -13.518      9.948
  -1  510     24.346     -8.264      8.905
 888 1179     -9.209     14.073      5.944
  -1   -2     -8.385     -9.758     -7.612
 777   -2     -4.243    -18.199     12.638
 314  498     17.092     -3.988     11.243
  -1   -2    -14.733      0.248      4.204
 328   -2      1.139      3.668     -1.330
 542   -2    -18.704      9.212      8.964
  -1 1127     14.776    -11.946      4.474
  -1   -2      1.886     14.214      8.032
  -1   -2      3.907     -0.418     11.708
 697   -2     17.524     -9.816     -2.085
  -1  862    -15.895     12.766      9.616
  -1   -2     17.246     -3.351     -4.888
  -1   -2     -5.486      1.901     11.029
1037   -2      0.952    -18.674     10.590
  -1   -2    -11.651      8.418      3.334
 857   -2    -20.603     -7.078      8.359
  -1   -2    -13.570      0.636      1.590
 540   -2     14.883     -5.464     11.620
  -1   -2     -3.347     13.417      0.540
  -1 1281    -18.324      6.647     10.528
1181  945    -19.073    -11.571      9.255
  -1  911      8.978    -14.251     -1.057
 343  517     15.633    -10.767     -8.148
  -1 1030      1.242     17.013      0.856
 150   -2      7.795     12.705      7.656
 858  230     24.488     -7.909     10.430
  -1  508    -12.128    -11.318      4.275
  -1   -2     -9.363     -0.970     -1.925
1242   -2    -16.381      5.775      2.981
 125 1112     -3.398      8.684      9.356
  -1   -2     17.288    -15.865      9.468
  45   -2      3.146      6.495      7.501
 366  579      6.095     -7.636      1.133
 421  756     -1.075    -12.466     -4.933
 928  251     -2.261     12.682      4.342
1118  478    -17.777    -12.048      4.523
  -1   -2      3.198      6.148     -2.315
  -1   -2    -21.913     -4.235     11.443
  -1  696     28.667    -11.690     11.832
  -1  461    -12.952     -5.232      4.378
  -1  923    -17.212     13.117     10.711
  -1   -2     -5.194      4.101     11.726
 957   -2    -12.095    -19.074     11.509
  -1  793      9.164      6.236      5.283
 951 1198     26.769      9.098     10.984
  -1 1037      1.623     14.296     12.652
  -1 1155    -10.678     -3.605      6.992
  -1   -2     24.632      1.617      1.325
  -1  448      8.412      2.852      6.117
 399  430      5.725    -12.471      7.840
  -1   -2     -5.627    -11.059      8.522
  -1  956    -13.549     15.674     12.212
1252  675     11.657     -9.741      7.678
  -1   -2     23.941      6.254     -3.707
 926   -2     14.973      1.362      8.015
  -1  151     22.163      9.459     12.374
  -1  885     14.402    -13.046      9.367
  40   -2    -17.320      0.985     10.464
 162   -2     23.369    -16.945     10.929
 625  618      7.781    -13.754      2.241
  -1   -2      4.824     11.429    -12.091
 385 1160      0.965     14.263     11.152
  -1  317      3.985     11.796    -10.887
  -1   -2    -17.740      4.758     -1.884
  -1 1174     14.055    -16.316     11.795
1094   -2      1.782     -2.033      9.561
  -1  443     -1.408      4.934      1.215
 445  698     17.482    -10.492      4.962
 158   -2     25.868      6.352     11.319
  -1   -2     -4.945     -1.579     -7.959
  -1   -2     22.257      8.876     -1.944
  -1  895     16.668     14.973     12.545
1202  556     20.459    -16.028      4.756
  -1   -2     -5.742     14.500      5.005
  -1   -2     -9.829     17.825      6.733
  -1   -2     -0.097      7.957      4.095
 913   -2     -4.996     15.777     11.137
 899   -2     25.385     -8.879     10.934
1104 1167    -10.768    -13.102      4.398
 848  964     19.463    -16.862      8.063
  -1   -2    -13.780      5.845      1.293
  -1  689     11.855    -16.043      0.613
 985 1026    -14.517    -18.119      8.579
1004 1017     -8.267     -7.197     12.040
  -1  106    -18.433     -1.666     10.032
  -1   -2      1.680      8.389     -0.853
  -1   -2      6.401      1.552      4.613
  -1 1268     -6.917     16.406      3.177
 270  682     -0.832     -8.882     10.287
  -1  805    -12.836     12.183      4.547
  -1   -2     12.958     -0.654      3.500
  -1  803    -19.360     10.153     10.997
  -1   -2     -1.424      9.780      6.701
1083  484     -1.410     19.739     11.432
  -1   -2     21.709    -16.041      2.041
  -1  491     25.029     -2.194     11.152
  -1   -2     -3.236     15.210      0.684
  -1   -2     -0.672     10.561      1.139
 474   -2      6.164     -3.248      5.787
1053  494     22.577      9.106     11.724
  -1   -2      5.662     14.026     -1.560
  -1  640     26.651     -3.567     11.842
  -1   -2     11.229      5.528      1.638
  -1  453     26.597     -9.258     11.733
 723  692     21.363      3.810      0.613
  -1  760    -20.588     -1.845      7.192
  -1  242    -12.039     -3.018      5.690
  11  239    -11.072     14.102      4.939
  -1   -2     -1.042    -12.587      1.145
  -1   -2     20.521    -14.603     -2.806
 735   -2      8.097     -3.373      8.796
  -1  135     12.207     12.533      3.557
  -1  917     26.712     -2.258     12.741
 273  523    -16.841     -5.145      2.317
  -1  813    -17.400     15.005     11.207
  -1 1248     17.195     -1.174      7.738
1145  354    -15.867     15.674      9.295
  -1   -2     -4.435     -0.479     -2.675
  -1  164    -10.401      6.412     -6.338
  -1   -2     13.207    -18.858      8.069
  -1 1083     -1.694    -17.958      7.048
 941  206     25.732     -9.222      2.939
  -1   -2    -18.609     11.744     -3.716
1041  939     28.248      7.690      4.794
 998   -2    -15.455    -15.276      6.953
  -1   -2     26.481     14.201      4.635
  -1   -2      5.998    -15.239     -1.638
1110  684     15.661    -18.074      9.870
 660 1108     23.949    -14.119     11.921
 217  649      2.616     12.396      5.745
  -1  663    -10.573     17.719     12.550
  -1   -2     23.315    -14.886     11.914
1167   -2     -4.976     -7.575      6.049
 463  638    -17.822      8.989     11.937
 535  130      0.978      9.684      3.295
  -1  987    -10.343     15.662     11.923
  -1  389      4.258      9.867     10.757
  -1   -2      9.170     13.788     12.579
  -1   -2      8.968    -17.328      8.756
 862  553     17.638      8.605      5.166
  -1  329     -5.097     16.069      6.969
  -1  815     -9.788     15.642     10.588
1081   -2     -0.859    -10.719      6.101
 933  941     27.550      1.434      7.428
  -1   -2     15.291    -16.055      4.231
  -1   -2     16.156     14.118     10.656
  -1  735     -2.871     -7.477     11.874
 178   -2    -18.574      5.437     11.300
  -1   -2    -19.132     -2.570     11.621
  -1   -2      7.266     -7.186      1.817
  -1 1111      6.530    -14.713      7.599
 476  356    -11.082     -5.143      9.759
1240   -2     -9.233      2.521      9.554
  -1 1157    -13.218     10.472     11.588
  -1   -2     12.637      0.021     11.216
  -1   -2     -2.178      7.109      3.458
 778   -2     14.697      7.606      8.916
  -1   -2    -16.164     -0.729     10.026
  -1 1187    -19.011    -11.278     12.479
 305  411     23.738      6.210     -0.307
  -1 1122     16.707    -17.910      7.551
1260  223     -2.579      2.325      7.295
1168  252    -13.167     -8.535      5.000
  -1   -2     15.367     10.104     -2.209
  -1   -2     -2.881     -2.032    -11.002
  -1   -2    -15.853      0.601      4.977
  -1 1191     -9.938     -6.660      1.502
  -1 1025     14.279    -15.878      3.081
  -1   -2     -1.122     -7.284     -1.456
  -1  472     26.123     13.557      7.868
  -1   -2     26.830      5.988      3.027
 202  653     16.335     16.085      7.617
  -1   -2      5.865      6.702     -1.568
  -1  229     11.485     12.237     11.757
1212  978     26.335    -17.164     11.025
  -1  775     16.872     -1.838      1.019
1030 1158    -16.192     18.004      2.521
  -1  763     -6.276    -16.581     12.526
 480  926    -20.296     -1.432     12.394
  -1  915     -3.174    -18.217      5.065
1039  876      8.015      6.723     10.267
1009  970      3.808     13.566     11.904
  -1   -2      0.693     -0.098    -10.539
 620   -2     21.559     17.121      2.398
 642   -2     15.514     17.465     10.793
 644 1023    -11.277     18.275     10.745
  -1 1101     19.335      7.402     12.363
  -1  969     11.634      6.562      8.469
  -1  532     16.016     -6.783      6.027
  -1   -2      4.245    -18.830     11.878
1177   -2     21.299     -1.926     11.562
 658   -2     -8.163    -11.352      7.626
  -1 1090    -15.970     19.353      9.586
 574  234     23.106     12.654      9.609
  -1  686    -15.614    -15.593     10.700
  -1 1038     -9.805      7.970     -3.397
  -1  601     -8.964    -13.929      5.627
 869   -2      7.695      5.233      3.361
 105  227     -1.198      9.113      8.832
1065  506     24.256     -1.272      6.113
  -1  348     12.522     -6.015      6.313
 776   -2     -6.822     -7.768      9.647
1115   -2     17.132     10.257      6.776
  -1  437     20.403     16.140     10.822
  -1   -2      6.670      3.217      8.170
  -1   -2     -5.443     20.059     11.192
  -1   -2     -9.515      4.673     -1.629
  -1  112    -15.152     -0.289      4.744
  -1   -2    -17.490    -16.342     10.156
 198   -2     -0.331     -3.904     -1.505
  -1  936      3.448      3.875      2.808
  -1 1033      6.248     12.291     11.950
  -1 1041     28.937      1.177      9.340
1105   -2     12.572     -6.701      3.771
 306 1264     12.117      9.236      8.911
  -1   -2     10.944     -0.953     11.377
  -1  268     16.499     -6.221      9.238
 338   -2     -0.350     -6.854      2.005
  -1 1283     -7.279     12.907     -2.127
  -1  238    -15.083     13.188      7.009
  -1   -2    -13.458     14.815      4.537
  -1  245     -9.086      5.205     -5.358
  -1  908     18.506     -3.732     10.401
  -1  364     25.100     -3.695     12.391
  -1 1068     -8.308     -2.490     12.181
  -1   -2     20.145     -9.738     11.561
  -1   -2      5.319      6.083     11.507
 887  700     21.952     -0.666     10.603
 850  575     27.714      4.573     12.140
  -1   -2     19.464     -2.370     10.228
 501   -2      7.676    -11.553     -0.355
  -1  769     22.651     -7.483     11.104
 651  375      6.617    -10.885     -1.989
  -1   -2      6.209    -16.005      4.500
 555   -2     23.414     10.195     11.251
 851  901     -4.451     15.833     10.030
 308   -2     -2.235     17.962     12.167
 177   -2     16.794      7.071     -1.631
 168  284    -18.360      7.680      7.891
1087  240    -14.655     -7.053      7.466
 904   -2     10.868      4.943      8.256
1122 1062    -11.276    -15.643      9.104
1048 1285    -14.245     14.746     11.152
  -1  715      0.057     -3.177      4.792
 616  671      7.580     10.014     11.416
  -1  328     22.434      4.764     11.595
 593  368     19.111     -6.387      4.078
 381   -2     -4.203      0.330      2.701
  -1   -2     19.118      5.656     11.844
1160  654     16.899    -11.026     11.931
 934  193      8.492      9.516     -6.438
  -1  641      6.128    -10.722      4.779
  -1   -2     14.100      1.795      3.342
  -1  353      7.191      6.755      8.891
1067   -2     14.001     16.458      9.098
 638  289     21.877      6.611      5.377
 817  471      1.242     -6.313     -0.023
  -1  697      4.147      7.076      4.049
  -1 1137     28.652      8.671      8.902
  -1   71      9.170     -4.714      7.697
  -1  244     17.913      3.732      6.422
  -1  102     18.077     11.888     11.229
  -1 1110     22.099     16.028      6.037
 469   39      4.471      0.639      6.990
 495   -2      6.921     -3.062      6.473
  -1   -2     19.759    -10.950      5.213
  -1   -2     -2.888     -4.715     11.807
  -1  248      9.522     -1.893     12.247
 996   -2     16.587    -11.844      9.055
 891  552    -14.263      9.106      6.051
  -1  773      3.137    -15.976     -0.281
  -1  694     19.898     -3.152      3.815
  -1  243     15.614     -7.454     10.878
 458   -2     -2.970      6.450     11.136
  -1   -2      0.737    -16.951     -0.151
 372   -2     -3.996    -10.757     -0.718
 112  529    -11.696     -3.047      1.347
  -1 1161     -7.251     19.688      9.742
 693  612      9.074      2.551     -2.208
 947 1086     25.689      6.013      9.578
 911 1148    -20.201    -14.761      8.514
 400 1270      6.719     -3.331     11.027
  -1  165      6.918     11.152      7.927
  -1   -2     -3.054    -10.565     -1.203
  -1  676     -3.366     17.391      5.012
1189   -2     22.753     12.004      9.199
1032  602     24.933      5.923      8.999
 987  373     -9.704     -6.736     -0.848
  -1   -2     14.325     -6.847     12.216
 648  685      8.581     -8.034      9.001
  -1   -2      7.080      1.976      9.105
 952 1039      9.014    -15.045      3.249
  -1   -2     20.238     -4.254      8.122
 478   57     21.773     -1.379      7.592
1270  216     -5.046     -5.424     -5.751
 597   -2     15.822    -13.999      0.217
  -1   -2     10.939    -11.745      8.261
  -1  794     -0.337      9.792     11.232
 683   -2      9.054     10.986     10.138
  -1  503     21.878      7.184      4.091
  -1   -2     20.744      3.323     10.173
1005   -2     12.692      6.295      9.136
  -1 1180     25.220     11.538     -1.051
  -1  757     -3.493     -6.255      7.565
  -1  395      8.265    -19.681      9.433
1163   -2      9.923     -9.267      1.087
  -1  706      2.075      4.739      6.050
  -1  762     -8.885     -8.766     11.384
1031  277     16.223      4.700     11.091
  -1  771     21.592     12.240     10.475
  -1   -2      0.174      3.248     11.248
  -1  545     12.016     -0.836      8.866
  -1   -2     17.593      2.745     11.108
  -1  664      5.669      0.150      2.123
  -1  912    -15.355     -9.745      9.748
 995  979     10.626      8.935     10.389
  -1   -2     -1.348    -15.498     -3.033
  -1   -2     13.726      1.306      2.600
  -1  747     16.399    -12.578      9.093
1205 1206      8.466    -25.075      9.054
  -1   -2     -7.994    -20.558     10.175
  -1 1279     29.306    -16.631      8.527
  -1  667     16.496    -22.979     12.121
1221   -2     19.751     24.109     12.602
  -1 1201     15.203    -22.422      4.525
  -1   -2     16.584     24.694     10.082
1208  777     23.558     19.251     12.087
  -1 1229     -1.088    -24.235      8.808
1198 1099      9.563    -21.909     12.344
  -1  922     12.177    -17.913      5.462
  -1  924    -10.399    -19.672     11.962
1210   -2    -15.230    -20.625      8.485
  -1   -2     12.950     28.202     -3.745
1206 1214     12.235     24.634      8.025
1214 1222    -26.204    -15.144     12.445
  -1 1220     27.320    -22.625      9.934
  -1  374     26.084     13.338     12.271
  -1 1210     22.590    -21.326     10.511
1196   -2     16.592    -23.231      6.928
1200 1208     21.203    -18.729     10.777
  -1  754    -18.192    -13.052     10.031
  -1 1223      8.297     27.372     10.264
  -1 1069    -25.816    -14.807      9.959
  -1 1227      0.237    -16.725     12.572
  -1   -2     13.062     -8.913     11.690
  -1   -2    -11.225     13.851     11.093
  -1  221     15.374     -0.324     -7.939
  -1   -2    -18.417      5.097      2.976
  -1   -2      7.288     -6.680      5.202
  -1   13      7.282     -6.657      5.154
  -1   -2     16.466      3.570     -8.037
  -1   -2    -10.362     -2.245     11.801
  39   50     16.180     10.889      5.066
  -1   41     -5.763     -0.703      4.486
  59   -2     19.160      3.361     -4.345
 118 1252     11.622      5.415      6.644
  -1   -2      5.226      9.315    -10.009
  15 1236     -3.571      3.747     10.842
  12   30     18.976     -1.552    -11.159
  -1   -2     17.427     -2.320      7.865
  -1   76     -2.387     15.139     10.300
  -1   -2    -12.827     -2.014     -3.280
  -1 1257     16.758      7.727     -5.327
  -1   -2    -14.792     -1.808      5.483
  -1   46     12.194     -1.597      2.485
  -1   -2     12.194     -1.597      2.485
  -1 1297     19.483      5.142      2.629
  -1  226     23.038      3.660      4.627
1243    7     19.382      5.113      2.744
 923  520     25.642      3.779      8.141
 643  444     22.926     14.155      2.333
 173  269     19.198      4.380     -2.928
 324  816     16.278     -3.810      9.621
  75   -2     12.393     14.731      8.316
  -1   -2     17.216     -1.359      8.356
1261   -2     17.405     -1.506      7.779
 356  826     -0.065      4.687     -6.238
 218   -2     13.221     -3.299      2.419
  -1   -2     13.026     -9.758      5.739
 571   -2     13.026     -9.758      5.739
 282 1262     -9.762     -6.816     -1.551
  -1   -2     19.909     -6.890      2.838
1051  869     -6.975     -6.561     11.605
  -1  297     -1.025      4.702      7.619
  -1  370    -15.416      0.535      5.889
 249  750     10.829      4.146      5.583
  -1 1066     24.487      6.025     11.944
 395  827      2.417     11.706     -0.893
 253 1347      3.331      8.933    -10.334
1272  171      8.440     -1.906     11.731
  -1   -2    -18.372      6.803     10.204
1264 1049     -6.587    -12.458     -6.901
  -1   -2     -3.829      9.641      1.394
 140 1255     11.010     -0.365     -8.885
 979  646     23.323     16.282      5.819
 720   -2     14.017      6.063      6.439
  -1   -2      9.117    -12.248     10.977
 481   82    -12.911      0.272     -4.353
 246 1259     -4.214      0.371      5.926
 256  349     -3.632     -7.233     -5.881
  -1  701     21.738    -11.286      7.215
  -1   -2    -11.201     16.167     11.100
  -1  559     -2.137     -7.763      6.138
 513  615     17.701     12.134      4.289
 568  166      7.750      0.135      8.078
1276 1304     -5.920      5.734      0.325
  -1 1224     -3.402    -17.376     10.109
  32   -2      9.604      4.447     11.815
  -1   64     -6.502     -0.110      6.730
  -1   -2     -8.844      6.001      4.443
 523   -2      2.403      4.219     -9.291
 615 1172      4.565    -10.536      4.612
 101   -2     -2.061     14.682     11.848
 860   -2     -9.990      4.244      6.542
 927   -2     10.209     -1.697      6.756
  -1   87     10.542     -1.772      9.907
 437  732      7.505     -1.777     11.387
1286 1306     16.584     24.694     10.082
1219   -2     27.320    -22.625      9.934
1294 1312     13.062     -8.913     11.690
  10 1234     -3.302      0.963      6.419
  -1   -2     -5.584     -0.507      4.325
  -1   -2     -0.677     11.125      3.710
  -1   -2      7.282     -6.657      5.154
  -1   -2      7.276     -6.624      5.119
  -1   -2      7.288     -6.680      5.202
1226   -2      7.282     -6.657      5.154
  -1   -2     -5.813     -0.787      4.431
  -1   -2     -5.584     -0.507      4.325
  -1   -2     16.481      3.528     -7.988
  70 1246      9.480     -5.576     10.989
1291 1311      5.226      9.315    -10.009
 196   -2     16.761      7.800     -5.486
 113 1308     12.194     -1.597      2.485
 367   -2     -6.203     15.612      3.309
1279 1059     -3.402    -17.376     10.109
  -1   -2    -11.225     13.851     11.093
1297   -2     23.157     -3.443     11.251
  -1   -2     16.481      3.528     -7.988
1229 1293     -5.848     -0.746      4.595
  -1   -2    -11.225     13.851     11.093
1298   -2     16.481      3.528     -7.988
  -1   -2    -11.225     13.851     11.093
  21  281    -10.362     -2.245     11.801
  -1   -2    -11.225     13.851     11.093
1271 1319     15.602      2.457     -1.684
  -1   -2    -11.225     13.851     11.093
1306   -2     24.141      2.660      1.441
  -1   -2    -11.225     13.851     11.093
  -1   -2    -11.225     13.851     11.093
  -1   -2    -11.225     13.851     11.093
  -1   -2    -11.225     13.851     11.093
  -1   -2    -11.225     13.851     11.093
  -1   -2    -11.225     13.851     11.093
  -1   -2    -11.225     13.851     11.093
  -1   -2    -11.225     13.851     11.093
  -1   -2    -11.225     13.851     11.093
  -1   -2    -11.225     13.851     11.093
   8   11    -11.225     13.851     11.093
