1321
  37    0    -11.144      4.487     12.154
  -1   -2     -5.382     -0.635     -5.285
 273   -2    -17.384      7.864      8.854
 803   -2     23.125     -3.444     11.145
  -1   -2     12.940     -8.854     11.778
  -1    6     15.843      1.954     10.361
  -1 1231     -8.747     -2.255     -2.162
 104   -2      9.252      1.708     12.845
 207  519    -11.145     -0.876      8.078
  14   83      0.844     10.594     10.654
  -1  476     -7.108      7.567      2.589
  11    5     -2.281     14.797      7.396
  -1   -2     17.798      9.528      7.911
   8  225      4.944     -6.169     12.360
 289  271    -13.977      8.058      1.686
 339   -2     -5.097      6.393      3.983
 340  416      8.922      9.414     -0.091
 611   -2     -3.296      0.998      6.612
  68 1237     16.448      3.623     -7.988
 772   -2     -8.333     10.901      1.554
 446  247     11.388     11.474     10.031
 534  194     18.110      4.647      7.133
  -1   -2    -11.359      4.590      2.021
 219  182      9.777      3.260      5.371
 828  135    -14.188     10.573      6.672
 220  565      2.881     -9.741      2.556
 267   -2     18.586      8.045      2.391
  -1   -2    -14.596      2.119     -0.579
1164   -2     -4.535      9.809     11.781
  42 1233     18.322      1.630      6.265
 779   51      3.183      9.641      5.983
  -1   -2      3.440      2.423      3.792
 100  973     -0.101      9.347     10.250
 162   47      9.059      5.170      9.588
 108   -2    -15.096      0.338      4.297
  36   24      7.237     -5.948      5.125
 358  212      7.136     13.975      9.354
 719  463     10.321      5.445      9.190
1072   -2     -0.910     11.773     12.168
  26  849     -2.973      4.081     12.008
  -1   -2     14.063      4.066      3.502
 171   -2     17.252     10.737      5.099
 374  725    -17.346     -0.101      7.992
  15   -2     -5.274     -1.798      6.450
  24   -2     18.709      9.408      8.248
  -1    8      0.750     11.843      9.522
 210   -2      3.446     10.495      7.099
 238   -2    -12.196     14.295     12.236
  -1   92     18.268     -0.530      4.928
  -1  100      0.650     -1.149      9.813
 301 1084     -1.571      9.827      7.449
  -1   -2     -6.450      0.797     -5.498
 989  265     -7.140      7.540     -6.323
 176 1317      0.541      2.443      8.376
  -1  925     -7.824     11.949      2.998
 201  349     19.100      0.437     -5.205
  22  524    -14.656      2.382     -2.571
 277   -2     -1.187      0.855     11.534
 182  123     22.495      9.102      7.122
 517  669      7.179      2.627      3.658
  -1   -2     18.913     -6.282     10.398
 527   -2     22.664      4.001      5.324
  -1   19      5.118     -0.057     -3.761
 305   -2      4.724     -2.060     11.238
  -1   -2      5.224      9.373     -9.970
 483   -2    -10.323      7.561      7.345
  -1   59     14.594     11.111     -8.241
  -1   68     18.881     12.043     -4.560
  64   52     18.874     -1.544    -11.113
  -1   -2     18.885      2.769      7.346
  -1   -2      5.746      9.153     -5.039
 427  286    -10.489     14.916      8.103
  -1   -2     20.185     -5.632      9.760
  91  115     10.773     -7.727      5.072
  -1  834    -14.869      9.720     11.387
 261   -2    -14.115      8.311     -3.024
  72  956     -1.562      1.331      8.948
  86 1180     -4.747     13.247      5.362
  -1   -2     19.356      5.095      2.496
 951   -2    -15.287     12.749      3.857
  -1 1143     -8.420      5.451      3.212
 376 1261     -2.496     16.845      9.758
 241  133      5.984      5.419      3.828
  -1   -2      5.682      1.530    -10.543
 292 1078     -2.818     -7.410      7.555
 874  369      8.755     -4.230      2.028
 437   -2     24.404     10.666     10.711
  -1 1256     13.819      5.513      6.237
  77  510     17.334     -0.879      8.480
  -1  442      5.587      0.509     10.792
 294  104     -7.544     -0.485      4.914
  -1  996    -11.855     10.363     -0.342
  82 1290      7.099      4.677      7.987
  -1   11     -3.786      3.914      7.125
  -1  628     24.240     -3.220      8.113
 487   -2     21.588     -3.121      4.042
  -1  589      2.879     -4.052     12.360
  -1  422     20.914     -1.789      6.084
  -1  795    -18.467      5.166      3.148
  55   -2     -7.681     12.312     -6.752
 333  907     10.881     -0.146     -1.028
  -1   -2    -18.332     -0.342      9.569
  -1   78    -16.966      4.993     -0.326
 740   -2      9.912      8.309      4.897
  -1 1015     19.213      1.722      2.832
  -1  372     17.869      8.205      6.620
 429  137     15.308      3.371     11.639
 169   -2      1.788      0.937     -4.892
 644   -2     18.091      7.375      4.718
  32 1012     10.698     -7.307     10.262
  -1  440      6.906      1.728     10.663
  -1   -2      0.771     12.474     11.659
1021   71    -11.666      8.062      5.291
  -1   -2     -0.848      7.902     -5.629
1128  186      7.026     12.276     12.217
 883   -2    -14.225      1.774      9.863
  -1  726      9.470     -5.587     10.997
 618 1270      5.139      0.108      4.212
  -1  118      9.565     -2.405      1.277
 203  995    -11.169     -4.111      8.508
1018  144      3.600      9.673      9.976
  -1   70    -15.708      1.439     10.685
 384  143     14.564      2.677     -3.988
  87   -2      9.343      2.107     10.088
  -1   -2     -1.937      3.265    -11.480
  -1  159     16.719      0.100      4.230
1172   -2    -13.057      0.193      0.046
 106   -2     19.655     12.875      6.117
 200  430      4.708      5.721     -8.084
  -1  202     26.391     -6.261      7.969
1070  752      8.943      6.895     -2.198
  -1  436     16.775      1.033      9.125
  -1   -2     16.207      0.332     -5.842
 851   -2     -8.803      7.117     -3.105
  -1   -2     14.706     -2.632     -6.293
 118  451      5.769     -0.056      0.578
  -1   -2     -1.373     11.862      3.259
  -1   -2      1.654      5.103     -4.986
 177 1252     -9.245      9.119      7.091
  -1   -2     -6.303     -2.130      8.761
 952   -2     -5.539     14.263      0.717
 363  547      1.250     -3.057      9.200
 502   32      4.211     14.668      4.202
  -1  196    -18.063      1.148     10.997
  -1  178      6.657     -0.720    -12.316
 691   46     13.483      2.785      4.567
 778   -2    -16.851     12.509      4.532
 144  470     -0.920     14.923      1.992
 134 1247     -7.817     -6.389      9.846
  -1   -2      2.792     11.064      6.149
 122  226     18.997      1.635     11.270
 917  389     25.738      4.385     12.231
1331   50     19.046     -0.123     -8.305
  -1   -2      2.201      5.465     10.474
 744 1052      0.204     -2.649     -0.357
  -1 1114     -8.984      8.024     -0.482
1282  820     10.572      8.214     12.087
 488   -2      0.540     -7.326     -4.985
 702  572     15.395     14.841      3.523
 628   -2     22.350      0.779     11.367
 503  193     -4.431      0.402      6.578
 946   -2     15.563     -2.819      3.283
 884   61     -6.997     -2.026      6.088
  -1   29     19.456      9.138     -2.384
 692  494     10.364     -1.674      8.311
  -1  975    -10.784     -1.175      4.987
  -1  475     -8.487     -9.856     -1.080
 350   -2      6.282     -9.127      1.684
  -1  409    -17.589      0.195      3.849
 112 1243     19.012     11.005      5.674
  -1   -2     15.633     -5.292      9.579
  -1  120     25.660      1.171      6.929
  -1  554     -8.126     14.789      7.406
 667  853     22.166     -8.131     -2.180
  -1  712     24.691     10.991      4.649
  62 1235     14.917      1.847      5.508
  -1   -2      3.383     -0.792    -12.348
  -1   -2    -12.092     -4.097     12.033
 159   -2     -1.377      3.371      9.788
 324  822     -9.461      5.169      2.197
  -1   -2     13.583      1.384     -5.369
 192   -2      1.508     -0.496      3.348
 750   -2      5.709      3.354      3.757
1001   -2     10.296      1.678     -0.016
  -1   -2     -6.159     -4.901     12.405
  -1   -2    -18.251     -6.187      7.450
 158   -2      9.638      4.919     -5.328
 102  131     20.347     -0.352     12.437
  -1  506     -2.992     13.716     11.912
  -1   -2    -15.850      0.078     -0.921
 131  240      6.251     -1.181      6.266
 216   66     -3.408      7.251     -1.281
  -1   44     19.938      2.211     -2.823
 313  406     12.511     15.567     10.672
  -1   81     -2.614      9.101     -2.006
 189  219     14.825     -0.402      2.294
 202   -2     12.161      7.560      9.122
 476   -2      2.386     -1.416      8.224
1322   -2      6.416     -8.547      9.092
 678  860     16.405     13.208      1.701
  -1   -2     17.054     -3.370      1.101
  -1   -2     -8.129     -1.528     -0.514
 854  391    -18.843      4.864      9.292
  -1   -2     18.607      2.484      2.670
 279  511     24.319      5.161      6.358
1292   56    -11.790     14.611      9.321
 152  112      1.583     -1.445      9.300
 877   -2    -13.689     16.412      9.249
1087  581     13.130     14.192      3.640
  95   76     25.848     -5.052      6.726
  -1   40    -11.762      0.344      2.664
  -1   -2     14.083     10.991    -11.792
 276  523     -9.637      0.192     10.810
 368  386     25.995      3.498      5.754
 600  781     20.312     -6.487      8.050
 349  424    -15.171      7.636     -9.358
 385  161     12.432      3.058     10.018
  -1   87     23.152      0.523      0.896
  -1  480     15.972     -1.204     11.287
  -1  842    -12.635      8.553     -0.265
  -1   -2      5.881     12.390     -8.931
 465   -2    -20.115     -0.891     10.037
  -1   -2     15.257      9.283     -3.642
  -1   -2     22.830      1.791     -3.802
  -1   -2     -6.126     -5.031     -5.700
  -1  148     21.123     10.204      5.277
  -1   -2      4.347     14.247      2.700
  94  306    -15.858     11.822     12.081
 703  596     -9.715     -2.626      6.581
  -1   -2     12.298     14.821      8.295
  -1  318    -13.327      1.173      4.253
  -1   -2     15.910      6.699      6.914
  -1   -2     18.724      7.800     -2.262
 944  291     -3.068      3.796     -1.785
  -1 1299      7.750     -8.143      6.362
  -1   -2     -1.091      4.144      7.871
  -1  294      7.654     14.307     -3.865
  23   30     21.562      5.328      8.993
  70   98     -3.553     -3.533     10.634
 641  205      8.010      8.745      7.273
  -1   -2     10.782      7.321      9.596
 160 1239     15.399     -1.263      1.423
 225  361     13.387     11.849      9.140
 124  252     14.420     -6.521     11.070
1296   -2     23.209     10.077      9.821
 224   -2    -13.431     -2.961     -2.811
 388  428      4.834      1.976      5.146
1212  701     10.812     -0.997     -4.975
 815   -2     -2.399     15.267     10.531
1143  823     -0.969     -7.455      7.136
 395  469      9.128     12.613      8.861
 199 1253    -17.391     -4.134     11.998
 988  338    -13.905      0.294      8.346
  -1   -2     -2.891     -2.237      8.352
 242  807     -1.232      4.814     -5.782
 588   -2      4.768    -10.759      4.231
 518   94     23.552     -1.594      4.032
 870  895    -12.581     13.175      5.621
  -1   -2     -4.495      7.264     -3.542
1035   90     20.048      8.062      9.907
1073    9      5.348      3.105     12.112
  -1   -2     -1.956      8.558    -10.299
  -1   -2     18.851     12.356     -8.872
  -1   -2    -11.266      9.981      3.498
 239   42      0.935     10.436      1.482
 859  439    -13.730     -6.850     -0.524
  -1  342     12.654    -13.221     -2.741
  -1  851     11.288      3.106      6.728
  76   -2     18.952     -0.368     -5.093
 209 1051     11.374     15.058     10.965
 129   37     19.764     12.952     10.732
 745  393     15.914      3.160      5.905
  -1  210     21.631     -6.168     12.137
  -1   -2      6.099     10.222      5.596
  -1   -2      0.757     -2.882     -8.614
 646  331     -5.726     14.317      5.218
1194   97     11.375     -2.267      1.022
  -1   -2     22.356     -5.488      8.086
 272   -2     17.450      7.296     11.692
  -1   55    -10.035     -0.148    -10.873
  -1  529      4.914      8.049     11.889
 142   -2     -3.854      9.630      1.703
  -1  796     24.528     11.578     12.673
  -1  546     16.518      4.669      1.467
1133  127     12.555     11.684      9.805
 270   -2      1.248     13.837      9.040
  -1   -2    -12.964      2.151      0.411
  -1   -2     11.151      9.172     -0.304
1185   -2      6.786    -13.768      5.687
  -1   -2     16.542     -3.179     -5.048
1311   -2      5.201     -1.654    -12.551
  -1  242    -11.149     -2.948      4.359
  -1  315     12.985     -6.020      8.233
  -1   -2      9.614      9.238     -3.650
  -1   -2    -17.355      0.567     -0.057
 819  378      0.337     -1.791      4.568
 645   -2     16.013      2.077      6.004
 459  718     -9.075     -6.628      3.427
 921   -2      3.262     10.543     12.571
  -1   -2     13.967      8.667    -10.604
 402   -2     26.053      2.165      9.085
  -1 1096     -4.181      4.367     12.428
 612   -2     22.026      8.571      9.835
 821  308     23.191     -6.718      9.072
  -1  114      5.342     -5.724      3.996
 170  401     14.513     -8.720     11.509
  -1   -2     10.312      0.162     -6.189
  -1   -2      7.842     13.952     11.658
  -1   -2     16.320     -8.036      2.964
 668  124     -4.954     11.044     -8.474
  -1   -2     -7.726      3.147    -10.971
  -1   -2     13.462     -3.346     -1.700
  -1  255     -5.041    -12.821      0.148
 481 1001     -8.041     -6.782     -4.375
 164  180     12.491     -2.580      6.008
 543   -2     26.101     -0.598      3.933
 909  312    -14.764     11.813     11.284
  -1   -2     19.596     -0.808      3.748
  -1   -2     16.926     11.601      2.920
 973  591     25.415      3.744      8.344
 904  250     -4.317     -2.365      2.608
 756   -2     17.722     13.103      6.323
 530   -2     10.049     -5.464      6.121
1119  692     15.153     12.125      2.380
 304  125     -0.629      3.727     -6.049
  -1  968     14.586      4.974     11.933
  -1   -2     10.743      7.395     -3.474
  -1   -2    -15.627     -3.758      4.308
 705   -2    -14.737      4.365      1.039
 208  425    -20.183      1.252      9.382
  -1 1131     24.421     13.777     12.004
  -1   -2      7.409      7.084     10.257
 576  932     20.041     -3.781     -1.257
  -1   -2      3.906     -2.327      3.942
  -1   86     24.350     -2.878     10.809
  -1   -2     15.331      6.775     -7.555
  -1  836      4.681      3.100     -9.193
  -1   -2     -6.795     -2.082      0.519
 163   -2     -8.684     -6.289     11.113
 694  846     24.511      1.513      1.130
 603   -2     18.706     10.504     -5.295
 298  658     24.404     -1.907      7.319
 887   -2     -3.998     12.234     11.248
  -1   -2     -0.994     10.443    -10.458
 113  198     -3.354     -0.388      8.041
 475   -2     13.013      5.519    -11.022
1188  877      0.399     10.696      3.801
1139   -2     13.842    -16.156     12.255
1201  482     15.124      5.425      4.762
  -1  334     19.248     -5.260      1.780
1218  450      7.144      8.301     -3.286
 848  550     19.624      2.514     -9.894
 829  392     -1.288     -0.567      7.646
 608 1269     13.644      0.244     -2.713
 153  383     -5.227     11.637     10.277
  -1   69     -7.480      7.943     -8.463
 263   -2      4.440     14.255      7.035
  -1  329     12.852     -8.696      4.170
  -1  954     15.616     11.619      6.214
 993   -2    -14.229     -7.892      6.279
  -1   -2      9.021     -7.304     -3.416
  -1   -2     18.963     11.006      7.628
  -1   -2     -2.078     -4.430     -0.849
 440   -2     20.504     15.917      8.013
  -1   -2      1.791      9.232     10.532
 342 1260     11.478      3.061     11.141
1266   -2      8.870     -2.269     -3.066
  -1 1192      3.317      3.221     11.938
  -1  489     14.941     10.612     10.773
  -1   -2      8.983     -1.386      6.361
 438  714     -2.711     15.171      3.306
 110 1190     22.300      2.306      8.638
 443  156     -1.389      6.149      2.193
 891 1003    -18.991      6.093      8.245
  -1 1254      5.098      6.063     -5.907
  40   -2    -16.337      0.138     11.930
  -1  417     21.008     -1.941     12.239
 516   -2     13.015     10.560     -2.589
  -1   -2      1.981     -2.940     12.441
 715   -2     -2.973     -1.095      5.735
1138   -2     -2.020      4.881     11.364
  -1   -2      1.262     -1.876     12.170
 405   -2     22.487     -0.987     11.963
  -1  495    -12.905      7.820     -6.025
 471  216    -14.622     -1.458      0.376
 433   -2     20.569      5.255      9.335
 855   -2     13.831      7.939      0.800
 288  643     23.377      0.616      8.737
 274  473    -14.838     -2.778     11.498
  43   -2    -11.393      9.285     -0.825
  -1   -2     -3.221    -10.037     -9.793
  -1   -2     -6.837     -9.583      8.616
 731  540     19.244      9.235      2.333
  -1   -2     11.173     10.236     12.256
 406  244      4.850      9.295      6.779
1113   -2    -16.961    -15.184      6.472
 423 1264     16.018     17.152      6.394
 922  429     17.649      5.053      5.409
 500  435     12.895     11.621    -11.293
 630   -2    -15.165      4.457     -6.136
  -1  902     -4.816     -0.954      2.573
 899   -2     22.813     10.958     10.463
 509  395      2.488     -8.912     -0.050
 595   -2      6.042     -9.006      7.164
 761   -2     -6.263    -12.311      4.826
  -1  101     14.816     -0.949     -0.813
 787 1277    -17.920     11.546      9.742
  -1  754     16.007     -3.565     10.709
1193 1148      0.595      6.785     10.144
  -1 1020      5.606      9.475     11.983
  -1   -2    -11.784      4.327    -10.851
 919   -2     24.192      9.935      2.429
 990   -2     10.226     16.507     10.744
  -1  971    -11.842     11.987      9.998
1166   12      6.846      2.097     -2.573
 383  365     12.823      4.783     -2.604
  -1   -2      1.634      8.748      8.611
  92   -2     25.545      8.319     10.686
 416   -2     25.618     -5.570      9.353
1213  532      5.527    -10.814      7.187
1170   -2     -4.854     -4.473      8.876
  -1  645     21.113     10.143      2.447
 621   -2    -14.524     -3.448      4.882
  -1  597     12.836     13.742     -3.233
 660   -2    -16.813     -8.178      3.695
  -1  848    -12.055    -10.084      3.905
  -1   -2      1.540     -6.458     -5.067
  19  214      7.114      2.993      2.025
1049   -2     21.183     -4.060      8.929
 414   -2     -0.101     -6.970      0.525
 185  169     -2.914     -2.354      5.278
 444  852    -16.161      6.659      3.342
 977  838     -5.367     15.868      7.128
 513   -2     21.640      2.355     -6.560
  -1   -2     24.361      6.827     11.808
  -1   -2      5.172      8.229     -8.917
 879  715     20.466     15.933      5.349
1068 1024     15.614    -13.669     -0.641
 230  397     18.024      6.226     -1.772
  -1   -2    -14.882     11.194     -8.781
  -1 1136     12.089    -13.910     12.560
 542 1144     26.537      1.588     11.271
  -1   -2      2.769      9.851     -1.366
  -1   -2    -12.752     -3.394      1.286
  -1  951    -19.186     11.089     11.817
  -1  350      1.784      4.183     -2.132
 231   -2     26.267      2.259      6.153
  -1 1147     12.460     -2.263     11.846
 252  119      1.094      0.237     -9.630
1176   -2     -2.534      7.363      1.613
  -1  155     -7.370     -1.158      7.201
  -1  984     21.702    -11.600      6.252
 399  238     17.738      6.007      2.245
 523  188    -13.619      1.258      0.866
1210  149      1.168     -9.501     -1.418
  -1   -2      1.575      5.458    -11.101
  -1  299     13.284      3.866     -3.149
 526   -2      5.867     14.524      3.552
 753 1273     23.795      0.114      8.486
  -1   14     16.035      6.749     -2.959
 620   -2     -8.857     14.759      9.325
  -1  963     22.001      4.394     12.528
 190  341     14.116     -8.380      2.735
1151   -2     -4.022      4.819      4.741
  -1   -2     12.233      3.677     -2.761
 454  321      4.000     15.423      1.092
  80   -2     16.446     -4.317     -8.197
  -1   -2     -0.231    -11.248      4.268
  -1   -2      7.135      8.936     -1.843
 760 1259     12.892      7.033      9.509
1014   -2     25.975     10.439     12.089
 119   -2     12.050     12.447      3.595
 965   -2     10.081     16.069      8.397
 636  959      7.803     12.687      2.305
  -1   -2     10.497     -6.703     -9.942
 173  527     19.936     -3.899      7.195
 431  615      0.249     -3.260      2.659
 524  563     20.028      7.214     -3.213
  -1  275     14.675      1.380      1.373
 375   -2     -4.288      8.786     -5.385
 580   -2     -1.921      8.473      8.263
 519   -2     20.786    -10.293      6.701
  -1   -2      1.779      1.297      9.719
  90   -2     25.203      4.139      4.757
 319  617     19.430     -7.477      4.155
1022  537      9.278     13.348     12.518
  -1   -2     24.638      0.456     10.162
 640   -2     16.127    -10.009     11.112
  -1  110     22.773      7.312     -0.081
 846  582     22.263     10.306     10.804
 968  261    -19.548     -2.824      9.954
  -1   -2      0.280     12.970     -5.506
 504 1160     -4.275     13.924      8.427
 482   -2     10.384     -4.769     10.889
  -1   -2    -14.786     -1.098      3.600
 865 1104     20.800    -12.876      7.870
 420  459     25.880     -7.459      9.933
 817  164    -16.185     -2.796      2.721
  -1   67     -3.439     -0.899      1.750
 312 1258     14.902     12.931      4.743
  -1  622     21.233     13.448     12.044
 631   -2     12.011     -7.496     -2.337
 109   -2     26.574     -7.178      9.880
 439   -2     26.439     -0.061      8.552
 154  502     17.092     15.158      5.158
  -1   -2      7.234      8.497     -5.769
  -1   -2     24.927     -2.229     11.464
 544  488      5.112     -3.616     -5.024
 721   -2     22.617     12.336     11.452
  -1   -2      2.201     -3.650     -8.085
 925   -2    -10.967     16.600      8.063
 328  316     -5.170     -5.768     -1.483
  -1   -2     -7.330      5.927     -2.246
  -1   -2     13.982      3.268      9.327
  -1  343     17.509      4.822     11.889
  -1   -2    -14.070      0.463      0.065
1057   -2      0.394     11.687    -10.446
 651   -2     20.834      9.570     -2.307
  -1  528     -7.569    -12.617      7.144
  -1  492    -13.878     -2.975      4.969
 790   -2    -15.689     12.956      9.600
 607   -2     14.767    -11.944     10.161
 634  381    -15.667      4.909      4.715
 455  333     -7.331      1.032     10.611
1052   -2      1.610     18.031     11.265
  -1 1234     13.225      7.888      4.348
 981 1083    -14.336     -1.063     11.737
 563   -2    -18.283    -10.552     10.474
 555  465     13.049    -10.010      9.776
1260   -2     19.506     13.874      6.780
  -1   -2     18.690      7.204     -6.580
 734  107      1.999      9.685    -10.087
 521   75      9.858     -1.831      6.470
 975  373     15.597     -4.050      8.316
 187   -2    -11.624     10.922     -0.720
  16   72     15.944      6.460      3.789
 258   -2      9.477    -13.198     -1.544
  -1  461     21.529      4.088     -5.877
  -1   -2     -1.561     -6.394     -4.047
1096  672     20.179     -3.214      3.793
 512  821     26.227     13.491      7.881
  -1   -2      9.206    -11.208      7.818
  -1  172      8.271    -10.547      4.737
  -1  281     15.391     -2.881    -11.842
  -1  603     18.682      9.076     -6.623
1238   -2    -16.521    -11.468     10.785
 396   -2      8.432     -4.225     12.109
  -1   -2      5.231     -1.682     -3.413
 749   -2     15.279     -9.231      3.035
 549  850     -0.666    -10.791      1.290
 788    2    -13.095      4.078      3.316
 733   -2     19.303      2.248     -5.634
1189  505     20.384     10.574      9.523
 332  151      7.246     -0.267      9.467
 957  175     15.479     -8.214     -1.190
  -1    7     -4.145     -2.797      4.582
 789  612     -7.497     15.010      6.777
 157  844    -19.496      3.912      6.452
  -1   -2     11.608     -2.547     -5.006
 522  472      5.552     14.244     10.932
  -1   -2      0.610     -0.482      3.682
  -1  413     23.099      0.062      5.936
 656   73     20.527     -5.245      2.135
  -1   -2      9.289      9.727     -3.946
 712   93     -2.055      3.751     10.966
 397   -2     -3.668      7.692     -4.132
  -1  651     12.691     -3.430      9.689
  89  227      8.361     10.425     -3.304
 738  604     23.076     14.197      3.121
1013  222    -15.105     -3.585      7.902
  -1  568     14.773      8.829      6.322
 926   -2      9.022     -6.328      9.029
 572  783     12.253     16.461      9.532
  -1  588      2.015      3.136     11.202
  -1   -2     14.778     -1.547     10.803
 300  577     22.614     -9.336      7.665
 345  703     16.524     -4.188      1.234
 492  522     19.101     15.031      4.700
 408 1097     26.114     -8.374      8.704
  -1   84     16.798      9.255      8.070
  -1   -2     -7.587     15.661     10.723
 864  646     -0.897      8.675     -0.245
 847  359      5.911     15.070      2.237
  -1  556    -19.932     -7.258      8.895
  -1  181    -15.277      2.756     -9.521
1038   -2      3.690    -12.786     -5.225
  -1  173    -10.625     -5.707      8.004
 434   -2    -10.295     -7.986     10.446
 592  411     17.150    -10.103     -0.927
 840   -2     -9.365      1.352      8.355
  -1  272     -1.313      9.815     11.681
1195   -2      2.147    -11.670     11.356
1053   -2      6.504     14.971     10.410
  25   -2     19.420     -1.532      3.625
  -1  731     -5.800     16.583      8.774
 768  690    -12.382    -11.767      5.295
  -1   -2     17.411      6.017    -10.960
1131   -2    -18.021     -5.704      9.270
  -1  304      8.987     -8.710     -2.814
1173  938    -12.594     -9.520     11.570
  -1   -2     11.575     -2.366      9.224
  -1 1284      2.438     -9.732     12.109
 736  521     -3.747     -8.541      8.564
 900  762     -1.353      3.306     -4.901
  -1  755     18.527     -9.182      3.728
  -1   -2     -7.891     -4.496      4.150
  -1   -2     10.226      4.003     11.181
  -1   -2     19.017     12.704     11.399
  -1   -2     14.286     16.202     11.660
 807  713     23.194    -15.581      6.087
 212 1152     12.006      8.399      5.955
  -1  994    -14.463     15.174      6.924
 528   -2     22.752     -7.722      4.190
1148   -2     -7.542      4.753     -5.756
  -1   -2      8.076     14.217      9.526
  -1  454     19.779     14.336     -3.043
  -1   85      5.222      0.556     11.571
  -1  152      2.074     10.405      5.244
  -1   -2     -3.719     14.679      4.160
1061 1127     24.191     15.869     10.160
 642   82      6.029    -10.230      4.374
  -1 1065     13.984     10.888      8.056
  -1   -2     -1.665      5.090     -7.800
 262   88     18.829      2.988      4.294
  -1   -2      7.790     -5.303     -1.358
  -1   -2     15.228      0.827     12.111
  -1   -2    -18.069     -1.948      8.734
 146  354      7.726     -0.343     12.283
 794   -2    -19.554     -2.015     10.713
  -1  727     11.651     -3.881     12.315
1150   -2     -2.592     17.897     12.172
  -1   -2    -17.064     -5.950      3.203
  -1   -2    -16.100      5.558     -6.320
 928  626    -10.682     -6.424     11.781
  -1   -2     11.278      3.671      9.936
 685  292     24.917     13.283     10.345
  -1  249     -6.813     -0.292      7.038
  -1  434     14.843     -4.584     -2.104
 553   -2     18.188     17.169      6.650
  -1  530    -11.173    -11.390      7.534
  -1   -2      7.586     -1.869     -2.064
  -1  279     12.341     -3.809      0.549
  -1   -2      3.764     -7.298     -0.041
  -1  237     15.471     -7.883     11.801
  -1  414     -1.592      5.573     -1.318
 307  160      6.799      2.971     12.039
 391   -2     -8.779      4.621     -1.718
  -1   -2     -3.468     -9.514      0.295
  -1  509     18.217     -8.248     11.465
  -1  647     10.031     15.256     12.133
  -1  872      4.892     -3.566     12.328
 418  208     11.923     -6.266     11.091
1112   -2     14.384     16.195      5.933
 565  677     15.023     14.767     11.530
  -1   -2     14.917      1.533      8.167
  -1  347     18.047      6.357     -5.347
 956 1030     -7.426     -6.449     10.411
  -1  743    -15.878    -10.603      6.541
  -1  790     -0.963     13.859      8.899
 221 1315     13.638     -3.663      3.691
 687 1072     19.482    -17.243     11.261
  -1  613     -8.018     -5.242      9.924
  -1  592     15.562      7.833      9.712
 696  517     11.805      6.991     -1.252
 665  507    -17.657     -7.671     11.981
 253  702    -14.172     -6.083      8.313
  -1   -2      9.019     -6.911     12.010
  -1   -2     16.810      7.028    -11.233
  -1   -2     25.838     -2.855      5.753
  -1  600     19.938     14.184      4.968
  -1   -2      7.114     -1.844     12.214
  -1  405    -13.517     -7.824      7.787
  -1  769     15.511     13.579     12.447
 462  887    -14.337      7.604      5.474
1146  477     -6.390     -8.449     11.745
  -1   -2    -13.669     -1.268    -12.021
1116   -2      2.956     -2.084      7.444
1276   -2      6.012     -2.740      3.533
1005   -2      1.952     12.949     10.129
  -1   -2     26.688     -0.961     10.300
 317  920     23.393     13.254     10.758
  35  978      0.127     11.250      8.016
 578  515     19.510      5.019     11.359
1207  772      8.041     -7.961      3.466
  -1   -2      0.421     -5.360      6.060
  -1   -2      6.466     13.041     -5.481
  -1   -2     12.867     10.234     -0.790
1042  747     22.492      3.848     -3.351
  -1  759     11.858      4.538     11.964
  -1  941      5.768     11.106     10.625
  -1  388     16.212     -4.208      4.608
 765   -2     -2.293    -15.463      8.124
1171  801      4.649    -13.076     -0.814
  -1   -2     11.286      6.551      0.863
 204  284    -11.416     13.157     -3.597
 206  599      7.482     -6.617     -4.498
 535  248      5.925     -4.217      6.673
  -1   -2     15.010      7.570      8.763
 586 1268     13.355     -6.652      7.706
1012 1005     26.217     -4.369     11.096
1033  418     21.772      5.711      1.314
  -1  362     17.258      4.353      5.296
 737  656     15.323     18.828     11.913
 987  640      7.450     13.983      6.406
1181  375     19.154     -4.278      9.706
 639  602      2.249    -13.148      6.940
 282   -2     20.938      0.900     11.461
  -1   -2     -4.969     12.707     -0.727
  -1  108     20.680      7.724      7.896
  -1   -2     15.886     -6.369     -0.526
  -1   -2     -5.243     -5.903     11.903
 725 1008     -1.599    -12.521     -3.404
  -1   -2     24.975     14.951     11.199
 673  162     -2.543     -5.652      5.168
  -1   -2     20.357     15.403     11.490
  -1   -2      8.135     13.105      1.394
 515  168    -14.636      6.270    -11.492
  -1  900    -12.719     -4.850     -2.300
 752  886     20.082      0.183     12.026
  -1 1149      2.799    -14.600     11.435
  -1 1047     19.586      1.471     10.427
 561   -2     20.641      2.850     -4.217
  -1   -2     -4.259      1.251    -11.403
  -1 1044     -0.097    -13.765      8.309
   9  776     11.923     -8.829     10.471
  -1 1075      1.511    -11.108      2.099
  -1  694    -15.342      3.500    -11.006
 708  311     24.244     -1.909      9.319
  -1  736     -2.072     -8.320     11.936
1174   -2     -6.462    -11.935     10.560
  -1  170     20.490     11.782      4.831
  -1  121     -0.949      0.092      4.030
1183   -2     -9.228    -10.447      7.429
  -1   -2    -14.695     -9.643     -3.545
  -1   -2      7.206      0.346     -9.140
1110 1017      0.831     17.694     10.366
  -1   -2     -0.492      2.459      9.645
 616   -2    -11.810      5.056     -1.063
1109  301     -2.562    -12.947      3.923
  -1   -2     20.981     -4.894     -9.909
  -1   -2     21.868      1.536     -1.669
  -1   -2      7.589      7.517     -5.313
1075  325     22.358      8.687     -3.367
 571   -2     23.687     -0.416      4.529
 552  979      2.354     -5.171      0.353
1290   -2     15.352     -7.757     -7.693
 907   -2     16.477    -18.008      7.860
 506  140      4.214      8.232      3.391
1007   -2     -4.688      7.960      5.763
  38 1161     13.047     12.134     12.188
 992   -2     -4.485     -8.759     12.250
 165  195     -5.916      1.118     -9.713
  -1   -2     16.332     -5.420     12.114
1198  927     -3.958    -11.856      9.337
  -1   -2    -15.714    -10.502      9.524
 393  323     19.098      4.514     10.824
 251   -2      2.183     -4.924      8.070
 569   -2     19.823     -0.062      6.365
  -1   -2      8.521    -12.753     -1.208
1105 1283     -6.920      0.720      7.011
 710 1031      7.093     -9.661      7.764
1162   -2      6.996    -12.566      9.995
 137   -2     10.480      3.553     10.880
1136  716    -12.923    -15.831      8.791
  -1  879      2.638    -11.538      4.253
1080  764     19.999     -3.829     11.568
1098  680      1.047     -4.139     11.531
  -1   -2     -7.802    -12.420     -3.455
  -1  652     16.561     -1.568     -4.504
 613  732     17.018     -4.799      4.649
 495   48     16.899      8.186      2.199
 971   -2     11.079     13.658     -0.368
 539   -2    -14.400    -10.948      1.384
 533 1292      3.998     -1.586      9.300
  -1   -2     -1.830    -10.132     -1.963
  -1  569      7.653     13.976      0.025
  -1   -2     17.787     10.784      7.403
 818  551     -4.659     -7.335     10.202
1023   -2     19.347      5.048      8.203
 774   -2     18.310     -9.698      9.398
  -1   -2    -18.847    -13.954      8.708
 771   -2    -18.985     12.163      8.799
  -1  619     24.143     16.958      7.607
 445  263     -4.944      4.215     -9.990
  -1  908    -19.885     -0.896      4.449
 958  650      5.081    -15.661      4.231
 568   -2      8.716      5.448      2.322
  -1  560    -20.921     -3.061     10.009
  -1  745     -1.390      5.590      5.010
 314   -2    -15.334     10.102      5.111
  -1   -2     -9.106      7.792     -2.253
 335   -2     -8.373      5.273      5.675
 366   -2     24.022      4.909      8.630
  -1  812     -6.400      1.053      4.565
  -1   -2     -3.757      8.479    -10.772
  -1  213    -17.447     -0.087      9.299
 286  833     -6.870      9.148     -2.201
  -1  789    -16.361     14.499      6.776
  -1   -2     22.298      4.035      8.181
 394   -2    -12.325     -5.494      7.376
  -1  777     -9.698      0.395      6.258
 180   -2     27.104      7.226     10.764
  -1  799    -13.826      3.677     10.734
  57   -2    -12.145      2.205     10.543
 143  864    -13.380     13.526     12.458
 101   -2      5.596      2.033     11.288
 655  815     10.931      8.515      8.692
 827   -2    -15.708     14.376      7.097
 179  458     -2.743     11.394      9.121
 974  897      4.793     12.958      9.347
 923 1169     -2.737     12.025     10.851
1200   -2     23.369      2.336      8.358
  -1  113    -11.372     11.004      2.110
  -1  832    -12.807     10.787      5.691
 478  793      2.525     15.406      9.015
1187   -2      0.379     16.039      9.650
 582   -2    -19.152      1.123      9.463
 435  157     -3.835     13.055     11.871
  -1  824     -5.213     14.915      9.149
  -1  220     18.916     -2.909      3.018
 984   -2    -14.466      2.133     12.284
  -1   -2     -0.567     10.133      1.415
  -1  307    -18.706      6.977      8.788
 806   -2     28.485      3.878      8.746
   0  784    -11.785      3.122     12.303
 546   -2      5.474     -0.611      9.926
  -1  659    -11.756      3.644     -0.476
 690   -2     -0.549     14.160      6.169
  -1   -2      0.455     18.033      3.942
  -1   -2      1.570     14.283     -4.118
  58  960      9.534      6.025     11.772
  -1  657     -3.477      1.337      8.872
 378   -2    -13.200     11.225      5.823
  -1  611     16.192    -10.707    -10.091
 755 1274    -11.554     -3.491      8.951
  -1  865     -6.805     -2.877     11.200
 937 1282     -5.273     15.330     10.367
  -1   -2    -17.268      5.576      9.409
  -1   -2     -4.760      5.028     -6.819
  -1   -2     10.495      1.642     12.636
1107   -2     -4.919    -13.062      5.189
 432  103      0.885      5.198      9.155
  -1 1071      5.584     10.723      5.830
 902   -2    -10.585     12.186      4.600
 773  379    -18.470     -1.985      3.237
 184  894    -18.683      0.464      9.165
  -1  681      9.723     -7.753     11.543
1040   -2     27.544      1.619      7.822
 537   -2    -12.471     -2.489      3.430
  -1   -2     -9.912     -4.580     -5.837
 195 1187    -16.292     14.491     10.381
 617  283     10.926     11.710     11.922
  -1 1121     -9.747     -6.943     -1.169
1003  708     -6.784     -3.675      8.479
 624   -2      7.714    -13.333      1.823
1083   -2    -12.644      6.560      6.336
1244 1016    -22.267    -12.267     10.584
  -1  493     24.087     16.515     12.140
  -1  176     -4.717     -3.220     -2.368
  -1  794    -19.451      7.196      1.920
 191   -2     -1.720      6.719      5.342
 336 1009     -2.221     13.650     10.821
1092   -2    -12.478     16.017      8.468
 894  707    -11.828    -18.906     11.871
  60  282    -15.059     10.445      6.285
 860   -2    -18.715      8.910      9.581
  -1  317    -15.457     14.919      3.472
  -1   -2     10.484    -16.837     10.390
 560 1179     21.529     15.355     12.169
 908   -2    -17.050      9.714     -5.909
 853   -2     -3.514      1.419      2.104
 720 1272     24.312      3.910      7.158
  -1   -2     -3.887    -13.977     -1.262
 888  710     11.871    -16.025      0.581
 183   -2     26.313     10.430      3.495
  -1   -2    -16.926      9.697     -0.240
1219  867     20.633    -17.215      5.514
  -1   -2    -19.536    -10.670     11.376
1180  555     -4.910     17.233      8.577
  -1   -2     -5.753      1.281      5.348
  -1   -2     19.309      7.036     -5.507
1031 1137      2.505    -14.086      2.238
 836  785    -10.901     14.223      6.426
 499  239      5.475     -4.895      3.608
1079  443     -7.257    -11.479      5.502
  -1   -2     -0.952      1.846      8.572
  -1  671      5.873     -1.259     12.335
  -1   -2     -4.292     -0.789     12.597
 929   -2      1.684      8.992      4.256
  -1 1140    -10.616     12.636      7.816
  -1   -2     10.861     -7.921     11.095
  -1  753     24.532      5.734     12.582
 479   -2     24.964     -4.146      7.082
  -1  324    -13.468      4.806      1.509
  -1  235    -12.306     11.418     12.524
 960  709      2.348    -11.408      6.622
  -1   -2      9.773     16.838      4.940
 947  503     26.077     -8.810     10.714
  -1  258     -7.221     10.336     10.933
  -1   -2     25.863    -16.134      5.370
  -1  586    -13.345      1.742     12.482
 214  856     18.179      6.422      9.464
 812   -2    -12.302      0.330      7.616
  -1   -2     14.039    -11.991      0.361
 637  706     -8.313    -12.703      0.300
  -1  234      9.858      8.399     -0.100
1129   -2     18.723     -1.210     12.650
1025   -2    -20.301      1.424     11.609
  -1  809    -19.720     11.057      6.736
  -1   -2    -11.060    -10.716     -9.179
 931  330    -17.706     14.666     11.096
  -1   -2     16.328     -9.489      8.612
  -1 1103     -7.001      3.021     -4.517
  -1  183    -13.112     -1.035      4.064
  -1  377     19.963     13.859      0.537
  -1  595      3.017      5.955     -6.589
 457   -2     13.379    -12.835     -5.845
  -1   -2     -9.457     16.592     10.235
  -1  929     28.620      6.133     11.599
 250   -2     14.899     -9.486      9.695
  -1  305     -0.509     17.006     10.993
  -1   -2     -3.349     -0.941      3.183
  -1   58    -14.300     13.548      1.927
 428   -2    -16.983      2.740     10.615
  -1   -2      2.831     11.942    -10.528
 898   -2     19.479     16.136      5.348
  -1   -2     -7.623      4.296    -11.235
  71 1238      8.725     15.708     11.101
  -1  722     23.022     14.589     11.239
  -1   -2      0.328      6.445      1.201
  -1   -2    -15.370     -2.012    -10.224
  -1   -2      2.880     -2.286      4.915
  -1  974     -6.274    -16.579     12.723
 885  791     28.686      6.009      9.769
1032   -2      8.448    -16.103     10.061
1043   -2    -14.030     -9.531      0.254
1252   -2    -10.385     12.996     -0.212
  -1   -2      1.259     16.328     11.568
 355   -2    -16.389     -3.232      7.160
  -1   -2     24.070      6.833     -5.489
  -1  371    -15.306     -8.183      0.743
  -1   -2     -1.771    -12.883     -6.593
  -1   -2     12.697      3.634     11.367
 240  663      8.426     -4.604      4.728
  -1  534     11.634      9.699     -3.027
  -1   -2     -3.546      1.976     -1.920
  -1   -2    -16.684     -4.612     -6.588
  -1  885    -14.350    -18.710     12.450
  -1  452     -2.832      8.957      7.773
  -1   -2     -2.498     11.957      5.836
 876  921     -9.505     18.609     11.404
 228   -2     -5.553     19.937     11.618
1069   -2    -16.539     15.183      8.193
  -1   -2    -14.185      0.189     11.851
  -1   -2      8.055    -10.634     -2.119
 732   -2    -20.874     -6.099      9.684
  -1   -2    -10.558     -8.346      4.892
  -1   -2     -1.568     -4.433     -2.421
 775   63    -10.810     17.198     10.975
1082  740    -14.312     -6.060      4.862
 352  384    -14.836     13.056      8.497
  -1   -2     21.861     -9.485      5.273
  -1  536     -2.448    -14.759     -2.084
  -1   -2     19.990     14.798      4.529
  -1   -2     -4.831      1.246      3.508
  -1 1037     22.398      6.212      6.688
 966  444     -9.864     -0.476     -0.705
  -1   -2    -13.409     16.018      3.056
 348  116      5.711     10.673      2.465
  -1 1033     17.773    -14.199     -1.910
 217   -2     25.134     -0.676      3.889
  -1   -2    -21.274     -6.361      7.698
  -1   -2     -2.705     -7.922     -3.970
1039   -2     -2.434     19.200      7.768
  84   -2      6.245      0.615     10.870
  -1   -2    -13.364      7.977      8.841
  -1   -2     -1.304     13.407     -9.955
 716 1128    -14.215    -14.061      7.331
 510  641     10.130     -0.328      4.248
  -1  813     24.057    -13.254     11.889
  -1  516     18.557    -14.684      5.978
  -1   -2      1.881     13.371     -0.022
  -1 1101     26.526      9.403     10.826
 468 1141     21.493     -4.893     11.308
  -1  387     -2.251     17.456     10.755
 648  478     -5.672     -9.138      3.998
 331   -2     20.446     15.419      0.320
1229  939     -4.620    -18.044     10.221
  -1   -2     23.707     11.446     11.564
  -1   -2    -16.201     -2.872    -10.753
 532   -2     15.927      7.738      7.936
1217  720     -4.682     -5.347      6.298
1097   -2     -2.694    -15.928      6.637
 930  415     27.425     -9.519      9.478
  -1   -2     14.458     -3.170     -1.058
  -1  579     19.800     16.170     11.737
  -1  245     -5.836     15.313      1.189
  -1   -2      0.026      0.054     -4.483
  -1   -2      4.429    -14.737     -4.812
 912   -2     22.261    -12.433      9.325
 494   -2     -7.847      4.295     -8.541
 593  376    -17.554      5.321     12.219
  -1   -2     -3.525    -10.809     10.460
 587   21     -1.056      8.769      9.474
  10   -2      7.184     -0.891     -6.370
1144   -2     17.277      4.785      9.926
 782  174     -9.851      9.737     -2.157
  -1   -2    -12.560      4.021     -3.610
  -1   -2      4.195     16.061      2.144
  -1   -2     24.134     11.293     -0.391
  -1  419    -10.184     -0.064     -3.528
 927  969     15.510     17.694     10.085
  -1  678     23.492      8.166     -0.558
 823 1146     29.210      7.841     11.332
 995   -2    -11.035     -8.602     10.569
  -1  862    -15.617     12.352      7.083
  -1  695     23.980      7.080     10.478
  -1   -2     15.874     -8.981      8.807
  -1  837    -17.212    -17.838      4.298
  -1   -2      4.403     13.851      8.764
  -1   -2     25.848      6.808      6.942
  -1   80      8.163     15.301      2.417
  -1   -2     22.702     -3.478      4.771
  -1  268     -1.530      4.689      8.933
 211  474     10.063     17.973      9.893
 654   -2     -4.575     -0.687     10.047
  -1  145     17.283     11.962      7.679
  -1  270     -8.992     14.227      5.681
  -1 1110     -8.292      5.740      0.006
 801   -2     25.826    -16.545      9.668
  -1   -2     -8.566     -0.459      4.410
  -1   -2      4.661     12.631      6.111
 933  760     17.128    -12.209      7.958
 972  449     -3.515     13.919      6.419
  -1 1086    -16.691     10.168     -9.033
  49   -2     12.858      6.641     -0.087
  -1  676     25.147    -11.419     12.057
  -1  499      0.024      1.441    -11.038
1045   -2     -7.735      6.258      0.128
  -1  297     25.836     -1.929      2.934
  -1  233      1.793     12.776     -6.206
  -1 1177     22.956     -6.909     11.310
  -1  662     14.530    -11.980      8.227
  -1  937    -12.639     18.019      0.895
 822  806    -16.634      1.792     11.537
  65 1236     -0.270      0.651     11.155
  -1  943    -16.430     17.374      3.747
  -1   -2    -13.186     10.550     11.740
  -1   -2     -8.802     17.265     11.815
1168  854      3.879      8.339     10.619
  -1  751    -12.023    -18.530      6.294
1019  487    -18.239     -8.088     12.548
 541   -2     11.094     -0.460     -4.410
  -1 1079      3.694    -20.448     11.807
 602   -2     -5.635      6.808     -0.769
 583   -2     -9.308    -13.594      3.563
 330  553     -6.200     -1.098      1.938
 961   -2    -13.453     -9.689      9.119
1233   -2      7.754    -19.404      9.742
  -1   -2     -2.410     -2.746    -10.092
  -1   -2     13.644     14.551     -3.394
 338   -2    -12.781     16.259      8.575
1191  699     -1.713    -17.953      7.049
  -1   -2     18.176      2.710      0.940
  -1  761    -18.138     -6.270      3.648
1142   -2      1.819     -9.389      8.736
 816 1151     -6.487     12.699     11.616
  -1  491     22.515      7.594     12.566
  -1   -2     -2.889     -3.776     -3.813
1091  653     18.250    -11.747      7.246
  -1   -2     11.506     -7.384      9.813
  -1   -2     -5.465     18.647      8.846
1246  564     13.467    -18.622      9.778
1094  942      3.900    -18.439     10.699
  -1   -2      0.749     15.944     10.382
  -1 1094     20.981      5.944     -1.530
  -1   -2     -7.125    -15.163     12.240
  -1   -2      8.932     -7.693      3.579
 758   -2     23.007     15.139     -2.158
  -1   -2      2.318    -15.658     -0.413
1044  310     24.100      0.238     11.814
1066   -2      7.441    -18.078      5.471
 614  348     11.325     -6.330     -3.506
  -1   -2    -15.215     -8.295      8.352
  -1   -2     16.682      9.519     -1.809
  -1   -2     10.482     15.357     -1.273
1041   -2    -13.650    -17.369      4.601
  -1   -2     20.389      6.801      6.679
  -1  735     20.393      9.599     10.856
  -1  997      2.724     16.832     11.758
1175   -2     26.003     11.531      7.699
 649   -2     18.964      1.583      7.330
  -1  767      9.056     -2.774     10.434
 866 1125     15.761     -7.285      9.684
 709   -2     15.560    -18.110     10.018
1111  891     -3.715     19.376     11.038
  -1   -2    -14.566    -10.579     -1.348
1241   -2      9.348    -18.680     12.275
1108  627     -5.888    -15.515      5.863
  -1   -2     13.094    -16.228     -2.221
  -1 1188     20.678     17.919      9.610
1204  729     17.892    -18.603     11.383
  -1 1095     12.210    -13.621      9.383
 172   -2     17.000     13.998      6.042
 293  679      8.062     -6.067      4.252
 218  366      7.107      6.222      2.251
 997  723     17.279     16.836     11.110
 411 1164      8.846     11.427      8.850
  -1  543     -1.539     -7.915      1.100
  -1   -2     17.116     10.429     -5.663
 693   -2     21.810     -9.011     10.845
 839 1060     12.121    -18.220      6.623
  -1   -2    -16.021     11.518     -7.056
  -1   -2    -10.164    -16.839      4.697
  83   -2     13.962     -2.409      2.647
  -1  912    -13.206     -8.248     10.439
1093   -2      8.946      0.477     11.430
  -1  962      1.897     -8.234     11.900
  -1 1281      1.628     -8.587      1.005
  -1  204      0.828     14.459     10.148
  -1  332      5.902     11.707      4.831
1289   -2    -10.120    -16.027      6.656
  -1  881      0.258     -4.266      5.252
  -1  665      5.787     15.753     10.696
  -1   -2     16.572     -2.513      5.716
  -1 1168      7.801     -5.297     10.274
1030  288     12.662     -0.283      8.438
1065 1043     -4.551     -3.262     -6.686
 845   -2    -16.128     10.927     -5.861
  -1 1056     27.787      9.422      6.119
  -1   -2     -2.167      4.001      7.372
 938  232    -10.134      9.209     -5.894
  -1   -2      2.766      4.256      4.759
  -1   -2     14.008      9.225      8.810
  -1  839      3.648    -13.641      0.814
  -1 1184    -16.144    -13.452     -1.656
 662  857     -3.595     15.257      7.850
  -1   -2     21.637     -9.717      0.531
1149 1275     18.194     -9.469     10.819
  -1   -2     -7.590     -8.080     11.160
  -1 1139     14.837     -5.539     10.255
1037  526     -2.291    -13.797     -1.795
 776   -2      0.004     18.431      6.822
 458  661     20.859     15.444      9.794
  -1  758    -17.236    -10.490      9.889
 486  549     16.667     11.230     -2.272
  -1   -2     -0.391     15.568     11.508
  -1 1058     -6.538    -15.131     11.796
 194  664     16.920     -0.318     10.684
  -1   -2     -5.991     12.917      9.426
  -1   -2     -8.762      1.058     -1.141
  -1  757     14.001    -18.770     11.741
 254   -2     16.500     -6.077     10.227
  -1  504     11.520     -1.624      5.338
 410  741     -2.616     -7.814      8.638
  -1   -2    -11.954     -1.232     -0.565
  -1   -2      5.918      7.818     11.521
  -1 1082      3.335     -9.337     -5.597
1134 1073     29.042      7.680      6.717
1137   -2    -11.054     17.972      9.366
  -1  122     16.471     11.948     -6.159
 604  448     -8.226     -4.528      7.481
  -1  637     -4.870    -18.284      6.761
  -1  570      9.454      0.759      6.679
 796   -2    -18.311    -11.894      5.674
 832   -2    -13.697    -11.646      7.598
 967   -2     -6.517     14.771      8.898
  -1   -2     12.072    -12.308      2.975
  -1  909     24.072      2.021      8.850
  -1   -2     -1.446    -12.332      7.538
 627   -2    -11.532     -5.080     11.711
 676  689      8.976     -2.037      9.163
  -1   -2      9.947    -12.163    -11.469
1281   -2      8.278     13.992      5.499
 275  109     13.209     -1.528      8.957
  -1  262     23.510      6.028     11.930
 871   -2     13.498     10.594     10.968
 770   -2      8.918     11.311     12.234
1046 1178      0.249    -14.067      7.696
 825  402     22.150      3.332      9.159
  75   -2    -13.716     12.910     10.606
  -1   -2    -21.602    -13.810      5.419
1202  696      8.418    -16.427      5.996
  -1   -2     22.847      3.801     -5.789
1059  246      5.398    -12.933      6.230
1155   -2      4.217      5.309      5.782
  -1  385      7.616    -13.376      5.678
  -1   -2      8.853     -1.545      5.370
  -1   -2     -9.434     19.779     11.617
  -1   -2    -15.584     17.676      1.034
  -1 1175      7.481     -2.549      6.108
 978   -2     -5.230     -9.971     -3.256
 945   -2     20.318    -10.007     11.546
 659 1115     17.387     12.943     11.614
1145 1276     22.732     17.405      4.083
  -1 1088     -5.282    -15.866     11.320
  -1 1215     16.503    -22.978     12.135
  -1 1195      5.857    -24.610      3.766
 447 1193     21.257     18.656     12.528
  -1 1219     25.751    -24.493     10.854
1226  928     20.550    -18.880     10.869
  -1 1196     23.563     24.047      8.582
1247 1212      1.091    -19.805      8.965
  -1   -2     17.788     24.293      6.086
  -1 1221     24.347    -20.161     -1.187
  -1  983      3.463    -18.250      6.562
  -1 1213    -24.675    -14.208     11.522
  -1 1204    -16.630    -21.173      9.993
1223   -2      6.366    -26.697      4.009
1242 1198     15.553    -22.257     12.468
  -1 1201     -8.095    -19.672      7.804
  -1 1226    -26.708     -9.458     12.799
  -1  634     26.496     13.313     10.582
1228 1286     14.677    -22.651      3.009
  -1 1209     28.498    -13.289     12.431
1011 1206     26.278     16.540     10.593
1227   -2     22.647     20.584      9.830
 852   -2    -14.461    -14.824      5.206
  -1   -2     -7.815    -20.512     10.367
  -1   -2     -9.565    -27.059     -9.926
  -1 1045     28.611    -15.654     10.909
  -1   -2     12.601    -25.801     10.256
  -1 1077     25.831    -18.987     12.861
  -1   -2    -23.028    -17.287     10.797
  -1   -2     20.967    -22.820     10.380
1236 1222    -23.542    -11.801     11.363
1243   -2    -20.733    -14.204     10.777
  -1   -2     18.388    -23.030      9.743
  -1   -2    -17.067    -24.077      7.427
  -1  630    -17.751    -12.843     11.567
  -1   -2     12.947     -8.747     11.460
  -1 1053    -10.507     -2.111     11.953
  -1   -2    -10.422     -2.111     11.676
  30   -2     -8.730     -2.346     -2.126
  -1   -2      3.446      2.453      3.707
  -1  276     -8.644     10.959      4.327
  20 1230    -11.053     -0.814      8.137
  67   -2     18.762      4.961      1.928
  78 1014      0.379      6.030     -1.492
  56  260     18.737     -6.074     10.988
1258  269      7.054      4.776      7.993
  -1   -2      9.470     -5.587     10.997
1269 1295     20.208     -5.572      9.854
  -1   -2     16.711      7.862     -5.602
  -1   -2     17.345      7.096     -3.873
 120   -2      7.760     -8.190      6.311
  -1   -2      6.085     -0.015      8.990
  -1  336     26.392     -6.277      8.010
 123   -2     -0.847     11.142      3.864
 136 1249      2.851     -9.568      2.314
1293   -2    -11.239     -1.131      7.183
 453   -2     16.043     -8.516      1.864
  -1   89    -14.877      9.756     11.323
  33 1232     -3.353     -3.310      6.063
 148   -2    -18.210     -6.338      7.215
 155   -2     -4.677     -2.519      5.338
 128  674     19.448      3.408     -3.786
  -1   -2     12.195     -1.560      2.411
1008   -2     25.532      1.096      7.071
 325  447     14.608     -8.742     11.666
  97  654    -18.190      4.013      2.780
1124  578     19.982     -2.348      9.206
 381 1262      5.245      5.057    -10.746
  -1   38    -19.331     -1.044      7.237
  -1  191    -15.316     -2.725      7.695
  -1   -2      9.360     -3.884      2.280
1177 1285     14.700      5.451     11.173
 849  545     11.344     11.773      3.180
  -1   -2     12.883    -13.127     -2.844
  -1   -2    -15.705     -3.594      4.228
  -1   -2    -18.847    -13.954      8.708
 777   -2     24.143     16.958      7.607
1295 1301     11.923    -18.236      6.013
 781   -2    -16.320     13.552      8.508
 404   10    -11.547     13.933      7.686
  -1   -2    -19.483      0.520      7.019
 811   77     -8.715      7.180     -5.300
 461   -2      1.751     10.131      5.083
 661   -2      8.884      1.136     -4.162
 538  632     17.768      9.538      7.956
  -1   -2    -20.205      6.011      6.032
 562   -2      8.342     -0.944      5.222
 344  987     -2.602      8.670      8.700
  -1   -2    -10.507     -2.111     11.953
1302   -2     13.142     -5.383      8.467
1254 1287      3.446      2.453      3.707
1325 1316      5.180      9.412     -9.942
  -1   -2     12.195     -1.560      2.411
  -1   -2     12.195     -1.560      2.411
  -1   -2     26.450     -6.457      8.149
  -1  466     23.349      1.351      6.000
  -1   -2     -7.360     -9.070     10.242
  -1   -2      6.520     -9.536      8.594
1287   -2      8.383     -4.121     11.853
1313   -2     -3.582     -2.824      0.323
1291 1300    -18.847    -13.954      8.708
1251   -2     16.099      1.768      9.964
1301   26      9.107      9.473      0.064
  -1   -2    -10.507     -2.111     11.953
 412  500     -7.360     -9.070     10.242
  -1   -2      4.958     -2.001    -11.415
 619 1039      6.520     -9.536      8.594
  -1    1     12.815     -8.949     11.820
  -1   -2    -10.507     -2.111     11.953
  -1   -2     12.195     -1.560      2.411
  -1   -2     12.195     -1.560      2.411
  -1   -2     12.195     -1.560      2.411
  -1   -2     12.195     -1.560      2.411
  -1   -2     12.195     -1.560      2.411
  -1   -2     12.195     -1.560      2.411
  -1   -2     12.195     -1.560      2.411
  -1   -2     12.195     -1.560      2.411
1327  765     -5.927      5.742      0.289
 556 1291      9.470     -5.587     10.997
 105 1242     16.759      7.729     -5.329
  -1   -2     12.195     -1.560      2.411
  -1   -2     12.195     -1.560      2.411
  -1   -2     12.195     -1.560      2.411
1271   -2     12.195     -1.560      2.411
  -1   -2    -10.507     -2.111     11.953
  29   -2    -10.348     -2.205     11.621
