1323
   0  812    -11.140      4.495     12.135
  -1   -2    -10.413     -2.260     11.771
  -1 1228     15.894      1.849     10.318
  -1   67     -3.771     11.076      8.949
  -1   -2    -11.248     13.887     11.049
   5 1231     12.913     -8.856     11.698
   6   -2     -3.390      3.615     11.259
  17   -2    -11.479      5.095      4.267
 248   -2      0.950     10.605     10.490
 485   68      5.389      7.422      4.000
  -1    8      3.253      1.438      2.570
1240   -2     15.893     -3.065      4.255
 105   -2      3.606      0.598     -9.098
  30 1239     19.448      2.986      3.068
 147   18      8.973      9.434     -0.151
  -1   -2     18.892      2.728      7.117
 437  339     -5.023     -1.602      6.513
  -1  128    -15.208      0.544      4.504
 681  117      5.194     -5.672     -4.210
 898   -2      4.759     -6.134     12.584
  21   19      9.674      3.196      5.377
 500   -2     15.973      6.435      4.112
  19  868     23.338     -3.371     11.549
  -1   -2     17.309     -0.986      8.665
  -1   -2      4.752      2.907      2.517
  23 1236     -3.336      1.051      6.733
1317   30     16.349      3.810     -8.104
 899   -2     11.469     -7.126     11.955
  88   23     -8.069      7.415    -11.467
   4    5    -10.475      7.416     10.128
  -1   -2     -2.372     14.752      7.206
 160 1135      9.371      5.357      8.926
 116   -2     19.858     12.671     11.006
  -1   28     -3.699      3.874      7.040
  71   82     24.924      4.567      6.137
  -1   -2      1.346      4.536      8.339
  -1   -2     -5.961      1.261     -4.601
 802   -2     -9.768      4.851      7.624
 811   -2    -13.834     10.961      7.505
  -1   -2      0.275     -4.003      3.866
 187  143      3.827     10.192      4.373
  -1   -2     -8.562      8.708      0.370
 469   -2      3.050     -2.846      2.214
 829   -2     -0.067      9.216      5.783
  -1   -2     -3.374      8.846     10.138
 669  403     11.777      7.611      2.367
  -1   -2      5.722      1.407    -10.159
  -1  200      8.656      7.435     10.071
  -1  177     10.091     13.400      6.386
  -1   14    -17.115      2.613     11.359
  -1  390     22.142      8.681      3.715
  -1  229      9.249      0.691     -5.435
1068   -2      8.596      4.469      5.224
1169  100     -2.972      9.434     -7.328
  83   62     23.530     -6.633      1.200
  96   69     16.344      0.077      5.028
 104  867     -5.283     -1.508      1.460
 226  553     -0.337     11.232      3.609
  -1   38     14.855      3.234     -3.566
 874 1013    -11.930     10.555     -0.429
 161  646     20.869     -6.975      1.942
  -1   -2     -3.341      2.200     11.900
 173  407      4.662     14.639      6.486
 707   -2     -2.473      2.235     11.991
1276  451      5.732      9.005      7.322
 102 1024    -19.645      6.393      7.393
 533  276     11.312     11.429     10.303
  -1  489     17.798      4.496      4.121
1260  849     21.481      5.163      9.580
  -1   -2     10.010     11.741      1.411
1336   -2      7.948      8.726      0.193
1285   -2     24.404     -1.983      7.293
 230   -2    -12.153     -1.939      4.200
 568  118     20.333     -0.697     11.812
  -1  796     -0.944      3.351      0.557
 176   52    -11.628     15.754      6.564
 472  113     12.790      1.078      1.364
  48 1250     15.411     11.092     -5.749
  50  343      8.718     12.313      4.889
   9  702    -11.560      6.916      2.140
  73   27     16.430     11.156      4.311
 122   -2     19.154      3.755     12.745
  36   32    -16.462     -0.372      5.869
 112  195     14.158     -2.912     -0.080
 128 1248     -3.430      4.488     -2.665
  -1   86     19.933     -6.271     -1.074
  78  635     20.181      2.605     -4.457
  35   -2    -20.109     -4.670     11.567
  77   -2     -6.746     -1.647      0.400
  95 1244      1.922      9.179      4.170
 879  546    -14.746      2.649      8.867
 591  521     14.233      2.269     10.439
 340   83     15.872      0.439     -4.455
  32   -2    -12.175      8.473     11.190
 556  180     17.657      0.830      5.079
 364  242      5.630      0.012     -3.475
  -1   -2      1.300      0.395      2.760
  -1 1280     -8.990     -5.846     -4.096
  -1  134      5.677      0.567     10.606
1326  723     16.877      6.817      0.050
 552   -2    -19.748      4.190      7.495
  -1   -2      5.799    -10.050     -8.078
  -1   -2     16.804      0.933      9.318
 670  203     13.368     12.385      9.783
  -1   -2     11.743      1.256      3.740
 889   -2     -9.555     -1.743      7.725
 177  138      4.365      5.296      1.366
  76    9      1.348      7.955      6.565
  -1   -2     -4.745      2.150    -10.953
1293  211     -4.741     13.297      5.510
  38   -2    -13.137      0.390     -6.600
1161   -2      0.618     10.765      7.087
 239   11     21.285      1.619      2.252
 518  153    -19.616     -0.557      8.165
 358  811    -16.067     11.763     11.076
  -1  244    -12.336      9.966     10.066
  -1   -2     18.974     -6.264     10.632
  -1   -2     12.132     13.414      0.146
  -1   -2      2.676     10.057      4.785
 114 1246     26.411     -6.305      8.030
1147 1095     16.939      9.440      7.932
 967   -2     14.569     -0.648     -1.298
 100  730     -5.054     -4.484      9.080
  -1  904    -12.137     11.584     10.794
 716   -2     22.813      0.915     10.240
 374  633     -1.375      3.344      9.850
 234   -2     18.594     10.447     -5.433
  -1 1177     10.800      3.035      5.466
  -1  137    -19.839      3.461      9.071
 446   78    -17.427      5.624      0.649
1173   -2     18.525      0.091      7.578
 822  585     21.905      2.136      9.014
 200   43    -11.232     10.076      3.223
  98   -2     16.635      9.320      2.297
 453  657     19.514      9.479     -1.835
  -1 1185     23.144      7.333      5.281
 627  690      9.304     -6.694      9.160
1103   -2     -2.435     10.323      4.092
 476 1275     -3.859     -2.742      0.708
  -1   -2     24.041      3.533      2.105
  29  392     17.238      6.245      3.125
  -1   -2     -7.836     -6.425      9.785
  -1   -2     -3.542      3.610     -0.501
  -1  872     -8.681      0.925      2.478
 231  189     -4.275     -0.818      5.989
 452   -2      8.682      5.174      3.690
  -1   -2     21.801     10.990     -5.451
  -1  228     24.469      7.690      8.959
 110   -2      4.756      2.615     -3.463
  -1   -2      7.112      4.501      7.486
  65   -2      6.625      4.383     11.210
 146  110      5.197      8.560      1.504
 168  366     20.855      7.794      2.547
 199   -2    -15.682     -5.149      4.677
1082 1266     11.355      3.239     11.350
  -1  231      2.704      3.589     -8.938
  -1  141     -6.699      7.309    -10.569
  -1   -2     -1.265     11.646     -8.513
  -1   -2    -12.178     -3.998     12.040
 211  762      7.318     -6.788     10.536
  -1   35     -5.448     -1.956      4.415
 344  755     -9.522      0.263     11.011
 124 1247    -10.797      9.059    -11.957
 228   -2     -9.534      9.670      8.353
1014  176     -1.990     10.378      9.740
 786  218      2.890     12.460      7.917
 788 1342      7.309     -5.222      5.817
 376  791    -18.951     -2.246      7.958
 218   -2    -14.825     -1.958      5.467
 997  227      9.602     -6.233     10.256
 729   -2    -13.139      5.804      3.706
  -1 1033    -20.533     -2.517     11.010
  -1  746     23.616     12.003     11.703
 418  549      6.421     13.759     -2.197
 459 1256    -11.381     -3.406      8.271
  -1  670     12.334     14.804      8.349
  -1   -2     22.266      3.021     12.061
  -1  665      5.962     -1.316      6.040
  -1   -2     26.775      7.131     11.970
 255   -2      5.451      7.035      6.221
 547 1160     19.809      9.925     11.999
 655   -2      8.795     -1.242      9.560
  -1   -2     16.040     14.307     -3.288
  -1  899     -1.207     -0.170      2.783
  -1   -2     16.115     12.602     -4.807
  -1  196     21.642     -2.585      3.610
 270 1260    -12.250     -0.233      3.091
 403   -2      3.536     -2.380      4.737
  37  237     -4.712      8.977      3.401
  -1   -2      8.411     15.047      6.429
 408 1269     22.636      2.285     -3.174
1097  437     10.429     -7.451      8.958
 748 1111    -15.721    -10.733      8.885
 150   -2     16.768     10.713     -3.285
  -1   -2     14.734     -4.706     -1.927
  -1   -2     14.023      4.027      3.589
  46   -2      6.197     12.993      6.291
  -1   -2     14.095      4.199      6.016
 163  269      8.274    -12.424     -7.138
  -1   -2     25.655     -5.842      9.371
1159   -2    -11.948     14.882     10.726
  -1  162    -15.688     -0.469     -1.827
  79   -2     23.243     -2.575      3.342
  -1   -2     22.331     -5.590      9.464
1059  170      8.319     13.681     12.470
 125  124     23.735      2.264     12.060
1100   -2     -1.329     14.265     12.079
 413 1271     14.641     -7.072      6.616
  -1  804    -17.441     10.212     11.623
  -1  174     11.459     -7.023      7.671
1133  367     17.665     -5.479      4.853
  72  678    -16.887      8.239      2.782
 631  358     18.996      8.078     10.947
 189  502    -15.852      5.475     -2.501
  -1   -2     20.696    -10.344      6.850
  -1   -2      3.239     -0.622     -0.809
 936  311     22.744      3.803      4.731
 689  411     -4.675     15.906      6.971
  -1  197     -8.005     10.308      6.148
  -1  116    -17.606      8.000      7.821
 793  538    -14.338     14.720     10.463
  56   -2     19.793     -1.982      6.516
 848  298     11.278     -0.831     -2.739
 126   -2    -11.085     16.103      9.150
 138  624     13.387      7.327     11.320
  -1   -2     26.192     -7.398     10.940
  -1   46      6.322      2.185      9.925
  -1   95     19.959     12.852      6.327
 204   -2     25.113      2.855     11.980
  -1  477      1.214      4.255      4.542
  -1   -2     -9.529     -3.057     11.417
 662  314      5.591      4.535      8.485
  -1  413     17.631     10.933      1.476
  -1   -2      1.173     -0.487      4.467
1275  344    -16.522     -2.781      3.409
  -1   -2    -11.878     -6.269      8.548
  -1   -2     -7.527      7.853     -5.724
  -1  773     18.589     -5.281     -0.829
 175   -2     14.452      0.362     -4.363
 820   -2    -10.950      9.740     -1.981
1135  786    -17.278      7.256     12.512
 792   -2    -20.143      1.232      9.899
  -1   -2     15.293      6.322     -3.897
 209  401      7.364     -2.236      9.408
  -1   -2     -1.980      9.520      6.526
1078   -2      9.594      0.663      7.183
 328 1343     21.054     -1.368     -7.614
 549   -2      6.768     14.857      3.392
 692   -2    -14.260     -2.377     -0.163
1025  299     20.735      3.650      6.651
1134   -2     -7.462    -12.061      2.524
  -1  107      6.476     -0.922      8.788
  -1  570     10.144      2.961     12.024
  -1  806    -20.836     -0.357     11.306
1202  262     20.007     11.683      7.865
  -1   -2     12.734      5.256     -3.637
1124  152     21.060      7.997      7.589
 365   -2     16.451     12.572      5.602
  -1  306      3.543     -1.264      8.136
 563  263      9.125     13.692      5.238
  -1  156     22.797     -1.446     10.520
  -1   -2      1.459     -8.226     -9.941
 686   -2     24.250     13.539     12.496
  -1   -2     19.332      4.652      2.527
 972   -2     -1.306      3.559     -5.356
  -1  220      0.186     11.408    -10.003
  -1 1016      7.094     12.994     -2.597
 197  686     -1.409      0.797     11.291
  -1   -2      0.670     16.914     10.817
 906   -2     -2.982      0.806      8.400
1268   -2     21.329     -1.609     11.149
 330  184     -5.256     15.791      7.494
 361  173     12.537     -2.082     11.105
  -1  125      8.085     -2.556     -7.296
 322   64      8.496      5.790      1.278
 579   10     16.603      7.866      8.110
 101  389    -12.124     -7.320     12.500
 324   -2     -1.620     -5.547     -2.917
  -1  219     11.036     -9.848      7.254
  -1  555     13.445     11.771      9.086
  -1  834    -20.361     -8.250     12.151
  -1  241     12.218     -1.436      1.708
  43  739     -2.029      4.334      1.515
  -1   -2      2.236     -4.917     -7.309
 641   -2     -3.384     -1.122     11.059
  -1   -2    -16.493     10.112      9.430
 521  369     -5.324     -2.969     10.608
 335  492     12.493     11.406      8.890
 203  249     17.095     13.580      0.413
  -1  675      3.727     -7.573     11.789
 357   -2     24.250     -8.488     10.722
 319  595     13.931      4.457     10.361
 392  569     23.362      0.328      7.494
 642  505     -7.934     -2.021      5.974
 159  387     -8.162     -1.284     -0.133
 167  352     21.363      4.091     -5.848
  -1  199     20.463     11.616      2.602
1266  323      8.574      3.739     -8.912
  -1   -2      6.015      9.834     -8.377
1186   -2     14.972      1.511      0.601
 478   -2      6.913      1.383      2.668
 143  192     18.936      7.134     -0.829
 973   -2    -16.950     -2.544      8.032
 254 1163    -16.435     13.840      8.025
 575   -2    -15.903     -4.915     10.010
 612   -2      6.714     13.716      7.303
 835  957    -16.229     14.507      2.788
  -1   -2     -2.868     -5.589      7.869
 350  526     -1.394     -9.810      8.796
 155   -2     21.896     10.070      5.099
  -1   40     17.020      2.422      9.914
 653   -2      7.082     -1.885     11.637
1000 1286     11.968     11.147      4.408
1061  103    -12.410      2.186     10.711
1069  388     -6.717     16.736     10.918
 285 1042    -10.284     12.609     -0.436
  -1  333     -1.751      5.657      2.730
 436  769     12.627     -3.083      7.434
 506   -2    -14.372     -2.423     -4.851
 432  948      2.762      6.340      6.355
 771   -2    -15.514     -2.513      8.121
 667   -2      2.868      0.732      5.121
  -1  250      3.472      0.750     10.910
1117 1188      4.335      8.549      8.675
1109   -2    -14.573      9.998      7.328
 484 1153      3.640     -5.141     12.133
 141  247    -13.755      8.548     -4.361
  -1  687      6.552      0.365     10.137
  -1  402    -12.014     -1.689      9.277
  -1  225     15.668     -9.792     11.574
1019   -2    -14.510     -3.085     -6.366
  -1  879     13.560     -6.920      3.764
 483  603      6.450     -1.019      3.207
 311 1103    -10.977     -3.932      1.240
  -1  236     22.395     -0.507      3.464
 439  432     -9.978     -6.272      7.442
  -1   -2      7.033     -6.752      4.343
1026   -2     -9.866     14.039      5.032
  -1   -2     25.961     -7.586      8.964
 690   -2      8.482      6.436     -9.171
 475 1292    -11.313      1.643     11.339
 859   -2    -19.973     -4.976      9.195
 794  398     -0.371     16.523      7.232
  -1   -2     -7.670      6.314     -5.098
 327  616     14.714     -4.855     11.318
  -1   -2     12.719     -1.023      6.234
  -1 1143      2.681     16.734      5.777
  -1   -2      7.067      1.603      9.495
 697 1282      8.383      4.661     -1.484
 287  342     -6.302     -9.660     -7.337
  52   -2     12.552      2.218     -3.238
 409   -2     24.454     -3.058      7.845
 269 1061     -5.252     12.153      8.964
  -1   -2     20.980      0.248     -6.040
  -1   -2      5.490     -5.946      4.151
  -1   -2     -1.221      8.816     -4.247
1184  164     14.556      6.293     -2.014
 607  664     26.405     -3.076     11.576
 351 1323     20.024     -5.117     11.676
  40   42      0.503     -2.758      4.240
  -1  534     -3.170    -11.609      7.262
 145  293      3.042      2.195      2.949
 216  482     13.735      6.561      5.175
 411  112      7.239     -7.684      4.760
  -1   -2      1.868     -0.473    -11.940
  -1   -2      2.911    -10.607      4.506
 880   -2      6.921     14.986      6.570
 960   -2     -2.857      3.921      2.167
  -1   16     -3.830     -0.036      6.991
 720   -2     12.457      2.912      6.964
 470 1274     12.280      3.744     -2.810
 282   -2      9.451      8.065      3.881
 896  443    -14.658      7.576      5.470
 235 1129     -2.771     -1.364      0.662
 704   -2     16.863     -1.773     10.041
 866   -2     -2.951     -1.018      5.530
 214 1161      6.308     -8.748     -1.034
  -1 1124     14.658     -5.336      5.459
  -1  308    -16.388      4.843     -5.254
  97   -2    -10.619      9.064     -9.952
  -1  775      7.769     16.757      6.029
  -1 1019     13.423      3.645     10.000
1205  317    -10.425    -13.009      3.044
  -1   -2    -10.797      6.958      7.615
  -1   -2     -5.697     13.200      4.367
 650  421     14.461    -12.438     -5.024
 455   -2     26.578     11.850     10.328
  -1  445     14.266      2.244     -2.993
 679   -2    -17.728     -5.497      5.578
  -1  186     16.377     -3.378      1.106
1090  611     26.332     10.170      8.808
 830   -2     -7.802      6.856      4.762
  -1  428     26.585      1.498     11.905
  -1 1133      0.954      9.726      3.631
1181 1149      4.034    -13.703     11.456
 540 1157      4.311     -2.641      9.074
1204   -2      8.820     10.238      6.855
  -1  332    -11.132     -9.525     10.033
 881   -2     27.397      4.477     11.902
  55  336    -14.641      0.848      2.285
 294   -2     15.316     15.224     11.510
  -1   -2      5.733      0.916     -4.046
 505 1178     10.095      7.991      7.109
1229  679     17.073    -16.112      9.754
  82   -2    -14.720      8.524      0.417
 493 1127     23.587     11.959      8.013
  -1   -2     15.796      3.356      2.407
  -1  399     18.076     15.882      2.823
 566   -2     -2.007      6.670     -1.344
 718 1080     12.679    -10.185      6.899
 756   -2     -1.404    -12.374      5.861
  -1   -2      1.250     -8.508      8.255
 394  821     -1.555     13.343      6.888
  62   -2      2.702      0.335     12.164
 246   92     -0.631     14.743      2.151
 343  133    -16.528     -0.851     11.139
  -1  361     19.565     -0.612     -1.187
  -1   -2     19.803     -5.699     -7.981
  -1  890      4.142     10.217      8.662
  -1   -2    -12.784      6.254    -10.455
  -1   -2      8.836      6.680     -2.475
1192  943      1.453     -3.355     10.671
 120   -2     20.273     -4.300     -0.886
  -1  425      1.145     -5.988     12.192
  -1   -2    -11.306     10.928     -9.773
  -1 1012     24.711      1.003      1.875
 349   -2    -10.920     -0.066     -5.842
 278  887     14.295     12.342     11.473
 823   -2    -14.069     -8.397     10.514
  -1   -2     11.415      9.583     -4.513
  -1   -2     10.084     11.906    -11.588
  -1  473      2.231    -11.624     11.847
1160   -2     15.256     17.618     10.214
 293   -2     24.032     10.090      6.855
  -1  318     -1.478      4.772     10.425
 875   -2     18.415    -14.297     -0.892
  -1  147      1.931      3.825    -10.731
 491  588     21.245     -4.210     11.130
  -1 1164      5.519    -10.386      3.740
1172  495     22.108     11.234      8.917
 929   -2     -6.363     12.729     11.433
  -1 1156     15.745     -3.662     -1.700
 582   -2     18.638      5.175     -2.304
1126  484      9.502     -2.121      3.661
  -1   -2      8.202    -10.359      5.265
 488   57      0.640      4.238      9.891
 988   -2      8.245    -11.622     -1.068
 982   -2      4.889    -16.983      1.797
  -1   -2     16.350      4.707      2.704
  -1   -2     -5.748     14.422      5.379
 919   -2     25.260     -1.415     10.921
 864 1047    -19.416      5.669      8.318
 890  340     15.574      5.485     12.586
 425   -2     12.074      3.418      9.572
 768   -2     14.988      7.815     -5.202
 535  777    -14.267     -4.580      0.256
 676 1170     15.983    -10.530      5.715
  -1   -2     -0.103     15.397     10.415
  -1   -2     16.448     -0.237      1.495
  -1  512      6.551     10.519      6.731
  -1   -2      8.694      3.174      9.717
 589   -2     22.716      8.607      6.316
  -1  468     26.331     13.528      8.123
 814   -2     -3.670     17.127      9.847
1137   -2     10.342      6.255     -3.660
 192   -2     -8.276      0.567      9.998
  -1   -2     -2.021      4.272      3.207
 407  455     -8.461     -2.370     10.603
  -1   -2     15.654     11.769     -3.572
  -1   -2      0.346      0.036      9.235
  -1  471      6.414    -10.067      8.457
 914  989     23.307      4.977      0.472
  18 1234    -15.970      1.345     -3.841
1278   -2     18.114     -1.918     10.502
 845  685      1.025     -8.990      1.009
1085  938     -0.477      6.933      6.396
  -1  615     17.825     12.112      8.535
  -1   -2     -6.730    -12.312      3.777
 363 1268     -2.988     -8.144      7.129
 733   -2     23.822      8.110     11.677
 153   -2      3.234      4.738     -7.343
 640  384     -4.757      9.123    -10.408
 232  895     17.229     12.129      8.896
  -1   -2      9.500      9.759     -7.347
 347   -2     13.195     -1.795      8.784
  -1   -2     13.157      4.177      7.824
  -1  335    -14.015     -1.690      7.866
 818  448     -4.736      8.716      9.630
1132  912     -8.107     -6.938     12.065
  -1  258    -14.470     10.293     -3.579
 299  373     19.365     -7.545      3.939
 795   -2     15.346      7.962     -5.084
  -1   -2      5.909      8.723      5.386
 346   -2     -4.269     -4.389      9.917
  -1   -2    -12.318     14.826      3.526
1304   -2      8.791     -1.628     -0.608
1121   -2      2.575     14.977      9.785
 644   -2     13.908     11.996      6.902
  -1  222      5.384     13.059      2.783
1010   -2     20.627    -13.850      7.889
  -1   -2      8.654      9.836      2.146
  -1  216    -14.036      0.051      8.711
 468   -2     20.840      4.384      2.521
1004  531     12.511    -10.800      4.926
1264   -2     12.121      9.168      9.184
 440 1272     20.113     11.387      6.206
1174   -2     -2.563     14.787     11.819
 219   -2     11.029      2.989      0.847
  -1  575     28.042      5.384     11.688
  -1  695     -6.432    -10.369      6.956
1346  560     12.093     -2.093     -6.608
  -1   -2     -0.710     -6.226      2.001
  -1   -2      7.533      5.535     -9.195
1185 1213     23.235     16.496     11.115
  -1   -2     16.375      2.955     -1.543
  25   -2     -9.024     -5.889      4.216
 878   -2     15.201    -12.654     10.355
 717 1283     20.186      6.168      2.564
  -1   -2     -5.503      9.256     -3.574
  -1 1154     15.250    -16.187      4.180
  -1  963      6.209     10.056     12.002
  -1   -2      9.916     -5.008     -1.236
  -1  279     15.822     -9.382     -0.665
  -1  264    -14.583     10.248    -10.585
1277 1311     20.462     11.315      7.926
 565  622     -6.866     15.446      4.686
 815   -2    -10.728     14.058     -1.070
  -1   -2      4.017    -10.103      1.744
 739  217     22.517     10.497      9.785
  -1  503     -2.301      4.888      0.705
 264   -2     22.432     -4.689      5.925
  -1   -2     24.697      0.974      5.923
  -1  745     -1.894      7.994     10.229
1301   -2      9.331      2.071     10.699
  -1  728     13.759     -6.123     10.316
  84  810      2.615      1.637     10.897
 260  303     -3.788      7.701     -5.483
1249  878     15.746     11.417      9.739
 703  995     13.008     -5.951      5.846
  -1   50    -13.036     -4.123     12.556
 930   -2     20.082     16.013     10.617
1105  906     13.320     -5.216     11.664
  -1 1125    -11.527     -5.038      9.990
  -1  518     21.350     16.454      1.765
 675  663     15.653     -5.452     12.202
 390  375     22.034     -6.347      6.482
  -1   -2     -2.624      2.922     -4.604
1171 1060     -0.987     14.989      7.941
 546   51      0.111      1.890     10.772
  -1   -2     13.964      5.557      9.192
 635   -2      1.063     12.824     10.055
 918   -2     -5.527     -0.251      2.286
1143 1291     -3.471     15.057      6.547
1146  571     15.706     15.234      6.508
  -1   -2      3.311      9.049     -9.948
  -1   -2      6.958      2.049     -0.284
1020   -2     -1.849     14.746      6.095
 571  699      0.316      4.876     10.890
 123    2     -2.237      3.612     10.417
  -1  382     -7.580     13.476      5.112
1257   -2     -5.501     -4.231      6.118
 608  379     10.584     16.981      8.843
 558  462     21.696      4.388     10.561
 541  524     17.386     -8.250      7.423
  -1  724     16.253      6.701      7.615
 601   -2     -5.153     14.466      2.756
 502  598     -8.542     -6.005     11.342
 463  406     22.239    -10.738      5.693
  -1   -2     16.601     -4.294     -7.604
 389   -2     19.640     -1.456     -4.767
  89  349      7.048     -0.344     10.790
 495   -2    -17.768     -7.667     12.202
  -1   -2      8.637     -2.369     11.044
  -1   -2     -2.331     -7.737      6.487
 377   -2     -3.459      8.543      5.584
 296  714     -5.589      6.882     -1.058
  11   88     -2.840     -2.806      4.560
 626   -2      9.540     15.138      2.046
  -1   -2    -17.003      2.222     -3.382
 998 1007      7.694      7.644      7.293
 213   -2      3.344     -4.608      7.294
  -1   -2    -13.096     -8.775      5.526
 604   -2    -15.554     -8.567      8.215
1044  273     -6.906     -2.626     -0.196
  -1   -2     12.852     -2.269     -4.576
  -1   -2    -18.787     -4.723     11.622
 702   -2    -15.889      4.476     -8.287
 557  940      7.121      8.806      6.920
 109   -2    -18.977      4.121     12.064
  -1   -2      2.397      0.818      6.977
 654  380     -9.883     -5.945      1.575
 370   -2     14.513     16.053      6.227
 134  648     18.675     12.834     -5.820
 715   -2     23.800      0.560     10.032
  75   -2      7.995     -4.982      3.652
 366   -2     20.199     -5.447      5.285
  -1   -2     19.401      3.443     10.060
1032   -2     17.351     10.800      6.677
1272   -2     18.365     17.001      7.143
 657   -2     13.634      9.830      9.633
  -1   -2      1.389     11.430     -1.522
 380  741     25.491     -2.066      6.642
1136  248      2.522      0.830     -4.491
1081  472     -5.510    -11.956     -4.859
  -1  479    -17.564     -8.909      7.375
 127   -2     -6.055      1.232      3.405
 276  129      3.201     11.425      0.972
  -1   -2     22.192      7.939      1.121
 303   -2     17.304    -11.855     -7.227
  -1 1166     17.980    -15.072      0.588
  -1  765     17.963     15.547      8.556
 514   -2     14.413     11.400    -10.939
1144   -2      4.347     -2.697     -1.886
  -1  433     23.773     10.493      2.807
  -1   47    -10.970      0.991      5.064
  -1   -2      3.225     -2.370      2.719
  -1   -2    -12.489     -1.251     -6.727
  -1   -2     23.451     -4.803      5.356
 460  700     25.768      3.244     12.471
1188  681     18.337     -5.401      2.275
  -1   -2    -13.382      1.185     -1.948
  -1  150     -3.138     -1.282     11.868
 441   -2      4.229     15.216      2.237
 419  494    -11.677      0.539     -0.220
 435  772     22.448     10.611      5.658
1018   -2      1.731     11.229      4.676
  -1   -2     12.673     11.909     12.286
 779   -2     20.369     16.734      6.669
1287  415      7.108     -5.232      8.463
  -1   -2     -6.225    -10.586      3.250
  -1   -2     -0.257      2.477      4.516
  -1  860    -20.389      7.913     11.959
 698  202     14.275      9.417     -4.276
 481  747      3.344     -0.081      9.476
 240   -2     14.337      2.528      2.052
 902  463     25.128    -10.685      9.433
 574   25     -1.872     -5.456      8.836
  -1  705      5.832    -12.779      7.764
 740   -2     11.605     -5.759      4.057
 181  190      5.306     14.526      2.450
  -1  698     13.141      0.418      9.680
  -1   -2    -13.944      6.892     -6.218
 142  831     16.425     14.908      3.069
 599  573     14.426     18.580     10.303
  -1  139     -4.125     -1.538      4.102
  -1 1130     11.487    -11.482      1.798
1027  530    -14.040      0.779     11.236
1006  623     19.633    -17.512     12.157
  -1   -2     -4.386     -8.359     -8.794
  -1  737     10.573     -1.765      6.034
 401  370      9.509     13.555     11.247
1228 1002    -17.853    -16.426     11.503
1079   -2     17.876     -3.891     10.735
 695   -2    -11.605    -10.932      6.755
 674  735      2.736     -5.709     -0.256
  -1   -2    -13.795     -7.030     -2.787
  -1   -2      1.473    -10.205      8.071
 544  620     17.229    -12.345      9.493
1045 1017      1.163     16.187      9.260
  -1  444      3.909      6.977     -3.349
1230   -2     24.405     16.311     11.506
 250  712      4.738     -2.903      5.292
1191 1293      8.537     12.032      9.730
  -1   -2      5.223     15.053      9.349
 594   -2     13.147      8.025      4.508
  -1  742     -1.245     -7.440      7.366
1089  513     21.782     -6.304     11.607
1224  719    -19.832    -10.140     10.507
  -1  864      6.920    -12.149     11.053
  -1  766      2.258     -8.940      0.771
 769  982     23.110     13.598     11.409
 542   -2     18.091     -5.755     -1.292
1151   56     -6.647     -7.331     10.379
 688   -2     -7.177    -13.036      7.192
  -1 1059     17.006     18.809     10.331
1062   20     -2.703     14.159      9.921
  -1  662    -18.613     -3.815      7.643
  -1   -2      8.200      6.951     -0.123
 735 1196     19.164     18.280     11.286
  -1  243     13.463     17.945      8.891
 658   -2     21.412     -4.162      6.718
 706  145     -6.402      7.678     -2.211
  -1  641     12.705    -10.341     -8.500
  -1   -2     12.394     -9.387     -4.686
 696   -2      7.143      0.631      9.958
 616  707     12.518      7.839      0.899
  -1   -2     -3.376     16.239      4.943
 651  322     -3.459     11.105     -4.447
1086   -2    -11.980     -1.552      8.048
  -1  148     19.461     13.847      6.657
  -1   -2      2.580     -3.618     -8.110
 722  955      8.748     -4.744      6.616
1140  193     20.738      0.136      7.166
 646  452    -11.647     -8.038      2.030
 207  918      7.679      1.519     11.547
 545   -2     -6.876     11.541     -9.988
 312   -2     26.468      1.429     10.774
  -1  316     15.077     -6.073      0.534
  -1 1174     13.843     16.100      4.864
  -1  916     17.497      9.640     11.724
 136   -2    -12.639     -3.369     -2.486
 130   -2     25.425      4.495      6.675
 621  564     15.744      6.724      7.485
 746  493      7.553     -9.982      0.178
 223  783      2.338    -12.953     -5.781
  -1   -2     -4.663     -9.430    -11.505
  -1   -2     -9.177    -16.962     11.682
  -1   -2     19.659     11.239      0.459
 750  394     -5.025    -14.062      0.550
 838  634    -17.595    -11.147     11.455
  -1   -2     13.903     15.109     12.121
  -1   -2     26.247     -4.799     11.026
 682   -2     -9.460     -6.798     -5.728
 528 1276     19.433     14.645      5.899
 937   -2      5.509     -9.384     11.881
 567  161      4.212      4.965      5.765
 386   97     11.516      3.567     10.704
 797  469    -10.886    -13.035      4.547
 559   -2     13.189     17.052      8.170
  -1 1009     -5.591     -7.460      4.205
 888  420    -16.130     -6.055     11.376
  -1   80     15.731     11.179    -11.585
 624   -2     12.641     -3.879      3.917
  -1   -2     25.565     -3.628      5.099
 699   -2     21.850     14.558     10.807
1166 1023    -13.467      3.532      8.718
 966   -2     23.487      5.187      6.246
1167  581     -0.394     -8.881      1.452
 770   -2      0.749    -11.726      4.122
  92   -2      4.901     -3.770     10.319
  -1   -2     16.186      2.988     -5.187
1083  383     19.678    -10.689      5.215
 508   -2     23.956      8.982      6.466
 757   -2     21.464      2.957     -5.613
  -1   -2     18.404      3.404     -3.795
 611   -2     22.103     -5.259     -6.002
  -1   -2     11.898     -4.090     11.601
 776   -2     -1.335     -3.666      9.885
 713 1112     15.968     -3.559      9.346
 307   -2     21.205     10.657     11.961
  -1   -2    -11.203    -12.822      2.107
  -1   -2     -3.153     -8.181     -5.258
 759  426      7.276     -4.087      4.487
 570 1015    -12.101      3.110     -4.176
 737  596     15.638    -14.313      3.445
  -1   -2      6.323    -10.242      5.549
 587   -2     13.830     -8.599      4.089
 863   -2    -16.598     -9.027      5.907
  -1   -2     21.389     13.732      7.898
1175  629    -15.681    -11.422      4.914
 661   -2     -0.769      1.340      8.328
  -1  291     18.448      9.241     -7.358
  -1 1062    -14.396     -1.468     12.086
  -1  548    -15.584      3.174     -9.908
1170  797    -13.143    -10.748     11.833
 530 1277     16.491     -6.370      6.743
1075  841     -8.905     11.930     10.499
1030  903     19.341     -8.861      4.447
 938  348     22.194      8.968     -3.232
1114   -2      1.932     17.168     10.239
  -1   -2      4.716     -4.772      2.841
  -1  334     -3.936     -3.562      1.804
  -1   -2     -0.574     -8.283     -1.709
 561 1279     21.547     14.578      5.500
 634   -2      2.861    -10.443      1.852
 323   -2      4.146    -11.560      8.788
  -1  953     -4.892      4.125    -10.137
1153   -2      5.918     12.058      1.642
 926   55    -13.740     11.719      9.562
  -1 1053     -5.372     19.798     11.548
 448   -2    -15.652      1.276      8.795
 884   -2     17.748     11.244     11.241
  -1  488    -13.841      0.009     -3.869
  -1   -2     -7.016      8.145     10.467
  -1  640    -15.990      6.548     12.166
  45   -2    -16.833      2.751     11.080
1197 1085     -3.446    -17.387     10.021
 841  851     25.227     -9.416      1.042
  -1   -2    -17.475      3.262      4.268
  -1  330    -14.101     13.290     10.882
  -1  799    -11.381      8.768      4.147
  -1   -2     -7.293      3.867      2.266
  -1   -2    -16.433     17.343      3.172
1284   -2    -13.384     -5.759     11.533
  -1   -2     18.185      3.658     12.077
  -1  509      0.005     10.252     10.372
  -1  673    -11.806    -13.711     11.482
  -1  397     22.529      0.856     12.250
  -1   -2    -11.079      0.008     11.699
  66  764     -3.538      5.425      7.593
1118   89     10.741     15.630      8.518
 534 1036      5.817    -15.014      6.020
  -1   -2     -8.772     14.523      5.039
1048   -2     24.509     10.448     10.421
1295   -2    -19.128      2.298      8.306
  -1   71    -12.636      6.357      6.704
  -1  954     26.826      2.371      3.814
  -1   -2     -4.303     -7.576     10.919
 923   17     -4.735     -1.357     -7.325
  -1 1006     -0.211     -1.960      4.309
 652  235      0.515     -1.140     -8.139
 819   -2     -4.726     12.270     10.235
  -1  805      1.261     17.034      0.837
 121   24    -13.758     10.221      1.268
  -1 1307     27.757     -7.067      7.389
 666   -2      0.928     -2.037      8.220
  10  438     -8.553      7.204     -0.808
  -1   -2    -12.204     13.552     10.147
  -1  514     -7.809     15.919     10.248
1052  990     23.492     11.683     -5.968
 536 1278     17.963     -3.137      5.258
  -1   -2    -10.186     -9.536     -5.146
  -1  933      5.091     17.727      9.233
  -1   -2      7.950      8.310     -2.714
1064   -2      4.862      9.488      5.520
  -1  467     -3.436      3.014     -3.172
  -1   -2     10.422      6.764      4.825
  -1  583     23.910    -14.141     11.746
1115 1344    -10.802    -10.770     -9.518
  -1   -2    -12.362      2.920     -2.007
  -1   -2     -7.972     12.892     11.259
  -1   -2    -19.665    -11.739     12.633
  -1  992     27.844      7.929      6.358
 625  917      1.323     15.635      5.741
1015   -2    -10.059      9.254      1.078
1043  946    -19.218     11.708     10.294
  -1   -2    -20.637     -3.705      8.563
  -1  930    -10.676      5.048      3.768
 165 1038     -3.539      7.599      2.119
  -1   -2      5.805     -4.224      6.675
 813  605     25.676      2.115      7.132
 816  465    -19.941      0.696     12.614
  -1   -2     24.591     -3.910     11.245
 905   -2    -16.854     12.754     10.617
  -1   -2    -17.197      1.398     10.449
1096  688    -17.534     12.281     10.624
 790   -2     -0.079     11.387      8.433
 600  285      1.923     -8.667      5.804
  -1  854     -1.443      9.091      9.398
  -1  628      6.270     -9.459     -0.146
  -1   -2      8.727     -0.427     12.347
 807  827    -15.673     10.776      6.100
  -1   -2      0.568     -0.453    -11.228
 220   -2    -19.844     -6.462     10.022
  -1   -2     11.629     14.031      4.982
  -1  453     26.093     -0.659     12.036
  -1  961     27.156     -4.509      9.371
 991  172     -4.861      3.142      6.582
  -1   -2      2.084      3.480      3.136
  -1  612     21.846    -14.136      8.707
  -1 1312     17.694     -0.510      7.618
1250   -2     -3.557     17.937     11.069
 970   -2    -12.500     15.711      7.252
  -1   -2     -8.966    -11.842     -9.595
  -1  751     10.496      4.320     12.382
 458   -2     -0.742      8.959     10.004
 882  123     -2.582     -0.160      3.127
  -1  826     20.051     -2.578      5.857
  -1   77    -15.563      1.372     10.478
 291   -2     -5.976     -0.636      6.661
  -1 1014     -9.672     18.799     11.893
  -1   -2     17.999      9.258     11.091
  -1   -2    -15.544     -3.487     -6.444
 467   -2     13.994     11.417      9.348
  -1   31     23.811     -3.570     12.411
 832  964     22.981     17.094      3.966
1053  722    -10.340    -12.854      7.706
  -1  568    -19.110     -3.466     12.146
1255   -2     22.334      8.696      9.628
  -1   -2     -2.316     -0.471      0.105
 915   -2     26.336    -12.881      1.768
  -1  310    -17.425      1.788     12.096
 962 1089     27.802      6.894      8.229
  -1  809     19.716    -14.959     12.236
  -1   -2    -19.305     -8.158      2.517
  -1   -2     -3.147      6.984      9.268
  -1  981    -15.267     19.894      9.182
 196   -2      2.793     11.980      4.392
  -1   -2      1.361      4.678      1.802
 941 1092    -18.631     -6.903      9.852
  -1 1151     -1.846    -15.459     -4.326
  -1  483     -8.966      9.451      8.032
1001  987      8.559     18.207      9.880
  -1  267    -21.078     -6.081     11.018
  -1 1117    -17.628    -10.536     -0.500
  -1  351     12.941      1.252     -9.664
1040  238    -19.105      7.875     11.867
  -1   -2     -0.450      9.009      1.329
 855  209    -13.062     15.930     10.094
  -1   -2     24.876     11.679      7.207
  -1   -2     15.518      8.182    -11.013
  -1  527     20.037      7.757      7.458
  -1   -2     -5.182     15.109     11.399
  -1  119     25.659      3.096      1.256
  -1  727     11.494     -8.137      7.552
 909   -2     -4.317      7.378    -11.864
  -1  979    -16.084      8.050    -10.431
  -1  645     23.771     -5.247     11.841
  -1   -2     13.993     -6.698     12.191
  -1   -2      8.168      5.047      0.788
  -1  232      5.337      6.215      6.162
 803  194    -21.356     -2.828      8.538
  -1  288     28.778      1.371     12.469
 595   -2     -5.323    -12.781      6.663
 665  515     17.202      6.477      7.543
  -1   -2     -7.442      0.878     10.319
  -1  535     27.883     -1.885     12.197
 630  970     -8.628    -13.271      6.624
  -1  820     27.006      9.634      4.659
 473  106    -10.820     11.674      8.901
 368  416     24.105      6.958     12.498
  -1 1202     24.197     19.027     11.081
  -1   -2     13.190    -18.873      8.158
  -1  770     -3.234    -15.908      0.906
 301  778     -1.990     -1.535      9.916
  -1  460     21.013    -11.513     11.317
1022 1056     25.764     -9.417     10.692
  -1   -2     22.326      9.723     -4.892
 512 1071     13.451     -6.826      6.315
 382  114     17.619      1.008      2.876
1046   -2      2.637     13.434      5.978
 927   -2    -17.094     16.823      6.989
  -1  905    -16.331     12.627     11.908
 517  654      8.611     16.671     11.986
  -1  947    -20.435    -14.937      9.394
  -1   -2    -14.696     12.023      8.448
  -1  251     11.553     16.957      7.347
  -1   -2      9.706     12.976     -2.978
  -1   -2    -18.699     -6.313     -0.627
 857   -2    -17.877     -3.880     12.151
  -1 1308     27.263     -9.785      9.991
  -1   -2    -11.725     -6.437      4.945
 981   -2     -4.135    -11.236     11.200
  -1   -2     -5.519    -12.895     11.949
 745   -2     -6.133      3.072    -10.403
1066   -2     -5.159      0.065     10.316
  -1  913     26.192      7.919      2.158
 381   -2     -5.227     -5.799     -1.853
  -1   -2     -0.302     -4.459     -4.539
  -1   -2     13.883      8.731      5.539
1303  208     21.703     10.682      1.112
 928  419    -13.014     -4.235      6.217
 480 1094     -1.575    -11.587     -3.179
  -1   -2     12.468     -9.574      8.931
  -1  557    -12.332     12.488      8.528
  -1  733      1.015    -12.992     -4.726
  -1   -2     27.236      6.723      4.377
  -1   -2    -16.111      2.407     11.855
  -1   -2    -19.149     -5.447      4.658
  -1   -2    -18.995     -3.685      3.407
1180   -2    -14.055    -16.665     -2.108
 862  377     -1.611     12.275     10.740
 603  574      5.415     -8.510      0.981
  -1 1011     -3.555     17.255     12.598
1094   -2     -4.786      5.105     11.917
  -1   -2      9.243     -2.521     12.469
  -1   -2    -11.807      9.670     -3.068
 172  253     17.574      7.019     -0.152
 482 1183      1.048      3.687     -0.638
 421  431      8.150     -3.452     11.403
  -1 1206     24.228    -16.670      8.291
 129   -2      6.284      3.951     -7.401
  -1   -2     -7.674      7.484     -7.415
  -1  381      5.749      3.845     -0.875
  -1  985     12.241    -18.262      6.745
  70   -2     18.974     -0.547     12.437
  -1  768     17.383     -9.585    -12.631
  -1   -2      0.695     11.280    -12.186
 337   -2     24.555     -0.481      8.477
  -1   -2      2.051    -15.205     -3.727
 613 1189      5.667    -11.011      9.288
  -1   -2      0.115      4.908     -1.135
  -1   85      0.717     -4.574     11.347
  -1  814    -10.663     13.725      8.253
1157 1084    -13.104    -19.695      9.439
  -1   -2     21.168      0.022     11.554
 957  676     20.509     16.745      9.751
 799 1093     27.912      1.007      7.979
  -1   -2      8.676     -4.152      8.448
  -1   -2     22.473     -0.462      5.026
  -1  736     19.282     12.188      7.827
  -1 1152     16.406    -10.286      6.367
  -1   -2     15.639    -10.500      9.227
1087  417      3.171    -13.100      5.402
  -1   -2     17.689     11.749      7.289
  -1  210     11.942     12.456      2.375
  -1   29     -1.544     -4.959      1.887
  -1  331    -17.695      9.038      1.100
  -1   -2     -0.365      2.787     -0.677
  -1  458      5.467    -16.004     11.343
  -1   -2    -15.417     -4.294    -10.318
  -1  580      4.941      2.141     12.058
 886 1074    -17.608     -7.766     -6.769
1345   -2     18.010     11.822    -10.939
1211  485     25.082     15.062     11.174
 677  140     21.170      2.971      6.765
 842  836    -15.450     13.426      7.758
 284  602     22.979      5.735     11.541
  -1 1039    -16.013     13.749     12.025
1099  363      6.311     -8.983      8.367
  -1  422     -9.651     -7.377     11.611
  -1   -2     17.616      5.704      7.103
 728  182     19.646      5.310      9.235
  -1   -2    -11.806     12.671      3.223
 683   -2     27.107      7.479      6.065
 730  593      8.600    -12.917      9.669
  -1   -2     21.738     -8.405     -1.956
  -1  674     11.567     -7.812      1.816
 836  304    -18.313     -4.688      9.841
  -1   -2     -5.264     -4.382     -7.516
  -1 1123    -15.524     18.264     11.376
1041 1214     14.495    -20.827      7.206
 751  326      6.398     14.676      8.696
  -1  597     -7.902     -6.201     10.547
  -1   -2     -6.741      9.802      5.420
 700   -2      0.398      8.121      6.068
 316  572      8.179     14.895      9.508
 806   -2    -17.117      9.495     -7.624
  -1 1132     -6.912    -16.306     12.342
 310  653     21.187     -3.641      5.928
  -1  788    -14.369      9.112      7.582
 935   -2     16.889    -15.995     12.020
 186 1298     15.506     -4.066      7.031
  -1  507      1.360      6.197     11.651
  -1   -2     16.337     -3.526     12.354
 948  694      8.646     13.302      2.960
  -1  691     -1.373    -14.672     10.089
  -1  442     -3.614     -1.854     11.276
 107   -2     16.849      3.618      6.357
  -1  818    -18.754     -9.210     12.135
1165 1116      8.858    -18.003      9.131
  -1  551     -4.227     14.541      9.494
1282  656     14.355     17.971      8.435
1291   99     10.056     -0.263     10.555
  -1  435     -8.066     -7.471      4.831
  -1  937     -4.719     15.053     11.663
 971   -2     -7.046     16.429      4.979
  -1 1137     -5.446    -18.139      3.569
 701   -2    -12.308     -5.881     -4.745
  -1  599     11.332     12.628      6.754
  -1   -2      1.395      7.539     -3.359
  -1  677     26.752     10.113     12.359
 318   -2     25.630      8.458     10.627
  -1  704     15.452    -10.467     -6.866
 885  790     -3.801     19.616     10.583
  -1  470      1.749     13.017      0.361
 834  749     15.071    -18.591     10.935
 887   -2    -18.410      5.016     11.703
 499  556     23.686     -0.581      2.768
  -1  652      9.828      1.299     -5.658
  -1   -2     -7.590     -5.667      9.807
  -1   26    -11.259      2.249      5.880
  -1   -2     19.417      4.166     -2.833
  -1  418      9.919     12.717     -1.845
  -1   -2      0.638      8.810     10.968
  -1   -2      3.451     -3.319     -7.710
 861 1050      0.201     17.991      8.193
 969 1079     25.747     -0.733     10.478
  -1  843     16.968     -1.126     11.706
 965   -2    -11.006     14.108      8.894
 477  261      0.167     -5.506     10.984
  -1  713      0.944     12.436      8.708
1163   -2     23.794     -8.876     10.118
 755  684     13.691     16.137      8.117
 602 1100     -0.365     -9.476      6.327
  -1   -2      8.633     11.245      7.077
1208  539     26.278    -13.699     10.671
  -1  835     -6.968      1.993     11.629
 712  644     -3.706     -8.141      7.163
  -1   -2    -10.820     -1.792      6.828
1070 1182     13.860     -4.820      9.214
  -1   -2      7.636      1.400      3.064
  -1  734     -0.242     -3.082     11.663
 427 1261      9.991      4.789      4.516
1296   79      5.582      5.148      7.318
  12   -2    -18.388      6.855      9.570
  -1  672     -5.400      4.437      3.813
 975   -2     28.249     11.171     11.851
 942  929     -5.875    -15.567      5.743
 961  924      7.353    -15.640     -0.099
  -1  430     -6.175     -4.396      0.673
  -1   -2      3.500     -2.373      8.970
1125  710     -3.429    -11.576      1.787
 672  576     20.610     15.768      5.574
  -1   -2     20.722     -5.138      2.596
1221   -2     -8.936    -18.803     12.030
 539   -2      6.482     -7.466     -4.619
  -1  525     17.420     -3.726     -0.540
 515   -2     14.281    -15.893      3.020
  99   -2     -5.007      8.984      8.531
 353   -2    -12.199     11.874      8.531
  -1   -2    -10.216      6.994     -5.451
  -1  637     17.429      0.876     -4.576
  -1   -2     17.042      0.464     11.283
  -1   75     11.563     -5.748      8.799
  -1 1065    -18.049    -15.223      6.167
  -1   -2      0.190     14.769      9.304
1051  187     22.360      9.850      9.392
  -1  873    -14.985     16.039     11.349
  -1   -2     25.118      8.928      0.825
 979  682     -3.924     13.618      3.627
  -1   -2      6.026    -16.716      5.798
  -1   -2     20.303     -4.110     -3.252
  -1   -2     -8.005     19.852     11.080
  -1   -2     -8.737     13.228      1.728
 553   -2     -6.018     -6.800     -3.804
1093   -2    -12.068     -9.382      9.060
  -1   -2     -2.305    -13.788      1.269
  -1   -2     11.313     14.370      6.507
  -1   -2      9.647     -2.564      5.820
  -1  511    -11.269     -2.080     -5.104
  -1  919     22.991    -13.632      7.617
  -1   -2     -7.766     16.025     -0.190
 763  706     -5.474    -13.230     10.050
  -1   -2      9.858      2.719     -3.026
 705   -2     22.929     15.192      9.712
  -1  986      7.792    -17.224      5.199
 694  497     16.398     14.160     10.748
  -1   -2      5.789      9.835      8.534
 190   -2     -2.270      0.480     10.720
 144  239     -0.428      3.459      5.848
 984   -2      6.654    -14.653      3.823
  -1  178      7.181    -13.222      5.495
 645   -2      8.402     -5.937      4.582
1127   -2     -6.564     19.104      8.870
 139  923    -15.935     15.265     12.370
  -1   58      2.866     10.837      6.976
 317 1264      6.442      4.602      7.443
  -1  183     16.738      5.672      7.067
1145 1041     -1.790    -16.351      7.658
  -1  544     17.911    -13.745     12.450
1003   -2     24.661     -6.922     11.075
 233   -2      0.185      9.544      0.723
  -1   -2     -5.092      0.369     11.854
 710  577     15.351     -1.083      9.133
 379  260     26.741     11.255      9.438
  -1 1121     -6.994     -9.324      6.001
 777  689     -3.091     -9.369     10.749
  -1  589    -11.396     16.562     11.963
 166  365     22.191     -1.616      9.186
 257   54      0.916      1.662      3.513
 629   -2      8.911     -0.916      5.255
  -1   -2     -3.585    -16.352      2.599
  -1 1165    -14.442    -19.109      3.577
  -1 1184      7.464    -10.612      9.041
  68  201     21.612      6.035      7.624
 773  321     15.258     14.277      9.984
  -1   -2    -12.436      9.409     -1.830
  -1   -2     21.060     11.652     -6.862
 958   -2    -10.645      2.794     11.930
 371  354     12.681     -0.338     11.092
 400 1075     -5.379     15.847      6.180
1104  960     13.288     10.168      3.140
  -1   -2    -17.100     16.374      0.557
  -1   -2     25.569     -1.553      8.931
  -1   -2     11.038     -6.901      4.066
  -1 1078      1.775     14.541     10.351
 925 1032      0.453      9.273     11.032
  -1   -2     12.140    -11.506     -1.635
  -1  720    -13.041     -7.981      5.897
  -1   -2      1.776     -4.750      0.216
  -1   -2      5.338     -2.718     -1.847
  -1   -2    -10.758    -15.295     10.208
  -1   -2     27.631      8.303     11.829
  -1   -2      2.546      4.954      1.211
1149  376     24.581     11.580      9.676
 711 1051    -11.707    -12.365      8.612
  -1   -2    -14.619     12.299     11.573
  -1   -2     12.807    -12.953     -5.430
 847 1000     -2.570     16.393     11.393
  -1  753     17.689      3.091      8.993
  -1 1176     10.606    -12.211     -7.992
1091  666     26.714      8.141     11.265
  -1   -2      9.525     -4.273     11.162
  -1   -2     20.772      3.956     10.667
  -1   -2     -1.233    -12.502     -9.758
  -1   -2      8.194    -11.337     -4.370
  -1   -2     15.793      0.370     11.630
  -1  692     13.216     -3.397     10.063
  -1   -2     -4.216     -5.266      6.497
1178   -2     -5.555     -4.960     -3.248
 229   -2     17.176     -4.928      7.706
  -1  614    -11.069    -14.926      1.031
1231   -2     22.167    -18.304     12.286
1305 1218     26.835    -22.438      9.199
 501  807     25.679     12.658     12.167
1123   -2    -16.131    -17.415      2.234
  -1 1120     22.598    -19.466      6.777
1220   -2    -22.693    -13.264      8.670
  -1   -2      3.915    -28.811     -1.820
  -1   -2     -0.596    -27.493    -11.815
  -1  191     26.166     14.407     12.706
1213 1207     -4.378    -24.076      3.773
  -1   -2     -5.256    -23.615     -3.986
  -1  900     26.836     14.971     12.562
  -1 1221     16.610     24.734      9.978
  -1  711     21.083     17.696     11.986
1164   -2    -16.636    -14.625      7.068
1209 1193     -9.787    -18.858     12.167
  -1   -2     -6.771    -22.547      5.099
  -1  949      0.860    -17.075     12.308
1206  967    -23.185    -11.276     11.674
  -1   -2     13.129    -29.519    -12.570
1232   -2     23.699     19.516     12.506
  -1 1008      3.577    -20.340     12.139
1218   -2     25.829     16.123     12.034
  -1   -2     27.266    -16.515     11.915
  -1   -2      5.976     23.744      9.284
  -1 1173    -18.898    -13.190     10.549
1219 1037      5.119    -19.564     10.549
  -1  838     16.313    -19.782     11.520
1212   -2     19.701     22.166     11.800
  -1   -2      0.684    -22.585     12.269
  -1   -2     15.958      1.880     10.258
 471   41     12.953     -8.907     11.851
  -1 1232     -3.403      3.520     11.228
  -1 1341    -11.248     13.887     11.049
  -1   -2    -10.384     -2.277     11.816
  -1  206     -8.949     -2.358      5.239
  -1 1313    -10.403     -2.167     11.546
  -1 1334     17.328     -0.787      8.447
  -1   -2    -12.849     -2.051     -3.369
  44   15    -14.184     10.550      6.586
  28  446     16.457      3.583     -7.989
1314 1319      2.647     10.084      5.086
 259   -2     18.135      5.944    -11.656
1009  545     15.285     10.224      7.832
  86   -2     13.769     -6.820      7.636
 990   -2     26.486     -6.484      8.118
1318   -2     18.939      2.712      7.044
  -1   60     19.904     12.676     11.265
 202   -2     -7.836     -6.425      9.785
  -1   -2     18.872     -6.241     10.668
 527   -2      5.339      7.066      6.185
  -1 1303     -9.536     -3.214     11.565
  -1  215     26.226     -7.440     10.919
  -1   -2     -4.841     -3.829      3.591
  -1  171    -15.855     -5.161      4.645
  -1   -2     21.830     10.028      5.253
  -1  552     19.612     10.393      5.576
 454   -2      6.084      0.606     10.877
  -1 1235     24.839     -4.381      7.587
  -1   34      4.345      2.884     -4.062
  -1   -2     16.702      5.291      2.874
 157  126     -0.750     -0.439      1.881
 247   -2      7.927     -1.073     10.646
  -1   -2     24.103     12.541      9.728
  -1  135     20.842    -10.314      6.973
 356 1267     -0.209    -10.690      2.076
  -1   -2      9.105      4.045     -2.453
  -1   -2     -9.837     -1.374      9.595
 492  642      9.512      6.132      2.807
 783   -2    -12.756     -8.218      7.235
 821   -2     17.188     -8.094      7.334
  -1 1309     26.046     -7.668      8.910
  -1   -2     26.026     -7.662      8.953
 450   -2     22.289      8.874      6.864
 791  822      5.972     -4.185      5.835
  -1  945     -4.947     -6.052     -1.364
 487   91     24.392     -2.061      7.366
1283  105     18.374     -6.581      4.663
  -1   -2     11.603     -6.541      5.040
  -1  608     -6.405     14.803      5.709
  -1   -2     -2.330     14.734      6.905
  -1   -2     -2.314     -6.460      9.491
  -1   -2     20.362     -2.743      7.889
  -1  393      7.375      0.734      2.151
 457  898    -15.544     -3.487     -6.444
  -1   -2     13.154    -18.763      8.161
 986   -2      4.484     14.647     10.776
  -1  776      4.392      8.828     11.458
  -1  969     13.552     15.835      5.982
 279  632     -4.772     -3.321     11.527
 113  212      9.487      3.902      9.971
 775   -2     25.044      8.905     11.426
1306 1233    -10.454     -2.278     11.835
 660   -2    -10.403     -2.167     11.546
   1   -2     15.877      1.879     10.505
  -1   -2    -11.258     13.915     11.102
1242 1301      3.417      2.374      3.679
  -1  167     -9.439     -3.064     11.342
  -1   -2     -8.152      7.254    -11.456
1245   36     -4.079      5.121     -0.374
  -1   -2     18.872     -6.241     10.668
  -1   -2     17.309     -0.986      8.665
  -1   93    -12.854     -2.041     -3.393
1248 1305     -7.604     -3.425     -5.490
  -1  547    -14.874     -1.845      5.614
  -1  155     -7.854     -6.350      9.489
  -1  286     12.111      9.190      9.530
1267 1310     16.314      6.495     -9.261
1265   -2     26.026     -7.662      8.953
 532  877    -14.241     -7.749     11.802
1223   -2    -20.316    -14.895      9.055
  74 1242      0.278     16.662     11.514
  -1   -2    -11.258     13.915     11.102
  -1   -2    -12.854     -2.041     -3.393
  -1   -2     17.301     -0.885      8.624
1241   -2     17.309     -0.986      8.665
1246   -2     -9.476     -3.143     11.472
1319   -2     18.872     -6.241     10.668
1331   -2    -14.874     -1.845      5.614
  -1   -2    -11.258     13.915     11.102
1312   -2    -12.849     -2.051     -3.369
  -1   -2    -11.258     13.915     11.102
  -1   -2     17.301     -0.885      8.624
  -1   -2     17.301     -0.885      8.624
  -1   -2     17.301     -0.885      8.624
1330 1330     19.101     -0.067     -8.112
  -1   -2    -11.258     13.915     11.102
  -1   -2     17.301     -0.885      8.624
  -1   -2     17.301     -0.885      8.624
1333   -2     17.301     -0.885      8.624
1334  179     18.845     12.033     -5.075
  -1   -2    -11.258     13.915     11.102
  -1 1070      6.591      8.374      1.928
  -1   -2     17.328     -0.787      8.447
  -1   -2    -11.258     13.915     11.102
  -1   -2    -11.258     13.915     11.102
  -1   -2    -11.258     13.915     11.102
  -1   -2    -11.258     13.915     11.102
  -1   -2    -11.258     13.915     11.102
1344   -2    -11.258     13.915     11.102
