1359
 687   -2      7.007      0.499      3.771
 286   -2    -11.179      4.498     12.204
  -1   -2     13.804      3.209     10.325
  -1    0     -0.870      0.938      3.521
1100   27      9.737      4.308     11.346
  -1   -2    -11.184     -1.185      7.848
   1 1088     15.961      1.926     10.546
  -1   -2     12.965     -8.879     11.742
  -1  192      0.961     10.605     10.411
1241  560     23.095     -3.502     11.245
  -1   -2    -12.907      6.112      8.733
 397   98    -10.920      7.618      9.380
  13   -2      7.263     -6.482      5.289
 270   89     -7.145      7.402     -6.153
  -1   -2    -11.226     13.858     11.091
 252   -2    -17.735     -2.762      5.470
  -1   25     -4.674      9.666     11.784
  -1 1293    -10.416     -2.188     11.795
  19   -2      8.883      9.428     -0.089
1297   11     18.545      5.188      1.912
  40 1283     13.185     -5.414      8.400
 404  371     19.506     12.954      9.963
1236 1280     -4.269      4.530      9.213
 815  349    -11.977     15.067     11.043
  -1  474     -5.585     -2.602      1.301
  86   43     -8.181     -1.670     -0.447
 194  105     -0.570     14.792      3.650
  23   -2     16.253      3.850     -8.095
  42  801    -11.045     11.266      1.850
  -1   17      4.898     -6.162     12.500
 562   -2     -2.262     14.769      6.873
  -1   -2     -5.749     -0.887      4.239
  -1   55     -0.916     11.795     12.039
 914   -2     -9.593      9.780      7.638
1009  493    -12.959      8.308      0.825
  -1   -2     -1.646     -1.206      0.307
  72  944    -14.347      2.803     -2.221
  68   -2     10.745     -7.775      4.934
  55   -2      9.989     -6.404     12.481
 436  677     22.166      3.618     10.144
  50   23     16.222     11.244      4.425
  -1   15      3.430      2.406      3.852
  -1   -2     18.915     -1.623    -11.042
 266  690    -14.490     -2.931     10.921
  54   54     10.931      3.365     -9.318
1075   -2     11.050     10.864      3.946
1245  268     18.826     -6.161     11.032
 230  166     25.617     -5.027      6.065
 448   -2      8.027      5.910      5.361
 552   -2    -13.348      7.345     -1.352
  18   -2     16.892      5.847      2.721
  28   -2     -5.327     -0.729     -5.602
  97 1234      7.233      4.459      7.052
  -1   44     16.801      0.973      9.240
  -1   28     16.820     13.276     -3.421
 137  687    -18.205     -6.256      7.390
 644  911     -0.721     11.131      3.929
 392   53    -14.381     10.552      6.398
  -1   26     11.612      4.823     11.330
  71   -2     11.128     -4.488      3.050
  -1  301      5.993      5.428      3.956
1128   -2      1.787      7.080      4.279
 223   -2     -4.541     -0.482      6.418
  -1   -2     -1.294      8.273     -4.164
 755   29      5.945      0.619     11.232
  -1   -2      5.878      9.733      7.555
  -1   -2      5.195      9.352     -9.944
  -1  126      9.067     -3.490      1.825
  -1  434     21.185     11.594      9.535
  88   58    -12.095     -4.120     12.123
  -1   -2     24.347      5.151      6.639
 715  101      0.008     -2.542     -0.201
  -1  359     16.693      9.407      2.251
 412   -2    -13.898      1.535      9.877
1251   -2     12.194     -1.595      2.494
  79  597     14.913     -0.402      2.452
 282   -2     25.241     11.442      6.797
  35  891     15.803     -0.563     -0.132
  -1  116      6.113     -0.023      8.977
 753  464     -9.688     -2.723      6.742
 140   -2     18.482     -0.197     -3.589
  -1  347      9.024     13.738      5.023
  -1  100      2.892     -4.010     12.310
 222   -2     13.172      4.828      6.167
 789  909     10.326     13.716      8.829
 802  520    -18.899      4.661      9.036
  -1   -2     -2.417     15.132     10.611
  26 1266      8.498      2.266     10.188
 987 1056    -11.766     15.881      6.105
  -1   -2      5.706     -2.994     10.921
  -1   -2    -12.788     -1.960     -3.738
  -1   -2      5.650      0.437     -4.834
  29 1223     19.094     -0.118     11.771
 525   -2     21.809      2.160      9.002
 378   -2     17.494     12.280      2.932
1068  612     -5.889     -1.939      8.621
 591   -2     -3.670      8.129     -0.586
1008   -2     -2.709      5.526      7.697
  -1   -2      8.483      5.904     11.730
 427  196     13.220     14.213      3.618
  -1 1235     26.398     -6.344      8.197
1293   -2     -5.700     -1.633      5.809
  -1  195     23.977     -2.215      7.771
 470  222     21.062     10.131      5.243
  -1   -2    -15.065     11.998     10.770
  -1   -2      8.374     -2.642     -5.488
 750  163      9.021      3.746      7.264
1036   -2    -12.152     10.436      0.329
  17  872     -6.262     13.148      6.768
1038 1274     -9.907      8.878     -3.101
 150   95     19.181      0.027     -8.280
  -1  106     23.745      2.590     12.360
  16   62     11.614      2.968     -1.015
  -1  459     13.568     -6.692      4.177
1121   -2      7.032     13.990      9.393
 226  148     22.325      4.030      4.797
  -1   49      0.427      7.380     -0.718
  -1  779     12.031      8.670      0.885
  -1   -2     -2.783     -6.861      1.496
 672  270     -5.716     -4.520     11.017
  -1   -2      9.032     -0.294      4.703
  69  145     20.297      3.855      3.726
  -1   -2     19.806      3.815     11.583
  -1   -2      2.926     -1.603      0.936
 797   -2    -10.745     14.170      6.561
 738  392     16.637      0.073      4.527
 822   -2      8.136      0.249     -4.823
  98   36    -12.216     -1.912      4.638
 182   -2    -18.414      4.958      2.464
  70   10    -10.450      7.737      7.231
 146   -2     20.276     -5.616     10.022
1176   38    -10.293      5.090      8.420
  -1   -2      5.122      5.427    -10.353
  -1  987    -15.679     -0.206     -2.647
 492  395    -18.076      1.038     10.921
 297   -2     -0.609      3.217      5.386
  15  341      2.525      4.897    -10.464
  60   -2     20.378     -0.596     11.848
  -1   -2     18.236     -4.073      5.189
 827  304      2.673     12.628      0.744
 698  556     16.077     -8.425      1.907
 179  103     17.366     -0.881      8.414
 882  559      6.307     15.411      8.151
 113   -2      5.298      0.258     11.357
  -1  140    -19.088     -0.084      6.001
  -1 1074     11.597      8.401     11.422
  -1   -2     13.012      3.525      5.468
  95  907    -13.716     11.555      6.851
  -1  829    -13.183     11.554     11.924
  -1   -2      6.543      9.133     -5.227
  -1   -2      5.285    -13.075      6.368
  64 1070     -4.609     -1.318      2.112
  -1   -2     16.911      6.675     -1.176
1107 1275     -0.755     -2.379     10.299
  -1   -2     -7.841      7.449    -12.322
 915  541     -2.940    -11.801      7.494
  45   -2     21.407      5.116      9.469
 251 1115     -2.403      9.938      3.239
  -1  153      3.065     -9.976      2.822
  -1   -2     12.533     14.110     -2.001
 275  137     -2.747     -5.455      1.850
  -1   -2      3.326      9.109    -10.145
 215   -2      6.278      5.412      5.846
  -1  211    -19.211      4.844      6.702
  77   -2    -19.525      3.842      6.519
 611   -2     13.455      7.196      1.419
1117  840     -7.421     15.813      5.526
  -1   -2      4.102     10.091      8.951
 884  172    -16.683     -8.232      4.297
  37  110     -3.114     14.207     10.952
 299   -2    -14.749      7.322    -11.388
1072  694      2.611     15.498      9.360
  -1   -2     -0.289      6.052    -10.418
  -1   -2     15.956      5.862      1.621
  53 1227      9.109      9.186      2.477
  -1   -2     -0.220      1.991     -8.730
1269 1288     16.231     11.903      7.438
  -1  348     24.168      9.861      2.743
 334   -2     19.476      5.844     -0.095
 898  757     -5.308      0.415     -0.063
  32   -2      8.496      3.035      5.595
 734  310     20.942      7.709      2.279
 847  226     -9.369      1.513     11.018
  -1   -2      3.233     12.771     10.928
  -1   -2     16.223      6.700     -2.801
 587   -2    -12.038      2.915     -3.912
  -1   -2     -8.771     -1.995     -2.490
  -1  177      7.091     12.960     -2.672
 245   -2    -11.821      7.092      1.917
 185  108     20.036     11.749      7.825
  -1  380     16.990     13.673      0.176
  -1   -2     -1.135     -0.049      9.883
 854   -2     23.660     -0.841      8.153
 402  266     -7.813     -6.378      9.870
  -1   69      3.274      6.438      2.489
 340   -2     20.495     15.686      5.930
  -1  295     -0.980      4.558     -4.019
 388  708     -3.021     14.584      2.973
  -1  254    -16.977      4.911     -0.330
  -1  895     10.963     -0.112     -1.390
  59 1229    -15.638      1.685     11.106
  -1  125     23.387      1.227      5.972
  -1  420      5.470     13.768      6.023
  -1   -2      2.884     -4.009      9.629
 764 1133     -1.509     -2.807      4.908
 713   -2     -9.648      0.738     10.434
  -1   -2    -16.732     -0.589      1.144
  -1   -2     -3.208      4.787      4.886
 357  466     14.424      9.112      4.878
  -1   -2      9.848     -4.793     10.030
  -1   -2     12.170     -9.035     -5.776
 588 1300     14.334     -3.061     -0.782
 857   87      0.149      6.927      6.422
 271 1245      0.400      4.273     -8.374
  -1   -2      6.626      6.569      3.830
 198   -2      9.399     15.227      0.508
  -1   -2      2.756     -2.994     -5.283
  -1  308     21.596     11.441     -5.235
 534 1119     20.777      6.740     11.593
 576   -2      1.907      9.456      3.437
 285  345     17.990     -5.844      4.382
  -1  200    -11.384     -2.118      1.712
  -1  113     19.156      0.120     -5.551
1122 1276     17.567    -12.172      8.739
  -1   -2     10.806     -1.403     -4.043
  -1  461     10.878     -0.423     -8.739
 575  897     26.186      1.551     10.086
1077   61     17.902      0.347      6.442
  -1  716     22.100      6.051      3.531
 961   -2    -10.699     -0.736      3.887
  -1 1052      9.760      5.013      7.491
  -1   65     10.917     11.843     11.697
  -1  255     -5.093    -12.855      0.024
  -1   -2      0.871     -1.377      9.296
 236   -2    -18.459     -0.425     10.073
  -1  746     23.746     13.200      5.554
  -1   -2      0.043      0.709     10.974
 174  356    -16.052     -1.100      7.316
  -1  428     18.923      2.612      3.826
 129  334     -1.440      1.235     12.474
  -1  343    -14.543      8.162    -11.913
 122  568     19.564     17.011      5.383
 455  836    -18.838      6.167      8.278
 890  209     -6.424      8.586      0.561
  44  360      6.490      1.373    -10.179
 894 1270     -6.594     -3.310     -1.132
 374   -2     23.493     14.199     12.304
  -1  997     -4.842     15.468      8.016
 864  533    -20.018     -3.200     12.180
1184  193      4.065     -4.012      9.385
 254   -2    -19.058     11.426     12.432
  -1  436    -10.184     -2.273      1.847
 636   77     -4.441     -0.666     10.499
 425  259     -9.622     -1.488    -12.530
  -1   -2     -7.308     -3.446      6.486
 795  143     -1.085      4.473      7.172
  -1  536     -9.462      6.975      1.116
  -1  203      4.110      3.547      4.989
 303   -2     11.010      8.569     -0.151
1003  484     25.652      4.414     12.434
  -1   -2     13.361     11.595     -9.246
  -1   -2     18.042      3.638     -0.803
  -1   70      7.136     15.216      6.920
 276 1246     20.686     -2.275      5.887
  -1   -2      6.226     -3.144     -9.423
  -1  646     10.598      8.733     -7.421
 208  738      1.466     11.705      1.969
 726   -2    -17.501     -4.125     11.882
  -1   -2    -15.310      9.175     -0.554
 740   -2     25.438      7.319      9.105
 187  785      9.658      0.824     -0.634
  -1   -2     16.823      8.551     -2.280
  -1  502     18.719     -1.673     11.622
  -1   -2    -17.682     13.299     11.403
1041 1179     25.832      1.761      5.803
 197   -2    -11.165    -11.366      6.946
 489  736     15.665      6.736      7.713
 612   -2     10.942      3.428    -10.451
 217   -2     16.631      5.211     -8.352
  -1   -2      9.090     -1.652     -1.473
  -1  651     20.348     13.398      4.853
  -1 1105     12.227     11.043      4.980
 629  433     20.446      1.585     -2.534
 109   -2     -4.647     13.299      2.941
  -1  681     18.365     -5.123     -0.763
 948 1049      2.693     -4.050      6.022
1035 1065      9.954     16.162     10.318
  -1   -2    -15.915      4.329     -8.774
 933   40      4.672      3.598     -7.832
  -1  641     11.029     11.855      7.685
 807  582      6.099     12.174     10.664
 406   -2     22.898      1.120     10.004
 228  970    -11.451      2.785    -10.208
 706  768      1.647      5.602      6.420
  -1   -2     17.491      2.169      8.724
  -1   -2      6.248     -9.156      1.675
  49   -2     11.198     14.536      2.725
  -1  483     -7.349     -9.060     10.246
  -1   -2    -10.013     -1.450     -4.212
 298   -2     25.488     -8.393      7.676
 342  979     25.328      0.979     12.477
  -1  201      9.141     -1.251      6.155
1135  425      0.623      8.703      4.289
 843  830     25.818      3.842      7.941
 989  358     10.597     16.532      5.847
 949  338    -11.240      0.392     11.234
  -1   -2    -16.388     -5.178      1.380
  -1  654      1.323     -8.898      0.885
 761  925    -14.657     -2.159      5.899
 881   -2     16.323     -4.582      3.628
 188  816    -16.309      1.440      8.582
  -1   79    -13.386      1.113      2.320
 984  112     24.660     -7.560      2.686
  -1  586     25.261     -1.390      9.438
  96  224     14.621     -8.584     11.766
 577 1177     16.449     -6.339     -0.067
  47   93    -12.136      8.834      5.175
1065   -2     -1.933      8.093      6.520
 501   -2     12.428     11.471      9.089
 932  668      5.724     -9.424      4.512
 947  506     -6.281    -12.334      4.807
 265 1244     17.997      0.708     -4.744
1165  325     13.251      7.048     10.862
  -1  225      3.178      0.494     11.558
  -1 1252     -2.851     14.528      4.735
1199 1006      1.396     13.413      9.700
  -1   -2    -12.209     -0.350     -6.600
  -1   -2     19.125      3.882     12.395
  -1  445    -12.863     -0.343      9.468
 132   -2     -6.377     -4.893     11.870
1153   -2     17.484     12.285     12.388
 480  678      7.892      0.104     12.045
 205   -2    -12.530     -1.178     10.074
 130  812      1.660      9.845      5.213
1104   -2    -11.935      1.894      2.830
 771 1144     19.470     10.511     10.650
 336   -2     19.548     11.413     -5.957
 281   -2     -9.634     -2.954     12.028
 490   -2      3.963     -3.302      0.518
1255   -2     11.531     -0.606    -10.913
  -1  376     21.640      9.823      7.893
 361  448    -16.364      6.406     -3.232
  -1  783     -7.395    -12.005      2.394
 367  655      4.745      1.245      4.237
  -1   -2    -16.283     -5.768     12.407
 267   75      2.658     11.016    -11.076
 545 1263     10.264     -1.669      6.755
  -1 1129      7.420      8.919      6.645
  -1  472      2.003     -5.816     -1.814
  -1   -2     17.142      7.313     -6.943
  -1   -2     21.669      3.135     -5.047
 274  656      2.444     -2.055      6.972
1087   -2     19.887     -7.921      2.977
1159  611      8.426      6.438     -3.694
  -1   -2     23.508      5.305     -0.872
 765  199     24.418     13.753     12.040
  34   -2    -17.120      1.443      8.203
 630  239     16.284     11.319     -3.118
 975  764     14.635     -4.902     12.068
 888   -2      6.819      8.365     -9.504
 460  413     11.602     -5.713      3.942
 510  285     21.907     -5.224      9.216
  -1  787     -4.008     -5.343     11.412
  -1   -2    -10.480     12.878      0.029
  -1   -2      6.421     -0.489    -12.269
   9   32     17.032      2.886     -3.656
  -1  427     23.041     12.847      9.919
 426   -2    -15.309      0.506      0.444
  -1  396    -12.541      8.215    -10.566
  -1   -2    -18.035      7.582      3.922
  -1   -2     17.416     -0.701      3.718
 824   -2     -3.257     -3.781     10.658
  -1  337    -13.440     13.204     -2.084
 278  823     -5.254     15.015      3.966
  -1   -2     22.509      0.919     11.945
 788   -2     19.301     -1.507      7.625
  -1   -2      3.293     -5.715     -7.327
1270   33      8.132     -2.999     11.922
 111  980     24.575     -4.415      9.600
 722   46     12.861     -8.756      4.248
1097  688     24.202     11.053     11.830
  -1   -2    -10.619     -1.606      6.522
  -1  382     18.812    -11.749      2.227
  -1   57     -0.040      5.489     -4.480
  -1  353    -14.981     13.628      1.555
1260  748     -5.951     -4.604      1.548
 561  118    -19.008     -2.764      5.069
 498  419     20.310     -2.461      8.342
  -1   -2     16.870     -1.875      9.438
 413   -2     21.174    -10.611      3.045
  -1   -2      9.367      7.725      3.199
  -1  673     16.525      7.704      1.862
  -1   -2      4.425      0.136      3.576
 255   -2      7.706     -0.691    -11.399
 231  491     18.101     -2.801      3.167
  -1   -2    -14.361      5.542    -11.825
 509   -2     21.813     10.106      5.177
  -1  240    -20.674     -4.051     11.371
 209  431    -19.110      1.076      9.680
 579   -2      4.230     -9.172      0.913
 710  469     20.811    -13.039      7.916
 663   -2     -7.696     15.816     10.670
 546  821     25.646     -5.819      8.710
  -1  616     24.612      1.572      1.261
  -1   -2     14.738     12.856      4.458
  -1  253      1.523      3.046    -11.666
 456  402     -9.097     14.187      5.320
  -1   -2      8.379    -10.118      5.125
 295  951    -15.077     -4.372      7.194
 716 1265     -3.239     -8.554      6.466
 741   -2      9.581      9.361      9.502
 467  680     25.499      9.390     12.254
  -1  875    -12.683      1.552     12.238
  -1   -2     19.959     15.084     11.903
  -1  393      9.783     -1.286      9.991
  -1   -2     18.083     10.658      0.012
 808   -2     -3.451     14.550      1.258
1069   -2    -18.259     -8.804     12.061
1167  920    -11.754    -11.182      7.151
  -1  580     11.744     -4.707     12.531
 320   -2     10.548     -6.696     -9.871
 969  959     10.668      6.888      9.696
1127   73     17.063     -8.605      6.240
1191  363     -8.449     -8.056      2.277
  -1   -2     19.065     -8.663     -0.798
  -1  330      1.060     14.129     10.503
  -1   19     24.648      5.403      9.205
 333  397    -13.773     -8.322      9.868
  -1 1290      6.562     -9.586      8.510
1283  725     -5.004     10.952     -8.338
 842  271    -14.268     10.254    -10.656
 747   -2     16.496     -9.560     10.324
  -1   -2      9.059      6.130      3.364
 164   -2    -10.998      6.236     -4.119
1079   -2     26.049     -7.380      9.652
  -1  504     -8.651     -5.948     11.763
 624   -2      6.834      1.256     11.834
 395 1094      7.882    -15.238      2.675
 300 1242     20.067     11.756      5.890
1168   -2     -1.789     -4.828     -1.238
  -1   -2     21.170     13.313     11.888
 379   -2     17.847     16.038      2.788
 434  526     21.681      2.316     -6.302
 548   -2      6.180     15.635      1.002
 307   -2    -15.353      4.489     -6.625
1145  429     12.724     15.420     10.260
 732   -2      8.807     -5.296      4.409
  -1  276      1.645     15.412      5.943
  -1   -2     20.454     15.431     -0.157
 513  414     -7.141     -8.118     -6.870
 769  517     20.332     -6.578      8.028
 839   -2     -4.217     12.358      6.485
  -1   -2     10.230     -5.425     -7.195
  -1  711     -0.048     12.884     -6.919
  -1   -2     -2.435      1.266      6.829
 133   -2     25.331      1.923     10.456
 540  409     18.377      4.452     11.767
 450  389    -10.614     12.889     -1.483
  -1   -2     -5.249     14.057      7.918
  -1   -2     12.572     -2.097     11.085
 558  470     14.747     -2.193      7.429
 772  519    -13.948    -12.120     11.706
1063   -2    -11.082     -7.036      9.166
  -1  507      2.570      3.122     12.488
  -1  790     21.370      9.581      0.126
 940  456     -4.302      8.786     -5.408
 206   -2     23.779     -7.047     -1.893
 166  399     11.098      2.637      9.058
 634  335     19.366      3.491      2.906
 952  743    -10.081      6.755      0.764
 260 1159     10.865    -12.209     12.093
  -1   -2    -12.890     -6.276     -8.694
1138  465     12.165     -5.563     10.623
  -1   -2      2.603      9.803     12.276
1116   -2      4.906     12.433      2.543
  57   -2     26.868     -2.164      7.391
  -1   -2     -0.223    -10.559      1.851
  -1   -2     22.897      0.028      6.253
 586   -2     -3.306      6.973     -1.408
  -1  346      8.470     -4.192     12.097
 414 1254      3.157     12.266      7.968
 868  532    -10.563     -6.333     12.412
 433   -2     21.812     -6.188     11.065
  -1   -2     16.484     -4.238     -7.902
 485   -2      6.861      0.113     11.574
 474  554     24.327      9.514      8.065
  -1  362      3.992     15.389      0.904
1046   -2     24.197     -2.381      9.711
  -1  216    -13.682     11.530      9.849
  -1  212     23.454      5.305      3.543
 443  313     -3.130      4.111     -2.279
 253   -2     19.476      3.197     -0.390
 817  828     -7.757      6.281     -1.558
  -1   81     18.152      6.689      9.626
 441 1258     -3.597     -2.928      0.460
  -1   -2     23.392     16.386      5.712
 598   -2      3.294    -10.385      8.220
  -1  984     13.921     10.610     -8.072
 469  669     13.056      8.412      6.122
  -1 1180     16.286     14.901      5.910
  -1   -2     14.276    -12.287     -4.286
 739   -2    -12.735     -8.364     -5.206
1081  290      2.849      9.781     -1.281
  -1   -2     -2.621     -7.575      6.947
 855   -2     -9.715     13.951      5.134
 683   -2    -13.158    -11.137      0.586
1114   -2     19.624      6.746      4.619
1140  558      5.992     -4.957     -2.111
 325 1249      6.099     -5.931      9.805
 749  735     11.469     -0.257      4.674
 121 1010      5.617     -2.751      9.668
 471 1039     -1.149     -7.124      8.494
 461   -2    -15.223     -4.188      2.343
  -1  832     12.550     11.954     12.087
 168  516     25.571     -5.034      9.780
  -1  210    -19.681      5.160      6.676
 585  160     -1.451      3.472      9.757
1098  480     13.128     -0.982     10.909
 645   -2     22.370     -0.519     -3.746
 393  467     25.223      0.168      8.115
 491  481     25.362     -1.345      7.892
  -1  594     12.671      9.843     -1.818
  -1  807      2.910      8.010     11.957
 339  167     -5.832     15.976      9.372
 811   -2     -9.590      8.275     -2.979
1125 1181     12.999     10.889     11.734
  -1   -2    -13.060      5.703      3.859
  -1  453     12.816    -13.086     -2.492
 725   -2     23.569      0.704      9.183
  -1  860      0.005     17.002     12.592
  31   -2     -1.180      3.281      3.112
  -1  638      7.561     14.028      7.368
 834  781     22.976    -11.216      7.194
 324  157    -15.615     -1.413     -6.498
 524  147     14.021     -7.078     12.354
1062  608     -7.574    -12.638      7.101
 860   -2     -1.060      7.203      7.480
 536   -2    -11.145     -9.334     10.000
  -1  563      8.611      1.250     12.050
 272  256    -17.351      5.355      9.069
  -1  379     -4.183      8.216     -3.036
  -1   -2     15.284      3.093      7.097
 516  475    -10.896     -2.952      8.375
 142  178     18.678      4.360      8.996
 153  613      9.534      8.586      6.483
  -1   -2     22.928     -2.864     -1.999
 626   -2      8.176     10.847      1.159
  -1   -2      8.600      1.478     -3.510
1078  218     13.894      9.731     10.752
  -1   -2     18.054     -5.070      3.958
  25   -2     -4.677      1.203      8.619
  -1  388     21.385     15.121      6.103
  -1   -2     24.586      5.321     12.217
  -1  543    -14.678      7.042      4.642
  -1   -2     -1.077     -5.507     -5.759
1279  853     21.753    -16.559      2.923
 292  241     -5.130      0.048     10.569
 848  995    -16.510     13.782      7.585
  -1   -2      8.084     12.688      2.022
1112   -2     -4.351      8.374      4.595
 941   51     24.712      1.683      4.239
  -1  719     17.254      1.615      4.071
  -1   -2     13.826      6.809     -1.146
  -1  529     -3.010      5.620     -6.765
 903   -2     19.465     -8.550      6.035
 171  643      8.186     -0.828     10.831
1045   -2     18.263     15.309      8.219
1171 1175      8.769     -6.057      9.689
  -1   -2     19.059     10.845      4.620
 542   -2     21.265     -4.080      9.035
 116 1166      8.345     12.154     10.631
  -1   -2     -3.755     -9.911      0.407
  -1  701     18.366      3.985      5.481
 742   -2      9.398      1.023     10.173
 155  261     -3.467     -2.990      6.878
 482   67      4.683     -4.081      4.099
  -1  602    -13.484     -6.500     -2.089
  -1   -2    -10.882     -1.403     -3.732
  -1   -2     -1.465     -2.692     -3.676
  -1   -2     -7.302    -11.346      5.424
  -1  685      6.997      3.470     12.186
 990   -2      7.709     10.141     10.917
  -1   -2     19.916     -5.812     -7.897
 201  552     15.401     -6.690      4.706
  -1   -2     22.019     -2.198     11.981
 514  983    -18.729      2.803     10.649
 127   -2      6.290      3.012      4.774
  -1   -2     16.550     -1.733     -4.673
1074  446    -14.886     -3.123      2.291
 596   -2     -8.741      6.584     -4.569
  -1   -2     26.027     12.620     11.166
 438   -2     12.578      0.166     10.583
 729   -2     13.739     -3.610      3.932
 825   -2     25.810     11.481      9.745
 790  691     16.154     13.936     11.405
1212   -2      5.170    -15.738      4.045
  -1  776     10.424     -5.165      7.821
  -1  610     17.423      4.973      5.818
 526   -2     -9.565      5.202      2.350
  -1   45      1.111     -0.063      2.627
 346  923     26.719     -4.052      9.182
  -1  693     14.860     14.194      6.930
  -1  215     17.549     -3.125      9.508
 288   92     15.603     -4.046      8.275
 816   -2     16.744     -0.615     10.634
 959  471      5.225    -11.353      7.866
 573  637     15.025     17.973      9.098
  -1   -2     -4.156    -10.784     -7.517
  -1  124      1.371     -0.584     10.753
1054  540     -7.116     -1.860      6.362
  -1   -2    -10.167    -11.567     -4.569
  -1   -2     13.958     16.006     10.749
  -1   -2     12.290    -10.326      9.747
 837   12     -0.247     16.106      7.962
 604  370     15.478     15.278      2.910
  -1   -2     19.267      7.726    -11.957
 838   -2      5.923     -8.482      5.093
  -1  760      5.885     -9.970     -7.787
  -1  648     26.071     -1.569      4.036
 401  805     -7.342    -12.734     -5.186
 889  707     14.467     -1.958     11.007
1222   -2    -19.202     -8.592      6.849
 565   -2     19.152     -0.442      4.604
1196  571    -17.592    -11.717      5.142
 793   -2      7.492      7.553      2.378
  -1   -2     -1.989      3.558     10.908
 866 1267      9.614    -12.187     -2.176
 353   -2     10.742      3.225     -1.119
   0   -2     -8.369      1.703     12.131
 200   -2    -13.434      9.828     -0.525
  -1  670     -0.425     -8.891      0.942
 701  982     20.714    -11.903      4.850
 891 1269     17.046      2.014      6.508
  -1  485      0.031      2.380    -11.811
  -1  799     14.090     -8.709     -0.105
 163   -2     18.802      8.933      5.837
  -1   -2      8.482     -5.661     -5.841
  -1   -2      3.092     -6.053      1.304
  -1   -2      5.410     -0.511     -4.490
1272   -2     23.829      6.601      3.436
 389   20      4.954     10.108      8.603
 658   -2     22.076      4.667     10.461
  41   -2     -3.472     -0.198      8.152
  -1   -2     12.042     -6.475     -1.615
 296   -2     -9.850     -4.468     -0.488
  -1   -2     22.489     10.446     10.605
1028   -2      5.023    -15.738      0.683
 651   -2      1.856     -9.198     -6.897
 398 1253    -14.602      8.654    -11.558
 876  372      5.769     10.329      5.465
  -1   -2      5.170      1.681     12.358
  -1 1026     25.599      9.865      6.390
 539   -2     -2.798      1.703     10.863
 830  344     -6.375     14.656      2.775
  -1  244     10.137     -0.264      3.833
  -1   -2     -2.818    -11.219      1.980
 657  314     21.921     11.355      7.332
 118   -2     -1.669     -3.057     -0.935
 814  537     -6.039     -9.819     -7.451
 369  439      1.759     -6.903      9.709
  -1  778      1.613     -1.862     -0.500
1010   -2     -3.181     -9.351     10.492
 736  949     20.094     14.652      5.112
1155  230    -10.539     -2.460      5.821
 632 1097      2.687     -2.593     10.527
 944  444     10.413     14.848      7.434
  -1 1023     -2.085    -12.188     -4.496
  -1  441    -18.635     -6.083     12.015
 667   -2     10.031    -14.397      5.854
  -1   35     -8.243      4.102     -2.306
  -1   -2     15.602      0.015     -8.614
  -1   -2     12.231      9.787     -8.759
1109  176     16.802      3.951      8.761
  -1   -2      8.170      4.504      3.951
  12  871      0.646      8.276     12.136
  -1   -2    -12.155     -6.359     -2.871
 953   -2    -15.039      4.516      8.810
  -1  671     15.706     16.277      8.972
  -1   -2     12.991     13.920     -5.078
  -1  564    -17.176     -0.866      5.861
  -1   -2    -13.444    -13.992      0.377
 648   -2      0.459    -11.093     12.181
  -1  511     23.963     -6.160     10.443
  -1  587     22.734     -2.669      6.428
  -1  322    -15.429      0.227     -3.333
  -1  788     18.882     18.460     11.714
  -1   -2     25.611     15.848     12.017
 499  422     11.619     -2.002      0.933
 902  368     18.546      9.257      8.949
1142  267     24.252     15.898     10.330
 372  605     11.503     -8.674     10.776
  -1   94     18.500      7.453      1.976
 691  328     13.963     11.419      9.842
 712  316     13.514      5.869      6.936
1004  233     17.871     14.333     11.018
 929  401     -1.528     -2.047      6.175
  -1  104     -2.888      4.506      2.328
  -1  905     -8.598     -7.006      4.118
 615  522     17.342     12.945      6.333
  -1   -2     -6.023    -10.394      3.433
 900   -2      3.703      5.811      7.787
 511   -2     -3.654      4.828     -2.407
 694  260     19.703     -1.888      2.638
  -1   -2     -4.865     11.590     -9.839
  -1   -2     10.336    -14.487     -3.343
 735   -2     -4.132     -5.205      9.300
1250  321     -4.300     16.603      6.982
 631 1002     15.366     16.589      7.337
  -1   -2     11.862     -8.555    -10.495
 207   -2      2.226      1.135      6.865
 314 1090     -0.713      1.444      9.410
  -1   -2     28.795      0.648     11.356
 311  332     26.259      5.478      9.317
  -1  463     19.401     -7.121     -2.164
1264   -2     14.348     11.064      5.918
  -1  899     26.286      9.359     12.162
 673   -2     -2.149    -11.436     -1.007
 547   68     -4.001      3.023     -1.304
  -1  624     16.423     12.708      8.547
1151  722     21.552     16.446      6.073
  -1   -2      1.991     -5.838     12.280
 214   -2      9.232     -0.413      8.589
 910   -2      9.093     15.173      7.992
  -1   -2     17.626      3.565     -8.950
  -1   -2     10.888     -9.358      1.998
  -1   -2      8.885     12.643     -6.357
1271  264     16.785     -3.828     -0.399
1085   -2     11.134     16.547      9.882
  -1  692     -3.227    -14.380     -0.183
 917   -2     24.119      1.022      7.571
  -1   -2     -4.221    -13.939      4.396
1021   -2    -18.997     -4.643     11.861
  -1 1178      1.701    -10.258      2.483
  -1   -2     -2.229     -3.190      9.916
 442   -2     -0.781     -7.326     -7.915
 541  403     -6.113     -7.080      2.569
  -1   -2     -2.818     -5.602      5.687
 606 1123     17.706     -7.332      6.661
  -1   -2     13.468      8.121     -9.509
1017   -2     -7.867     -6.354     11.279
 642   -2     21.026     14.097      5.056
 916  728    -19.091    -11.324     11.791
 500 1261     23.751     -1.237     10.944
 517   -2     18.062    -13.147     -3.381
  -1   -2     17.789     -2.194     10.804
1173  877     10.063    -11.729     -7.410
 294   -2    -18.645     -6.881     11.573
 504  499     19.619     14.626     -1.206
  -1   -2      4.866    -10.592     11.834
 529  652    -13.488     -4.106      0.336
1027  415     -5.955    -15.356      6.002
 936  229     -0.094      2.689      4.664
  -1  724     -3.189    -11.021     11.329
1169   -2      4.026     -2.200     12.082
  -1   -2     22.464     -4.705     -1.379
 233 1240     17.107     10.670      5.587
 564  258     11.060     10.930      6.779
 487   -2    -15.603    -12.888      3.885
1132 1149      8.375    -10.361      9.835
  -1   -2     18.238     -6.026      0.105
 380   -2     -6.062      6.565     -0.878
 776  300      4.433    -10.037      4.906
 983   -2     21.075     15.133      9.737
 506   21     23.425     -0.381      2.729
 640   -2     23.676     -6.440      8.675
1273  384     23.533     15.958      7.603
 768   -2      2.808      4.096      4.350
  -1  249      4.060     -0.812      4.355
  -1   -2     17.886      1.441      2.071
 912  682    -12.429    -10.899     11.062
1164  462     19.405     16.223      5.571
  -1   -2      8.667     -8.789     -3.301
 305  488      0.253     -1.814      3.205
 625  992     10.741      7.012      1.404
 670  780     -3.897     -9.299      0.724
 774 1033      0.355    -12.836      3.913
  -1  535     -4.540     -3.825      7.989
  -1 1103     21.268    -11.405     10.886
 812   -2      4.885     13.816      6.450
  -1 1060     22.583     -6.498      8.526
 752   66    -14.886      0.273     -6.533
  -1  275      8.804     -7.438      3.861
  -1   -2      0.066    -12.211     -1.770
  -1   -2     16.052      4.467      3.110
 151  440     19.223      7.898      8.723
 803   -2    -16.275     10.513     11.523
1281  186    -17.445      8.125      8.371
  -1  802    -18.834    -14.079      8.631
  -1   42     -8.101     10.935      2.158
 173  887    -13.444     11.385      6.952
  -1   -2     -9.557     -1.735     -3.560
  -1 1075    -16.603     12.505     11.789
  -1   -2    -12.054     12.030      5.137
  -1   -2      3.256     10.028      1.308
1274  985    -10.223     16.938     10.888
  -1   -2    -14.909     16.659     -2.515
 478   -2    -21.004     -4.433     10.945
  -1   -2      4.936     15.482      8.062
  -1  815    -12.416     13.142     12.319
  -1   -2     27.057      7.233     10.780
 784  317    -15.011     13.104      9.819
 676  859     -4.123     14.980      8.435
  -1   -2      9.896      0.083     12.748
 785   71     -3.553      8.949     10.296
  -1 1114     16.572      6.894      5.252
 856   -2    -10.054     14.707     -7.321
  -1   -2     -8.787      7.098     -3.074
  -1  842      4.920    -14.108      4.627
 304 1042    -12.848      3.009     12.273
 601  775     -6.832    -10.559      8.036
  -1  555    -10.426     13.652      5.412
1013  630     22.234     -8.737     11.389
 106  883    -18.146     -1.077      5.155
  -1  136      5.747      7.210      5.121
 879   -2    -10.422      2.604     12.800
  -1   91    -16.637      1.050     11.051
  -1  130     -0.320      7.347      3.394
 791  938     28.452      3.866      8.626
  -1   -2    -16.194     -4.625     -8.957
 190   -2     -6.454     -2.938      7.774
  -1  365      9.228      6.018      8.889
  -1  932    -18.114     11.046      9.896
  -1  265    -11.649      9.416     -0.196
  -1  204    -17.200      5.617     11.652
 147   -2    -12.694      2.546     10.513
1032  512    -19.117    -11.477      9.066
  -1   86    -15.832      1.875      6.879
  -1  378     27.225     -6.837      8.260
 704  280     22.361      4.402      2.887
 786  303     -9.895      9.950     -3.059
  -1  862      0.737     17.464      2.125
  -1   -2    -12.338     14.505      0.379
 679  530     -7.756     -1.788      8.644
  -1 1137    -12.231    -18.687     12.593
  -1  306     -1.102      9.864     11.851
  -1 1046      0.928     17.411      9.167
1049   -2     -8.985    -11.778     -9.644
 719   -2     -3.107     18.718     11.204
  -1   -2      3.401     14.353     -2.066
 628  822    -20.186      0.800     12.352
  -1   -2    -15.606     14.776      3.767
1040   -2    -15.779     11.459     12.464
  -1  619      6.979      9.711     10.749
  -1 1051     12.891     17.674      8.297
  -1   -2     -3.353      8.344      3.248
 114   -2     -8.529      5.148      2.656
1051   -2     27.185      2.045      8.944
 204   -2     18.355     10.796      4.024
1254   -2    -14.539     14.241     10.205
  -1  352    -15.795     -1.702     12.385
  -1   -2     -5.643      3.918      2.222
  -1  863     -7.122      3.435     12.579
 773   -2      0.887    -14.834      4.680
 859   -2     13.030     13.860      8.147
1157   39    -13.509      8.185      8.734
 782  351     14.421      1.337      6.823
  -1  918    -18.629      8.798      9.725
  -1   -2     24.985     -9.136     11.264
  -1   -2      4.613      3.787     -6.192
 195   -2      5.140    -11.275      5.156
  -1  238      9.445     14.608     12.349
  -1  809     23.538     17.871      5.572
 138  184      2.823     10.406     11.151
  -1  827     -7.345     -8.214     11.737
  43   -2      2.082      9.446      6.664
  -1  117     11.502     14.240      1.025
  -1  544     -1.768     12.980     11.122
1174  884     11.977    -18.213      6.192
 472  664     26.336     13.400      9.932
  -1  720    -17.334      8.152     -3.491
  -1  187     -1.884     -6.298     -4.359
 796   -2    -15.343     11.481     -2.562
  -1 1132     12.044      5.925     10.686
  -1   -2     -4.478     17.457      9.574
 967 1273    -12.656    -16.649     -2.528
  -1   -2      2.118      2.104      3.762
 543  626     -1.826     13.936      5.498
  -1  957      0.680      4.719     10.562
  -1  123    -14.012     -1.607      2.734
1124  423     -4.366     13.766      8.363
  -1  451    -12.153    -11.325      4.257
 965 1022    -13.970    -10.132     11.325
  -1  617     18.823      7.609     11.826
 520   -2     25.592      3.968      7.231
  -1   -2      4.679      8.867      1.908
  -1   -2     -4.765      2.496      2.521
 512  394    -20.787      0.392     12.364
  -1   -2      9.910      0.427     -6.404
 468  272      5.143     11.831     -0.733
  -1  804     17.108    -14.509     -3.295
  -1  460      2.153     17.647     11.733
  -1 1066     12.053      6.247      5.081
  -1  478      8.442      7.274      5.568
  -1   -2    -13.536      7.346     -2.608
  -1   -2     -1.601     -3.157     -7.537
 998   30     -4.931      0.083      2.463
  -1   -2     -4.967     11.067      9.760
  -1   -2     16.908    -12.610      2.479
  -1   -2     -5.974      6.691     11.358
  -1   -2      3.726      5.978     -0.970
  27   -2     -6.059     -4.091     11.103
  -1    2     -5.823      8.782     -5.322
  -1  342    -15.180     -5.847     10.860
1095 1072     -1.594     15.511     12.086
  -1   -2     -3.095      1.095      2.053
1146   -2    -14.359      9.708      9.188
 494   -2     24.855     13.253     10.827
  -1   -2     17.284      8.199      2.010
  -1  221     26.942      7.179      6.752
  -1  569    -10.962     11.970      4.857
  -1   24      8.655     -0.854      1.135
 904   -2     -0.401     11.909      6.604
 537  750     19.739     11.569     -0.368
  21   -2      6.028     14.320     12.005
  -1  699      1.078     -2.938      9.198
  -1   -2    -15.038     14.032      6.269
  -1   -2     -7.122      3.888     -2.620
1061  174    -13.431     -6.804     10.511
 971  120      4.996    -14.435      8.213
1111 1053      4.887    -17.588      4.143
 263  849    -16.718     10.375     -2.192
 958  968     -5.645     15.523     12.311
  -1  151    -11.070     -5.094      9.595
 867  443     26.346     13.702      7.477
 878   -2     16.603     -9.454      1.013
  -1   -2     10.954     -1.286     11.405
 877 1169      0.696     15.715     10.349
1227   -2      1.019    -13.138      8.085
 152 1241     23.309      5.252      8.987
 835   -2     -9.149     10.212      4.938
  -1   -2     25.181     12.532     -4.302
  -1   -2     -0.086      9.097      5.340
  -1   -2    -16.153      2.268     12.040
  -1   -2     14.186     10.051     12.504
  -1   -2     -8.324     12.809      7.253
 238   -2    -13.956     13.047     11.219
 938   -2     22.784      2.931     10.340
  -1   -2      4.040     -4.891      1.104
  -1   -2     -7.621      2.486      1.208
  -1   -2      3.980      5.812      5.108
 199  758     12.427     -3.301      6.874
1067  793     -5.924     11.806     11.239
1180   -2     23.706     10.180     -6.713
1118   -2      9.508      8.335     -4.437
  -1   -2    -16.068    -10.037      8.394
 355   47    -13.290      2.767      6.959
  -1  489     20.904      5.792     11.906
  -1  146     -0.010      4.782      7.688
  -1  744     11.879      2.006     10.676
 284  287    -18.858      6.660      6.393
  -1   -2      3.771     10.029      5.759
1083  705     -0.933    -14.181     11.612
 696   -2     20.021     -7.608     12.289
 781  940     -8.046    -10.864     10.483
  -1   -2     15.313     -6.254      8.158
  -1  524     12.003    -10.983      6.173
  -1  274    -13.761      8.584     -4.199
 957  713    -18.698      6.523      0.585
  -1   -2    -12.067     -9.232      8.136
  -1  745      7.529      6.982      7.682
  -1  593    -11.288    -12.983      8.100
1161   -2     -5.080     17.431      8.160
1160   -2      3.424     13.617      4.416
  -1  583    -16.989    -14.882      6.003
  -1  490     24.588      2.658      7.949
  -1  958     -5.608     19.999     11.452
  -1   -2     25.104    -11.369     12.251
  -1  955     -2.511      8.460      5.768
 946  197     -1.490     13.612      5.340
 907  636      6.833      7.192      9.643
  -1 1104    -16.590    -11.796     10.040
1055   -2     19.667    -17.213     11.278
  -1   -2      1.316      8.540      6.759
 823   -2     -2.499     15.920      8.796
1115   -2     10.956     -3.228     11.385
  -1 1176    -11.333     13.182     10.842
  -1 1184    -16.600     -0.793     -3.755
  -1 1027     25.817     -9.739      2.272
 390   -2     10.761      3.200     12.425
 978  935     26.326    -17.128     10.953
  -1   -2     -0.799     -1.146      9.356
 341   -2     -0.416     -7.749      4.342
  -1  505     -3.131     13.375      7.845
 244  547     16.895      3.737      3.934
  -1   -2     16.824     -0.293    -10.333
 871  874    -19.398     10.090     10.940
  -1  873     -4.790      4.195     11.500
  -1 1011    -13.071    -19.698      9.464
  51   -2     16.429      0.280     10.500
  -1   -2    -15.027      2.430     -1.717
  -1 1036      9.889      6.142     -6.927
  -1 1064     29.273      7.741     11.129
 964  898     17.934    -16.496      7.009
1181   -2     17.371     17.046     10.761
  -1  786     -5.743     -6.119     12.034
 799  880     24.472    -15.902      6.177
 689 1048     10.609    -15.948      0.633
 435   -2     14.755     13.102     12.274
  -1  219     -4.303      1.818      0.636
  -1   -2      8.781     -5.933      2.992
 594   -2     17.447    -12.815     11.054
  -1   -2      9.685    -18.691      7.214
  -1  227    -18.152     -6.242      3.687
  -1 1081     -0.289    -11.420      3.719
 850  942      7.296     16.779     11.591
  -1   -2      9.982     -6.184      3.655
1225  510    -19.776    -10.472     10.729
  -1   -2     -5.325     17.640      3.788
 505   -2      7.985     -1.400     -2.923
 730  754     -0.521     -4.031      6.698
  -1   -2     13.040      8.203     11.077
 775   -2     14.173      0.826     11.892
1007  833    -18.449      7.152      9.965
  -1   -2     -4.238      9.021     11.706
  -1   -2      4.930      0.848     11.055
  -1   -2    -11.541    -14.170     -0.181
 248  659      7.948     -3.514      8.996
1252 1142     11.754      3.867      7.935
  -1   -2     -2.116     -4.588      0.668
  -1   -2     26.232    -12.060     10.847
  -1  509     23.948    -14.105     11.890
  -1   -2    -13.856      5.325      2.951
1162  870    -19.052     13.044     10.075
 925  223    -19.102     11.807     10.276
  -1   -2     25.059     -6.560     12.514
  -1  599     16.293    -12.714      2.294
  -1  639     -2.971     17.276     12.220
  -1   -2     15.503      3.491      7.127
 614   -2      7.631     14.124     11.297
  78 1165     18.217      6.319     -5.192
  -1   -2     -4.669     -8.965    -12.127
  -1  769     12.487     -4.108      3.846
  -1  327      5.835     10.529     11.733
  -1   -2     22.948     -0.872     11.315
  -1   -2     21.782    -13.447      8.458
1044  795     23.886     17.131      7.097
 699   -2    -17.587    -10.614      9.423
  -1  190     -2.096     12.288      4.833
 622   -2    -10.710     -7.084      2.323
 792  762     -3.245     -7.128      6.952
  -1  391     11.678     11.252     10.462
1209 1151     -4.778    -18.674      5.986
  -1  164     -5.957     -3.900      5.990
  -1   -2     11.155     15.233     -2.190
  -1   -2    -15.829     13.801      7.232
  -1   -2     25.636      9.540      1.801
 302  625      8.641     -8.931      3.653
  -1 1174    -12.118    -14.664      5.139
  -1  369     22.955      2.090      9.035
 707  246      3.284     12.077     12.217
 105  292     10.872     -6.822     11.158
 143  531     -4.844     13.207      9.956
 777  350     17.801     15.944     10.694
  -1  675      0.530     -7.842      0.351
1031   -2    -13.275     15.948     10.597
  -1 1150    -16.879     10.074     -8.513
  -1  501     22.260     -0.502      6.446
1126  135     -0.245     10.133      4.312
  -1  315     -1.846     -3.488     12.639
 135   -2     14.033     13.959     -0.420
1158   -2    -16.853     16.436     -0.164
  -1   -2    -14.061      2.745     12.180
  -1  476     22.399     -7.076     10.832
 423  592     24.927     -1.370      1.593
  -1  749      4.026    -15.247     -3.981
  -1  756     20.518     16.579     10.306
1217   -2    -22.204     -5.592     12.401
  -1 1139     24.071     12.465     12.576
 924 1196    -13.612    -17.480     10.418
1152   48      3.911      6.751      9.379
  -1   -2      5.698      6.809      7.391
  92 1232      6.403      4.408      7.120
 649   -2      1.259     11.799      5.215
 637   -2    -16.125     17.176      2.158
  -1   -2      3.709      6.023      5.809
 846  447    -12.645    -12.698      0.606
1221   -2    -11.299    -18.122      8.076
 942  377    -14.725     -1.234      4.061
  -1  562     -1.130    -10.179     11.678
  -1   -2    -16.607     -4.844     -6.190
 457   -2      3.709     -6.508      3.465
  -1   -2     22.529      5.744     -9.192
  -1   -2     10.349     -1.566     -1.059
 693 1264      0.970    -14.565      4.490
 821   -2     24.190     12.994     -5.379
  -1   -2     -8.066      1.122      1.321
  -1   -2    -11.806      0.536     -0.533
  -1   -2     17.729      0.267     -0.318
  -1   -2      8.362     14.264      8.575
 861   -2     -2.492      5.447      2.630
  -1   -2      3.963      7.375      5.004
  -1   -2     -9.414     10.250     12.145
  -1  901     -3.050     16.278     11.471
  -1   -2    -11.382    -15.685      8.908
  -1  999     23.036    -13.191     -2.061
  -1  661     16.487     -2.181     -0.959
  -1   -2      3.287      7.593      6.084
  -1  354     19.817     -4.029      8.299
  -1   -2      7.669      0.769      6.480
1228   -2     15.658    -18.204     10.348
1066   -2     24.819      7.828      8.841
  -1   -2     23.690      4.339      9.521
 466  741      3.048    -12.659      5.393
  -1   -2      0.032     12.855     10.513
 439   -2     -4.168      7.660     11.769
1006  990     11.954     -0.546     -0.837
1108   -2     26.474    -15.032     11.989
 481  294     21.789     -3.608      8.935
1119   -2    -10.542    -15.321      8.087
 962  600    -15.123     -8.179      1.021
 627   -2     -4.593     16.420      4.833
 310  698     15.018    -12.599      5.795
 316  660      7.478     -5.723      6.389
  -1  819    -16.491     15.416      9.230
  -1   -2     -9.635     -5.953     -4.876
  -1   -2    -14.277      2.096     12.460
 384  518     -0.996     -2.847      3.962
  -1  183      6.789     13.486     11.900
  -1   -2      2.985      1.924     12.167
  -1  811    -13.159     10.960     12.027
  -1   -2      1.423     16.264      6.075
  -1  479     -0.734     -4.215      9.000
  -1   -2     27.187      8.529      3.201
1178   -2     26.397      9.432      8.939
1300  138      3.668     14.268     -5.411
1188  885     13.140    -18.718      8.381
 985   -2     -1.722      4.518      2.748
 979   -2     11.526      7.725     10.217
1059   -2     -5.585    -16.165      3.566
  -1 1080     24.733      8.128     -4.667
 801  361     -9.359      9.769      0.622
  -1 1093      2.468      7.443      7.910
 319  312     14.135      3.343     -7.008
 502   -2     -0.674     -3.290     11.398
1194   -2     12.222     -8.660      9.813
  -1 1122     25.572     17.688      8.202
1102   -2      2.885    -11.526      6.656
 653   -2     15.453     18.086     12.324
  -1  854      3.211    -13.252     -3.390
 686   -2    -13.099    -13.853      2.479
  -1  866     20.030     15.471     -1.294
  -1   -2      9.155    -17.882      7.615
  -1  747     22.600      8.532     -2.079
  -1   -2     19.499      3.532      8.460
 462   -2     12.553     -1.004     -1.404
  -1   -2     15.645    -14.438     -0.124
  65   83     18.808      0.817      8.757
 899   -2     -6.036      3.422     12.096
1229   -2     -0.471    -14.918      7.658
  -1 1158      3.765      1.237      7.291
  -1   -2    -15.265     11.168     -9.292
 609    9     14.537      1.625      1.050
  -1  988     -0.432     14.763     12.385
  -1   -2     -2.413      0.956      4.622
 960  709    -12.155     16.768     12.489
  56   -2      5.871     -0.015      5.304
1223   -2      6.125     17.479     10.828
  -1   -2      8.988    -15.398     -5.528
  -1   -2     10.018      5.592      2.458
1195   -2     21.284      6.255      4.291
  -1   -2      1.079     10.956     -4.630
  -1   -2     17.211     -0.045     12.277
 728 1173      6.273     -1.142      8.054
  -1  386     24.944    -10.576     10.591
  -1   -2     16.927     -8.838     -9.013
  -1   -2     23.501      3.010     -6.058
1131  717     -0.960    -10.808     -2.164
 408  913     11.446     15.259     12.317
1129  759     -6.792      8.131     10.357
  -1   -2     21.024      7.312     11.520
  -1 1183      1.003     -4.763      4.153
  -1   -2     18.950      8.266     -6.985
  -1  609     17.783     -9.222     -0.571
1183  662     25.933     -2.418     10.422
1123   -2     24.255      6.670     11.042
  -1  763     -5.638    -13.844      8.902
1137   -2     28.641      8.759      9.086
 229   -2      9.158     11.217     11.417
  -1  121      2.294     -2.606     12.298
1144 1277      1.919     11.138      8.301
 531  182     12.454      3.738     10.505
1106   -2     20.770      0.313      7.216
  -1 1098     20.046    -13.111     11.881
  -1  683    -12.342     -3.148      5.441
  -1   -2    -13.900    -14.235      6.825
1182  150      6.431      3.854     10.757
 988 1084    -14.205    -10.949      0.054
  -1   -2     18.751     -3.775      9.402
1202 1208     21.566    -21.909      7.394
  -1   -2     19.212      8.327      7.688
  -1  640      0.956    -13.291     -6.441
 721  323     21.315     10.545     10.416
  -1   -2     15.611      6.733      4.889
  -1   -2    -15.562     -6.861     -4.109
  -1   -2     14.400     -5.271      3.805
  -1  557      8.250    -19.679      9.409
  -1   -2     22.348      6.468      1.205
  -1 1018     -4.268     -2.299     -8.810
  -1  257     29.014      1.309     10.584
1156 1124     -4.366     18.204      9.593
  -1  838      5.486    -11.764      9.724
 770   -2     21.372      0.291     10.625
 211 1243     -1.582      4.466      0.366
 659   -2     -0.522    -11.850      5.973
 968   -2     -0.469      8.222      8.434
  -1  155     14.346      5.259     12.518
  -1   -2    -10.657    -15.609     10.419
 911 1092     10.885    -14.099      3.809
 160   -2     12.530      8.791      9.259
 874  844      6.696    -14.193      1.853
  -1  732     25.518    -16.902      7.370
  -1   -2     27.213    -16.255     12.881
  -1   -2    -24.633    -14.164     11.556
1207   -2     15.501    -16.704     11.557
1287  791     15.858     21.986     11.786
  -1 1213     20.193    -22.522      8.247
  -1   -2     11.736     33.634     -7.449
  -1 1190     15.274    -22.221      4.606
  -1   -2     24.231     18.948     11.094
  -1 1194      3.669    -19.757     12.693
1224   -2     -8.345    -21.053     11.596
  -1 1204     23.683     19.599     12.495
1206 1217      9.073    -24.670     10.539
  -1 1187     22.309    -19.561     12.377
  -1   -2     24.239    -20.432      5.934
  -1   -2     11.102    -27.850     -6.537
1187   -2    -16.859    -16.678     11.613
  -1   -2     10.775    -16.376      8.670
1143 1197    -19.615    -15.010     12.524
1204   -2     23.706     17.947     10.935
1205 1059     21.191    -18.545     10.695
1220 1212     27.298    -22.591      9.854
1208 1188     17.342    -17.992     11.117
  -1   -2     -9.727    -19.696      5.031
1211 1076    -23.658    -10.016     12.676
  -1 1111    -13.475    -19.271     12.484
  -1   -2    -23.432    -11.815     11.447
  -1   -2     13.084     -8.885     11.676
   3 1219    -11.184     -1.185      7.848
  -1    5     15.942      1.976     10.679
  -1   13     -3.300      0.969      6.419
  -1   -2    -11.226     13.858     11.091
  -1   18      8.889      9.553     -0.046
  -1   -2    -10.289     -2.247     11.933
  -1   -2     -4.846     -1.248     -6.919
  -1   -2     -3.127     13.623     11.975
1242   -2     -8.652     -2.226     -2.379
  -1   -2      5.897     -0.226      9.695
1240 1282      6.441      1.460      8.124
  -1   -2     19.005     -1.611    -11.230
  -1   -2     18.980     -1.633    -11.153
  -1   -2     -2.029      6.397      1.588
 101   -2     26.404     -6.250      8.001
1302 1296     -4.409     13.301      2.010
1265   -2     17.762      0.672     -4.887
  -1 1303      5.162      9.371     -9.953
  -1   -2     -2.396     15.149     10.545
 287   -2    -10.704      9.107     -2.756
1015 1230     -2.500     13.909      9.152
 590   -2     12.826      4.897      3.109
  -1   -2     -7.737     -6.041      9.071
 103 1236     18.889     -6.901      0.823
  -1  283     24.810     -4.402      7.517
1290  621     16.784      0.811      9.173
  -1   -2     15.719      3.421      4.767
 220   -2    -12.183      0.794     10.435
  -1  179     19.209      4.357     -3.003
 306   -2     24.496      4.372      0.619
  -1  753     16.303     11.920      7.418
  -1   -2     16.687      7.875     -5.650
 283 1247     -7.349     -9.060     10.246
 115 1237     -5.119     12.197      8.936
  -1   -2     20.689     -2.317      5.484
  -1   -2     20.871     11.178     10.585
1256   -2      4.603      1.883     10.757
  -1   -2      3.286      8.295      8.503
 381 1251      5.100     -2.077    -11.670
  -1   -2      6.516     -9.561      8.623
 420  635      6.596     -9.589      8.417
  58 1228      1.522      1.473      2.752
  -1   -2      9.254      7.839      3.262
  -1   -2      7.858      0.717     -1.800
 416 1143     12.068     -2.037      8.646
  -1  228     21.219      1.653     11.081
  -1   -2     20.702     -3.754      5.552
  -1 1250     20.306     16.104      7.721
 136   88     -1.974      7.724     -4.858
1305  494      6.927      9.699     10.627
 840   -2     -2.741     -2.735      4.022
 623 1156     18.738     14.719      9.696
 419  282     15.411    -10.100     10.638
  61   -2      9.761     12.865     11.135
  -1 1259    -10.593     13.007     -0.189
 897 1271    -10.743      4.975      4.405
 737 1134     17.267      8.891      9.548
  -1  302    -14.875     11.754     11.312
 956  824    -12.646     14.846      7.525
1172   -2     -0.690     -8.847      9.788
1101  132     18.675      8.489     10.184
 167   -2    -15.251     12.173     10.425
  -1  721     18.601     -3.674     10.465
 169   -2     21.867     -2.827      8.310
 664  734      5.002      0.708      3.318
1201   -2     15.274    -22.221      4.606
  -1 1304     12.983     -8.909     11.917
  -1   -2    -11.226     13.858     11.091
  -1   -2     13.750      1.186     -0.564
  -1   31     16.185      3.998     -8.051
  -1  161    -10.363     -2.248     11.789
  -1   -2      5.195      9.352     -9.944
  -1   -2     18.980     -1.633    -11.153
  30   -2     18.801     -1.763    -10.670
  76   -2     -2.451     15.193     10.616
  -1   -2     16.687      7.875     -5.650
  -1  305    -14.777     -2.074      5.373
  -1  169     12.193     -1.590      2.482
  -1   -2     12.193     -1.590      2.482
  -1   -2     12.193     -1.590      2.482
  -1   -2     12.193     -1.590      2.482
  -1  894     23.153      3.722      4.205
 913    8     17.286      5.390      0.814
 269   -2     19.087      4.271     -3.400
1248  548     16.957     -0.658     10.788
1262  737     -9.766     -6.816     -1.538
1092  864     -1.024      4.721      7.665
1259   -2     -4.117      0.406      6.133
  -1  649     -5.920      5.737      0.311
1312  286     12.947     -8.971     11.991
1234  926     -3.530      1.124      6.975
  -1  279      7.154     -6.523      5.368
1238   -2      7.154     -6.523      5.368
  -1   -2     16.185      3.998     -8.051
1246  251      9.470     -5.582     10.983
1310   -2      5.195      9.352     -9.944
  93  217     16.687      7.875     -5.650
  -1   -2     12.193     -1.590      2.482
1308   -2     12.193     -1.590      2.482
  -1   -2    -11.226     13.858     11.091
  -1   -2     16.185      3.998     -8.051
  -1   -2    -11.226     13.858     11.091
  -1   -2    -11.226     13.858     11.091
  20   -2    -10.363     -2.248     11.789
  -1   -2    -11.226     13.858     11.091
  -1   -2    -11.226     13.858     11.091
  -1  657     21.510      5.226      9.281
  -1   -2    -11.226     13.858     11.091
  -1   -2    -11.226     13.858     11.091
  -1   -2    -11.226     13.858     11.091
  -1   -2    -11.226     13.858     11.091
  -1   -2    -11.226     13.858     11.091
  -1   -2    -11.226     13.858     11.091
  -1   -2    -11.226     13.858     11.091
  -1   -2    -11.226     13.858     11.091
  -1   -2    -11.226     13.858     11.091
  -1   -2    -11.226     13.858     11.091
1233 1335    -11.226     13.858     11.091
 445   -2     20.702     -3.754      5.552
1280 1336    -11.833     -2.170     -5.525
1319  590     15.607      2.453     -1.705
