1345
   0    0    -11.149      4.490     12.152
   1    3     -1.992     -4.212      3.333
1217 1271     15.964      1.844     10.405
  -1 1204      3.445      2.379      3.641
 404   -2      5.469     -3.239     11.174
 193   -2    -14.570      6.552      5.528
  -1   42      4.834     -6.199     12.521
1218    2     12.996     -8.916     11.854
  -1   -2     16.265     11.221      4.467
  -1 1318     -3.329      1.038      6.686
   3    4    -10.625      7.381      9.827
  -1   -2    -11.223     13.855     11.059
  16   23     23.071     -3.568     11.288
  -1   -2    -10.956     -2.198      7.737
  -1   -2    -16.818      1.170      8.694
  -1   -2     16.311      0.505      5.759
1093   -2      0.997     10.634     10.471
 231  626     17.630      5.021      5.945
 317  280     -9.422     11.935      2.043
1221   -2    -14.182     10.627      6.543
  58 1215     -5.882     -0.735      4.284
  18   11      7.512     -4.595      3.901
  -1   -2      5.926      5.308      3.838
  11   -2     12.768      3.432      7.037
  68   -2     -5.338     -1.362      7.068
 135  353     -8.966     -0.832      1.903
  -1   -2     -6.720      5.499     -8.180
  -1   -2     -6.648      0.630     -2.097
  -1   53     -8.894     -2.468     -2.054
  -1   -2     20.820      0.690     12.683
  27   21      8.850      9.423     -0.299
 476  282      6.118     -0.102      9.095
 782  297     -1.575      6.425      0.758
  51 1212     16.468      3.619     -7.979
  -1  157      4.309      6.867     -3.348
   8   -2     -3.515      3.701     11.174
 569  475     -0.638      3.663      1.094
  -1   61     -4.382      4.595      9.065
  17   -2     18.813     -6.191     10.884
  -1  482      3.289     16.139      3.270
  -1   -2    -12.071     -0.438      3.489
  -1   26     20.339     -0.641     11.769
1283  953     -2.470     14.757      8.132
 548  506     -0.657      0.152      5.534
  14  227      1.346      8.492      9.345
 257   51    -17.696      0.511      7.343
 243   -2    -18.650      5.033      3.102
 184  223    -12.939     -2.047     -3.517
  -1   -2     11.239      4.667      8.331
  -1   -2     17.057     10.717     -2.786
  -1   13     18.337      5.226      2.900
 789   -2     -3.297     11.542      7.273
  -1   -2     19.404      5.048      2.727
1022  715    -16.358     12.021      5.843
  -1  128    -14.717      7.210      3.905
  48   -2      4.803     -0.709     11.559
  -1  444     13.752      3.348     10.083
  -1   -2     -3.394      0.999     11.201
  31   48     -3.942      7.953      0.628
 413  759      9.749      3.233      5.381
  -1   -2    -10.416     -2.217     11.805
1237   -2     22.458     -2.247     11.800
 819  352     11.413     11.557      9.790
1152  466      9.710      4.211     11.615
  70 1331     19.708      3.655      4.302
 614 1259     13.989      5.187      8.024
  -1   -2      4.723      7.006      2.196
 237   -2     -5.453     -2.874     10.153
  -1   -2     15.779      5.806     -7.970
  -1  596    -16.030      5.847      3.231
  -1   -2     -9.373     13.360      2.785
 373  216      4.271      9.899      5.156
 283   91     23.636      4.834      7.764
 382  321      4.137     -3.093      4.175
 516  363      1.691     -1.752      7.087
  -1   -2      5.238      9.359     -9.975
 646  655    -14.630      2.587     -1.537
  -1   71    -11.439      7.759      5.336
  -1   -2     18.894     -1.569    -11.067
  -1   -2     13.340     -5.839     10.919
  -1  134    -10.872      4.051      1.372
 883  192    -19.729      3.354      8.897
  87   70     16.781      0.958      9.284
1253   -2    -13.781      7.699     -0.452
  -1   -2      7.822      8.324      3.508
1055   -2     23.813      0.053     12.293
 893   -2    -11.352     10.044      0.750
 493  950    -13.670      1.286     -2.188
  50  200    -14.504     -3.871      5.432
 157   -2      5.560      1.464    -10.611
 785   -2     -9.297      9.139      7.025
 661   -2     10.449      4.191     -7.665
 534   -2     10.260      4.602      4.239
 903   -2      7.279     -7.075      5.250
 359  222     14.802     -1.107     -2.115
  -1   -2      0.855      5.112      7.775
  -1   -2    -10.085      7.468      7.793
 281   -2     10.699     -7.263      9.874
  -1  933     19.826     12.740     10.994
  -1   -2     23.031      3.641      4.734
 213   68     10.327      0.571      0.454
 825   -2    -14.914     12.574      4.087
1284  154     15.429     -1.300      1.186
  52   73     -9.589     -3.074     11.656
  -1   -2    -16.544     15.167      7.747
  47 1211     12.379     15.111      8.107
  -1  148     12.103     -6.603      6.202
  78   -2    -13.291      6.034      4.015
 460   -2      5.384      5.012      8.565
  -1   -2      5.167     -0.024     -3.819
1124   -2     13.037    -10.054      9.683
  -1   -2    -16.041      1.171      8.871
 542   -2    -11.064     -5.347      9.298
 616  696      0.012     -6.570      9.757
  -1  301     10.113     -4.842      8.880
1091  886     -4.810     -1.412      7.968
 481 1251     22.401      4.085      7.764
  -1  210     13.682      5.599     -6.565
 221 1234     -5.340     -4.262     -4.010
  -1  150      0.931      3.588     -9.643
 794  576      1.360     13.022     10.509
  -1   -2      5.572      7.205      6.435
 355   -2     19.563     -0.729     -1.175
  -1   -2      2.563      0.938     -4.054
 749  235     -1.491      0.462     10.932
  -1  300      9.135     -1.260      6.068
 437  196      4.268     15.296      2.034
  -1  214      1.845      9.456      3.335
  -1   74     15.161      3.140    -10.704
  -1  255     14.286     -5.591     12.206
1119 1083     24.933     13.319     10.634
 960  268     12.065     -1.655      2.312
1305   -2      1.470      4.630      8.234
  -1   -2    -13.200     13.269     12.537
  -1   99      2.357     -4.397     11.600
1186  166     20.922      7.349      7.149
  -1   -2     15.164     -0.529     -2.463
 225  104    -13.814      9.429     -5.587
  -1   17     17.181     -1.400      7.463
  -1   -2    -10.966      6.414     -4.699
  -1  404     -6.522     12.212      1.191
 178 1104     -5.974     -1.962      2.199
  -1  989     15.763     13.762     11.842
 833   12     -3.232     13.569     11.588
  93   -2     16.235      4.578      2.100
  -1   -2     14.672      2.715     -4.400
  -1   39      8.831     -3.585      1.387
  -1 1135    -14.890      9.875     11.097
 315   -2    -11.947      0.728      2.371
 557  528     20.637     -3.885      5.645
 651   -2     -8.100     -6.646     -4.615
 987   -2     12.837     -5.120     -3.096
  67 1009      9.592      5.138      8.529
  -1  368     -1.758      9.742      7.161
  -1   -2      7.124     -7.663      8.371
1246   -2     15.304     -5.488     -4.246
 251  122      7.498      4.362      7.018
  81 1147     14.686     -5.211      5.009
  -1   92     23.684      2.248      6.022
 444   -2      8.716     10.056      6.751
  -1   -2     22.104     -8.179     -2.299
 295  331    -17.414     -4.185     11.964
  -1   -2     12.720     -7.877     -4.560
  -1   -2     -8.710     12.914     -4.067
  25   60    -18.780      1.467      8.338
  57  181    -14.814     -1.925      5.522
 296   90      6.671     -0.982      7.656
  -1   -2     21.054      2.213      1.272
 507  460      9.051     16.013      4.270
  -1   -2      4.675      5.768     -8.065
  -1   -2     17.741      7.258     -0.011
 195 1231      2.163      7.566      1.240
1238   -2     21.243     12.389     10.810
 420  399      0.608      6.751     10.174
 113   -2    -15.543     -4.941      4.853
 777  615    -19.131     11.177     11.777
 781   -2     -5.234      9.430     -5.067
  -1  816    -12.095     -4.152     12.072
 416   -2     19.853     12.951      6.168
 520   -2     20.309     10.444     -1.822
 729   -2    -11.822     -2.131      2.298
 334   -2     16.038     -1.380     -3.312
  -1  923      3.061      0.481     11.375
  -1   -2     21.391      5.114      9.369
 328  942      8.161     -1.754     -0.623
 608  820      7.740     14.509     10.898
  59   -2     12.120      2.669      0.075
  -1  632      8.286    -10.916      4.394
 850  663     10.689     15.921      9.303
 713   -2     24.149     -1.981      7.197
  -1   -2     12.014     13.423      0.245
  -1   -2    -14.285     -0.315      8.181
  -1  829     26.515      2.616     11.542
 801  354      1.975     -9.326      5.342
  -1   -2     20.902      1.933     11.921
  97  164     -1.777     13.222      7.276
 441   -2      0.576      1.561      8.416
  -1  386     20.086     11.164      4.045
 656   -2    -17.087     13.038      9.568
 717   -2    -11.193     -9.399     10.349
  -1   -2      7.499      5.095      9.557
  -1   -2     -3.077     14.864      1.782
 109   -2     24.198      8.499     10.846
  -1   -2     11.149      9.407      8.350
  -1  175     -7.810     -6.397      9.831
  -1   -2     -8.776      3.638      3.283
1135  866     -4.355     -0.832     10.406
  -1   -2     19.933     -4.744      0.187
  -1 1294     13.436      1.268      7.987
 132   -2    -14.314      7.796     -9.570
  -1  897      1.486      1.295     12.553
 171  512     15.165     -3.031     10.212
  -1   -2     23.151      8.935      5.591
  -1   -2     20.974     -1.434     -7.452
 818 1264     19.411      7.876      8.207
 227  610     17.289      0.788      2.259
  -1   -2     26.116      5.643      9.662
  -1  336     21.041     -7.263     10.087
 314  253    -13.640      0.974      7.050
  -1  465     10.206     11.622      1.470
  -1  182     20.694     11.742      7.295
 588  110      7.539     -2.242      8.904
  43 1106      4.623     -0.469      9.638
 889  306    -12.639     10.941     11.978
1230   -2      5.889      0.772     10.437
  -1   -2     15.351    -11.126      4.682
 194   -2      5.600     11.990     -6.506
1131 1070      6.022      7.457     10.822
 964 1266      7.863     13.712      6.028
  77   -2     26.470     -6.234      8.348
 545   -2     -0.670      2.929      8.072
  -1   -2     25.453     10.000      6.290
 578  501     -9.044     -5.799      3.864
  -1   -2      1.341      8.780     -7.407
  -1  326     -2.865     -0.683     12.446
  -1   -2      5.091     -2.464     -2.933
  -1   -2     14.229      4.025      3.048
 279  191     18.555     12.822     -5.560
  -1   -2    -20.048     -3.718     11.509
 117  170     -4.011     13.895      3.153
 103  113     11.591      9.055     -6.321
1291 1063     -5.860     14.531      6.087
 217  509     -5.161      4.073     -6.271
 805  340      1.506     11.713      2.122
  -1   -2    -14.591     -0.155      6.182
  -1   -2    -18.910      0.097      6.537
 618  362    -15.684     -0.282     -1.602
  -1   -2     -3.673     -0.166      4.254
  -1   -2     22.791      2.754     11.404
1164  193     24.879      1.507     11.739
  -1   -2      6.433      1.599      2.501
 163   95     -1.574     10.825      6.394
 333  559      9.406     -2.573      1.054
  -1 1029     -2.908      4.032     11.593
  -1   -2      4.886     -8.957      8.042
  -1  230     -7.048     -3.655      5.634
  75  212     -1.231      4.060      7.732
 904  130      1.607     13.125      7.925
 823   -2    -15.983     12.861      9.423
  -1   -2     -4.077      5.029     -0.146
  -1  553    -20.276      6.123     10.708
 838   -2    -12.351     10.913      1.244
  -1   56    -16.426      4.374     -3.237
1180  293      8.856      6.776     -2.438
 305  971    -17.920     -2.001      8.679
  -1   -2     19.807      5.025    -12.095
  -1   -2    -15.383     -0.978     -7.571
 615  423     13.676     -6.703      3.729
  -1   -2     19.417     -7.509      4.033
  -1  228     14.349      2.361     -0.918
1309   -2     12.924     11.287     11.075
 291  262     14.266     -7.200      7.073
 720   -2      9.129     10.180     11.549
  -1   -2    -10.929     10.642     -9.934
 329   -2     21.796     10.039      5.223
  -1  229      6.516     13.802     -4.829
1267 1223     13.253      9.555      0.237
  -1  232     14.932      4.824      8.981
 104  159     20.662     -0.830     -0.699
  -1   -2     15.562      9.843     -8.954
  -1   49     14.673     -2.215      7.552
1095   -2     -3.163      9.415      9.956
  -1   -2      6.588      8.127     -0.326
  -1  676      7.842     -1.347     12.608
  -1   -2     -1.385      8.387     -3.462
 150   -2      2.684     -2.920     -3.241
 764  768    -17.202      7.836      9.218
  -1   -2    -13.083      1.164     12.178
 810 1128      1.541     16.988      6.513
1019 1090      8.879     18.158     10.594
  62  778     -9.940      8.163      5.573
 647  267     10.328      6.958      6.266
  -1  483      4.182     -1.591     10.258
  -1  397    -12.079     -7.293     12.505
  -1  436      8.968      0.480      9.251
 957   -2     -2.433     -6.247     10.188
 143   -2     11.593     -4.006      4.264
 632   -2    -15.814    -10.702      9.125
  -1  630     25.293      0.767     12.354
 318  129     -8.447      9.008     -3.453
  12  461     17.409      7.845      7.457
  -1  406     15.091     -6.957      9.253
  -1  241     12.053      9.220      9.149
  -1  470    -14.541      0.895      2.380
 208 1233     20.336     -0.578      4.133
1261   -2     19.562     11.493      8.447
 300   -2     -3.994      1.854      8.828
  35  456     19.278     -1.722      5.814
  -1   -2    -15.972     11.550     10.187
  -1  874     12.462      4.207      9.425
 504 1252    -18.785      4.880      9.287
  -1   -2     18.006     14.259      2.234
  -1  603     -6.970     13.498      5.580
 284   -2     15.390      3.242      6.194
  96   -2     12.459     11.631      8.447
 604   -2     -6.866     -1.125      6.435
  -1   -2    -14.088     12.941      8.681
 965  127    -18.948      6.075      8.277
  -1   -2    -10.495     -6.344     12.475
1294  338     23.493      5.298     -0.864
 986   -2     14.454      8.963      6.863
 667   -2     25.471      4.403      6.878
  -1  299    -10.170      9.308     -5.323
  -1  502      2.466     -9.072     10.019
  -1 1207     18.995     -5.359     11.430
  -1   -2     19.913      3.590     10.109
 670   -2      8.427     -5.813     10.690
1173   -2     -3.699      1.801      6.199
1160  278     10.379     -1.713      8.159
1247  541     18.945     -8.658     -0.515
1077   -2    -15.432     10.022     -6.205
 643  382     -0.405      2.440     -8.946
  -1   -2    -13.191     -3.579     -8.979
  -1   -2     -2.125      6.301     -2.296
 347   -2     13.606      6.006      4.750
  -1  494      7.374     12.089     -0.378
1035  440     25.639      1.076      7.175
 466  439     13.739      6.103     10.731
  -1   -2     -3.897     17.642     11.691
 457  364    -15.645     -2.020      8.194
 252   -2     -4.667      8.702      3.339
  -1  344     22.820     -3.910      0.682
  -1   -2     23.993     -2.875      9.926
 517  803     -1.225     12.948      6.731
 654   -2     -6.221     -8.564      5.930
 149  554     -6.422      8.539      0.738
  -1  853     -5.806      0.793     11.472
 278   -2     25.404     -1.785      9.781
  -1  137      1.703      7.271      4.120
  -1   -2     -8.684      4.429     -1.727
 627   -2      1.729     -8.728      0.045
  -1  168      5.405     -6.430      1.359
  -1   -2      0.927     -1.088      9.801
  -1 1138     24.076     -0.691     11.314
  -1   -2     15.420     -8.234     12.370
 220  569     18.421     -5.151     -0.862
  -1   -2    -15.482     -3.675     10.529
  -1   -2     -6.877      7.278    -10.231
 900   -2      5.156     13.783     11.814
 297 1241     19.295      1.968     -6.640
 737  981      6.605    -11.562      7.109
 451   -2     21.774      7.689      2.679
 207   -2      7.686     16.773      6.277
  -1  539      7.047      0.518      5.375
 648   -2     20.304      5.738     -5.096
  -1   -2     15.020      1.409     -1.539
 211  652     20.404      2.804     -0.405
 791  199    -13.488     -6.026     11.451
1104  270     23.816     10.272      6.492
1263  459     20.298     15.689      5.376
  -1  645     14.001     -3.300     -2.014
 857  865     27.610      7.501      9.765
 393  590     -7.374      1.713     11.156
 146   -2    -14.954      0.869      8.416
 400 1117     -5.525     -9.761     11.779
  -1   -2      4.993      0.155      0.541
 294   -2     20.516      8.078      3.217
 185   -2     21.317     -4.101      9.014
  84   -2    -20.233      1.608     10.274
1285  313      2.326      5.202      9.846
  -1 1062     -6.315     -4.768     12.296
 160 1230      4.165     -3.958      9.311
  -1  112     18.736      1.969      9.113
1320   -2    -11.193     -1.257     10.782
 310  702      8.705     11.074      8.032
  -1  845     19.510      2.559      1.518
  -1  426      1.582     -8.387     -3.781
 567 1257     -4.918      7.217     10.185
 761 1240    -19.543     -2.242     10.552
1140  303      1.269      1.422      5.591
 242  248    -12.183      9.451      1.264
1125   -2     11.732     12.446      9.315
 688   -2    -14.001     -9.377    -11.312
1015  147    -10.949     16.534      8.063
  -1   -2      8.778     11.682     10.536
 602 1002      4.659     -1.620      6.620
1073  641     14.305      9.169     12.092
1165   -2     -8.651     12.698      8.203
  -1  264      8.185     -6.901      7.366
 158    8     17.761     12.351      7.504
 586   -2     15.783      2.841      1.860
  -1   -2      9.084     15.569      8.590
1032  522     -5.463     -5.041     12.140
 397  330    -12.580     13.204      5.593
  -1   -2     11.086      1.115      8.470
 515   -2     20.419     -5.667      9.642
 769   -2    -11.380     13.265      8.467
  -1   -2     16.048     11.391     -2.259
1042   -2     -6.446     17.473     10.312
 946   -2    -13.810     -8.368      9.871
  -1   -2      8.072      2.562     11.656
1014   -2     17.188    -15.969      9.737
  -1   -2     17.866     -1.165     -5.501
  -1  308     20.419     14.300      3.333
1083   -2      7.501     -1.272      9.927
1074   -2     23.596     11.968      8.098
 589 1258     15.894     17.923      9.464
 855   -2     -9.982     -6.272      7.449
 693   -2     -1.688      0.035      8.883
 610   -2    -16.874     -3.724      7.800
 313  813    -15.194      0.698     12.211
 436   -2     20.657     16.157      9.105
  -1   67      4.386     11.130      4.887
1184   -2     25.526     -9.086      7.954
  -1   -2      5.731      9.536      6.986
  -1  319     12.074     16.172      3.361
 385  366     25.318      3.422      7.966
1084  356    -15.353     -8.585      8.250
 757   -2     16.833      3.715      6.433
 563   -2    -19.196     -0.163     10.802
 399  967     -2.889     -1.222      9.763
  -1   -2      4.436     -8.038      8.220
 471  546      9.452     -3.013      9.345
 126  543      1.544     10.536      6.013
 226   -2      7.590      7.527     -4.678
  -1   -2      4.840    -14.324      4.189
  -1  790      6.035      3.111      0.185
 196   -2     12.077      3.236      9.913
 350  766      1.530      5.960      9.065
 676   -2     12.670      9.180    -11.665
  -1  970      6.772      1.938     10.673
  -1   -2      8.592     -0.261      3.179
  -1   -2     26.906     -2.146      7.471
 210  453     12.474     -5.879      6.885
 244  106    -16.570      6.107     -0.771
 746   -2      3.166    -11.454      6.851
 115  172     -4.829      9.264     -0.015
 429 1248     17.301      8.631     11.284
 697   -2      3.041     -1.949      9.997
  -1   -2     15.537      3.585     10.820
  -1   -2      5.576     11.748      4.633
1136   -2     21.430     -2.319     11.515
 527  350    -14.012     -7.215      9.367
 747  245     21.167      8.884     10.889
  -1   -2     18.869      6.038    -12.149
  -1   -2     10.279      7.515     -3.036
  -1   -2      8.113      6.230      2.459
 482  983      1.674     -4.288      3.173
  -1 1086     14.799     -3.075      5.474
  -1   -2    -16.300     -0.493      6.302
 407  749     -2.597     -7.618      6.890
  82   -2      1.750     -2.539     12.458
1191   -2     19.514    -17.256     11.551
 368 1054     17.696      8.511      4.724
  -1  380    -17.544      7.654     12.046
  -1  551     12.474     -3.061      7.137
  -1   -2     -8.158      5.760     -2.978
1257  966     -9.376     -8.532     -7.558
 549  351     15.574     10.420     -0.314
 303   -2     -5.080    -10.199     -1.119
 939  173     19.212     -6.666      4.442
  -1  533     17.772     -3.014     -1.645
 450   -2     23.000     -0.529      4.115
 576  499     25.468     -5.822      9.232
  -1   -2     -2.590     -2.565     -9.919
  -1   -2     -1.047      6.524     -8.179
 719   41     -3.487      2.519     11.426
1024 1139     -4.160      9.833     11.888
 655   -2     11.743     11.749      3.330
  -1  934     -2.444     15.929      9.042
  -1   -2      6.924     11.284      8.548
1142   -2      9.545    -12.394     -2.486
 514  557     26.061      9.848     11.855
 704  619     10.178      6.751     11.131
  -1  358     11.696     13.791      5.083
 748  735     12.683    -10.177      6.913
  -1  513     -1.934     -1.311     11.325
  -1  119     24.532      5.924     12.193
 427  734     21.893     -5.896     11.851
 571   -2    -17.315      2.810     10.160
  -1   -2     -5.174     -2.380     12.011
 108  260     -2.518      6.303     -0.380
 896   -2      7.784     12.674      2.231
  -1  683     -4.088     16.710      7.431
 742  649     17.000     12.478     11.557
1265   -2    -12.267    -11.253      4.355
 327  339      1.358     11.578      6.364
1094  289     20.854     11.206      4.002
1264   69     10.356     -5.633      5.137
1061  686     15.978     -5.548     10.291
 740  812      9.468      3.553      1.643
 947   -2    -16.404     -8.055     10.655
  -1  903     -3.131      5.144     11.716
 976  537     -0.352    -10.568      1.520
  -1   -2      1.510     -0.034    -12.059
 372 1146     10.395      2.401      9.903
 116 1280     15.025      0.802      3.758
  -1  752     25.769     -3.045      5.946
  -1   -2     20.968     10.584      4.822
  -1  713     24.444      1.686      6.025
  -1   -2     16.344      7.334      9.101
1175 1078     25.261     11.253      6.248
 882  317    -16.681      5.922      9.962
 546   -2      1.634     -0.513      4.863
  -1   -2    -16.321      3.745     -8.640
 814   -2    -16.418     13.711      6.632
1028   -2      6.158     10.664     12.417
1169  419      4.672      4.092      7.193
  -1 1288     19.100     16.568      4.268
  -1   -2     15.294     -7.987    -11.894
 972   -2     -2.669      8.153     11.078
  -1   -2    -16.922     -5.518      9.286
1026  144     -9.257      1.107      9.479
  -1  246     12.830     -3.923     12.049
  -1   -2     12.871    -10.385     -8.293
 565 1064     22.700      8.508     -1.938
  -1   -2     25.396      6.270      6.283
 620  701      4.170    -11.696      7.465
1036  432     23.018      5.038     10.750
  -1   -2     17.441     -4.221      9.925
1241   -2     -7.096     -6.609     10.882
 186   -2     16.548     13.244      1.627
  -1  648     22.696     11.248     11.313
  -1   -2    -17.096      5.873     -4.097
 154  572     14.055      5.070      5.314
 387  487    -10.985     -1.466     -3.567
  -1   -2     16.400     12.150      3.865
 230  574    -16.100     -9.839      6.432
  -1  586     -2.913      5.632     -7.030
  -1  673     25.811     -1.781     12.208
  -1 1255     18.562     -9.909      9.230
  -1  627     -8.447     10.844     -7.994
 367  710     22.967      0.682      7.198
  -1   -2    -13.463    -11.003     10.269
 170   -2     -5.969     -1.073      3.591
  -1 1268     17.968    -14.463      8.424
 362  754     18.593     -1.405      9.707
 664  514    -16.491    -11.896     10.120
1087   -2      7.884     11.764      2.295
 547   -2      8.806     -8.531     11.748
 531 1080     26.257     13.659      7.824
1043  991      3.164     16.698     10.258
  -1   -2      8.981     -1.498      6.306
  -1   -2      6.697     -6.113     -9.063
 156  391      5.799      2.366     -6.112
  -1  374      7.015     -8.641      1.586
 206   -2     -4.844     13.868      6.933
 543   47      4.526      0.168     11.437
  -1   -2     17.570      4.008     11.253
  -1   -2      4.390      8.484     -5.934
  -1   -2     13.686      8.585     -4.063
 793   -2     12.438     17.068      9.502
  -1 1267     17.341    -11.765     10.582
 845  390     20.081     -5.828     -0.271
  -1   -2    -15.458     13.206     -0.662
1172  511     -8.092     16.799      8.798
  -1  254     24.171     11.136     11.697
 388   -2     -1.429     -7.042     10.095
 406 1026      8.060     14.494      8.005
 417  478      6.531     -9.623      8.539
  -1   -2      5.561    -15.207     11.461
1045  700    -14.597     -7.044     -7.484
  -1   -2     26.289      1.288     10.618
 214   -2     26.543     -5.982      7.706
  -1   -2     16.190    -10.363      5.707
 558  388    -18.907     -7.168     11.315
 871  361     22.918    -10.339     10.317
  -1  218     16.331     -8.301      1.296
  -1  365     17.370     17.364      5.233
 381   88     -4.348     -3.800     11.115
 394   -2     -0.968     15.089      7.050
  -1   -2    -15.127    -16.358      7.965
 692  840     26.052     -0.462      6.777
 581   -2      7.300     -9.681      1.115
  -1   -2      6.172     -2.805     -6.504
1038  855      6.284     -7.592      1.110
 556   -2     17.093     14.546      1.405
  -1   -2     -1.020      9.175     -8.565
  -1   -2     17.577     10.000    -10.402
1156 1019     -4.091    -14.781     10.153
   9   -2     14.279      9.126      5.096
  -1  714     22.080      1.929     12.507
  -1   -2     -5.502      6.176     -0.888
 348   -2     22.305     -9.725      6.824
  -1   -2      3.471    -10.872      2.243
 913   80    -11.530     -0.186      9.951
  -1  930     22.263     -5.544      9.629
 942  882     18.861     -9.124      7.474
  -1  698    -10.321     -1.408      8.729
  88  448      9.709      3.196     10.758
 467  249     13.814     16.671      7.303
 690  430     13.560     -7.107     12.305
1114  668     24.421     -5.553      6.134
 832   -2      0.125      0.151     10.520
 658  747     19.941      4.815      8.296
 944   -2    -18.492     -3.075      1.905
 635  370     19.229     -9.156     -6.398
 861   -2    -16.530    -11.866      2.464
  -1 1035     21.663      4.119      9.904
  -1 1041      0.159     -3.491      8.807
  -1  307      2.980     -9.159      3.059
 370  135     -0.660     -2.378      2.141
  -1   -2     13.064      5.572     -5.784
 102  204     12.222      5.239     -1.416
 148   -2     19.869     11.715      5.572
 308 1116      9.479     -1.931      2.779
 461 1249     19.713     16.234     11.469
  -1   -2     11.135     -8.189     11.081
 554  329     18.960     -4.147      9.341
1174   -2     20.772     11.268      8.417
  29   -2    -13.012     -4.663     -0.324
  -1  394     -4.649     -9.258     -0.794
 612  548     -6.729    -12.129     10.775
  -1  637     17.043     15.216      1.159
  85   -2     10.656      1.618      2.664
1031  481     22.622     15.328      7.877
  -1   -2    -11.087     16.642     11.389
  -1   -2      0.805     10.515      0.138
 219  140      3.993      6.695     10.203
  45 1210     -3.616     15.232      7.077
 619 1260     15.143    -11.469     -6.808
 637  221      4.204     -7.088      1.103
  -1  372      1.934     17.087     10.110
  -1  917     11.355     16.737      4.706
  33   -2     19.035     -0.168      6.344
  -1   -2     19.336     -7.543     -1.389
  -1  692     15.252      9.684     12.395
  -1   -2      1.623    -11.453    -12.174
 776  860    -10.689      1.005      9.300
 657  684     -0.359     -3.115     12.061
 253  283    -18.344     10.999     10.689
1178   -2     21.870      5.029     -3.128
  -1   -2     -6.229     -3.578      4.011
  -1   -2     -2.099     -9.931      0.177
  -1 1022     28.955      0.589     11.517
 927   -2     11.989     -0.514      9.997
  -1  468     26.397     11.383     10.031
  -1  644     -7.396     -8.064     11.689
  -1  728      3.778     -2.612     11.006
 553  185      5.650     13.983      0.876
 140   -2     10.606     -6.502     11.334
  -1   -2      3.655     -6.823      7.145
1167   -2     21.058    -10.047      6.768
 926  598     23.888     -6.423     10.496
  -1   97     26.202     -8.164      7.302
  -1  169    -18.383     -2.620      3.853
  -1  333    -12.670     -0.530     -0.529
 622 1102     16.791     -5.232      3.908
 712   -2     24.169      1.389      9.122
  -1   -2     22.330      1.998      6.199
  -1  679    -11.885     11.401     -7.918
  -1   -2     -3.230    -10.236      0.788
 363   58    -10.534     -0.102      5.352
  -1   -2     16.894     -0.455      8.909
  -1   -2      7.520      7.910      0.442
  -1  272      7.105     14.970      7.300
 839   -2     21.758     15.989      1.734
 290   -2     15.996     13.827      7.122
  -1   -2     -1.006     -4.070      3.064
1110   -2     11.327     10.486      2.803
 985   -2      9.454      2.089      7.726
  -1   -2      8.843     13.156     -7.568
  -1   -2     24.690     -4.297      9.000
 438 1032     -7.639    -12.472      7.290
  -1   -2     -3.969    -11.874      9.377
 706  763     13.007     10.703      7.094
  -1   -2      8.968     -5.476      6.784
  -1  396     17.013      3.124     10.819
 962 1016     -1.642    -13.310     -1.477
 673  742     -6.297      6.577     -0.633
 830   -2     27.538      2.848     12.119
 917 1133     -3.198     -9.333     10.511
 105   -2      6.576     16.178      6.835
1078 1092     20.590     14.358      6.559
  -1   -2      1.065     15.046      1.133
  -1   -2      5.465     -7.553     -4.430
  -1   -2     -5.687     14.043      4.465
  -1  618     14.177     15.943      6.570
 733   93      4.815      1.865      8.195
 456  677     -6.082     -5.999     -2.691
 583  724     -1.942     15.433      2.894
 771  579      5.221    -15.730      4.173
  -1 1088    -17.604     -7.394     10.258
  -1   -2      7.503    -10.912      7.674
 606 1027     14.368      5.460      5.831
  -1 1131     -6.657     -7.934      7.266
 691  616     15.510     14.667      4.303
 488  675      0.246     -0.842      6.274
1148 1232    -10.812    -12.453     10.039
1194 1105     14.957    -17.920     12.046
 131   -2    -19.376     -4.228     10.411
  -1   -2     21.939    -16.455      3.073
 434  583     19.068      3.081      4.378
 930   -2     26.722     10.444      9.011
1307  639     22.682      4.695      2.967
 686   -2     22.371     -4.674     -4.971
 559  335      6.258      9.278     11.053
 164   -2      3.769     13.756      4.620
  -1  716     13.506     -1.678      7.620
  -1   -2     13.430      9.855      0.921
 274  819    -15.189     -0.411     -4.299
 681  999      3.998    -12.571      5.740
 929  312     26.913      2.987      8.488
  -1  518     20.211     -6.297     11.194
 189  236      9.287     15.233      7.108
1071   -2     22.078     14.552      6.389
  -1   -2     -1.335      1.786     12.108
 918 1265     15.602      8.548    -10.078
  -1  359      0.001     -7.466    -10.292
 325   -2     19.560      3.355     11.578
  63   -2      2.551      0.671     -0.086
1150 1055     -1.391    -12.396     -3.987
1146   -2      9.118    -17.878      7.676
  -1   -2    -18.559      6.251     11.350
 455  711     15.891    -10.272     10.300
 736   -2     19.614     14.096     -0.789
 264  647     24.154      7.213      8.048
  -1   -2     15.401      7.684      9.835
 955   -2     26.653      9.932     10.376
1161   -2     17.814     16.094      9.974
  -1   -2    -11.825     12.751     11.808
  -1   -2      8.261      0.957      9.115
  -1   -2      7.047      1.135     11.422
1098   -2     -3.795    -16.156      2.366
1065  507     16.571      5.663      9.161
 649 1239      8.393      5.621      9.715
  -1  573     19.084      3.268     -1.620
1236  474     19.397     -0.960      9.875
 969   -2     13.787     -3.577      5.211
1001 1272     12.362     -8.369      8.817
 127    9    -11.585     -1.709      6.597
 555   -2     -6.256     -9.997     11.815
  -1   -2      4.207    -16.206     -1.094
  -1   -2    -10.824     -8.489     11.498
 137   -2      5.600      0.914      3.301
  -1   -2      8.307    -12.507     -8.328
 445   -2    -10.753     -4.772     10.483
1117 1154      8.141     -2.751      5.603
1168   -2      2.586    -13.488      7.375
 497  672     -2.318     -8.796      5.976
 340  963     14.849    -10.791      9.571
  -1   -2      4.498    -10.418      8.476
1158 1097      6.276     17.343     11.311
  -1  526    -18.053    -14.607      6.186
  -1 1256      1.294      0.327      3.098
 773 1277    -15.166     11.536      6.674
 525   -2    -16.836     -3.009      8.102
 829  660     17.817      8.425     -4.621
   7   -2      7.480     -3.015      9.511
 410   -2     12.601     -2.283     10.688
 977   -2    -13.527    -12.658     11.274
 907  531     22.906     12.726     11.023
 863  582     14.072    -14.643      1.207
  -1  957      5.872    -11.516     -2.878
 728 1164    -12.188    -12.644      4.122
  -1  585     -9.439      5.177      6.687
 577  332    -18.270     -0.808      9.761
 966  143    -17.063     13.783     -0.011
  -1   -2     -5.962     -2.409      6.413
 783  907     26.053     -9.649      1.683
  -1   -2     -1.351      5.565      5.084
  -1   -2     -0.627     10.830      6.400
  -1  305      8.561     -0.032     -9.181
 378   -2    -16.331     12.125     12.587
 847  975     28.808      5.741      7.880
 973  549      0.237    -11.805      7.524
  -1   94     -9.888      9.476      7.682
  -1   -2     -4.692      3.152     12.609
 338   -2     -0.724     10.056      1.669
  -1  497    -19.043     12.312      8.572
 912   -2    -12.206     14.450     11.885
  -1  791      1.256     16.999      0.891
1154   -2    -18.996     -9.837      8.616
 663   -2     -3.407    -17.385     10.113
  -1   -2    -18.906      2.344      8.804
  -1   37     -3.781      0.378     -2.054
  -1   -2     16.289     -0.457     11.139
  -1   -2     -7.180      8.892     -2.746
 758   -2    -13.343      8.737      9.853
  -1   -2     -0.623      7.199     12.604
  -1  746     21.261    -13.190     -6.235
  -1   -2      2.752      1.876     12.174
  -1 1291    -19.243      1.573      3.729
  -1  949     27.943      1.007      8.347
  -1  322    -14.456      9.448     10.064
 277  409    -16.640      1.053     11.043
  -1  203    -20.909      0.627     11.654
  -1  824    -20.707    -10.512      6.606
 639   -2     12.976     -3.478     -7.842
 483 1038    -12.402     -2.423      5.946
 262   -2     -5.472      8.940     -7.004
  -1   -2    -10.742      2.418     11.144
  -1   -2    -14.039     -7.827      5.359
  -1  519    -14.422     -4.615     -3.698
 831 1030     -2.019      5.142     10.924
 974   -2     -3.454     14.382     10.145
  89   -2    -16.739     11.600      8.438
 826   -2     24.802    -17.677     10.215
  -1   -2     -9.352     -1.697    -11.576
  -1  491     16.940     -9.175     -3.525
  -1   -2     -9.516     10.939     -1.839
  -1   -2     -9.895     10.019     -2.815
 509   -2    -12.319      0.735     10.698
  -1   -2     17.620      7.709     -7.993
  -1  545      7.805    -10.171     11.600
  -1   -2    -14.609      0.183     -2.102
  -1   -2    -15.285     19.818      8.922
  -1  142      9.828      4.364      9.091
  -1   -2     13.208     -8.479      6.665
 735   -2     11.918    -18.255      6.161
1162  849    -16.374     16.647      6.635
  -1   -2    -13.742     -2.237      6.001
  -1   -2     18.098      8.204     10.988
  -1  400    -15.554     13.217      6.542
1202   -2     23.915     16.681      8.158
 392  269      2.804     10.587      7.539
  -1   -2     -2.918     -9.649     12.706
  -1   -2     -7.071      8.471     -1.231
  -1  219     20.759     -0.548     -6.493
  -1   -2     25.885      5.295      0.322
  91   -2    -12.081      2.178      9.378
  -1  782    -15.771     14.692      6.824
  -1   -2     -1.859     -1.967      5.917
  -1   -2    -11.981     -8.479      0.839
 248   19     -5.301     -0.804      9.516
 779   -2    -15.334     -4.786      7.670
 411  662     -0.472     16.576      7.234
  -1   -2      9.974     -2.777    -12.184
  -1  870    -14.368      5.642    -11.955
  -1  688     -2.857     18.180     11.239
  -1   -2     -4.497      1.803     12.322
 218  415     22.563      0.952     12.388
  -1 1158     -5.981     16.172      9.477
 302  188    -19.279     -5.344     10.569
  -1   -2      7.453      9.873     -1.932
 778   -2     -5.116     16.000     11.421
  -1   -2    -18.209      8.914     11.044
  -1   86     -8.792      3.803     -0.286
  -1  379     -2.038     10.134      4.329
 529  898     -5.455    -13.319     -0.533
  -1   -2    -14.945     14.665     10.116
  -1   -2     -3.706      2.298     -1.398
 802   -2    -16.264     18.038      2.360
1118 1126     18.324      6.276     10.063
  -1   -2     21.663     18.392      7.790
 816  850     -3.884     15.997      3.616
1215   -2    -15.120     -9.185     10.750
  -1   -2     15.666    -11.955    -10.748
1080  721    -12.830    -10.149     10.839
  -1   -2     16.350     13.428     -4.478
  -1  156    -22.141     -2.700     11.279
  -1   -2    -14.156     -1.490     11.166
 991   -2    -16.179     14.799     11.333
 996  189     -6.287     -9.543     -7.517
1311  458     11.418      5.477      9.925
  -1   -2      3.158     13.039     -3.643
  -1   -2      7.567      3.175      8.606
1121  395     -7.470    -12.151      2.013
 165  385     -3.112     -0.377      7.312
  -1  298    -14.130      3.618     -7.425
  -1  242    -16.915     -5.976      6.301
  -1   -2      4.789    -11.317      5.487
 867   -2     28.721      3.504      7.840
  -1   -2      3.221     -4.681      4.128
 760   -2    -21.570     -4.366      9.282
 811   72    -12.447     -0.534     10.070
 500  155      9.345     -7.237     10.591
  -1   -2    -14.061      0.602      8.470
 715  731     -9.406     12.418     12.695
  -1  938      0.184     15.505     12.357
 840   -2     17.766    -14.021     -1.437
  -1   -2    -18.574      6.937     12.437
 463  571     14.368      1.926      6.558
  -1   -2      1.613     -2.817      5.931
  -1  861     -9.327      6.894     -4.305
 877   -2     -0.666      6.837      9.178
 841 1289    -12.241     13.379     11.257
 605  552    -12.442      3.890    -10.288
  -1   -2      0.656      5.547      0.259
1069   -2    -17.105      8.656     -6.570
  -1   40     -9.024      7.907     -2.999
  -1   -2     -4.876      6.368      4.932
  -1   -2    -11.162      7.613     -2.880
  -1  488     -6.697     -2.225      7.640
  -1   -2      7.248      3.732     10.609
  -1   -2      1.909     13.204      5.962
  -1   55    -17.535     -0.882      6.394
  -1   36    -11.863     10.654      8.758
  -1  876    -16.488      5.566     -3.473
  -1  729     15.521     15.228     11.702
  -1  318     10.715     14.957      7.626
 106   -2    -10.187     -4.039     11.584
 936   -2     23.658    -13.573     12.495
  -1   -2      9.378     -3.957     11.956
  -1   -2     -9.613     -0.993     -6.892
  -1   -2      3.701     -6.535     10.388
  -1  828     -5.387     12.357     12.470
 233  872    -12.564     12.441      3.442
  -1   -2    -16.753      1.753      9.858
1044   -2     17.732    -13.316     10.400
  23  285     -2.771      8.546      4.711
  -1  471     11.439     -3.769     -5.126
  -1  781     29.264      6.205     12.045
 695  899     22.101     14.133     11.978
 626  500     17.746     -8.256     12.533
  -1   -2     -4.205      1.157     -0.274
 551   30     11.206      3.057      5.978
  -1  634     18.619      8.933     10.975
  -1   82     13.668     -5.332      0.495
  -1   -2    -11.466    -17.796     10.920
 895   -2     16.855     17.871      9.318
  -1  704      5.044     15.493      8.019
  -1 1099     12.345    -13.959     -0.902
 153  613     -3.476      4.234     -2.063
 591   -2    -10.840    -11.555      5.139
 835   -2      5.030      3.932     10.098
1149  851     13.886     12.378      4.335
  -1  730      7.583     -1.467      2.350
  -1  345     18.060      8.100      6.839
 335  811     15.527     11.741     10.091
  -1   98     -7.387      6.283      1.756
  -1   -2     26.123     12.266      9.997
  -1  593     -0.769      8.309     12.222
 228 1262     -1.324     -1.232      8.418
 874  887    -15.282     11.850     -2.107
 800   -2    -13.570     13.806      4.917
1159  916     21.412    -14.430      8.469
 454  597    -19.821     -6.409      9.980
  -1 1142      7.532    -17.593      4.169
  -1   -2      2.767      0.059    -12.100
  -1   -2     10.427     -8.904     -0.660
1183  295     16.205     -9.091      6.673
  -1  467     25.890      8.622      9.190
1049 1048     -3.979    -13.709     -0.825
  -1   -2     11.843     -0.911     -6.781
  -1 1023    -16.015     17.978      9.878
  -1  689    -15.964      8.300    -10.616
  -1   -2     -0.753      4.979      6.939
  -1  601     16.231    -13.573      5.254
  -1 1124     10.899     -9.735      2.631
  -1   -2     14.028     14.854     11.994
 827  894    -19.463     10.069     10.789
 114   -2      5.437      5.051     -2.288
 539   -2     -8.951     -7.309     12.049
  -1  943    -13.072    -19.703      9.450
1204  893    -21.702     -8.004     10.664
  -1  798     27.973      5.764     12.541
 905  774      4.313     14.165     -7.571
 101  994    -11.251     10.883     12.337
  -1  944     25.677     -2.579      9.619
 842  441     14.468     -7.910      3.003
1033  635     22.082     -8.873     11.306
 275   -2     -1.737     -4.231     11.253
  -1   -2     -6.287    -10.719     10.230
  -1   84     17.808     -5.206      7.741
  -1  902    -10.680     13.096      8.715
  -1   -2     18.822     15.595      6.986
  -1   -2      7.061     -5.427     11.373
  -1   -2      2.128      5.875      5.301
 492   -2     21.757     -1.024      9.518
 486   -2     -0.077     16.496     -0.428
1096  909     -9.945     13.001      8.592
 112   -2      0.790     15.489      4.839
  -1  789     -2.616    -19.195     10.808
1138  809    -11.509      4.650      1.827
  -1   -2    -16.802     10.132     -8.720
  -1  740     -0.330     -9.146      8.610
  -1   -2     -1.261     15.531      1.772
  -1 1066     16.248      8.920      9.039
  -1   -2      1.440     15.229     -3.791
  -1   -2     14.977     17.970      9.129
  -1   -2      2.001     -9.448      8.863
  -1  594     15.078     12.868      5.597
  -1   -2     -2.678    -14.246     11.787
  -1   -2     21.006     -4.116     12.058
1018   76     15.381      5.254      0.491
  -1  243    -11.869     13.557      4.019
 390   24      7.271     -2.982     11.420
 928  892    -17.720     12.317     11.850
 535   -2     15.413     15.015      7.043
  -1   59     14.888      9.671      1.401
 982 1129      8.393      6.948      5.518
  -1   -2      6.223     11.364      4.029
 958  681     11.586     10.930     12.625
  -1  520      2.392    -12.365     10.769
1025  682     24.471    -13.623     10.975
  -1  640      8.743    -14.538     -1.972
  -1   -2     10.362     -0.678     -3.705
  -1  856     -5.895      5.565     11.680
  -1  896      3.108      4.349      5.771
  -1  826     25.032    -10.357     10.252
 601  844      4.562      6.977      5.315
  -1  202    -13.912     12.822      5.431
  -1   -2      4.422     -1.535     -2.165
  -1   -2     21.191     13.724     11.271
  -1   -2    -14.148    -15.509     -2.032
 809   -2     26.881     -4.558     10.386
  -1   -2     23.768      6.360     -3.585
1276   -2    -13.677     17.277      8.549
  -1   -2    -14.992     16.648      9.858
 289  788    -14.287      2.703     11.756
  61   62     14.043     11.099    -11.610
 439  194     11.741      7.917      2.918
  -1   -2     27.594      0.318     10.683
  71   -2     21.024      9.279      8.901
 342 1001     -4.697     15.758     11.814
1155  748     11.477     -8.607      2.777
 884  402     21.612      4.756     11.579
  -1   -2     -3.142     -1.786      6.967
  -1   -2    -11.858     10.700      0.065
  -1  751     25.964     10.263      4.909
 921   -2    -17.575    -16.007     12.083
  -1 1091      0.129      5.692     -1.848
 866   20     -0.487     10.744     11.040
1190  612    -10.823    -15.511     10.207
  -1  334      7.560     10.421     -5.649
  -1   -2     25.375     -0.692     10.069
 475  277     -3.548      7.514      5.949
  -1  883     23.217     -7.389     -3.195
1010   -2     -5.214      4.121     11.773
  -1  570    -11.282    -12.996      8.132
  -1  771     15.096    -13.620     -4.790
1034  620    -18.167     -0.834     12.612
  -1  802     -0.598     11.950      6.982
  -1   -2      2.706      8.333      9.434
 353   -2     25.288      6.233      9.405
  -1 1152     24.371    -15.772      5.731
 506   -2      7.873    -14.413     11.859
 215  486     -3.585     -3.893      7.678
  -1   -2    -17.893     -3.375      8.489
  -1  625     24.515     -8.177      8.141
 662 1161     11.346    -15.871      1.257
  -1  464     -2.169    -15.191      8.776
 190   -2      0.798     13.423      5.799
  -1 1074      3.802    -12.484     -1.456
 489  505     -1.514     -3.164      7.408
  -1 1058    -20.344    -10.312      1.506
1133 1059    -20.274    -14.946      8.702
  -1   87      1.039     -0.473     10.953
  53   -2     22.520      4.911      7.007
  -1  889     10.150     -5.653      6.741
  -1   -2      9.457     -9.523     -5.810
  -1   -2      8.618      5.459     11.672
1099   -2     12.893    -14.762     11.010
  -1   -2      9.324      6.870      5.036
  -1   -2      7.261      6.189     10.543
  -1  578      5.676     12.583     11.459
  -1   -2     -2.895    -16.005      1.577
 414   -2     19.738    -16.802      6.649
 899   -2     13.834    -19.800      5.260
  -1  425    -16.312     12.886     12.309
  -1 1079      5.409    -10.252      0.802
  -1  628     20.907    -13.279     11.292
 675  427     13.370     -3.530      8.794
  -1  651     -0.207      1.323      6.252
  -1  517      5.972     -9.212      6.395
  -1   -2    -13.049     16.027     10.242
1040   -2      9.600     16.564     11.012
1064  772    -11.151     18.416     11.226
1234  123     -1.578     13.582      5.581
 790   -2    -15.047     -3.024     -7.049
1051   -2     -2.909     15.450     11.531
 229 1042      4.783     -9.210     10.034
  -1   -2     20.488      3.588     -7.812
1208 1179      3.467    -20.372     11.882
  -1   45      4.945     -6.265     11.550
  -1 1120      4.986      8.551     11.365
 724  694      6.839    -12.310     11.397
  -1  743    -10.430     -7.254     11.512
1157  452     23.384     10.374     -4.685
1021  575     22.372     11.235      9.355
 528  145    -10.168      5.946      4.471
  -1   -2     26.357      6.453      1.112
  -1 1136     14.540      3.453     10.137
  -1   -2      0.368      9.669     -3.403
  -1   -2     -0.593     -8.609      5.349
  -1  555     -5.748     -9.493     -2.625
  -1   -2      4.842    -10.831     12.072
 365  291     16.024     -0.925     12.275
 770   -2      0.660     16.741      9.135
 617  857    -13.995    -10.227     -1.108
  -1   -2     20.745     12.837     11.767
  -1   -2      4.234      1.548     10.723
  -1 1153     -7.603     19.779     12.495
 584   -2     24.735     -3.902     10.872
  -1   -2     19.258      2.044     12.438
 366   -2      7.485     -0.456     -6.915
1207 1014    -20.969    -14.624     10.680
1298 1043     17.435    -21.442      7.184
  -1  347     -7.860     -0.498     10.942
  -1   -2     13.863     -0.032      9.932
  -1   -2     20.508     -4.858     12.426
 906   -2     16.018    -13.386      1.939
1193 1167    -16.862    -20.390      7.134
 640   -2     -5.860    -15.518      5.873
 869  818     27.065      7.423      7.680
  -1 1076     15.778    -13.674     11.683
1115  584     -6.611     -6.002      5.016
  -1  276     -3.257      7.299     12.261
  -1   -2     20.513      2.048      4.230
  -1   -2     -5.353      3.788      9.679
  21  158      6.182      5.549      6.065
  -1   -2     -1.779     11.052      8.807
 755  504     -1.669    -10.829      0.946
  -1  393     15.657    -16.792     11.620
 383   -2      9.759    -10.068      8.501
  -1  457     -5.664      0.095      6.104
  -1   -2    -17.316      9.060      3.075
  -1   -2     -5.272     -0.463     10.415
  -1   -2     22.940    -10.547      7.403
 280  296     21.595     -4.104      7.111
  -1   -2     15.242     -2.503     12.164
  -1   -2     18.470     -4.468     11.275
  -1   -2     -6.801     14.578     10.832
 700  841      7.221    -12.427      3.220
 121   -2     13.564      1.986      0.310
  -1   -2     -9.083      5.785     -2.078
  -1   -2     19.897      2.726      8.945
  -1 1071     24.007     14.203     10.004
  -1   -2      4.698     -4.276      6.968
  -1   -2      5.008     14.522     -3.009
 477  450      8.095      8.544      6.112
  -1  756     12.073     -8.253     -9.684
1082   -2     26.543     -9.777      4.533
  -1   -2    -13.278     -8.609     -2.734
 498   -2     26.003      6.706      6.095
  -1 1219     16.085      1.009     12.388
1068   -2      6.379      5.342      9.789
  -1 1245     -5.489     -8.678      9.965
  -1  922     26.152     -9.946      9.503
 860 1110     18.739     -9.595      3.173
1250   -2      2.231     -4.207      8.843
  -1   -2      8.125      1.041      4.692
  -1   -2     -3.359     -5.312      3.777
 261  566      5.618     -3.674     -5.836
  -1   -2      8.439      2.485      5.794
1048  622     22.112    -12.387      7.828
  -1  234     17.836      7.239     11.956
1197 1060      0.145    -19.409      8.319
  -1   -2     14.200      8.116      3.083
  -1  532      9.036    -17.029      5.585
 751 1197     -6.188    -20.180      9.835
  -1   -2     -2.287     -7.537     11.989
 396  328     -6.201     15.843      7.328
1016   -2     -2.759      8.872      8.724
 726  492     20.419     16.837      6.844
  -1  982     -8.718     -0.097     11.623
 395  859     -9.085     14.860      9.042
  -1   -2     26.306     14.549     12.046
 732  669     19.184     15.344     11.022
  -1   -2     15.041      3.335     10.655
  -1   -2     22.018      7.013     -9.225
 453   -2     -0.767     -9.613      2.633
1030   -2     -6.593     -5.601      8.257
  -1   -2      4.425    -13.564     11.082
 485   -2     12.591     13.988     11.764
  -1  480     13.875     12.424      5.916
  -1   -2     -0.926    -18.096      9.666
1066   -2     -6.092     -5.574     10.704
  -1  588    -14.879     -9.137     -4.755
  -1   15     12.786     13.444     -3.378
 864   -2    -14.733      1.925     11.431
  -1   -2     21.262     14.738     -2.370
  -1   -2      3.864      8.228      4.734
1029   -2     12.643     -0.734      6.424
 422  418      6.393      2.857      7.258
  -1  527     -6.174     13.301     12.180
  -1 1143     21.555      4.457      7.069
 344   -2     -8.832      2.429      9.337
  -1  447     12.570      0.991     11.403
  -1  190     14.903      7.824      6.934
  -1   -2      7.622     -8.696     10.376
  -1   -2     -9.039     18.483     10.281
1214   -2     -9.185    -16.878     11.828
  -1   -2     19.212     -1.868     10.441
 837  503     25.816     15.365      7.277
  -1  377     14.844      1.336      8.907
  -1 1163     17.031      4.037      9.830
  -1  118      0.086      5.222     -7.614
  -1   -2     -2.765     -5.516     12.183
  -1   -2    -10.848    -16.504      3.453
  -1   -2      8.842     -7.972     -1.469
  -1   -2     15.505      0.852     -5.446
  -1  186     13.264     12.389     10.693
  -1 1103    -12.027    -15.248      9.964
1086   -2    -10.869     -7.822      5.762
 503  599     20.157      1.032      7.107
  -1   -2     11.034    -27.870     -6.327
  -1  761     26.589     15.763     12.174
  -1 1165     14.964    -23.502     12.368
  -1  375      7.462    -20.705      7.311
  -1   -2    -14.227    -12.965     12.685
1216   -2     20.163     19.918      9.817
  -1  726     28.211    -15.931     11.265
  -1   -2     22.493     25.399      1.043
  -1 1198    -16.164    -21.572     10.998
  -1 1191     29.032    -25.244     10.737
  -1   -2     19.290    -11.823     12.657
  -1 1178     24.374    -17.973      8.062
  -1   -2    -12.082    -19.240     11.481
1210  935     12.628    -20.311      6.148
1211  473     17.278    -18.826      9.552
  -1 1180     16.614     24.740     10.028
 952  695     21.811     18.724      9.598
  -1  972     -5.177    -17.171     11.437
  -1 1015     25.821    -19.070     12.797
  -1 1186      7.444    -26.153      6.671
  -1  804     23.590     19.182     12.139
1212   -2    -23.123    -17.444     11.354
1205   -2     27.293    -22.599      9.897
1209   -2     18.523     25.890      9.600
  -1   -2    -28.618     -7.729      9.433
1141   -2     20.539    -18.600     10.890
  -1   -2     23.037    -18.767      7.826
  -1   -2    -23.577    -11.847     11.359
  -1 1183     19.724     22.206     11.741
  -1 1172    -24.268    -13.145     11.553
  -1   -2    -18.065      2.478      5.761
   5   -2     -3.345      0.998      6.592
  -1   -2    -11.223     13.855     11.059
 924  163      3.445      2.379      3.641
1233 1285     -9.740     -2.995     -4.192
  -1 1320     -3.439      3.474     11.158
  -1   -2    -10.428     -2.084     11.566
 232 1236     13.658     14.471     -3.498
1231 1284     19.435      5.106      2.673
  -1  623      1.285      1.485      3.196
 198  304     18.014      7.117     -0.356
 129  324     20.004      2.962      6.417
  -1  180     25.550     -9.101      7.920
  -1   -2     11.272     -0.203     -8.136
  -1   -2     13.011     11.302     11.002
  95   -2     26.583      2.546     11.792
  -1  251     12.387      2.773      6.691
  73   83     16.548      1.640     -1.582
  -1   -2     -7.833     -6.491      9.829
  79  589     10.403     -7.515      9.210
  -1   -2     15.589      2.419     -1.687
1245 1011      5.176      0.439     -7.590
 120   14    -13.003      8.372      0.841
 254   -2     26.491     -0.142      8.472
  69 1332      5.238      9.359     -9.975
  -1   -2      1.627     -0.306      4.140
1249   -2     25.999     -7.581      9.093
 714   -2     22.801      8.598      5.273
 309 1244     23.892     -2.745      9.473
1243  973     24.081     -2.955     10.221
 472 1068    -16.332     -6.577      7.614
  -1   -2     19.083     16.532      3.900
 821   -2     -4.425      3.500      5.609
  -1   -2      9.856     -2.297     11.741
  98   -2     16.072     14.223     -5.629
  -1   -2    -20.133     -4.909      8.794
 447  206      4.915     -8.735      2.109
  -1   -2     23.518      5.425     -0.691
 418  383     -0.359     -3.289      8.970
 530  646     10.115      0.338      5.714
 849   -2     -1.284     -2.378      9.071
 124 1222     12.647     -7.841     -4.428
1108  717      3.909     -9.777      6.461
  -1   -2     11.238     -8.615      0.514
  92   -2     21.505      5.151      1.071
  -1   -2     -8.159     -9.005      4.216
 908  769     -1.073     12.713     -0.571
  -1   -2    -11.176    -12.958      8.108
  -1   -2    -16.544     15.167      7.747
 759   -2    -14.855     15.277      8.820
1081   -2      6.029    -13.090      1.183
 710  281     -2.730      3.002     -0.633
 780  489     26.799      2.349      3.826
 851   50      5.302     -1.815     -3.513
1047 1031     -3.772     13.994      9.551
1182 1018     -8.329    -13.863      9.251
 582  837     22.919      7.230     -0.834
1195   -2     11.034    -27.870     -6.327
1200   -2     16.614     24.740     10.028
   4   -2    -18.036      2.408      5.952
1282   -2     -3.502      3.600     10.891
  -1   -2    -11.223     13.855     11.059
1297  132     24.367     -2.016      7.269
  -1   -2    -10.428     -2.084     11.566
1223 1279     18.784      2.971      7.676
1222 1278    -14.298     10.642      6.430
  -1 1281     16.289      0.548      5.805
1228   -2     -5.770     -0.783      4.281
1310 1308    -16.544     15.167      7.747
1235  208      6.873     -3.584     -7.942
  56 1213     16.625      9.516      2.380
  -1  435     26.856      7.990     11.649
1252 1287     23.518      5.425     -0.691
 448   -2     18.952     16.603      4.229
1296  927     12.648    -13.378     -2.242
  -1   -2    -15.285     19.818      8.922
  -1   -2    -11.223     13.855     11.059
1301   -2    -10.438     -2.164     11.741
  40   66     23.939      2.799      1.689
  -1 1303      1.371      4.705      8.516
1286   -2     11.581     -0.101     -7.573
 247 1307     13.011     11.302     11.002
  -1   -2     26.856      7.990     11.649
1299 1298     15.605      2.439     -1.712
  -1  993     12.100      5.237     10.411
  -1   -2    -11.223     13.855     11.059
1306 1304     24.130      2.722      1.386
  -1   -2    -11.223     13.855     11.059
  -1   -2     12.100      5.237     10.411
1224   -2     16.289      0.548      5.805
 698  101     12.100      5.237     10.411
  -1   -2    -11.223     13.855     11.059
  -1   -2    -11.223     13.855     11.059
  -1   -2    -11.223     13.855     11.059
  -1   -2    -11.223     13.855     11.059
  -1   -2    -11.223     13.855     11.059
  -1   -2    -11.223     13.855     11.059
  -1   -2    -11.223     13.855     11.059
  -1   -2    -11.223     13.855     11.059
  -1   -2    -11.223     13.855     11.059
  -1   -2    -11.223     13.855     11.059
  -1   -2    -11.223     13.855     11.059
  -1   -2    -11.223     13.855     11.059
  -1   -2    -11.223     13.855     11.059
  -1   -2    -11.223     13.855     11.059
  -1   -2    -11.223     13.855     11.059
  -1   -2    -11.223     13.855     11.059
  -1   -2    -11.223     13.855     11.059
  -1   -2    -11.223     13.855     11.059
  -1   -2    -11.223     13.855     11.059
  -1   -2    -11.223     13.855     11.059
  -1   -2    -11.223     13.855     11.059
  -1   -2    -11.223     13.855     11.059
  -1   -2    -11.223     13.855     11.059
  -1   -2    -11.223     13.855     11.059
  -1   -2    -11.223     13.855     11.059
  -1   -2    -11.223     13.855     11.059
1220 1330    -11.223     13.855     11.059
