1318
   0   19    -11.167      4.429     12.090
1302    4     12.999     -8.928     11.886
 550  244    -11.728      5.211      4.397
  -1   10     23.095     -3.416     11.177
  -1   22    -10.615      7.403      9.798
  11  904     -2.273     14.818      7.424
   5   -2     15.952      1.860     10.385
 555   20     -4.739     -2.432      5.279
  45   23      1.880     11.902      8.013
 260  681      6.164      1.512     12.651
1274   -2    -11.185     13.825     11.049
  93   -2     -3.553      3.666     10.888
 414   15      8.155      2.198      0.670
  -1    0     -9.731      4.309     10.499
 459  541     15.631      5.897     -1.045
  -1   -2     -0.686      3.643      1.351
  -1   -2    -11.890     10.501     -0.350
  -1  179    -17.347      7.973      9.137
  -1  140     -0.662      3.191      5.466
  62 1245      5.130     -0.049     -3.810
  -1   -2      4.065      7.393      0.586
1003   -2     -4.537      9.766     11.732
  -1  916    -17.896     10.068      7.344
  -1  298     -3.292      1.005      6.599
  35   -2      7.571     -5.835      5.722
  -1  560      2.980      0.281     11.082
1297 1316      8.947      9.425     -0.041
  -1   43     18.299      1.648      6.221
  -1   -2      4.921     -6.165     12.414
 163  633     19.493      9.138     -2.350
 237   -2     21.414      5.296      8.816
  -1   -2     16.361      3.784     -8.077
 142  262      5.216     13.810      5.744
  -1   -2      4.606     -1.758      1.671
  -1   -2     -5.754      1.797     -5.068
  -1   -2      5.419      7.563     -4.293
  -1   24      9.576     -2.697     -0.985
 270 1272     19.441     12.992     10.007
1263  303    -18.062      0.251      8.153
  -1   -2    -16.727     -0.634      6.198
 210  898    -12.108     -0.409      3.477
  -1 1311      3.467      2.420      3.792
 264  492     -1.636     12.756      5.810
  -1   -2    -10.709     -0.596      9.158
 192   -2     19.838      2.106     -3.001
  -1  122    -19.069      5.692      5.409
 145   71     13.533      2.814      4.466
  33  152      9.645      4.370     11.325
 770  606     18.667      5.626      1.257
  -1   -2     19.539      6.923     -0.439
 152   39     19.173      0.019     -8.327
  30 1072      3.208      9.693      5.912
  68   32     18.787     -1.576    -11.276
  -1  159    -12.897     -1.975     -3.419
  -1  370     23.063      3.674      4.638
 279 1274     -9.969     -0.037    -10.961
 205  816    -12.149     14.427     11.989
  -1   -2     -5.011      6.451      3.926
 922   -2    -15.257     12.711      3.835
  66 1247     14.497     11.105     -7.741
  -1   28     18.790     -6.174     10.897
 162   50     -7.540     -0.467      4.943
  -1   -2     14.900      8.239     -1.327
 958   -2    -10.968     16.232      9.104
  -1   96     -4.726     13.250      5.405
  -1   -2      5.183     14.164     -1.070
 191   -2     -3.389      7.262     -1.387
 498   -2     -3.417     -0.664      2.722
  67   42     18.839     12.119     -4.572
 355  328     -7.179      7.519     -6.283
 121 1257    -15.550      1.643     10.646
 112   -2    -10.349      7.603      7.303
 535   -2     15.352      5.685      5.544
 562   -2     21.624     -2.745      3.446
  -1   -2     -6.112      0.462     -6.730
 532  614      9.442      2.206     10.227
 209   97     25.830     -5.058      6.781
1276  431     -8.594      7.161     -2.942
 102  357    -16.963      5.027     -0.340
  -1   -2     17.041      6.986     -1.095
1021 1292      9.007     15.930      4.145
 194  184     -1.502      8.369     -4.072
 620   -2      6.326     -9.078      1.785
   9   -2      1.811     10.982     11.420
 579  136     17.774      9.566      7.886
 616 1306      5.680      0.535     10.777
 334   -2     24.354     -3.120     10.520
 217 1264     23.111      0.503      0.832
 623   -2     19.835      3.557      5.184
1252 1307    -14.881      9.717     11.384
 259  945     18.746      9.421      8.293
  -1   -2     20.439      2.516     -0.032
  48  695     17.311      0.140      7.616
 564  315     -1.885      5.189     11.192
 256 1331     23.563     -1.520      3.924
  -1   -2    -14.865      7.335     -0.264
  -1   -2     -3.304      2.253     11.782
 276   -2     11.532     -1.984      0.953
 238   -2     -3.747     -2.645      8.639
  -1  559      2.812     -4.134     12.364
  49  651      0.851     -1.253      9.064
 405  738     15.154     -0.445     -2.453
  -1   -2      8.327      2.162      6.363
 841   -2      2.297      5.588     10.879
  90  407     -8.741     -0.607      2.561
  -1 1071     16.338     -2.588      2.747
  -1   -2    -11.354      7.794      5.239
 531  420      0.877      7.131    -10.409
 708  209     20.064      8.017     10.058
1174  188     17.286     -0.797      8.519
 488   91     22.711      7.118      2.618
  -1  953     23.576     11.961      8.047
 206   -2      2.475     -1.387      8.446
 812  103    -11.237     10.119      3.162
 304   67      5.507     -5.930      3.870
  73  118     10.770     -7.709      5.103
 968   -2      4.141     11.058     -1.395
  -1   -2      9.471     -5.585     11.012
 118    3      8.882     -3.806      2.822
 448   -2      1.192     -1.286     -9.911
 171   -2     25.648      1.230      6.874
 731   -2     -0.085      0.651      4.822
1160  168     16.725     13.348     -3.625
  58  716     24.565      8.928      9.086
 309   -2     -5.539     10.475     -5.084
 324  458     -1.212      4.847     -5.759
  -1   -2    -19.616     -4.257     12.205
 284   -2     12.649     11.671     10.464
  -1   34      8.550      4.485      0.010
  -1   -2      2.980     -9.654      2.625
  -1   -2     17.581      9.977      0.098
 187   -2     20.390     -0.361     12.452
  -1   -2      0.918      2.604      1.364
  82   61      6.016      5.416      3.892
  -1   -2      4.689     -6.003     -9.739
  24   -2    -14.110     10.791      6.892
  -1   68    -11.555     15.985      5.884
 106   -2     15.310      3.369     11.634
  -1  900     -2.577      2.290     11.880
  -1  200     11.854      6.250      9.963
 747 1284      1.678      7.363      4.191
  -1   -2     -7.822     -6.384      9.854
  -1  654    -11.967      0.746      2.401
 122  982     14.939      3.218     -3.307
 120  986      1.402      8.517      9.192
1026  578     17.256     10.819      5.452
  -1   -2      0.779     -2.922     -8.561
  -1   -2      5.257      9.378    -10.057
 225   -2     21.086     10.188      5.227
 454  283      1.457     -8.399     -3.718
  -1   -2     19.702     13.052      6.292
 553  698      7.403     -2.002      9.224
 617  224      3.320     10.374      7.552
  -1   -2     13.523     -6.257     10.779
  -1   65      9.107     13.577      5.006
 450  611     -7.139     -1.901      6.632
 372   -2     -2.026      7.927      6.694
 817   -2     -3.053     13.676     12.075
  -1   -2     14.985      5.408      5.008
 125  691     16.656      0.147      4.265
 645   -2      6.911      1.986     10.461
 216    9     14.270      1.953      9.689
 713 1054     -2.854     -7.405      7.496
  -1   -2     15.385     14.844      3.488
 497   -2    -13.845     -1.601      2.672
  -1   -2      0.027     -2.429     -0.398
  -1  242    -18.858      4.200     11.290
  -1   -2     13.368     14.015      4.076
 716  398    -14.291      5.587    -11.790
 430  874     -2.716     -2.713      4.213
 730   -2     20.006     11.711      7.857
  -1  198      6.082      9.670      7.151
 542  356      8.095    -10.436      3.719
 586   -2    -11.196     -5.023      9.029
1006   -2     -9.614     10.498     -1.174
 554  791     15.860     -7.131      1.792
 858 1288     -4.743     -3.304     -2.066
  -1   -2      8.305      6.022     -0.413
 144  395      6.597     -0.575    -11.996
  -1   -2     13.813      0.514    -11.322
 314  307     13.279     -3.085      2.617
 584  664    -16.235      3.850     -8.252
  23  227      9.774      4.286      6.058
 913  192    -13.185     -1.726      4.845
  -1   -2      4.713      3.048     12.314
  -1  381     11.980      2.554      9.455
 114  913      7.015     12.016     12.379
  -1   17     -3.264      3.549     11.986
 453   33    -14.190      1.917      0.230
  -1  483     14.912      1.830      5.458
  -1   -2      9.347      6.056      4.839
1264   -2    -14.817     -2.048      5.738
  -1  251     13.413     -3.222      5.035
 160  523     -3.892     -0.919      5.458
  21   -2     20.465      3.737      3.879
 751   56     -5.966      1.159    -10.292
 143  144    -18.270      1.197     11.278
  -1  800    -12.485     13.309     12.269
 344   -2     -4.924     -1.555      8.052
  -1  199     -1.714      9.632      6.966
  -1  375     14.185     12.659     -2.119
  -1  173    -13.133      1.235      3.973
 129  263     26.394     -6.268      8.005
  -1   -2      9.355     12.694     12.064
1119  495      1.178     13.764      9.646
 239  783      8.129      8.824      7.303
  -1   -2     -8.795      9.719      4.857
  -1  893     25.723      4.456     12.322
 651  255     12.477     -6.195     12.055
  -1  288      8.490     -2.000     11.784
 272   -2     21.529     -6.240     11.733
  -1   -2      1.597      5.320      1.985
  36   -2      7.278     13.504      7.585
 795  294    -17.097     -0.506      9.317
 427   -2      7.550      4.999      5.775
  -1   -2     -4.539     -1.144      1.913
 384 1070    -16.544     -1.032      0.484
  -1  621     -0.315      1.983     -5.400
  -1  603    -17.490     -4.092     11.905
 195   -2     14.892     -0.376      2.137
 819  194     18.837     -2.995      3.003
  -1   -2     -9.622      0.255     10.742
 569  272    -16.454     -3.082      6.219
  -1  409     11.211      1.347     -0.206
  -1  792     20.604     -0.706     10.220
  13   -2      5.950     -5.847      9.726
 150 1260     20.821      1.433     11.225
 567   -2      8.899     10.136     -2.155
  -1 1024     17.626     -7.199      3.880
  -1   -2     15.299      9.342     -3.722
  -1   -2     18.297     11.671      0.151
  -1   -2     -0.920     11.860     12.043
1131   -2    -10.240      9.349     -5.426
1040   40      0.597     12.533     -6.778
 905  313      9.613      8.266     -0.304
 894   -2    -12.284     10.383      9.355
  -1   -2     20.987     -4.785      1.148
 643   -2     14.530     -8.729     11.585
 452 1101     18.765      5.297     -2.363
 883  673      3.924     -5.731      2.938
 190 1106      5.938     -1.175      6.890
  -1   -2     14.422      5.475      8.152
 291  306    -11.068     -2.963      4.604
  -1   -2     16.598      5.917      9.420
 394   -2      4.862      9.301      6.770
 996   -2     -5.041     14.713      3.273
1184   -2      6.189    -11.600      3.387
  20  539     12.482     11.478      8.826
 696   21      4.975     -3.812      5.622
 636  469     -6.011     -0.738      7.955
 320  524     -4.905     -3.740      4.041
  -1   -2     16.439     14.872     -0.560
 243   -2     14.407     -6.531     11.138
  -1  317     -0.555      2.293     -9.133
  -1   -2      4.717     -1.643     -3.988
 312  212     -4.977    -12.795      0.218
  -1   -2     19.506      3.611     -3.303
  -1   -2     -0.961     -3.350     10.782
 898   -2     -8.030     11.063      9.432
  -1 1275     13.668      0.303     -2.721
1239  948     17.396     -5.781     10.253
 490   -2    -19.684     -2.501     10.777
1175 1139     24.423      7.061     12.007
 783  736     -5.619      3.916     -8.643
  -1   -2     18.245     -4.135    -12.440
  52   -2     -5.888      5.950     -9.186
  -1  280     17.988      3.585      6.852
  -1  104      3.807     -0.542    -12.298
1023 1160     -1.386      3.347      9.744
1240   -2      7.380      4.506      7.138
1027 1269    -10.697     13.410      5.406
  14 1058    -12.722      8.352     -0.144
 590  300     -0.984      9.482     10.928
  -1   -2    -18.882      4.904      9.292
  -1  503     23.079    -14.761     12.331
 478   -2     12.722      3.127      6.760
1235   -2     -9.560      9.595      7.729
  -1  837     -8.247     11.002     -8.762
  -1   -2     15.205     12.108      2.512
 641  233     13.642     -4.381      2.610
  -1  510      9.761      7.260      3.840
 543 1281     15.386     -2.846    -11.706
 864  985    -15.261      9.644      6.011
 851   -2      7.773     14.025     11.669
 694   -2    -15.363     11.792     -6.417
  -1   -2      6.361      2.592     -0.752
  71  920     -8.657     13.993      9.741
  -1  142      0.496     -0.426     12.572
1126  378     10.729      0.758     10.571
  -1  394      6.780     13.246     -1.233
  -1  160      1.919      0.254      2.776
 233   -2     -2.163      3.130     -4.435
 635  260     24.578     11.090      9.483
  -1   -2    -12.070     -7.229     12.519
 236  309      9.982     11.974    -11.731
  -1  380     12.487      8.329      6.627
  -1  514     -2.347     15.187     10.320
1039  241     26.110     -0.569      3.934
  -1  333    -14.795     -1.727     -3.433
 456 1125     12.235      5.342      3.439
  -1  571     -3.916     10.409     -3.064
 738   -2     -2.937    -11.728      7.771
  -1   -2     16.772      1.481     -1.751
  -1   -2     13.789      5.510      6.278
 598  128      8.167     -6.831      2.576
 920   -2     -0.568     16.506      7.310
 227   -2    -14.734     11.821     11.307
 822   -2    -18.968      6.122      8.266
 303   -2     22.353     -5.366      8.080
  -1  993    -18.955     -2.624      5.610
1080   -2     23.784      0.110     12.323
 727   -2     25.357     -1.203      4.935
 316   -2    -15.831     11.698     12.262
  -1   49     -6.823     -6.689     -7.426
  -1   -2     18.877     -2.208      7.133
 292  417     12.985     -6.019      8.306
 511   -2     -5.127     -5.869     -1.426
 866 1289    -16.085     14.332      3.492
 230  857    -14.062      0.580      4.344
  -1  652     12.689     -8.330     12.352
  -1   -2    -13.195      7.559     -9.046
 465  641      1.337     16.987      6.769
  -1   -2      9.673      4.837      7.933
 755  204     19.446      3.326     10.625
 893   -2    -13.617      5.154      0.835
 742   -2     21.631      8.616     -2.862
  -1  344     11.533      8.027      2.512
  -1  222     -7.964     12.741      7.232
  -1  102     20.514     11.526      8.099
 357 1276     12.856     -8.674      4.170
 910   -2    -17.813     13.534     11.845
 275  511     -5.704     14.457      5.396
1120  237      4.738     11.027      6.471
 523   -2     -8.431      0.432     10.814
 349  275     18.483     -5.169     -0.839
  -1  493     16.426     -0.952     -2.519
1247  412     25.695     -5.448      9.338
  -1 1172     16.078     -4.063      9.297
 252  113    -15.403      0.671     10.359
  -1   -2     17.067     -5.927    -11.741
  -1   -2     21.240      9.953     -3.809
 462  504     16.167     -8.480      1.935
 266 1271     12.698    -13.112     -2.754
 514  658     18.094      4.709     11.375
  -1  367     -1.287     -3.169      4.445
  -1   -2     17.901      9.039     12.329
  -1   -2    -17.350      2.660     -0.008
 655  386     17.836      5.858     -3.919
1082   -2     10.258     -4.273     -6.013
  55   -2     19.815     -1.330     -8.790
 445 1178      1.698      4.245     -2.423
  -1  121     -5.822     -1.490     10.081
  -1   -2    -15.030      4.657      0.983
  -1   -2    -16.909      6.170     -0.547
 627  270      7.759      0.648     11.765
  -1   -2     24.480      3.405     11.309
  -1  496     24.678      3.909      4.228
  -1   -2      7.063     -3.222      0.741
  -1   -2     -6.397     -9.655     -6.827
 582  527      7.452     14.403      4.298
  -1  473    -20.635      6.511     10.875
 242   -2     11.176     11.614     12.501
 701  110     17.572      4.409      4.332
  -1   51     11.022     -0.067     -1.014
  -1   -2     23.647     10.736      4.964
 415  887     14.589      4.870     -9.161
1105  164      7.271      7.511      1.686
  -1  798      6.688     11.620      8.144
  -1  389     24.602      1.596      1.254
  85   -2     11.046     -4.586      2.533
  -1  326     13.753     16.339      3.803
 940  944    -16.806     -8.148      3.668
 105  785     17.387      7.611      7.627
 533 1280     15.176     -5.766      7.404
  -1   -2     -6.001     -0.870      5.261
 704   -2     19.023     -4.922      8.077
1001   -2    -17.210      5.671     11.495
 914  747     20.707     13.378      2.289
 295  600      0.109     -0.498      4.802
 844  304    -17.313     -1.414      7.136
  -1   -2     24.338     13.718     12.297
 522  245    -16.174      6.683      3.380
  -1   -2     12.039     -9.683    -10.038
 354   -2     -4.802     11.388     10.193
 960  156    -12.587     13.207      5.583
1186   -2      5.706    -12.614      8.297
 213  617     26.441      2.861      6.968
 984  922     -0.492     17.502     10.007
 690  505     15.832     -4.519      6.364
 151   -2     26.720      2.573     10.692
  -1  100     -3.463      4.288     -2.803
 202   -2    -19.776      4.238      7.895
 352   -2     -3.306     -0.350      8.085
 271   -2     17.013      1.754      4.064
  -1  203      2.936     10.956     -0.539
 402 1305      4.894     -8.262      2.564
  -1   -2     14.697     10.818      7.153
 438  628     20.188      5.425     -2.011
  -1  751     -0.565      1.397      9.807
  -1   -2     12.924      4.824      6.059
  -1   -2     21.780      4.328     12.194
 305 1007     16.174    -10.010     11.011
1179  220     22.750      3.035     10.851
  -1   -2      8.892      0.625    -11.133
  -1  548      5.217     -2.638      5.474
 671  166    -12.886     -6.350     10.077
 193   -2     12.164     16.367      8.847
  -1   -2     12.691      0.479     -5.421
  -1   -2      8.496     12.010     -0.322
 168   -2    -16.797      0.670      7.266
  -1   -2      1.110     10.379     -8.083
 588  639     17.011     -9.723      2.637
  -1   -2     -8.512     -3.884      2.193
 561  540     23.494      0.386      7.585
 644  466     -2.083      5.904     -0.644
 993  760     26.684     -7.143     10.081
  16  148      8.109     10.887      1.460
 376   -2     22.139     -2.260     12.484
 700   -2     23.498      5.289     -0.825
1010  331    -11.479      0.558     -4.718
  -1  896     -3.039      8.085      3.382
  -1   -2     13.651     12.034      8.566
  97  963     21.587     -2.450      7.912
  -1   -2      9.812     10.191      7.578
 215   -2    -13.493      8.954     -7.311
 329   -2    -19.867      1.684      6.367
  -1   -2      7.031      5.377     11.453
  -1   -2      3.334    -11.712     -4.068
 246   -2      5.820      2.892      2.843
 397   -2     18.728      3.600      4.576
 128   -2      5.157      5.191    -10.727
  -1   -2    -10.603     -6.376     12.398
  -1  547     22.464     -5.130     11.396
  -1  293     13.075     10.291     -0.786
 637 1121     16.032     -4.179     -3.080
 398   -2     12.689     11.751    -11.010
 131   -2     17.345      1.146      9.860
  -1   -2     12.487      1.043     -0.352
  -1   -2      0.548      0.682      0.425
 265   -2    -13.745     -6.786     -0.474
 110 1041      6.543      2.410      9.142
  -1   -2    -10.281     -7.876     10.399
  89  197      4.664     -0.129      9.508
 884   -2     -6.245    -12.319      4.780
 966  216     -9.416     -0.844      2.335
  -1  379     14.393      8.500     11.074
  -1   -2    -16.978      4.563     -3.854
1259  602     15.485     -8.506     11.651
1161   -2     -8.226     -4.452      4.602
1033  365     -3.658     14.306      3.315
 350  583      7.709      6.602     -0.731
 135  332      6.021      1.103      0.665
 948  880     -3.632      8.942      9.952
  -1  960    -13.656      7.165      3.164
 615  676     16.586     17.142      7.366
  -1  506     -0.755     -3.188      7.512
  -1  588     23.838     -1.625     12.192
  -1  599     -9.823      6.990      2.051
 808  570     -1.829     12.950     11.094
 496  822     25.731     -7.744     10.220
  -1   -2      2.365      3.939     10.099
 537  490     20.809      5.035     -3.349
  -1   -2      2.058      1.078      1.072
  37  509      9.497      6.366      7.636
  -1  314      7.774      1.903      8.835
 528  449     12.296    -10.321      9.759
1290   -2     23.600      0.782      8.866
  -1   -2     20.278     -5.413     -2.070
  -1   -2     17.068      6.516      6.687
 250   -2      9.970     13.587      5.937
 147   -2     -0.344     14.956      2.884
  -1  371     -9.300     -7.000      5.724
 559  435      5.488     14.482     10.714
 388   -2    -15.783     -1.621      8.197
1024   -2      9.423     17.398     11.760
 166  465     -6.781    -12.158     -7.182
  10  683     -6.539      7.256      0.642
 674  750     -5.896     -8.697     10.794
 985   -2     -7.452     -7.817      6.803
  -1   -2    -16.540    -11.688     11.401
 218   -2     16.407     -2.263     10.708
  -1   -2     21.015     16.235      4.755
 348  374     15.636      4.399      6.544
  -1  718     -5.083    -12.697      5.754
  -1  239     25.248      2.909     11.096
  -1   -2     24.304     -8.676      9.666
  -1  843    -17.883     12.337     11.500
1051  519    -18.285     -6.783     12.408
 507   -2      7.419     -2.193     -2.763
 368  427     13.885      9.718     10.832
  -1  384     22.463      2.436     -5.057
1067   30     22.762      8.273     10.141
 519   -2    -14.064     -2.316      7.758
 857   -2     24.947     15.380     10.258
 164  443     10.202     -2.065      7.176
 383 1278    -13.204      6.420     -2.624
  -1   -2    -18.408      6.885     11.961
  -1 1141     -1.778     10.615      5.619
  -1  805    -17.279      2.786     10.536
1037  421     -1.024      1.435    -10.224
1299 1006     -7.432    -10.016     10.178
  -1   -2     23.801     -5.328     11.931
 504  709     14.561     16.220      6.202
 897  360     23.306     -6.675      9.466
1153  410     12.237     -2.374      5.611
 552   -2     23.486     10.348     10.971
 188  579     -2.134     13.563     11.101
 664 1126    -19.020     -6.834     12.046
  -1   -2     12.746      7.081      9.974
 648   -2     18.727     -7.708      9.874
  88   -2     17.191     -1.332      7.391
 204  627     23.579      5.267      3.792
  -1  634     21.438     15.407     12.206
  -1   74     -2.140      0.105     10.106
  -1   -2    -12.372      0.460      7.363
 682   -2     20.205      4.898      9.820
 980   -2     16.366    -13.511      5.159
 663  609     11.872      6.269     -0.654
  -1   -2     11.563      1.080      3.782
   8 1138    -10.096     -0.681      4.919
  -1   -2    -14.218     -7.462     11.657
 602  770     -3.071     -8.201      6.920
 577  534     18.853     15.074      4.245
 212   -2     -8.507      1.630     12.402
  56  659    -14.395      1.468     -2.453
  -1  731      4.725     -8.762      8.386
1141 1066     -1.518    -12.274     -3.643
 475   -2     20.580     -5.329      9.892
 518   -2     -7.552    -12.590      7.152
 280   -2      4.832      8.908     10.563
 639  311    -11.936     -9.981      9.414
  -1   -2     27.638     -3.119     10.545
 419  441      4.831    -10.724      4.187
  -1  737      9.239      6.420     -0.525
 944   -2     10.188     11.818      2.066
  -1   -2     -0.216      1.260      8.738
 962   -2     -2.529    -14.726     -1.772
 485   -2      8.826     10.446     12.439
  -1  625     -7.271     16.915      7.989
  -1  276      1.207     11.757      2.548
 392   -2     19.252      9.348      2.035
  -1   -2     -4.976      0.833     12.420
  -1  391     -4.741     15.858      7.266
1108   -2     -1.468     -9.692     -1.116
  -1   -2     25.239     -6.016      9.714
1267   -2     11.355     11.489      0.284
 283   -2     15.922      5.044      2.055
 141  502      2.886     -3.267      8.062
  -1   -2     13.941      8.020      0.635
1145  301     16.553      9.695     -1.853
 351   -2     19.269      2.309     -5.526
 777  214     -4.409     -7.570      7.412
  -1   -2     -4.585      4.488      3.327
1056  196     -5.771      0.857      1.821
 172   -2     -6.396     14.306      6.437
 878   -2     -3.150     16.789      8.708
 583  463    -20.052     -7.124      9.642
  -1   -2     -0.445     -7.499     -2.631
  -1   -2     -1.151     -7.083      8.486
  -1   -2      4.528      7.442     -4.325
 787  561    -20.382     -2.727     11.523
  -1  593    -19.472     -2.606      9.381
  -1  215     12.888     -9.874      5.548
 477   -2     21.026      6.629     -6.115
1072 1082      8.991    -18.319      7.660
  25   -2      3.492     -9.982      0.801
  -1  143    -16.209      8.889     -5.435
  -1   -2     20.258      9.668      4.088
 570  267     14.166      8.349      9.119
 775  190      9.123     13.905      2.948
1163   -2      9.432      0.872      7.259
  -1  157      2.420      9.959     11.492
 158  610     15.160     15.268      1.876
  -1  772      4.187     -2.486     11.745
  -1  296     22.653     12.460     11.647
  -1   -2    -17.859     -8.830     11.976
  -1   -2    -15.887     -4.677      1.001
 575  235     21.732    -11.592      6.200
1261   -2     17.974     -0.975      7.557
 995   37     19.955     15.052     11.962
  -1   -2      1.302      3.248    -10.876
 208  153     12.525     12.813      4.229
 489  254     22.264     10.337     10.684
  -1 1201      1.463      9.625      6.268
  -1  135      7.151      4.811      8.039
  -1  347     -2.617      9.500      9.505
 900  479    -13.933      0.332     12.444
  -1   -2      3.452      2.398      7.999
 573  145      1.896      2.988     10.319
  96   -2      2.608     -2.619     10.417
  -1  566      6.135    -11.621      9.095
 319  390     24.144      2.405      6.600
 662   -2     15.699      7.524      8.773
  -1 1211      5.225    -11.057      6.497
  -1   -2     -0.529     -2.093     11.176
 915   -2      1.395      7.644     -0.025
 228  537     -6.541     -2.449      4.878
 423  132     13.536     13.298     -5.293
  -1   -2    -13.171      2.449     -3.700
 695   -2      5.434     -7.514     -4.049
 669   -2     19.499     13.880      6.766
  -1  815      6.938    -14.344      5.610
 705   -2      4.440    -12.563      6.054
 544  701     18.431     10.731     -3.827
 568   -2     22.730     14.364      2.543
  -1  740      3.474      6.877      5.014
  -1  708     22.457     16.137      3.919
  -1  325     22.278     -0.227      4.869
  -1  126      0.455      7.146     10.081
  -1   -2     -3.656     -9.484      1.115
  -1 1103     -6.353     -7.936      7.702
 833  536     16.425    -10.844    -10.503
 556   -2     -5.913     16.431      8.548
 661   -2     -7.473     -5.102      7.990
  -1   -2      5.907      6.821    -11.329
 476  769      0.153     -3.161      2.671
  -1   -2     -3.227      8.703    -11.021
 484  319     19.762     -8.044      5.436
  -1   -2      9.731     10.534     11.903
 782   -2     24.694     16.428      8.416
  -1   -2     11.997     -4.895     12.160
  -1   -2     21.586     -5.309      0.932
 500   -2     21.979     12.873      9.071
  -1  794     -7.385    -11.258      5.490
  -1  710      6.989     -0.690      7.673
  -1   -2      7.571     10.910     11.808
 633 1165    -11.110     -4.892     11.121
1098  342     -2.779    -12.387      3.665
  94   -2     23.514     -2.624      9.107
  -1 1029     21.461      9.606      8.797
1229  762    -18.284    -10.376     10.137
  -1  484      0.704    -11.250     -0.979
1279 1170     16.460      9.129      6.625
  -1  459     20.283     -2.548     -9.464
1212  340     25.255     12.272      9.008
  -1  850      3.714     11.863      7.322
  -1   -2     20.919      7.130     12.152
1162   -2     -4.036    -18.071      8.207
  -1   -2     22.327      7.953     -2.678
  -1   -2     -9.929     -3.848     11.929
 703   -2      8.011     13.658      5.843
 978   -2     11.888      0.178      5.929
  -1  219    -15.293      2.216      7.427
 387  655     26.702     -0.557      7.121
  -1  238     -4.318      7.638     -3.788
 421 1265     21.132      9.747      3.587
 581 1325     -3.236      8.785     -0.420
 649 1088      9.160     15.210     10.464
  -1 1262     14.970      0.927      3.852
  -1   -2    -12.084     -9.944     -0.900
 785 1057      5.103    -15.723      3.989
 566 1180     14.935     -5.926      1.596
 768   -2     16.358     -2.881     -2.009
1069  167     19.386    -11.697      3.041
1260   -2    -19.024      2.596      6.780
  -1  385     -5.394     12.874     11.561
 702  584     15.149     17.752      8.434
 831   -2     -2.429      1.423      7.100
 341  656     24.900     -2.368      6.217
 826  761    -12.902      3.917      2.809
  -1   -2     21.007      6.215     11.741
1143  455     21.047     15.572      8.932
1042   -2     13.998    -11.292      6.958
 943  660      7.048     -3.759      3.397
1148  912     18.240     -0.026      8.600
1123   -2      6.444     15.425     10.033
  -1 1038      3.439     17.013     10.425
  -1  707     -8.805      4.643     -1.735
  -1   -2     20.481     -0.016      6.387
  59  454      9.810      0.929      5.164
  -1   -2      6.069     -7.699     -0.729
 886 1205      5.446     -1.171     11.628
 539  373     21.456     -3.249      7.315
  -1  827     -6.615    -12.038     10.492
1256  377     20.235      3.315     -3.410
  -1  653     17.972      4.286     11.010
1036   -2     23.444     -9.366     12.282
 653   -2     14.509     13.990     10.779
1012   -2     22.609      9.454      2.511
1104  682      8.215     -8.440      4.862
 766   -2      1.534     -3.935     12.007
 846   52      8.825     -8.276     11.969
  -1   -2    -11.207     -6.429     -0.434
  -1  305      4.875     15.567      1.866
  -1  727      4.034    -11.473     10.134
  -1  575     13.436     -3.965      6.726
  -1  657      9.515     -0.015     10.985
  -1   -2     21.543     -5.609     -7.866
  -1  358      2.052      0.083      4.939
1171   -2      9.503      0.899     10.538
 595   -2    -13.578    -11.809      7.523
  -1 1032     15.331     18.841     11.919
 323  581     15.021     12.806      5.424
  -1 1206      3.606     -7.065      6.959
 726  756    -15.995      2.434     -9.021
1016  491     24.585      7.813      7.809
1182   -2      8.967    -16.723      4.400
  -1  236     15.517     -1.859     -1.834
  -1   -2      4.287     11.704     -5.883
1062  677     -1.539    -14.168      2.848
  -1  481     11.742     -4.234     -2.223
 247  692      9.467     -2.387     -4.612
 665  991    -14.622     -6.771      4.830
 576 1279     14.661     -2.800      4.600
  -1 1176      8.266      0.458      6.729
  -1   -2     22.096     -0.984      9.410
 904   -2     -7.472    -11.855      2.693
 863 1031     -9.242    -16.549     12.057
 853  688     -4.039     -5.045      9.425
 895  464      0.009     -9.038      7.730
 873  470     10.821    -16.289      0.023
  -1   -2     12.517     -6.859     -3.533
 174  665     24.111     10.240      1.804
 609  870     23.142    -15.680      5.377
 370   -2     -2.369     15.394      2.837
 436 1067     19.512     15.648      6.168
 763   -2    -16.649    -13.073      7.785
  -1  585     13.319     10.308      2.453
 297  626     -8.322     -7.613      1.117
  -1   -2     17.368      4.553      8.901
 991 1077     -4.683     -6.413      7.360
  -1   -2     -8.901     -6.348      0.646
 928   -2     23.002     15.499      7.210
1106   -2     14.519     17.232     11.985
  -1   36      0.958      4.812      8.313
  42  362    -17.860     -1.181      7.723
 116   -2      8.717     -6.383      9.644
 629 1303     10.619     -4.963     11.686
  -1   -2     21.344     14.572     -2.990
1101  693     16.309    -17.657      8.231
  -1  515     14.896     -0.905     10.872
 594   57     -7.325     16.237      6.219
 769  669     16.963     -4.754      2.834
  -1   -2      6.522     -0.995     -0.536
  -1 1049     24.287      5.217      5.970
1088   -2     20.236     10.544      9.596
 728   -2     -2.172     -8.674     10.752
  -1  771     20.423     -2.743     -2.520
  -1 1001    -13.703     -6.168     -2.873
  -1 1254     -9.386     11.926     -8.336
 959   -2    -14.358     -6.006      8.169
1154  990     -4.681     -9.768      6.511
  -1  995     24.870      7.802     12.306
 657  848    -14.341    -10.317      1.947
  -1  671     20.757     -8.503     -2.136
 788   -2     -2.432      6.441      3.608
  -1   -2     20.166     12.022      4.633
 687   -2     22.179      2.308     -6.489
  -1  721     11.452    -14.406      2.767
  -1  933      6.948    -12.409     10.314
  -1   -2      9.530      4.790      5.173
1050 1146    -11.332    -15.830      8.985
 130  346      6.818      7.936      1.816
 891  787     24.458      6.318     11.413
 407  318     16.234     -3.326     10.180
 604  623     19.058     -8.921      1.724
  -1  372     -9.806      3.371     -8.178
1151  711     14.850    -17.922     12.296
1144   -2    -15.745    -10.496      9.489
 688  112     12.860      4.004     10.694
1032   -2     17.217    -13.459     11.771
1064  784    -16.393     -6.073      5.519
 603   48      0.518      2.000     -6.658
  -1   -2      2.855      2.668      9.913
 765  351     21.135     -5.104     11.360
1312   -2     -5.523      6.815     -0.517
  -1  666     25.864     -2.788      5.927
1092 1207      8.054     -3.402      8.942
  -1   -2     12.539      5.741      6.271
 672  424     16.834     13.291      8.797
  -1   -2      5.228    -11.073      9.166
  -1   -2     24.617      5.997      2.345
 683   -2      8.936     -5.530      3.536
  -1   79     12.668      8.502      4.355
  -1   -2     17.187     -4.822      4.821
  -1   -2     21.122      0.597     -6.556
 724  724     10.766     -8.476      9.099
 800  851     -9.912      1.813      3.809
  -1  699     24.075    -18.082     10.761
  -1   -2     13.627     11.616     -2.920
  -1   -2    -20.813     -4.235     10.298
 214  936     20.349     -6.457      8.179
  -1   -2    -18.840    -13.911      8.732
 572   -2      8.002     14.867      9.637
 824   -2    -11.329      1.519     11.710
 882   -2     -9.445     13.911      4.857
  -1   -2      8.612     14.573     -2.385
  -1   -2    -16.621      0.888      8.927
  -1   -2     -9.608      7.141     -4.895
 797  947    -15.671     14.355      7.136
 658   -2     -2.656     13.918      6.741
 933   -2     28.485      3.872      8.778
  -1  349    -12.403     10.188     -3.547
 814    1      1.585     13.431      9.549
 859   -2    -20.188      9.138      6.138
  98  268    -19.064      4.379      5.327
 282  147     24.552     11.564     12.477
  -1   -2      3.688     12.138    -11.916
  -1  690     -2.837    -10.068    -10.576
 802  286    -12.576      2.654     10.469
  -1  545    -12.139    -11.221      4.293
 692   -2      0.896    -14.727     -5.331
  -1   -2     23.883     -7.016     -2.184
  -1   -2    -20.623     -3.678     11.425
  -1   -2    -16.287    -16.732     10.636
  -1   -2     -9.907      0.127     -3.995
1044  702    -17.639      0.163     11.456
 254   -2     -2.935      5.578     -4.756
  -1  544     15.533     10.470     -0.488
 908   -2    -18.733     11.148      8.915
  -1   -2     -0.226     11.732      3.982
  -1  902    -19.059      2.085     12.560
 793  971     -5.503      0.919      5.874
 979   -2     21.884    -12.377     10.085
  -1   -2     -1.716     -0.612      5.978
 806 1144     10.131      8.896      9.601
  -1   -2      8.285      0.940      0.867
  -1  109    -19.231     11.053     11.741
  -1  513    -18.213     13.490      6.138
  -1  161    -11.636     11.095      1.652
 156 1127     12.007      8.090     10.354
 540 1061     27.005     13.583      6.481
 179   -2     -8.473      5.552      2.963
 249   -2      1.068     -7.194      3.909
 818   -2     -4.879     14.231      7.658
  -1   -2      1.441     16.832     -0.023
  -1   -2      4.063     -0.350      1.018
  -1  176      0.923     10.728      0.756
  -1   -2     -0.481     -0.672     10.868
  -1   -2      4.830    -12.046     -3.474
  -1   -2    -15.738     -9.881     11.806
  -1   -2     -2.901      1.419     11.268
 813  820    -12.451     10.148      6.986
 796  131     -6.165      9.895     -5.015
  74   -2    -14.351      9.713      9.195
  -1  291     -9.595     -0.858      8.976
 336   18      4.743      3.144     -8.416
1018  580    -16.708    -14.862      6.928
 432   -2     -4.546     16.775      5.203
1134 1020      2.560    -13.711      2.038
  -1   -2     20.662      9.765    -11.588
  -1   -2    -12.006     -1.735      4.705
 219  577    -13.280      7.403     -1.385
  -1  661     -7.447      7.604     -0.844
 557  796    -20.468      1.552     11.049
  -1   -2     11.871    -16.030      0.585
 339   -2     26.580      3.234      3.187
  -1  877     10.157     14.303      9.372
 425   -2    -11.703    -11.147      7.283
  39   -2     -2.651      3.949     12.541
 549   -2     -1.162    -11.366     -0.313
 267  336     11.387      3.312      6.623
 431  163    -16.507      6.163      6.951
 173  818     23.540    -10.891      0.153
1049  809      2.311     10.942     12.202
  -1   -2     -9.849      4.584     -3.497
 901  177     18.157      8.155     11.079
1136 1270     -3.837     14.959      7.830
  -1   -2    -22.250    -12.237     10.713
  -1   -2      1.565     12.824     -2.577
 199  334     17.049     12.862      0.927
  -1   -2     -7.420     10.099     -8.004
1015   -2    -15.920     12.926      9.378
  -1   -2    -15.229     11.747     -2.493
 804  411    -13.956     12.961     11.239
 835   -2     -7.512     -2.102     10.332
  -1   -2     15.748      9.471     -0.551
 876  582     17.775    -15.312      8.112
  -1 1187     10.414     -2.675      9.645
  -1  638     -4.680     -0.662      4.853
  -1  471     23.299     -7.082     11.988
  -1  729     -0.076     -3.225     11.806
 650  774      4.884     -2.754     11.867
  -1  732     20.559     14.513      6.923
  -1  182     11.791     12.464      9.416
  -1   -2     27.781      3.732      5.759
  -1 1118     10.529     11.558      5.168
 346  413      0.555      9.748      4.067
  -1  878     11.927     17.106      6.858
 764  672      1.271    -10.699      4.810
  -1   -2     -8.094      4.843      0.489
1122   -2     -0.233     -4.193      5.906
  -1  901     -8.005     -1.127     10.160
  -1   -2    -15.340      0.756      6.387
  -1   41     -4.627      8.697      3.862
 947 1188    -15.278    -19.193     10.248
 718 1168     18.739     -1.213     12.641
 673   -2    -13.239      8.263      9.290
  -1   -2     -6.475     -2.576      8.659
  -1  335    -12.462     11.374      6.705
  -1   -2    -15.385     -3.590     -6.136
1095  977     -5.505     19.933     11.716
  -1   -2    -14.186      1.013     -5.259
  -1   -2     -8.503     -5.824     11.370
 845   -2    -19.418      0.651     10.406
 257   -2    -12.550     12.840      5.248
  -1   -2     10.155    -16.116     11.842
 809  271      3.298     12.910     10.482
  -1  648     25.794    -11.174      6.299
  -1  589    -19.540    -10.557     11.325
 717  674    -13.503     -4.850      2.141
  -1 1019     -0.098      7.935     -3.127
 400   -2     -4.185     -0.510      4.000
  -1  700     -4.366    -10.219      2.090
  -1 1005      0.670    -18.760     10.013
  -1   -2    -17.393     13.429     -0.977
  -1   -2     11.231     -3.603      5.216
 100   -2      9.744      1.524     -0.778
 784  345    -19.399     -0.683      6.982
1168   -2     23.056      2.480     11.003
  -1   -2     14.541    -12.482     -5.425
  -1   -2     -9.422      4.444     -4.532
1115   -2    -14.117     -7.316      8.842
  -1   -2      2.120     12.466     -9.100
  -1   -2     24.312      2.362      2.808
  -1  899      7.617    -18.863     10.714
  -1  339    -17.265     12.198     10.021
  -1   -2      3.503     16.888      4.145
  -1   -2     25.231     11.581     12.880
  -1  923      4.498     11.580     10.259
 680  154     23.908     12.476     10.764
 950   -2    -11.140     16.739     11.605
  -1   -2    -19.876     -4.860      3.496
  -1   -2     11.533      8.730     10.331
  -1 1230    -12.130    -18.674     12.352
  54  350     -7.582     11.308      4.442
  -1   72    -14.070      9.208      8.689
 753   -2     -4.787    -11.739      7.888
1200   -2     19.588    -17.235     10.937
 918  759     27.388      4.152     10.560
  -1   -2      3.381     -6.005     12.140
  -1   -2    -12.021    -11.719      1.176
 332   86     19.883     -4.802      0.287
  -1  181     21.073      3.532      6.028
  -1   -2     15.410      3.091      0.041
  -1   -2    -11.142    -13.062      5.107
  -1   58     16.700     11.026      5.824
1043  667    -14.846     17.753      6.780
 599 1198    -12.448     -9.525     12.422
 987   -2     -2.284    -15.344      8.371
  -1  480     25.927     -7.066     10.307
 689   -2      7.227      9.121      5.744
1073   -2      5.089    -14.819     10.521
1046 1065    -16.600     17.424      4.296
  -1 1063    -17.692     14.658     10.899
  -1   -2     -4.203      0.089      7.105
  -1  987     26.865      1.802     10.466
  -1   -2     -6.917     -2.773     -9.042
  -1  908    -16.138     13.756     12.242
  -1   -2     -2.660     -1.011      7.582
  -1 1075     -5.081     -6.901     -6.717
 444 1152    -19.423     11.984     11.370
  -1   -2      3.311     -6.801     11.875
  -1  635     20.114      9.599     12.603
 358  382     16.159     11.684      7.354
  -1 1096     -2.903    -15.726      2.607
  76   -2     -1.909      2.049     10.917
  -1   -2      3.761    -11.213      8.171
  -1  329     -1.699      3.769      3.069
 473  618      8.157     13.077      1.911
 830   -2      9.182      5.807     12.360
  -1   -2    -16.497     -6.145     -9.104
1117 1132      2.509     -9.228     10.388
 461  226     23.565      3.919     11.139
  -1   -2     -7.601     -1.119      9.703
  -1   -2     27.359     -6.642      9.745
  -1  622     24.146     16.463     12.090
  -1   -2      8.794     -1.479      5.919
 325  225     14.360      4.301     11.011
1011   -2     17.355     17.062     10.753
  -1  954    -15.007     13.223      9.906
 413   14    -11.349     12.809      9.508
  -1   -2     21.491     -6.640     -1.491
  32   -2     -0.084      9.358     10.117
 932   -2     -6.264    -16.546     12.675
 165  257     -9.861     -1.083      4.153
  -1   -2     -1.709     -4.764      3.253
  -1   -2     10.953     17.557      7.308
 681  461     -0.342     11.532      4.868
 744   -2      0.431     -5.866     -2.486
  -1   -2      3.130      3.631      1.769
  -1 1107     -0.228     11.368      7.831
  -1  598     16.972     11.938     11.216
1205   -2      0.467    -16.319      4.721
 451   -2     20.253    -12.967      9.048
  -1   -2      4.028     14.278     -6.690
  -1  284     -7.275      7.923     -8.659
1282   -2     -2.585      9.081      7.201
  -1  591      7.946     -1.201      1.132
  -1   -2     -7.177     -3.452     -9.969
  -1   -2      0.871      6.173     11.881
  -1   -2     22.610     -1.041     11.690
  -1  624     23.770     16.925      8.448
  -1   -2      2.542     -6.951     -3.731
 611  106    -14.788     15.177      7.656
 119   -2    -10.811     -3.641      7.233
  91  821    -10.948     11.404     -2.027
1089  269      0.808     16.993      9.916
  -1  865     25.456      7.968     -1.762
  -1  844     -8.803     -5.989      8.028
  -1   -2     -2.958      9.320      7.724
 313  686     -6.931     -7.500     -0.357
  -1  155      6.365     17.258     11.118
 373  885    -19.166      9.319      8.593
  -1   -2     17.192     -2.089      3.129
 699   -2     25.882     -3.999     11.104
  -1  803    -14.698     13.984      6.484
  -1  888     -1.717    -17.947      7.063
 711   -2     -1.449    -14.986     -5.212
 861   -2     -2.108     12.159     10.207
  -1   -2    -17.466    -12.810     -0.348
  -1   -2     12.191     -9.029      4.683
 109   -2     11.390     -7.375     12.245
  -1   -2     16.300     10.474     12.523
1238   -2      0.358      5.707     -1.404
 104   -2     18.795      2.199      3.079
 856   -2    -20.803    -10.758      7.712
 735   -2      2.540     15.420      9.050
  -1 1085     22.018      1.454     10.024
  -1   -2     -5.612     18.082      4.547
 409   -2      5.313      8.654     10.690
  -1  316      9.386     11.769      1.585
  -1   -2     19.049     15.813      4.382
  -1   70    -10.261      9.211     -0.821
 437 1051     16.761    -12.457      2.694
  -1   -2      9.291     -9.273     11.764
  -1   88     20.598      2.421      8.385
  -1  909     14.263     -9.679     -7.707
  -1  234    -17.185      0.703      4.357
  -1   -2      9.618     -5.835      0.912
 656   -2     -6.331     -6.150      9.180
 760   -2      6.021     -8.840      7.293
  -1  116    -12.616      6.885     -0.949
 969   -2     16.795    -14.440      0.322
  -1   -2     15.273      7.499     12.730
  -1  265     18.331     -0.139     11.589
  -1 1209     14.588    -16.101      0.848
 965  840     21.393      6.413      8.546
  -1   -2     14.242    -15.216     -2.375
1301   -2      5.640     -9.960      6.892
  -1  817      4.105      6.806      4.816
  -1   -2     26.213      0.424     12.386
  -1  554     11.645     -6.424      5.240
1127   -2     -5.331     -1.996     -9.008
 723 1014      0.999    -12.641      5.287
1220  854     26.319    -17.090     10.924
  -1   -2      1.999    -15.181     -3.838
 720  775     18.330      1.431     10.158
  -1   -2     15.021      6.100      8.748
  -1   -2      5.163      9.902      4.827
  -1   -2    -14.975      2.748     12.085
 269  919     11.536     16.372     12.101
 154  264     -0.124     -1.592      2.177
1231  675     -9.786     -2.947     12.339
  -1   26    -12.505      7.987      3.388
  -1  647    -17.736     12.576     -1.532
1129  941     26.904      8.318      3.290
  -1 1136    -13.551    -14.762      8.681
1147 1157     -5.860    -15.514      5.889
  -1   -2    -12.812    -15.724      8.943
1111  754     12.145    -18.176      6.760
  -1   -2     -5.606     -2.452      6.278
  -1   -2     -2.797     -1.083     -0.209
  -1 1036     -6.615     16.099      2.789
  -1  400    -10.319     -6.003     11.248
 621   -2     14.694     11.414      8.269
  -1   -2    -13.604     -2.078     -0.054
  -1  697      0.762     -8.973      8.941
  -1  397      3.244     14.396      3.137
  -1  555     17.533     12.694     -8.812
  -1   89      5.570      6.655      6.808
 842  532      5.727     11.542      4.903
 660   -2     16.986    -17.071     12.101
1158   -2     28.395      6.484      6.387
  -1  494     -0.179      0.833     11.583
 725  779      0.625    -11.530      3.985
  -1  124     -4.004      0.180      5.988
1222  937     26.127    -16.904      6.948
  84 1171     -1.752     -6.495      8.370
1053 1011      3.701    -20.434     11.869
  -1  927     20.212     16.666     11.785
  -1   -2     22.814     15.160     -0.813
1157  685      4.465    -10.205     -6.178
 526   -2    -13.698     -1.676      7.953
  50   -2      0.577     11.345      5.120
  -1  273     19.017     -1.749      7.952
1034 1293    -16.691     10.181     -9.086
  -1  903     -1.090     -4.672      0.696
1195  918     -3.685    -17.353     10.884
  -1   -2     13.804     -0.758      8.959
  -1   80     -5.622     -1.206      6.847
  -1 1055     27.344    -13.636      5.306
  -1   -2     -3.096      2.446      2.998
  -1 1104     -5.299     16.990     12.094
1075  789     20.811      5.869      0.602
1102   -2     12.717    -11.745      7.533
 301   -2     -4.126      3.629     12.552
 578   -2     25.863     -8.053      8.213
  -1   -2      3.582    -18.154     10.646
  -1   -2     20.746     -5.062      3.774
  -1   -2      4.389      4.883     -0.412
 982 1076     27.120      8.894      8.671
  -1   -2      1.153      8.859     -2.507
 912   -2     -7.203      3.114     -5.262
 495 1023     23.077    -10.483      7.971
  -1 1145      1.138      1.490      3.381
  -1  528     18.896     -3.416     11.061
  -1   -2      4.510    -18.150      9.815
  -1  712     11.438     -9.527      8.031
  -1  221     -1.861    -13.187      2.646
1028   -2     -8.352      5.909     -0.333
  -1  749      3.415    -12.258     -2.090
  -1  790    -13.054    -19.724      9.305
  -1 1062     25.415     -8.390     12.488
 155   16     -7.764      7.575      1.924
1193 1166     19.149      9.746     12.006
  -1  992    -20.641    -10.071      8.448
  -1  714     16.648     -9.192     -3.042
  -1   -2    -15.625     -1.960    -12.560
  -1   -2      8.307     15.475     11.398
  -1   -2     21.170     16.559      1.002
 852  694     -9.391     -5.439      0.078
  -1  387     13.297      2.306     -4.633
  -1  422     18.543     -3.514      5.255
  -1   -2     23.802      7.423     10.718
1093   -2     16.857     -7.587      7.682
  -1   -2     19.864     15.955     12.164
 619 1226     24.169     16.944     12.262
 977  597    -14.796    -13.177      8.620
  -1   -2    -20.555      2.596     11.611
  -1  438    -17.337     12.823      7.056
 330   -2     25.293     14.319     12.268
  -1  595    -12.268     -7.480      8.112
  -1 1200      0.187     16.785     12.362
  -1  746     10.159      3.904      9.261
  -1  383     18.464      3.029      4.614
 440  557     13.653    -14.071      9.469
 881   -2      2.935    -14.730      3.641
  -1  476     18.254    -11.390      7.219
1140  137     14.613     -5.997     10.788
 889  748     -9.876     12.741      9.463
 983  500     21.997     -2.761     11.182
  -1   -2      2.663      3.720     -8.876
  80 1037     -7.164      5.029      3.046
 441  134     25.737     -0.701     10.500
  -1   -2     10.284      1.644      6.063
1013   -2     27.261      9.769     11.892
 447   -2     12.982     -1.949      9.949
 408  292     -1.034      8.385     10.061
 719  980      2.306    -11.972     10.385
  -1   -2      7.533      5.030      8.119
1066 1184     -6.591     12.362     10.494
 610  846     11.873      9.651      9.192
  -1   -2     -4.039      4.927     11.533
  -1   -2     -8.135    -14.694      0.962
  -1   -2     -7.662     -6.133     11.248
  -1 1109      3.861     -3.159      7.463
  -1   -2      2.086     -0.652      5.680
  -1   -2     19.589     11.294      4.866
  -1 1052     23.317     -8.747     11.608
 492   -2     -5.726     13.579     12.512
 749 1042     13.387     13.085     11.176
  -1  191     15.584      3.472      6.416
  -1  565     -8.037    -14.872      3.346
1107  388      8.654     13.159     10.007
  -1   -2     -9.814    -16.207      7.933
  -1  529     16.542      4.883      5.578
  -1  930      3.717    -16.563      2.634
1125  855      8.427     -4.698     11.047
 810  704     -3.637     11.487     10.900
  -1 1034     11.499    -15.406      4.350
  -1   -2     -8.595     -5.176     10.422
  -1 1092     -3.940     16.958     12.085
  -1  997    -10.593    -14.865      9.841
  -1   -2     -3.429    -12.576      5.687
1190   -2      6.885     -3.211      5.879
  -1   92     -1.546      3.414     11.492
1041   -2     23.129     -7.040     11.234
1178  170      0.512    -10.718      9.793
 868   -2     22.141     14.379     11.849
  77  813     -4.441     13.296      7.222
  -1   -2     -6.646    -16.836      3.427
  -1   -2      5.876    -10.890     -1.603
  -1   -2     -0.376     13.513     12.015
1135   -2    -19.042    -11.036      7.404
  -1  172     19.065     -7.984     -0.162
  -1   -2     12.673     -1.573      8.063
 850 1183    -14.765     14.920     11.879
1100  436     19.358     17.426      6.763
  -1   -2      6.301    -12.595    -11.630
 371  278     22.956      1.378     12.442
  -1   -2     26.069     10.613      5.776
 367  849      3.650      3.181     11.657
1198  906     21.255     18.675     12.524
  -1   -2     19.890    -24.038     -4.128
1197   -2      4.754    -23.394      7.333
1201 1299     23.572     24.061      8.553
  -1   -2      1.643    -22.409    -10.393
1209   -2     15.508    -19.819     11.917
  -1   -2      1.323    -25.816     -7.349
  -1  764     18.420    -19.605     11.988
1210   -2     -7.859    -20.568     10.157
  -1  766     27.450     11.857     11.761
  -1 1234    -24.683    -14.223     11.533
1207 1216    -16.598    -21.106      9.701
  -1 1210     11.456    -25.096      6.707
1215 1300     26.243     16.553     10.478
  -1 1089     -7.897    -20.091     12.352
  -1  831    -26.890     -9.298     12.415
1214 1227     28.504    -13.293     12.410
  -1  875      6.965     22.655     11.768
  -1  867    -15.743    -16.558      0.114
1202   -2      2.921    -18.629      7.533
1206 1179    -23.551    -14.414      9.239
  -1  781     23.694     19.601     12.519
1196 1218     18.735    -22.227     11.516
  -1   -2    -11.643    -27.016     -6.116
  -1 1134     27.528    -16.324     12.865
  -1   -2     10.589     35.168    -10.266
1199  612     22.635    -21.272     10.599
  -1   -2     24.941     17.697     11.837
1204   -2     23.992    -19.500      2.110
1225 1137    -20.758    -14.102     10.741
  -1 1222    -26.147    -14.500     10.682
  -1  590     11.564    -19.323     12.444
  -1  467     26.283     13.394     12.446
1211   -2    -26.101    -11.323     12.461
  -1   -2     17.267    -18.579     10.690
  -1   -2      3.467      2.420      3.792
  -1 1128     -2.330     14.759      7.577
1236  108    -11.172     -0.757      8.297
   6  138     -8.663     -2.255     -2.330
1253   -2     -3.397     -3.290      5.977
  29 1243     18.368      1.581      6.220
 525  725     13.164      7.435      2.345
 175   -2     14.911      1.877      5.572
1045   -2     -0.709      1.472     10.028
  18 1242     16.473      3.574     -8.061
 927 1111      8.933     15.509     11.804
 241   -2     15.087     -1.522      2.530
  -1   76      6.161     -0.074      9.099
  -1  932     -4.696     13.351      5.396
1314 1326     16.768      7.709     -5.309
 169  259     18.946     11.086      5.519
  -1   -2      7.764     -8.191      6.334
  -1   -2     14.353     -6.526     11.227
  -1  193     19.506      3.611     -3.303
 148  174     -7.761     -6.405      9.966
  -1  256      2.910     -9.641      2.482
1249   -2      2.763     -9.417      2.094
  -1   -2     20.258     -5.558      9.938
  -1 1199     -4.667     -2.486      5.370
 138  253     -9.086      9.154      6.843
 251 1268    -17.407     -4.199     11.887
 374 1277      5.089      6.005     -5.954
  -1 1251      5.875      5.302      4.306
  87 1252     13.789      5.510      6.278
  -1  416      1.369     13.650      9.409
 499   -2     15.954     14.258      2.362
 469   99     12.194      7.561      9.279
 365   -2     11.408      2.908     10.821
  81  404     -1.492     15.859      6.315
1262   -2      5.240      5.034    -10.704
  -1  246     18.963      5.375      0.339
 396  670     16.311     17.234      6.939
  -1 1043     -9.438     13.827     10.274
  -1   -2     21.587      2.293     -6.879
  -1   -2     13.045    -10.087      9.775
 698   -2     14.215     -7.763      7.000
 353   -2     13.636      0.295     -2.675
 117  457      6.411     -0.887     -0.247
  -1   -2     19.484     10.433     10.820
 871  368     23.723      4.454      8.222
 458   -2     22.514      1.884      9.022
 834  261    -11.531     -4.748      9.867
1138   -2     18.310     -9.702      9.404
1194  684     24.141     16.965      7.598
 406   -2    -18.049     12.962      8.121
  -1  151     -8.742      7.114     -5.324
  -1   -2     11.921    -18.228      6.044
  -1   -2     11.945    -16.061      0.326
1118   -2      2.426     -8.950     -0.004
 836   -2     -4.731     16.234      8.267
 759 1291     -7.345      0.453      5.940
 601  765      3.016    -10.335     10.798
1266   -2     13.617      5.832     11.680
1213   -2     14.734    -22.604      3.106
1285   -2      3.452      2.437      3.811
  -1   -2     13.142     -5.384      8.466
  -1   -2     13.142     -5.384      8.466
  92   -2      7.060      4.756      8.016
1313   -2      9.471     -5.585     11.012
 773   -2      6.088     -0.043      8.974
  -1  165      5.215      9.429    -10.060
  -1 1312      5.257      9.378    -10.057
1242  285     20.191     -5.487      9.943
  -1  508     20.478     -7.771      5.717
  -1 1330     12.175     -1.549      2.373
  -1   -2     12.175     -1.549      2.373
 234  447      7.764     -8.191      6.334
1295 1315    -18.840    -13.911      8.732
1272 1310     11.921    -18.228      6.044
  -1   -2      9.155      9.547      0.032
  -1   -2     13.142     -5.384      8.466
  -1   -2     12.175     -1.549      2.373
  -1   -2     12.175     -1.549      2.373
  -1   -2     13.142     -5.384      8.466
  -1   -2     13.142     -5.384      8.466
  -1   -2     12.175     -1.549      2.373
  -1   -2     12.175     -1.549      2.373
  -1   -2      5.215      9.429    -10.060
  -1   -2      5.257      9.378    -10.057
  -1   -2      5.215      9.429    -10.060
  -1   -2      5.257      9.378    -10.057
  -1   -2     -5.918      5.758      0.256
 659   -2     12.175     -1.549      2.373
1286   -2      5.215      9.429    -10.060
  53  829      0.495      2.347      8.705
