1270
   0    0    -11.145      4.515     12.103
   9    6     -9.111      0.121      8.421
   6    5    -10.707      7.508      9.782
  -1   -2    -18.059      2.154      6.182
  -1    3     12.876     -8.902     11.930
  22   -2     10.918      8.486      0.109
1240 1257      0.128     -0.852      4.653
 803  559     23.516     -3.559     11.738
 994   57     -2.075     -0.085      2.670
   3   -2     15.854      1.963     10.367
 282   24      0.954     10.599     10.438
1198 1248     11.157     -0.861      1.578
  20   -2    -11.568      5.099      4.635
  -1   11     -6.029      6.170     -7.893
  43   34     -9.459     -3.105      0.128
 254   -2      6.578      0.975     -3.356
1280   -2     16.400      3.821     -8.104
 909  249     -5.193      0.570      6.919
 469   62      4.926      4.426      3.157
 614 1239     14.519     -0.647     -1.356
  -1   -2     19.357      1.846    -10.104
  -1  297    -14.182      1.296     -1.643
  57   37     -6.020     -0.656      3.846
 836   -2      5.872      5.287      3.794
  -1   91     17.593     14.058     11.904
  -1  142     -1.799      0.854     11.946
 329  131      8.728     -5.598      4.615
  13   -2     -2.032     13.500      3.906
 920   -2    -13.979     -8.270     12.158
  -1   94     17.052     -6.039      6.368
 197 1217      5.383      3.365      4.112
1220  636     -2.203     15.074      7.153
  11  217     -3.421      3.510     10.795
1223   20    -14.271     10.588      6.333
  -1  681      8.971      9.436      0.031
  55   -2     18.836     -6.153     10.942
  -1   -2    -10.356     -2.278     11.697
  -1   -2     -1.478      5.824     -7.269
 285   -2      8.853     -3.489      1.227
  -1   -2     19.847     13.120      5.852
  -1   26      2.819     10.050      5.556
  -1 1003    -16.262     11.792     11.395
  75  238     -0.396     -0.600     11.264
1018   -2     11.973      1.469      3.852
  -1   -2    -11.220     13.853     11.092
 806  908     -1.233      5.031     10.619
  -1  399     19.569      5.778     -0.371
  -1   52      2.321     -0.227     -1.541
1225 1282     -9.062      9.120      6.598
 460  931     11.321     11.470     10.343
  -1   79     23.631     -2.690      9.287
1167  487      9.624      3.108      5.800
  -1  339      5.622      9.583     -5.627
  48   50     -5.359      1.468     -5.863
  -1   78      4.853     -0.108      8.911
  44   23      5.640      1.378    -10.108
  -1  141      6.836      7.409     -1.164
 627  569     -1.697      2.860      1.739
 154   21      6.620      0.263      1.405
 456   59     -4.379     15.084      5.018
1044   -2     22.906      6.474     11.934
 163  882      3.143      7.944     -1.517
  -1   -2     -1.368      3.147     -7.880
 108  147    -12.864      7.241      3.770
 431 1053     -3.414      6.351      9.807
 637  829    -18.288     -3.897      6.181
 951   -2    -14.814     12.301     -3.157
1103   -2     15.124     13.435      9.100
  38   -2     12.083      2.348      0.479
  23   -2    -11.089     11.186      3.597
 103   -2     17.260     -1.015      8.787
   5  891     -9.826      4.142      5.783
 144  134     13.947      5.193      8.159
  -1   -2     -6.946     10.990      5.758
 331  145     -7.132      8.273     -1.026
  -1   -2    -16.071      7.092     -4.041
  70 1213     -1.755      9.798      7.400
 114   -2     15.191      3.233      2.786
1283   -2     19.888     12.661     11.029
 152   -2      4.535      8.129      2.806
  -1 1026     23.124     -4.226      6.683
1238  277    -18.450     -1.913     10.272
 111  635     19.455     10.386      5.312
 237   -2     -4.656     12.967      6.450
 290   -2     13.416     13.737      4.625
 189   -2     23.658      4.757      7.916
 468  366    -14.801     -1.944      5.479
  -1  320      9.426      8.124      3.779
  72   38     16.571      0.135      4.559
 403   -2     13.365     11.840      9.194
1165  777    -17.215     -1.682      9.628
 148  144     14.275     11.543     -6.096
 102   -2     14.042      7.571     -3.842
  -1  151    -14.589      8.310    -11.308
 823 1144      3.381      2.227      3.516
  -1  740     24.312     -7.814      2.887
  98  192     16.291      6.406     -2.394
 474   -2     13.601      8.126     12.551
  -1   15    -11.256     10.027      3.292
  14   16      4.753     -6.188     12.622
 312   63      3.343      2.025      8.524
  -1   -2    -15.777      1.123      9.160
 832    4     25.081     -6.602      7.481
 996   -2      6.588      5.697      4.967
 308   -2     23.981      1.658     11.353
 867   -2     -6.738     -1.859      0.610
 118  160     -9.025      7.820     -0.561
1118  380      8.033      1.746      6.557
 800   -2     26.800      5.684     10.500
  -1   -2     -3.114      9.317      9.831
 226  181      1.602      1.519      9.525
 634  211     -8.658      6.326      2.787
  -1  113     17.150     -2.320      8.181
 283   -2     -1.712      5.846     -1.556
  -1   71     -1.510      1.269      8.974
 193   -2      8.008     13.940     -5.399
  -1  132    -15.391     -7.225      7.735
 295   -2     25.726     -5.274      9.503
 406  153     -1.766      3.337      9.257
  -1   -2      5.845      7.467      4.318
  -1  102    -14.340      0.029      8.199
 454   -2     10.391     -1.599      8.124
 252 1078    -10.905     13.417      6.526
1090  651     -4.831      6.827     10.751
  -1   -2      4.127      3.565     -2.434
 217 1218     12.650     13.961      3.066
 168  265      6.899      8.764      7.021
  -1   -2     -1.711     10.699     -7.325
  -1   -2      2.616     -5.335     -8.832
 117  456      6.060      6.942     -6.741
 666   -2     15.607      2.457     -1.911
  -1   -2      3.047     -2.978      2.828
 619  354    -15.937     -4.642      9.687
  -1   -2     14.102      6.663     -8.515
 467   -2      5.766      0.570     10.276
1241   -2     16.914      1.771      6.438
 224   -2     20.537     15.744      5.826
 740   -2     22.204      8.791      3.071
 276   -2     -9.575     -3.165     11.731
1122   -2     25.446     -1.521     10.334
 323  140    -19.040      4.664      5.853
 583   -2     18.731      7.714     -0.101
 354  580      7.723     14.648      8.194
  -1  210      6.713      7.127     -3.889
 165  509      2.215     -1.318      8.206
 447   81    -10.177     -0.439      2.865
  -1   -2     -0.324      0.943     11.999
 169   -2     15.247      4.692     -0.664
  91   -2     18.371     -0.334     -3.608
 430  275    -11.857      0.334      2.884
 871   -2    -17.800      3.174     11.121
  -1  171     -4.051      5.003     -0.125
 709  137     17.851      9.766     -0.811
  -1   29     15.699     -1.394     -1.675
 177  118    -11.893     -1.635      9.366
  -1   -2      4.618     -4.031     -8.515
 847 1233    -11.447      7.080      2.123
  -1   -2     22.071     -8.222     -2.269
1166   -2      2.079     -1.616     12.741
 190 1215      0.603      6.775      9.886
 340  169      6.900      7.594      3.724
 199   -2    -10.735      9.131    -11.352
 293   -2     10.948     -5.566      9.694
  30   -2     -0.766      3.846     -5.460
1234   -2    -12.139     15.485      9.834
 549  617     25.821      2.263      9.410
 135 1211     16.687      5.491     10.413
  -1  284     16.327      1.098     -2.057
  96  101      7.348      4.083      6.343
 222  860    -12.465     -4.765      5.190
 631   -2     20.367      4.240      3.569
  -1   -2     10.309      0.012    -11.425
  -1  186    -18.012      1.228     11.388
  -1   33      3.077      1.720     -1.079
  -1  404     21.460     10.605      4.060
 245  711     23.775     -1.745      7.357
 140  581     25.521     -0.374     10.558
  -1   -2      4.213     10.814     11.203
 138  107    -13.629     -0.109     11.649
  -1   -2    -15.771     -5.325      4.729
1236  461     22.109      0.755     -0.167
  -1   -2      2.421     -3.170      5.344
 240  612     10.692     14.311      4.481
  -1   -2    -15.077      6.272     -9.264
 593  915      4.190     13.150      9.712
  -1  193     18.451     -8.693      3.480
  -1   -2      9.832      5.068      7.730
  -1   -2     12.096      4.065      8.959
 535   -2    -17.626      4.433     11.670
 767   64     -3.195     13.686     11.980
 590   -2     -6.294     16.089      9.729
  -1   -2     23.541      5.488     -0.575
 230  799      7.797     13.314      6.615
 423   -2     18.057     -9.876      2.648
 374   -2      1.919     -3.285     -7.170
  -1   -2     15.973     -1.256      0.407
 153  771    -11.684      8.140      5.092
  -1  419    -10.178      9.349     -5.311
 989   -2    -13.057      0.511      7.260
 757  200     20.082     -1.292     -5.945
 720   -2     17.600      6.631     10.766
  -1  259     21.424     -1.494     10.769
  -1   -2      5.636     -7.664      0.436
 414  930     -2.381      6.038     -1.214
 178  546      7.903     11.103     -4.456
  -1  154     24.931      3.817     10.843
  -1   76     24.045      3.021      1.878
  -1   -2    -12.877      5.876    -10.591
  -1  226     12.065      9.269      9.732
 320   -2     -2.057     -1.374      9.514
  -1  383     -7.624     11.545     -2.709
1134   -2      0.481      8.601      8.251
1263   -2     13.665     -9.661      8.822
 446   -2    -17.952     -7.471     12.246
 186  485      4.985     -3.364     -0.415
  68  493     10.389      2.474     10.300
  -1   -2      2.538     11.840     -1.067
  -1  150     -1.524      8.066     -3.708
1248 1260     -4.880     -9.553      2.692
  46   -2     -4.222     -1.082      9.308
 248 1155     -0.248     10.229      2.761
1115 1246     23.105     -0.781     10.976
  -1   51     18.345      5.190      2.440
  -1   -2     16.281      7.602      1.881
 121   -2     15.804    -10.825     -8.460
  -1   -2     12.594     11.657    -10.472
  -1   -2      7.266     -7.419      5.052
  -1  206    -12.909     -2.024     -3.414
 104   -2     -1.209      0.963     11.657
  -1 1122     21.814      4.075     11.186
 149  445     -1.850     10.696     10.273
 914   -2     -7.114      2.282      6.293
  -1  225    -15.647      1.383     -2.272
 686  248     17.232     13.415      0.593
 886   -2      8.348     -2.352      0.260
 210  187     -7.809     -6.412      9.802
  -1  790     18.319     -0.204     12.346
  -1  421      7.874     -1.402     12.455
 317  157      2.248      0.021      5.498
 522  189    -15.497     13.054      6.328
  -1   -2      3.025     -0.106     -5.851
  -1   -2     -1.835      5.527      2.753
  -1  295    -17.893    -11.386     11.768
1246  254      9.128     -1.419      6.472
 442  856     25.596      9.663      6.986
  -1   -2     -1.599     12.925      6.231
 494  648     -0.193    -10.740      1.544
  -1   -2     19.714     13.313     -3.616
  -1   -2    -15.227      9.934      5.314
  -1   -2      4.660      5.640     -9.142
 513 1231     20.915    -10.288      7.126
  -1  611    -10.869      1.294      9.690
 883  325     24.252     13.530     12.399
  -1  673     16.977      3.496     10.645
 782   -2     -0.799     10.041     -3.064
 233  835     22.618      7.400      0.781
 151  676      4.669    -11.768      6.604
 187   -2      0.854     -3.503      7.071
 603 1107     22.430     -0.779      3.749
 373  725     17.587     12.704      7.314
 841  233     19.027     16.300      2.338
 272   -2     22.224     10.298      5.197
  -1  306     13.359      7.256     11.228
  -1   -2      1.355      9.510     -2.128
 967  229    -17.367     -4.237     11.973
  -1   -2     -9.779     -6.742     -1.748
  -1  124     14.546     13.047     -7.410
 365   -2     21.769      6.599      5.139
1227 1043     12.924     -2.898      7.149
  -1    2     16.309      1.328     10.813
 981  348     -0.175      3.327      2.085
 861   -2     14.489     -5.423     12.324
  -1  177     -1.321      7.163     -0.432
 475 1229     24.066      0.472      9.798
1149 1202     12.346     -2.801     -1.197
1255   86    -12.633     14.599      4.801
1171  625      7.992      2.669      6.686
  -1  214    -15.492      4.791     -5.718
1003   -2    -12.348     10.078      9.548
  -1  244    -10.940     10.589     -9.749
  -1   -2     22.844      1.014     10.367
  -1  573     -1.528     13.294      7.581
 701  677     -4.354     -8.567      8.474
  -1   -2     14.539     10.147     -5.873
1004   -2     17.375     12.741     -3.165
 812   -2      7.862     14.316     10.655
  -1   -2      1.280      3.380     -8.850
  -1   -2      3.178     -3.210     11.938
  -1   -2      6.711      2.055     10.827
  88  575     19.290      5.117      2.996
  -1   -2     -3.614     -2.927      0.518
 257   -2    -19.917      6.468      7.988
  -1  765     22.458      2.610     11.436
  -1  174     16.379      0.144      1.495
  -1   -2      7.834     16.454      7.180
 348   -2      9.072      7.474      2.457
  -1  836     14.789      2.677      8.155
  -1  637      5.278     -1.375      7.442
 130   -2     -8.764     14.602      9.242
 305   -2      4.737     10.870      4.994
 106   -2     -8.343      7.604      0.939
 476  194      5.819     -4.219      5.983
 692  314     13.839     -7.515      4.670
 953   -2     15.901     -2.409      8.110
1081  242     -5.411     12.858      9.048
  -1  357     -9.583     -6.833      6.241
  -1  472     18.107     13.281     -6.444
 882  364      2.181     -2.926     11.707
  -1   -2    -10.088     -7.809      3.722
  -1   -2     12.111      3.328      9.401
 700   -2     20.941     -3.395      6.113
  -1  957    -13.724      0.382      8.240
  -1   -2     -3.012      5.498     -7.524
1094   -2     15.619     -5.499      8.533
  -1  126     -5.242      6.381     -1.472
  -1   -2    -15.119     -9.088     -8.525
 499  655    -14.227     -7.291      3.055
 600  430      0.562     -6.767      5.889
 338  901      3.878     13.440      5.169
  -1  627     18.061     -6.289     -4.912
 624 1113     26.572      7.326     11.864
1060  800     12.533     16.478     12.320
 662   -2     16.899      6.262      6.020
  -1  397     11.097     -6.660      8.763
 907 1093     -1.621     -5.419      9.444
  -1   -2     10.785      1.515      9.873
  -1   -2    -15.020     -0.919      6.700
 554  644     -3.478     -6.488     10.178
  -1  900     -7.817     -1.075    -10.138
  -1   -2     -3.027      1.173     10.503
 123   -2     20.663     -5.333     10.585
  -1   -2      4.576     10.839     -9.176
1027   -2     11.370     -1.072      6.047
 747   -2    -12.384     -2.447      5.434
 643  237    -16.609      9.176     -0.725
 491 1238     21.859     15.794      2.914
  71  323    -15.529      8.748      2.162
  -1   -2     11.011      5.475     -6.093
  -1   75     25.541      0.732     11.365
  -1   -2      7.772     12.099      0.754
 221  547     25.118     -2.674      5.363
 642   84     16.854      0.074     10.892
 337  470     -5.908    -13.693     -2.148
 389   -2     -2.908      2.768      3.809
 238   -2     10.565      9.426      5.401
1114   -2    -18.106     -8.906     12.132
  -1  662     24.609      7.308      6.952
 868   -2     21.372      0.339     12.522
1232   -2     13.819      8.952     -1.090
 715  567     19.936     11.580      7.951
 250   -2     19.399     -7.553      4.056
  -1  657      0.233    -11.450     11.000
 487   -2     16.065     -3.742     10.361
 893   -2     -0.574     11.964     12.541
 765   46    -20.283     -1.663      7.916
  93  111      0.989      2.580      0.870
  -1 1219     21.967     11.788      8.439
  -1   -2      2.357      3.049     -7.896
  -1  333     -2.284     -5.499     -6.311
 521  422     20.979      2.835      7.814
 974   -2     26.104      8.038      6.512
 362  779     13.044     10.987     -0.892
 830  749     12.401     17.122      9.182
 776  429    -19.921     -2.628     11.389
  -1   -2      3.485    -11.316      0.301
 383   -2     10.798     -4.651     11.487
 796   -2    -13.766     12.242      8.922
 241   -2     21.247     15.617      8.594
  -1  688     11.330     -9.752      7.085
1187  763    -11.789     10.359     -0.476
  -1   -2    -19.944    -10.203     12.129
 649   -2     20.079      3.535     -1.742
 461   -2      0.899     -9.388     -0.277
 481  508     21.854     -5.853      3.536
 736  582     10.731      0.337      6.322
1138 1077     -2.646     15.174     10.310
 559  959     10.454     -4.676     -1.914
  -1 1280    -15.981     -7.444     -4.528
1160   -2     -8.080     -5.485      9.187
  -1  640     15.884      9.617      8.549
 385   -2    -15.349     -8.645      8.462
 506   -2    -18.348      0.414      8.564
 335  371    -11.924     -6.949     -4.460
 648   -2    -16.637     -2.980      3.819
  -1   -2     -4.618      8.804     -3.074
  -1   -2     10.859     -6.342      5.764
 858  881      2.417    -12.056      7.468
 888  234     13.509      3.625      9.838
 296   -2      9.348      9.208      7.282
  -1   -2     20.193      1.004      5.319
1196   -2      2.573     -7.177      7.759
 734   -2     17.674     -4.893      7.163
  -1  303      3.178     -8.140     -1.581
  -1   -2      9.955      1.627    -11.168
  -1   -2      8.353     10.694      9.441
  -1   -2      1.460     -0.059      7.319
  -1 1143     10.742     16.691     12.168
 921  809      0.705     12.762      6.188
  -1   45    -10.608     -2.411      5.878
 626  592     -6.394     -7.392     -6.653
 556  405     19.845      6.582      3.932
 471   -2     18.017     12.444      4.881
 891  431    -17.181      5.810     11.558
 343   -2     20.055      6.233    -10.637
1267  942      4.169     -1.342      7.070
 654  395     -4.487     -2.443      6.089
  -1   -2     19.473     -5.313      1.818
 595   -2     18.124     -2.702     10.385
1028   -2    -17.649     -5.828      4.876
  -1   -2     20.655      6.497     11.403
  -1  215     14.475     -5.274      0.714
 733   -2     18.965     -2.272     10.918
 906   -2    -12.311      2.583      9.039
  -1   -2     17.492     -7.433    -10.357
  -1   -2     -1.935    -13.236     -6.875
  -1  117      8.856      6.374     -1.100
 791   -2     -4.210     11.571     -6.548
  -1  787    -19.658     -0.080     11.995
  -1   -2     10.116    -15.026     -3.697
1245  115    -11.466     13.053      8.955
  -1 1277     14.154     17.548      9.958
  -1  251     22.957      6.308     -0.530
 496  665     15.602      7.780      9.711
 466   -2     14.431      7.673     -7.830
 611  220     10.451     -1.584      4.840
  -1   -2      3.347     -0.524     -1.278
  -1   -2    -11.257     15.511      5.390
  -1   -2    -14.513     10.183     -3.625
 433 1227      9.801     -6.274    -11.038
 510  741     11.828     12.387      9.533
 318  511     13.000     -5.998      8.458
  -1  692     13.068      7.535      4.163
 878  501     15.845     -7.200      7.718
 954   -2     15.537     17.600     10.385
  -1   -2      6.987     -8.897    -11.511
  -1  327     -5.509      4.649     -7.271
  -1  483      1.687     14.290     11.551
  -1  410      0.034     13.208      5.687
  53 1160     22.531      9.247      7.290
 582  521     24.469    -16.131      6.265
  -1   -2     18.897     -8.290     11.963
 562   -2     22.550     -9.919      6.993
 527  561     18.908      1.533      9.084
 225  271    -16.494      6.826      4.325
 526   -2    -16.487      4.786     -7.718
1161  442      7.905    -10.604      5.181
  -1   -2      0.962     12.816     -5.188
 948  585     -4.703      5.918      8.646
 191   -2     -4.339     12.973      3.858
  -1  571     16.456     11.838      7.983
 451   -2     -8.946     -1.288      4.135
1084  773     -2.040      3.559     11.619
  24  616    -14.697     -1.311     -0.206
 246  880    -18.425     -6.336      7.487
  -1  247     23.078     -6.410     11.892
 268  460     -7.261     -1.248      6.800
  -1  615     11.386     11.552      5.916
  10  385      5.196      4.701      7.525
  -1  958     -7.026     16.746      9.178
 255   -2     18.142      3.070      8.508
 862   -2     -8.792    -13.277      6.246
  -1  686     24.067     -6.502      0.731
 122   -2     -7.825     -2.958      8.105
  -1   -2     14.566     -2.000     -0.807
 495   44     -3.290      6.988     -1.254
1040   -2     21.224     13.270     12.155
  -1   -2    -17.391     -0.711      0.648
  -1  760    -16.002      3.012     -1.759
  35  129    -14.122      0.538      2.052
 550  296     10.286      5.016      8.146
 297  535     19.929    -12.260      3.817
  -1   -2     27.256      0.439     10.623
  -1   -2    -10.465      6.476    -10.287
 115   -2      8.748     -2.225     10.501
  -1   -2      0.839     13.996     11.092
  -1  394     12.387     -1.212      5.503
 388   -2      1.155     -5.662     -3.415
  -1   -2      4.599     15.537      0.860
 532   -2     12.277     -9.086      5.340
 399   -2     -1.925     -3.166      1.115
  -1  158     16.069      8.314      4.028
 999  824     -2.743      1.269      8.582
1129   -2     25.717     -4.963     10.434
  -1  283      1.556     11.707      5.301
 547  756      6.881    -12.103     10.786
 988   -2     -7.974     -6.951     11.985
  34   -2      3.587     10.172      5.460
  -1   -2     20.045     -5.182     11.661
 763  927    -15.779      6.897      3.952
 265  338      7.085     -7.684      8.248
1120  205     14.429     -5.648      5.997
  -1   -2      6.025     12.722     -3.160
  90   -2     25.128      5.736      8.765
  -1   80     -5.156     16.216      6.057
 358  298     10.630     -4.281      7.034
  -1  867    -14.719      2.719      8.899
  -1   -2     15.294      5.788      5.666
 821   -2    -10.574      8.238      4.315
  -1  449      5.602     13.714      9.319
  -1  318     12.293      6.423     -0.704
  -1  365     -1.059     -2.182      9.469
 536   -2     15.979    -11.223      5.922
  -1   -2    -17.873     10.139     11.765
 629  316     -4.945     15.465      9.850
  -1  701     16.329    -14.108     -2.498
  -1  221     -3.541     -2.110      4.889
  -1  199     10.694     15.233      0.240
 551  292      3.985     -2.831      3.589
 124  670     -6.209     13.126      5.241
1012  905     -4.249      8.463      4.946
  87   -2      5.170      9.845     -8.142
1112  730      1.666    -13.787     -1.942
1091  649     19.296    -13.744     -2.428
  -1  411     13.910     -6.079     10.091
  -1 1048     15.363     12.137      2.234
1096  103      6.391     12.287      6.779
  -1  832    -12.890     12.628     11.875
 300   -2     -7.702     -7.495     -7.419
1147   -2     -0.199     -7.658     -2.541
  -1   -2    -14.502     -4.419     -2.165
 505   -2      1.172    -11.142      3.166
 839 1073     20.810    -12.144      8.248
  -1   -2      9.300      1.529     -5.295
  -1   -2     -8.539     -6.033     11.387
 125   -2     25.476      1.146      7.725
  -1   -2     -7.260      8.501      1.112
 710   -2     -4.470     -7.094      6.484
  -1   -2      8.992     14.087     11.863
 702 1001      0.649     -5.404      1.451
 278  739     20.801     14.450     10.307
 962   -2    -19.654      8.596      9.053
 213   -2    -11.399     -3.188      0.734
 636  322     -1.962     14.397      4.330
 298  893    -14.552     -1.708    -10.167
  -1   -2    -15.154      3.148     -9.848
  -1   -2      7.089     -4.592     -1.886
  -1   -2     26.433      2.589      5.369
  -1   -2    -11.105      0.225     -4.928
  -1   -2     21.709      7.513      0.625
 608   -2      6.830    -10.538      0.382
  -1   -2     23.761     12.005      6.476
  -1   -2     19.647      0.370     -5.222
 558   -2     19.744     16.073      9.418
 813 1130     -3.068     -0.548      8.101
  -1   -2     -2.810     -8.760      8.100
  81   -2     11.866      5.719      4.649
 564 1087     -1.793      3.475     -4.348
 539   -2     -1.356     -5.013      0.836
1258   -2     -8.359     -6.487      6.239
 932  361     -8.219     15.559     11.952
  -1   -2      2.553     -5.210      5.434
 688  713     -4.193     -5.095     10.201
  -1   -2     -0.170      0.278    -10.557
 479 1117     14.647     -4.746      5.329
1025  551    -10.758     -8.710      8.224
 523   -2      9.174     -7.840     11.336
  -1   -2      9.203     10.919     -8.978
 929  953      9.827    -18.786      7.628
  -1   -2     20.173      9.080     -9.907
 857   -2     22.001     13.139      4.633
 100   -2     22.768      7.119      3.131
  -1   -2     16.383     -9.207      5.823
 851   -2     -6.772      0.017      6.781
  19  653     14.214     13.293      3.573
  -1  363     19.389      5.570    -10.283
1017   -2     -1.808    -18.022      6.648
 947  610     22.914      5.084     11.819
 897   -2     19.236     -9.177      0.561
1163  977      0.139     16.259     12.056
 528 1254     20.022     12.597      9.277
  -1   -2     24.351      2.357      2.603
 983 1017     13.862     -2.044     11.564
  -1   -2     22.020      1.863     -2.324
  -1   -2     -5.889     -1.714     11.619
  -1   -2     17.313     10.788      6.334
  56  403    -16.645     10.288      9.685
  -1  801     17.236     -2.274     10.212
  -1   -2      9.095      9.959      8.373
  -1  595      7.720     -3.361      4.433
  -1  161      8.531      5.934      7.822
  -1   -2    -17.488      0.336     -0.622
  -1  992     20.675     -7.275      0.671
  -1  463    -17.212    -11.469      1.403
 612 1024    -10.431     -6.699     10.920
  -1   19      9.822     -1.888      2.332
 930   -2     -7.433      6.781      1.984
  -1   -2     -8.171      5.221      2.011
  -1   -2     12.526     -7.413     -7.142
  -1   -2     -4.585     -8.396     -2.667
  -1  526      4.200     12.119     10.962
 939   -2      7.274      6.295     11.269
 543   -2     23.036    -10.302     10.201
 236  654    -13.132      0.157     12.169
 127   -2     17.331     -1.493      9.099
 107  597      5.568     -8.588      3.552
 321   -2    -17.365     12.945      9.696
  -1  746     -0.359      2.542      4.905
 615  439     10.510    -16.155      0.156
1299   -2     15.052     10.135      5.769
 834   -2      2.102     -8.055     -1.892
 617   -2     17.485    -15.512      6.927
 789  268     -3.410      2.870     -2.608
 401   -2     12.923     -9.863      5.771
 588   -2    -10.327      4.951      3.757
 703   -2     -1.198     -5.465     -1.621
 394   -2      4.777      2.854     10.241
 616  491     -6.691    -10.896     -7.051
 432  986     20.679     10.989      9.311
  -1  899     13.565     -3.914     10.403
  -1   -2      6.654    -11.190      4.540
 696  557    -19.105     10.197     11.067
 815  516     12.023     18.090     11.950
  -1   -2     23.456     -0.812      4.232
 843   -2     16.576      7.131     -1.467
1183  593    -16.674     -9.808      3.994
1026  570     20.593     13.693      2.525
 977  444     22.405     -1.420     12.084
  -1   -2     -0.216     -3.634     11.443
  67   66      9.085      0.597     -2.893
  -1   -2      3.182     -3.204      5.918
  -1  514     22.159      2.801     -2.414
  92  499      3.474     -3.696     -6.741
  -1  533    -16.736     -7.789      3.159
  -1  301      4.324     -3.149     11.451
1282 1272      7.584     -0.906      9.029
  -1   -2     12.372    -10.765     -0.324
   2   -2     -0.109     -2.135      6.955
 587  459    -13.602     -5.016     -5.444
 775  270     18.871    -13.432      5.464
1107  212     12.921      2.020     -9.724
  -1  706      0.167      3.703     10.100
  -1  400      1.390      4.937    -11.189
1253   40     16.359     -0.142     -1.469
  -1   -2      6.602     -1.761      7.856
 545  705     25.249     11.117      9.624
  -1   -2     16.821      8.006     11.220
 816  666     21.018     -4.889      7.751
  -1 1052     26.244     -3.325     10.929
1050   -2     15.248     -8.282     -1.783
  -1   -2     -0.794     16.866     11.365
 613  628     -5.394    -12.828      6.051
  76   -2      5.886     -2.385      8.265
  85   -2     22.484     -6.944      4.066
1173  373    -13.481     -1.748      4.940
  -1  406      6.402     -1.338     -8.676
  -1  620     14.825     15.156     10.794
  -1  753     17.462     -6.132      1.700
 227   -2     -3.622     17.613     12.292
 980  448     22.107      3.600      8.788
 900  938    -11.603      8.129      2.141
  -1  703     13.274      2.092     10.797
 200  239      3.913      9.190      8.794
  -1   97     -4.556      7.631      4.651
 880   -2      1.988    -10.370     11.395
 110  736     24.114     -0.349      8.821
 219 1132     15.643     -2.645      3.799
  -1   -2      0.301    -13.631     -0.956
 706   -2      1.547     -3.106     10.912
  -1   -2    -10.772     -8.020      4.094
 242   -2     -8.713    -11.416      3.839
 198  281     19.399      2.972     -1.626
 764   -2      5.526     -4.983      4.425
1251  148    -17.152     -2.959      0.425
1141   -2    -16.374    -10.379      8.029
 711   -2      0.823      6.000     12.515
 339   -2     -5.338     -4.142      7.412
1071 1068     14.838    -18.966      8.120
1113  408     -8.907     -6.503      0.920
 324  207      3.285     -2.253      2.875
  -1   -2    -14.063     -5.771      8.556
 485   -2      8.978     -4.262      5.298
 923 1142     25.547    -10.991      7.903
 576   10     10.752      6.817      1.475
  -1 1074      1.168    -13.144      7.700
 606 1141     20.245     13.845      2.899
 887  353    -15.590      6.986      7.569
  -1   -2     22.715      5.821      4.145
  -1   -2      8.643     -0.845     10.653
  -1   -2     -9.117      1.277    -10.921
 601  289     20.201     11.902      5.303
 681   -2     -3.688     16.589      5.896
1013  349     24.664     12.085      4.211
1181   -2     -7.348     14.793      6.804
1054  446    -11.515    -13.970      7.317
  -1   -2     -2.344     12.300      5.761
 417   -2     -6.174     14.632      1.999
 390   -2     -8.531     -7.632     10.477
 901  104      6.226     14.994      8.147
 699   -2     -1.762    -10.345     12.644
  -1 1276     10.527     14.922      9.267
 493  671     15.380     15.360      2.996
  -1 1045      9.686    -17.930     10.181
 418  478     16.646     -7.560      8.425
 516   -2     13.598      9.529      1.085
 262  392    -15.250      7.138     -0.698
  -1   -2      0.089    -15.563      6.410
 869  751     -5.692     -4.888     -2.659
  -1   -2     16.598     -2.473     -2.803
 985  913     -1.296    -14.637      9.962
  -1  518     25.603     10.543     12.159
 137   -2     17.500      1.990      9.320
  -1   -2      5.029     -3.809     -5.016
 514   88      5.494    -11.388     10.657
  -1   -2     12.990      6.523      9.310
 717   -2     27.075      3.158      8.635
  65  603     10.645     -6.947      3.912
 266  717      3.779     -6.745      2.593
  63  556    -11.923     -8.551      9.320
 515  492     -4.808      4.585      3.961
  -1   -2     -6.443     -7.363      2.062
  -1   -2     -3.648    -11.674      1.434
  -1   -2     -0.520     -7.328     10.605
1057   -2     20.731     16.901      8.635
  -1   -2     24.129      1.867      6.066
 372   -2    -14.536      0.577     10.886
 369   -2     14.083     -1.781      8.302
 665  553     20.423      3.976     11.891
1083  720      4.063     -1.589     11.386
  -1   -2     23.962     13.347      4.534
 960   -2     -4.659     -5.422      7.242
  -1   -2     14.783     -6.505     10.990
 402   -2     17.771      3.925      5.520
 604 1237     11.637     -9.272      9.711
  -1   -2     -8.053      4.006     -4.085
 534   -2    -15.005    -10.076      2.236
 670  664      5.413     -9.666      6.076
 194   -2      2.263     -1.993     -2.467
 166   68     -9.921      0.554     11.857
  -1   -2     12.543     -2.590     -8.799
1265   67     14.464     16.304     10.413
 984  684     -4.923     -3.797     10.265
 915 1096    -11.416    -15.804      8.593
 674  626      9.636     -6.891      6.655
  -1  650     19.132    -12.363      2.810
1125  926     21.335     -7.441      9.743
1109   60     21.855     -5.159     -6.355
1001  805    -18.322    -12.993      6.938
1111 1111    -13.986     16.414      7.687
  -1   -2     -7.540     -6.695    -10.751
 693 1023     12.903    -10.550      4.245
  -1  495     24.190      5.082      4.874
 574   -2     12.913     -7.461     10.679
 540  698      4.022     -5.618     -3.879
 698   -2      8.827     12.519      3.780
  -1   -2      5.577     12.490     -9.997
  -1   -2      5.282     -4.360      9.574
  -1  738    -14.387      2.045    -10.176
  -1   -2      8.597     -5.107     10.475
 931   -2      7.720     -2.740     10.028
 787   -2     25.117     -9.497      1.442
  -1  810    -21.462     -3.373      9.267
  -1  722     -8.534    -14.030     -0.421
1152  868     24.039    -14.016     11.349
 315  290    -16.072      3.709      2.123
 827   -2    -12.681     14.272      9.156
  -1   -2      8.494     16.211      7.259
  -1  548     -7.409     -9.936     10.440
  -1   -2     -2.368    -14.200     -1.807
  -1  776      6.883    -13.788      3.758
  -1   -2     -4.648      3.825     11.850
 986   -2     20.591    -16.297      8.758
  -1  409    -15.690     14.268      7.394
 555  794    -13.945      7.042      3.624
  -1  774    -12.780     14.041      1.217
1195  401     -7.801     -3.239     11.245
 444  110      8.729     13.309     -0.405
  -1  813     -4.316     -0.371      3.986
  -1   -2    -10.615    -10.554    -10.341
1082 1245     -2.010    -11.961     -4.927
 746  724     21.844     -7.005      1.923
  -1   -2      5.260     10.492      9.347
  -1   -2     -5.267      7.774     -3.182
 793  789    -14.038     14.398     11.172
  -1   -2     -7.356     12.848      0.286
  -1  869     -0.435      8.988      4.662
  -1   -2     13.877    -12.952     10.062
  -1  524    -19.965      7.437      3.261
  -1  203      2.648     15.211     -4.535
 567  209     -1.228      4.753      5.321
 427  486     -7.969     13.810      6.939
  52   -2    -15.208     14.196      3.691
 544   -2    -14.603     -1.403     10.303
  -1   -2     -7.831      3.971      6.203
 176  440      9.254      7.595      6.997
 284  528     -1.931     14.003     11.691
  -1  133    -11.497     15.223      9.825
  -1   -2     -3.160     11.692     10.928
  -1   -2     16.255    -17.316      6.736
  -1  952    -13.781     15.384      8.154
  -1   -2    -18.203     15.021      4.115
 872   -2     -0.405     19.106     11.161
 820  667     14.511     12.020     11.668
  -1 1056    -11.700    -11.080      6.882
  -1   -2     25.083      5.498     -0.219
  -1   -2     26.032     15.672     12.171
1294   -2     -1.783     14.791      6.249
1007 1084     -1.747     12.923     11.150
 855  602    -18.042     -0.972      1.724
 972  384     26.555      8.346     12.359
  -1   -2    -13.296      9.855      2.540
  -1   -2     11.571     16.893      7.431
1192  343     18.947     18.343      9.047
  -1  842      5.959    -15.137     12.277
  -1   -2     -9.013    -15.043      3.144
 517   -2    -18.504     11.702      9.635
 786   -2     -4.566    -15.033      9.277
  -1   -2    -17.726      7.430      1.371
 344  827      2.547      8.251     10.582
  -1   -2     14.674      7.272      3.737
  -1   -2     -3.456    -17.387     10.048
  -1  173     -4.290     -0.807     10.405
  -1   -2      0.030      7.548      4.426
  -1  969     19.250    -17.474      7.862
  -1   -2     18.387    -10.173     -3.595
  -1  674     29.480      5.944     11.777
  -1  767      6.405      8.001      8.961
  -1  414    -21.417     -1.371     11.398
 978   -2     -8.514     15.261      1.795
  -1  159      3.191      2.784      2.629
  -1  903     -7.809     -6.244     11.061
 777   -2    -21.466     -8.252     11.443
  -1  263     -8.994      4.566      7.122
  -1  319     29.642     -5.389     12.553
1148   69     25.143     11.134      6.231
 342  329    -12.782     10.133     -3.245
 424   -2     27.111      4.539     10.752
 235   -2    -17.971    -10.265     10.600
  -1   -2     -5.576    -13.438     -4.908
  17  600     25.827     -5.901      8.325
  -1   -2     -5.410     -1.061      0.445
  -1   -2    -16.287     -4.834     -8.541
  -1  228      1.517     16.430      6.422
  -1   -2      1.191     -7.128     -1.431
  -1   -2     -8.781     11.803      9.837
 902 1086     -4.564     -7.121     12.161
 745   -2     -8.666    -11.284      8.856
  -1  143      0.892      5.939     -9.950
  -1   -2     -8.180     17.741      9.951
 899   -2    -16.374     -0.998      9.619
  -1   -2     23.525     17.848      5.654
  -1  368      2.227     10.621     -1.529
  -1   -2      5.393     11.912      4.742
  -1  983     -4.482     19.018     11.948
 443  916     -7.371     -8.329      0.977
  -1   -2     16.753      4.738     11.501
  -1   -2     15.740      8.855    -10.249
 591 1214     15.807      2.837      2.847
  -1   -2    -12.061     -0.321     11.837
  -1 1095    -11.272     17.633     12.605
1175   -2    -15.273     14.020     10.780
  -1   -2    -10.538      8.167      0.464
  -1   -2      4.413     13.258      8.470
  -1   -2     -7.337      7.069     -8.316
  -1  358     15.088      7.586     -9.342
 470   -2     11.380      4.919      9.772
  -1  564     28.549      6.079     10.129
  -1   -2      6.600     -1.337      2.960
 452   -2     14.723      4.211      8.207
 898  529     -8.615     17.377      7.440
1247  981    -12.832     12.905      4.435
  -1   -2     28.000     -4.364      9.135
  -1   -2     -6.516    -10.049     11.868
 302   28     -9.375      7.826    -11.211
1010  285    -14.243      9.450      8.056
 873  885     24.191     14.069     11.792
1029  502     21.369     12.443     10.449
  -1   -2      0.719     -0.978     -8.289
  -1  549      1.055      3.633     -0.605
  -1  944     -5.527     12.381     12.661
  -1  672      2.733     19.827     11.662
  -1   36    -14.217     -9.668     12.362
 844  172     18.365      8.156      3.924
 750   -2     -0.096     13.792      7.286
  -1  537     25.458     12.178     12.533
1031  887      3.433      6.115     10.218
  -1  398     24.924      5.462     12.137
1184  308      5.217     15.189      8.974
1186   -2    -18.576    -13.774     12.284
  -1   -2     11.515      4.396     12.438
  -1  645      5.702      2.753     12.230
 826  877     -9.940      3.521      8.351
 129  438    -11.273      1.433      4.233
  -1   -2     21.950     -1.640     -8.394
  -1 1015     -5.541     14.630      5.305
  -1   -2    -10.655     16.982     11.384
  -1  687     28.963      1.246     10.049
  -1  841    -21.455     -6.670     10.307
  -1  312     -4.549      8.598     10.070
  -1   -2    -10.623     -0.678      8.999
  -1   -2      0.612     -2.399      8.262
  -1  119    -15.777     14.757      4.499
 346   -2     19.398      4.169      8.252
 392  574      4.995      9.188      6.975
 450   -2    -10.893     16.272      9.084
 797   -2      1.959     17.503      7.809
  -1 1123     25.280     11.902      2.099
  -1  784     23.858     16.610      8.276
  -1   -2     -2.270      5.736      6.549
 687  222      5.975    -11.076     -2.707
  -1   73    -16.903      2.641     11.307
 773   -2     11.214     -8.256     11.878
 132   -2     -6.145      1.457      5.576
 725  726     19.906      6.067     10.244
  -1   -2     -3.889     -8.809     -7.146
  -1  843     -3.859    -12.340      5.354
 822  857    -19.747      0.952     12.087
 630   -2     26.364      3.060      5.372
 581 1235      7.925      9.900      8.905
  -1  941     13.993    -15.601      3.198
  -1  583     11.783      5.740     11.046
  -1  847    -14.379    -18.674     12.379
  -1   -2    -10.563      7.693     -0.963
  -1  821     27.943      6.326      7.665
  -1   -2     10.763     -7.912      4.916
 743   -2     25.992     13.205      8.344
  -1   -2     -2.352     14.398     10.363
  -1   -2    -13.330     15.408     -7.454
 119   -2    -13.342      2.120      5.516
  -1  475      1.818     13.771     -3.754
  -1 1080     -0.039    -10.072     12.002
  -1    8     22.782      8.605      6.957
  -1  390     -3.837      8.392     -4.406
  -1  163     -9.416     11.805      2.968
 824  923    -15.126     -3.183      4.209
 808   -2    -18.808     12.462      7.787
  -1   -2     18.154     -1.103     -1.919
 573  223     20.880     -2.812     11.222
  -1  326     17.321     17.067     10.755
1056  858     -9.295      2.337      7.182
  -1   -2     14.535      3.566     10.947
 646  477     21.343     13.772      3.974
  -1   -2     -6.705     -6.005     -3.707
 788   -2    -18.132      7.296     11.148
1155  372    -19.657    -11.016     11.052
  -1   -2     11.396      2.390     -7.100
  -1  315     -9.889      7.557     -5.741
 913  924     26.152      8.307      1.964
  -1 1088    -10.158     16.325     10.789
 795   -2     17.768     15.285      7.430
  -1   -2     14.327      1.802      6.525
  -1   -2    -10.609      9.561     -6.001
  21   -2      9.628      9.316     -0.093
 896   -2     -6.832     17.135      3.966
  -1   -2    -16.302     -4.174     -8.205
  -1  578     -1.332      6.002      2.734
  -1  388     23.162     15.744      0.947
1252 1066    -15.984     -0.316      1.436
 959  708      8.040    -10.258     -3.870
  -1  166      8.987     -2.084      0.171
  -1  862     -0.916      9.519     10.160
 288  197    -15.320     10.655      7.290
  -1  386      9.778     -7.735      8.686
  -1   -2     15.683     -9.697     11.654
  -1  331     16.360     -8.818     -1.127
  -1   -2     23.622      8.189      6.224
 599 1071      0.591     -9.207     -2.351
  -1  168    -14.749     12.648      9.336
  -1  589     -1.895      6.054     -6.090
  -1  851    -19.328     10.572      8.059
  -1  287     21.471      5.435      3.168
  -1  960     16.251    -13.539      5.210
 220   -2      8.183     14.637      8.394
 837 1281    -14.516     16.492     10.581
 201  346     15.710      3.711     10.919
  -1  699     22.244      4.680      6.894
  -1   -2     21.324    -17.590      0.514
  -1   -2      8.293    -10.557      2.150
  -1   -2     23.909     -2.847     11.909
1075  984     -5.619     19.950     11.686
 963  415     19.650     -0.557     10.538
 519 1101     25.119     -7.202     11.670
  -1  745     -4.863     13.147     -2.392
1080 1197     26.694     14.614     12.224
  -1 1169     -6.296     -3.679      7.933
 728   -2     -4.822    -14.757      8.156
1074   -2     11.760    -18.355      6.312
 965  520     24.200     -7.744      7.611
  -1  369     23.755     13.029     10.261
 732   -2     11.690    -12.133      3.793
 311   -2    -17.809     -4.216     10.724
 589   -2    -15.313     -2.562     11.433
  -1  498      2.171      6.411      9.372
  -1   -2    -11.773      9.477     12.107
 483  663     18.885    -11.550      8.333
  -1  702     -4.193     -9.353     10.099
  -1 1115    -17.126    -15.047      5.945
1108  785     13.963     -9.472     -7.075
1145  752      5.963    -14.833      3.319
  -1   -2     21.677     -5.730      0.059
 182  828     -2.913      8.201     12.165
 572  691     -7.116     -8.613      8.029
  -1   -2     22.616     11.501    -11.330
  -1 1014     25.846      3.127     12.136
 835  889     22.764    -15.279      5.251
  -1  863     12.786     -0.678      5.538
  -1 1072     -0.065      5.495     -2.198
1210  624     20.007    -16.846     12.409
  -1   -2     24.052     12.050     -7.275
1085  812    -12.394     -5.164      9.029
  -1 1038     12.252      3.127     11.841
  -1  604     17.426     17.668      5.587
  -1  496     -1.743     -0.802     11.892
  -1   -2     13.667     12.566     12.542
  -1   -2     -5.673    -12.085     -0.463
  -1   -2    -18.621     12.594     10.993
1062   -2    -10.770     18.677      9.068
1203   -2      2.759    -17.483     11.608
  -1   -2     -4.396     -3.714     11.918
 719   -2      0.557     -2.015     12.463
 911  598    -12.981    -10.381     10.824
  -1  946      8.081    -18.913     10.748
  -1  693      0.552     -4.511     12.142
 216   61      9.683      1.609     -3.440
 161   77     10.834     11.800      2.526
  -1   -2     17.133     -6.254     11.203
 525 1232     12.106     11.896     10.606
 620   -2      3.497    -20.494     11.672
  -1   -2     -0.515     -2.984      4.009
  -1   -2    -15.658    -12.555      6.098
 639  393     16.084     12.846      7.106
 281   -2      3.220      2.399      9.415
 761   -2      4.305      9.311     11.140
  59   47     12.266     -1.068     -2.005
 704   -2      3.281      5.808     -3.211
 849   -2      8.351     12.163     10.370
 905   -2    -10.642     14.582     11.922
 690 1159     14.470     16.759      6.857
1038   -2    -12.092    -19.230     11.318
 336  427     -4.788    -12.222     -2.150
  -1   -2     -8.536     -8.322     -9.516
1135   -2    -19.170     -9.337     10.554
  -1   82    -11.001     -5.379      6.805
 618  894     12.238      8.001     10.090
  -1  962      4.407      6.773      5.258
  -1   -2     25.813      9.371     10.724
  -1   -2     -1.866     -4.404     -3.082
  -1   -2     27.505      0.378      8.975
  -1 1149    -13.971     20.453     11.996
  -1   -2    -12.086     11.483      5.665
  -1  443     -4.673     16.187      4.709
  -1   -2    -18.002    -12.535      1.286
 411 1167     22.383     10.377     11.283
  -1  875     20.112      7.973     12.370
  -1   -2     18.641      0.216     -0.015
  -1   -2      5.451      1.984     10.279
  -1   -2      2.639      6.123      9.088
  -1   -2     -7.987     -6.648     -1.957
  -1   -2    -14.255     -4.162     12.655
  -1  481     10.063     10.593     11.147
  -1   -2     16.242     -4.639      9.975
  -1   -2     11.600     14.100      5.425
  -1   -2      2.919     11.533     10.561
 415  543     12.539     10.940      7.916
 684  680     -2.484    -10.893      0.714
 326   -2     21.832     -4.487      9.862
  -1  334    -18.002     -7.371     10.895
  -1   -2     -5.129     17.296      8.199
1268   -2    -15.438     13.083      8.985
  -1  972     -7.612     19.583     12.461
  -1  820    -16.057    -13.060      8.801
  -1  213     11.146      3.426     12.015
  -1 1198    -13.073    -16.510      3.622
  -1  489      4.393    -10.300     -6.856
1292  929    -15.456     -8.068     -7.148
 157   -2     -4.520     13.842      9.880
 938  572     16.512      8.602      4.693
 267  781    -16.692     -7.723     12.000
 655  943    -17.282     14.377     10.899
  -1   -2     22.215      0.212     12.065
 964  735     18.470      8.560     11.306
  -1   -2     17.897    -13.753     12.518
  -1   -2     28.490     11.068     11.617
  -1  940      5.459     10.434     11.290
 744  340      0.453     -3.479      5.101
 368  252      4.137     -7.303      5.554
  49   -2      1.135      4.388      8.782
1188  839     14.067    -11.664     10.193
 726  707     18.806     -2.561      7.624
  -1   -2      0.949     12.556      8.446
  -1   -2     -3.076     -4.724     -6.415
  -1  696      5.429      5.448      6.963
1068  859    -10.819     11.852     10.687
1156  870      0.357     16.493      9.296
  -1   -2     -4.313      2.752     -4.474
 258  744     -5.558    -11.126      3.992
 718  152      4.177      7.482      8.744
 958   -2      8.620    -17.077      5.739
  -1   -2      0.174     -7.022     11.692
1131  608     22.879      9.580     12.114
1092   -2     17.223      4.782     10.974
 944 1191     15.070    -17.884     12.009
  -1 1000     -5.294     13.563     10.686
 437   -2      1.601      9.625      2.534
 434  156     23.344      6.951      9.781
 809   -2    -13.510      8.085      0.943
  -1   -2     -8.775     -1.037    -11.608
 784  643     25.206      3.742      9.619
 251   -2     13.730      0.076     10.509
1051   -2    -13.911     -8.587     10.450
  -1   93     -4.215      8.033      8.568
  -1   -2     15.095     -9.784     12.459
  82  402      7.695     -1.157     -1.801
1061  629    -10.680     -5.682      9.735
 852 1027     29.568      8.468     10.885
 678 1127    -13.569     14.101     11.236
1123  935    -10.514     19.823      9.464
  -1   -2    -15.786    -20.392      7.373
 926   -2      6.234     13.388      7.295
  -1 1104     19.618    -13.012     12.440
  -1   90      6.894     -0.630      8.075
 641  796      0.707     15.944     11.653
  -1   -2     -6.196     13.270     12.158
  -1   -2     14.089    -12.327     -9.091
 804  710    -17.172     15.055      9.732
 518  447      0.337      3.301      3.551
  -1 1124     23.688    -18.047     10.523
  -1   -2    -22.355    -10.128      9.086
  -1  718     22.989      0.017      4.032
 758   -2      9.271    -11.153      8.726
  -1   -2     21.476      6.329     10.986
  -1 1247     -5.502     -5.715      6.339
  -1   -2     -2.870     11.550      9.456
  -1   -2    -16.861     10.240     -8.817
 120  391     20.519      1.293      8.484
 306   -2     22.716     12.106      9.811
  -1   -2     28.018     12.351     12.086
  -1  413     14.430     -1.852      4.847
  -1  632     -2.501     -3.846      8.208
  -1   -2      7.331     11.687      5.831
 961   -2    -13.076     15.662     11.120
 215  335     21.970      1.743      8.568
 462   -2     24.487     -0.959      3.370
  -1   -2      2.491     15.984     12.430
  -1  890      7.804     -4.454      5.824
  -1   -2     20.982     -0.677      4.052
  -1  175    -14.407     -5.042     11.850
 934   -2     21.335    -14.381      6.558
  -1  618     11.563     17.271      7.317
 998   -2     10.818      7.138     10.995
  -1  917     -0.909      8.900      8.898
 310  513      4.344     13.091      6.874
  -1  274    -13.517      4.566     -4.561
  -1   -2     15.629    -11.759     -8.300
  -1  668      8.391     -8.906      4.999
  -1   -2    -12.241    -14.211      2.578
  -1   -2      0.112    -12.970    -11.171
  -1 1100     10.063      6.113     12.124
 435  515    -18.039     -9.103     10.109
  -1 1154     15.296     -3.568     11.962
  -1  679    -17.951    -16.330     11.127
 856  387     23.450     16.852      5.067
 211   -2     17.662      8.338      6.861
1106  633     16.518     -8.985      9.728
1191   -2    -14.942    -17.872      1.924
  -1 1140     -8.675    -14.338      2.792
  -1 1166     11.664    -12.599      6.968
  -1   -2      3.170     -0.703      5.259
1097 1168      6.704    -14.432      7.220
 766  452    -13.086     -5.670     11.241
  -1 1057    -14.078    -14.686      7.401
 924  871    -19.473    -12.373     12.196
  -1   -2      1.557      7.886     10.094
 877 1165     16.547     -0.773      9.468
  -1   -2     -1.470      3.390      5.295
1214   -2     26.428    -17.375     10.433
1275   -2     24.856     23.248     10.990
  -1 1091    -11.892    -20.512     12.212
  -1 1193     21.332     19.978      7.751
  -1  978     26.865    -16.192     12.562
1201   -2      7.387    -20.684      7.446
1206 1175      9.462    -24.271     11.480
  -1   -2     -1.923     23.129     -1.221
  -1 1190      8.403    -23.618      3.106
  -1 1172    -27.985    -12.783      5.181
1208 1006     -1.295    -23.284     10.946
1212 1176     19.309     24.769     11.553
  -1   -2     -5.781    -23.932     -1.078
  -1 1195     20.440     21.618     12.594
1200   -2     23.723     19.077     12.100
 381  381     17.932    -13.147      9.290
1199   -2     14.499    -22.584      3.512
  -1  682      3.645    -19.640     12.934
  -1 1114      2.171    -19.496     10.206
1209   -2     -4.287    -22.924     -1.623
1213   -2    -23.341    -12.878     12.387
  -1   -2     27.013     12.933     11.178
  -1 1131    -20.687    -14.233     10.983
  -1 1099      0.597    -17.082     12.273
  -1 1180    -17.104    -18.640      5.428
  -1   -2    -20.175    -18.255      3.558
1215  716     24.103     16.832     11.565
1204 1182     16.208    -22.847     11.684
1169 1146     -7.943    -20.580     10.128
  -1 1183     -3.245    -24.146      5.825
  -1   -2    -18.005      2.220      6.112
  -1 1200     15.718      2.029     10.286
  -1    7     -5.773      0.270      6.054
  -1   -2     16.474      3.576     -7.980
  -1  815     12.178      2.372      0.431
  25   -2    -11.220     13.853     11.092
 398  803     -9.123      9.116      6.755
   8 1201     14.324     -3.081     -0.769
1231   -2     17.465     -1.513     -3.649
  -1   -2    -11.164      9.936      3.265
  -1   -2     20.438      9.529      7.310
 292   -2     -7.689     -3.076      8.309
  -1   -2     16.657      9.293      2.122
  -1   -2     17.190     -2.149      8.422
1035 1009     11.345     11.546      5.793
1221   -2      5.552      0.445     10.396
1242  474     19.278      1.846     -6.771
  -1   -2      5.548     -4.244     -3.094
  -1   -2     21.779      7.502      2.809
 918  310     -5.065     -9.587      2.413
  -1   -2     14.612      2.136     -2.715
 400  120     21.993      5.282      0.101
  -1 1067    -12.075     11.821      1.666
 234  519      3.187      9.599      6.124
 759   -2    -18.946      1.288      6.473
  -1 1279      6.867     13.311     -1.490
 378  933     -3.032     14.919      7.902
 239  560      6.685      2.173     10.965
 319   -2      6.637     -8.424      1.630
  -1   -2     -5.916    -13.684     -2.059
1259 1264     -5.916    -13.684     -2.059
  -1  849      2.799     13.068      5.061
  -1   -2     21.969     11.736      8.395
 653   -2     16.311     -9.344      5.993
  -1  302     13.691     -7.558      4.704
 465 1228      1.960     -9.932      2.575
  -1  342      1.079     -9.464     -0.846
 294   -2     16.148     12.488     -2.528
 313  480    -14.172      0.987     10.376
  -1  844     -3.474    -17.477      9.813
 382   -2    -10.425      9.321      0.873
 396   -2     25.558      9.463     11.291
  26   -2      0.452      9.535      0.703
 881 1243     21.950     -1.640     -8.394
1016   -2      1.760     13.719     -3.620
  -1  656     -3.664     15.668      2.629
 833   -2     -2.104     -4.653     10.924
 439   -2     -7.009     -9.491      9.236
  -1   -2      0.369    -10.270      1.290
   1    1    -18.069      2.141      6.313
1276 1269     -3.404      1.019      6.972
  -1 1275    -11.220     13.894     11.040
  -1 1069     13.850     -3.647      0.563
1228 1251     20.438      9.529      7.310
  -1   -2    -11.497     15.223      9.825
1233   -2    -11.558     15.271      9.773
  -1  453     19.365     -7.667      4.151
1290   -2     14.098     17.579      9.965
1257 1262      3.492    -11.197      0.569
  -1   -2    -15.985     -7.522     -4.560
 866   -2    -11.997     11.701      1.871
 817 1242     -3.474    -17.477      9.813
  -1   -2    -11.220     13.894     11.040
1284 1274     19.915     12.669     11.318
  -1 1207     18.733     -6.014     11.091
1288  555      9.471     14.481     10.788
  -1   -2     19.365     -7.667      4.151
1297   -2     16.657      9.293      2.122
 327  407      6.883     13.208     -1.280
  -1   -2    -11.220     13.894     11.040
  29   -2    -11.220     13.894     11.040
1281   27     16.573      3.609     -8.237
 413   -2      3.558     12.451     -9.319
 916  540      1.359     -1.433      1.437
1041 1005     -0.788     12.110      8.018
1298   -2    -13.207      7.325     -0.849
