1355
   1 1350     15.737      1.975     10.534
  -1   -2      0.732     10.675     10.598
  -1   -2     12.803     -8.882     12.009
   2   -2     25.689     -6.701     15.214
  -1   -2     11.144      6.627      3.617
  -1   -2     -3.555      0.141      8.046
  -1   -2     18.587     -0.856     13.173
1290 1395     11.511     11.547      9.597
  -1   -2     -4.662     13.232      2.593
  -1   -2     -9.502     -3.884     14.009
  -1   -2     -3.593      3.606     11.000
   5   13     -3.458      1.097      6.906
  -1   -2     15.273      3.393     -9.967
  -1   -2     23.681     -0.524      7.547
  -1   -2     19.251     -0.431     -8.458
  -1   -2    -12.485     12.840     13.694
  -1   -2     15.302      4.735     -0.784
  -1   29    -12.886     -1.045      5.383
  -1   -2     -9.549      9.027      7.039
  -1   -2     10.816      2.469     -7.998
  55 1358     14.428      2.069     -2.564
  -1   -2      9.563      0.316     13.808
  10 1353      4.580     -6.120     12.656
  -1   -2     22.167     -2.406      9.216
  -1   50      7.345     17.892     15.019
  -1    6    -18.193      2.169      6.188
 509 1381     20.017      3.001     -0.667
  -1    4      8.913      9.503      0.202
1326 1401      8.252     13.853     -5.650
  -1   -2     -0.051     12.868     15.097
  -1   -2     -5.944      0.311      6.051
  11 1354     -5.945     -0.792      4.567
  -1   -2    -13.102     -3.949     -0.715
  44 1357     24.124     -2.114      7.817
  -1   -2     23.993      2.802      1.941
  -1   -2    -12.305     14.863     10.904
  -1   -2      8.230      5.853     11.439
  -1   -2    -11.590     -1.178     10.343
  -1   -2     20.006     12.754     10.599
  -1   -2     15.713     -3.360      4.465
  -1   -2      6.041      8.161      0.511
  -1   -2      2.963      0.955     13.771
  -1   -2     -0.004      0.215     -4.094
  -1   -2      5.867      7.399      4.451
  -1   -2     21.517     10.655      3.975
  -1   -2      1.661     -1.968      7.089
  -1   -2      2.504      8.662     -4.408
  -1   -2      5.477      7.249     11.492
  -1   -2      7.698     -0.450     10.153
  -1   -2     -7.924      8.440     -9.832
  -1   -2     -4.391     -0.818      6.049
  -1   -2     -9.064      6.341      3.942
  -1   -2    -11.508     -3.769     -8.418
  -1   -2    -12.505     10.194      2.004
  -1   -2     19.995      6.665      1.911
  -1   -2     16.182      7.882     -1.986
  -1   47     -2.129      0.748     14.213
  -1   -2      5.076     -7.883     12.488
  -1   -2     16.766     -1.566     10.380
  -1   -2     -1.953      9.798      7.225
  -1   -2     -9.724     -3.166     11.769
  -1   -2    -21.336      2.069     11.783
  -1   -2     -4.823      6.934     -4.372
  -1   -2    -11.796      8.172      4.501
  -1   -2      6.806      4.465      4.070
  -1   -2    -15.717      4.529     -5.941
  -1   -2      5.992     13.854      5.607
 111   -2     -9.506     -3.109      0.184
  -1   -2    -10.515     11.131      5.743
  -1   -2    -14.030     -0.855      2.776
  -1  142     21.603      2.985     -3.458
  24 1355      6.662    -10.073      1.468
  -1   -2     -4.625     -5.821     15.210
  57  104      5.926     10.069     -5.989
 122 1363    -13.136     13.037      5.930
  -1   -2     25.649     -5.205      5.773
  -1   -2    -10.577      0.166      5.017
  -1   83      7.006     13.996      9.367
 131 1364     -5.450     16.196      6.296
  -1   -2     10.121     10.290      3.534
  -1   -2     18.977      1.616      9.020
  -1   22    -20.549     -1.854     14.043
  -1   -2     22.013     -0.849      9.197
  -1   -2      4.816     -0.384     -6.214
  -1   39     18.164      6.270     -1.925
  -1   -2      4.703      5.891     12.223
  -1   -2     -0.200     -0.199      4.254
  -1  160     -6.404     -9.844     -6.805
  -1   -2     25.815      3.060     12.671
  -1   -2     13.148     11.415     14.128
  -1   -2    -21.515      0.396     14.155
  -1   -2    -14.473     13.371      9.257
  -1   -2     -6.765     -0.417      8.914
  -1   -2     25.481     -1.201      4.847
  -1   -2     22.890     11.899     14.845
  -1   -2     10.201      2.884      4.521
 158 1368     -2.655      3.637    -10.063
  -1   -2      3.934     -2.054     10.484
  -1   -2      7.474      7.721      1.366
  -1   -2      1.370     13.481      9.311
  -1   -2      5.485      3.331     14.471
 118 1362    -11.970     -6.233     11.642
  -1   -2    -15.962     -1.155      3.725
  -1   -2     -1.254      2.459     -8.429
  -1   -2     15.029      3.036     12.280
  -1   -2     15.018      6.961      2.892
  -1   -2      6.938      3.021      1.891
  -1   -2    -20.014      6.589      7.748
  -1   -2     -1.543      3.312      9.856
  -1   -2      3.633      0.122     -3.790
  -1   -2      0.208      0.421     10.131
  -1   -2     14.804     -0.487     -2.227
  -1   -2     -7.753     16.602      8.453
  -1   99     18.857    -12.638     13.399
  -1   -2      4.573    -11.015     12.811
  -1   -2      3.286     10.251      0.952
  -1   -2     -6.685    -10.780      7.280
  -1   -2     18.697      2.046      5.606
  -1   -2     18.749     -6.256     10.622
  -1   -2     -6.553     -3.510     -0.790
  -1   64     14.391     -5.715      6.660
  -1   -2    -19.593     -2.739      9.769
  -1   -2      6.865     -1.081     -6.697
  -1   -2      2.860      2.237     -8.863
  -1   -2      6.857     -9.247      6.128
  -1   -2    -10.968      1.359     -3.488
  -1  509     -3.916     14.276     13.626
  -1   -2     25.923     -5.793     10.129
  -1   -2     12.618     14.079      3.084
  -1  126      4.665     -1.906     13.790
  -1   -2     18.130      2.007     13.327
  -1   -2      9.701      4.351     11.411
 216 1372      5.361      8.029     -8.807
  -1   -2      7.950     -1.439     13.020
  -1   59    -16.579     -0.536      6.600
  -1   -2     -0.849     14.799      2.020
  -1   -2     18.149     -1.091      0.390
  -1   -2     20.586      3.125     -2.889
  -1   -2    -14.984      6.445      5.101
  -1   -2      8.495      6.866     14.585
  -1   -2     -3.226     -2.170     13.724
  85   -2    -19.228      1.169     14.586
  -1   -2     -6.238     -2.394      9.164
  -1   -2    -12.595     11.924     11.590
  -1   -2     17.797      5.756     10.604
  -1   -2     14.522     17.462      9.263
  -1  486     19.452     -6.688      2.545
  -1   -2     12.355     -5.715      8.930
  -1   -2      3.217     -2.086     12.053
  -1   -2      8.995     -1.258      6.004
  -1   -2     -7.247      2.295      6.366
  -1   -2     -2.978     -2.304      5.429
  -1   -2     19.199      7.031     13.082
  -1   -2      9.526     15.447      3.226
  -1   -2    -16.190      3.453     -8.496
  -1   -2     -2.110      0.384      9.752
  -1   -2    -14.984      2.529     -1.261
  -1   -2      3.809     -1.476      1.003
  -1   -2    -17.542     13.011      9.395
  -1   -2     -7.337      1.082     14.760
  -1   -2     10.950      5.189     10.682
  -1   -2     -0.826     -2.388     10.034
  -1   -2      2.485    -12.812      4.089
  -1   -2     12.100     -4.607     14.387
  -1   -2    -14.042     -2.088     -0.975
  -1   -2     -6.749     -3.627     -2.693
 117 1361     23.011      9.718     13.515
  -1   -2     23.075      1.834     -3.854
  -1   -2      1.042     -0.059      9.966
  -1   -2      8.172     -5.569      7.207
  -1   -2     18.686     10.514     -4.351
  -1   -2      3.057     -1.913      8.314
  -1   -2     25.795     -5.115      9.924
  -1   -2     25.836      4.356     12.054
  -1   -2     15.232      7.714     -5.457
  -1   -2     -5.004     14.840      5.357
  -1   66    -11.065     -8.695      7.555
  -1   -2     25.487      8.541     15.303
  -1   -2      8.654     -1.059      1.436
  -1   -2    -11.140      3.915     -5.947
  -1   -2     10.532     -7.203     -8.949
  -1   -2     12.006     15.506      0.888
  -1   -2    -17.485      1.391     13.640
  -1   -2      6.760      4.112      9.691
  -1   -2     12.534     11.738      8.057
  -1   -2     22.264      7.048     13.826
  -1   -2     18.162     -4.922      8.738
  -1   -2      6.983     13.210     -1.575
  -1   -2     13.100      4.857     14.150
  -1   -2     10.439     -5.292      7.683
  -1   -2     -6.447     13.246      5.770
 202 1371    -16.138      5.608     -2.327
  -1   -2    -15.900      2.753     11.439
  -1   -2     24.063      1.800      4.226
  -1   -2     24.866     11.050      4.442
  -1   -2     13.891     11.822      8.122
  -1   -2     14.428     -8.366     12.137
  -1   -2     12.745      9.544     -0.922
  -1   -2     -1.183      3.606     -3.246
  -1  468      1.371      7.525     11.930
  -1   -2    -18.181     -1.024     11.511
  -1   -2     -2.666     14.910      9.309
  -1   -2     13.912      3.569      4.785
  -1  224    -13.465      7.238     -0.857
  -1   -2      8.278     -3.563     11.078
  -1   -2     12.251     -2.370     12.342
  -1   -2    -15.957     11.931     11.199
  -1   -2    -11.143     -4.929      0.576
 331 1376     17.949     -9.413      1.376
  -1   -2     18.225      0.566     -4.429
  -1   -2     10.639     -8.147     11.435
  -1   -2      7.287    -10.594     -5.378
 187 1370    -17.399      0.518     -0.050
  -1   -2     12.422     -2.196     -5.534
  -1   -2     -4.024     -7.956      9.526
  -1   -2     -2.311      6.031     -1.087
  -1   -2     -4.467     -6.671      1.412
  -1   -2     -0.747      8.870      5.364
  -1   -2      7.668     -1.834     -1.364
  -1   -2    -18.679     12.059      9.028
  -1   -2      7.448     -3.899      7.950
  -1   -2     11.932     -9.446      5.828
  -1   -2     14.086     -4.672     14.092
 741 1386     12.207     -2.507      2.806
  -1   -2    -11.492     -3.048      4.448
  -1   -2     22.936     -0.773     11.636
 300  254    -14.303    -12.337     12.576
 178 1369    -17.102     -3.530     10.204
  -1   -2     18.271      7.695     -2.849
  -1   -2      0.945     -3.453     -1.329
  -1   -2     10.560      1.559      9.996
  -1   -2      2.153      2.697     -9.029
  -1   -2     -6.262      9.548     -4.214
  -1   -2     22.131     -2.951      2.688
  -1   -2     10.318      4.940      8.031
  -1   -2      7.552      9.397      5.554
  -1   -2      1.243     -5.263      8.777
  -1   -2     12.251      3.745     -2.632
 144  218    -16.787      9.264     -0.723
  -1   -2    -14.394      6.503      0.436
  -1   -2     19.153     -9.072      0.469
  -1   -2    -11.588      0.487      0.103
  -1   -2    -13.007     11.059     12.252
  -1   -2     22.917      8.553     12.619
  -1   -2     -6.049      1.695     -9.789
  -1   -2     -7.836     -6.857     12.146
  -1   -2     -5.025     -2.550     11.413
 633 1383     10.346     16.692     12.496
  -1   -2      5.357      9.303     -9.708
  -1   -2    -17.006     -3.296      4.782
  -1   -2     -7.975     -7.184      8.239
  -1   -2     -0.636      6.491     14.542
  -1   -2     24.504      6.500     14.640
  -1   -2    -16.171     -2.747      2.687
  -1   -2     23.164     -2.443     14.403
  -1   -2      2.058      4.773      9.688
  -1   -2    -12.498     10.217     -2.960
  -1   -2      0.027     -2.848     14.619
  -1   -2     -2.345     -5.713      1.236
  -1   -2     -3.552      2.764      8.206
  -1   -2    -15.494      9.735     13.443
  -1   -2     20.218     11.254     13.684
  -1   -2      5.556     -8.099     -3.174
  -1   -2     -5.104      4.357     -8.950
  -1   -2     19.503      4.515      9.342
  -1   -2     11.810      9.262      9.528
  -1   -2     -2.015     13.451      7.720
  -1   -2      5.791      1.068     13.640
  -1   -2     17.615     10.083     14.701
  -1   -2     20.212      5.639     -4.426
  -1   -2      8.454      8.849      6.350
 299 1373    -19.293      6.686      9.832
  -1   -2     15.706     10.001     -5.623
  -1   -2     19.598     -1.196     10.891
  -1   -2    -10.430      1.542     12.652
  -1   -2     13.821     -7.554      5.069
  -1   -2    -19.810      4.267      7.415
  -1   -2     22.794     -2.530     10.625
 799 1387      7.569     11.553     -5.566
  -1   -2     11.840      0.005     -6.491
  -1   -2    -12.296      0.463      2.908
  -1   -2     18.841      3.704     13.469
  -1   -2     -4.769     -0.442      5.498
  -1   -2     16.149      0.545      4.978
  -1   -2     26.528      9.910     12.847
  -1   -2      5.480      1.472     12.125
  -1   -2     19.218     11.236      3.396
  -1   -2     -9.030      9.011     -4.221
  -1   -2     17.148     13.507      1.395
  -1   -2    -15.495      0.737     -7.214
  -1   -2     20.067     -6.973     -6.783
  -1   -2    -15.203      0.685     -3.119
  -1   -2     11.356      3.594      3.194
  -1   -2     20.116      9.484     15.180
  -1   -2     18.342      6.660      9.565
  -1   -2      7.944      1.831      6.721
  -1   -2     18.383      5.310      1.978
  -1   -2      6.141      9.187     10.759
  -1   -2     12.282      0.120      7.270
  -1   -2      2.705     12.078     14.411
  -1   -2     21.717      5.256      9.570
  -1   -2     14.910      3.122     -2.892
  -1   -2     22.592      1.199     11.791
  -1   -2      3.717      9.751      9.908
  -1   -2     10.080      1.797      5.828
  -1   -2     12.723      6.344      9.155
  -1   -2    -15.651      2.469      7.113
  -1   -2     17.203     -8.893     13.219
  -1   -2      3.185      2.278      8.670
  -1   -2     10.272     11.616     14.959
  -1   -2    -14.246     -0.393      8.263
  -1   -2     14.294     -1.911     -8.382
  -1   -2    -13.020     12.680      0.677
  -1   -2      6.953      1.061     11.501
  -1   -2     21.059     -7.070     10.355
  -1   -2      5.804      5.680      4.801
  -1   -2     -3.933      5.633     -8.810
  -1   -2    -17.180     11.131      3.071
  -1   -2    -17.926     -5.308     10.539
  -1   -2      0.242      8.121      1.187
  -1   -2     10.021      2.572      9.724
  -1   -2     20.358     13.872     -4.025
  -1   -2     26.591      2.417     12.676
  -1   -2      9.571     10.502     13.382
  -1   -2     22.553     13.835      2.287
  -1   -2     20.617     15.431     -0.185
  -1   -2     10.880     13.282      6.896
  -1   -2     26.168     -5.992      7.481
  -1   -2     13.704      0.208      1.758
  -1   -2     -0.377      2.294      8.698
  -1   -2      6.247     -2.043      8.305
  -1   -2     -9.714    -10.814      7.793
  -1   -2      4.938    -11.702      9.176
  -1   -2    -12.726     -9.818     -4.248
  -1   -2     -8.994     16.962     10.918
  -1   -2     -6.045     15.493      6.226
  -1   -2     24.027      9.150     12.715
  -1   -2      6.535    -10.348      7.847
 321 1375      9.114     -8.356     11.193
  -1   -2     -4.359      0.388      6.325
  -1   -2    -12.035     -7.748     14.652
  -1   -2     17.302      1.465     -8.496
 372 1377     -9.429    -11.424      3.967
  -1   -2     11.840     17.744     11.549
  -1   -2     20.976      0.222     13.790
  -1   -2      1.288     -9.444     -1.077
  -1   -2     19.655      4.418     -9.150
  -1   -2     17.464      4.798      7.957
  -1   -2     11.842     10.145     -2.992
  -1   -2     21.546     15.402      7.707
  -1   -2      1.999     13.244      5.831
  -1   -2      0.421      2.221      8.907
  -1   -2    -17.676     14.030     14.923
  -1   -2     15.864      9.196      2.070
  -1   -2    -10.019     13.450      3.801
  -1   -2    -18.849      9.560     12.784
  -1   -2     11.129     -0.911     -2.824
  -1   -2     15.066     -2.299     -6.813
  -1   -2     20.978     -6.071      0.035
  -1   -2     17.532     14.226     11.113
  -1   -2    -11.236      6.135     -0.432
  -1   -2     -9.834     12.147     -3.795
  -1   -2     24.676     11.573     10.214
 286   -2    -12.462     13.413      9.174
  -1   -2      5.921      5.566     -9.050
  -1   -2      3.917     -4.815     13.430
  -1   -2     -9.919     -7.409     13.568
  -1   -2     19.932     -6.347     10.237
  -1   -2      3.349     -0.708      4.396
  -1   -2     17.048      4.526     12.353
  -1   -2     19.658     -2.545      7.433
  -1   -2     -4.772      6.463      4.670
  -1   -2     21.659    -11.349      6.909
  -1   -2     -7.904     13.662     14.671
  -1   -2      5.936      1.626     -6.185
  -1   -2     15.318     -5.722     13.076
  -1   -2      4.042      1.362      1.042
  -1   -2    -10.787      0.941      4.373
  -1   -2     -8.499     12.578      8.276
  -1   -2     -6.631      6.535     -0.885
  -1   -2     21.352      7.107     14.724
  -1   -2      2.985      0.391     10.480
  -1   -2     -6.941     -5.964     14.694
  -1   -2      3.630     -0.246     -7.276
  -1   -2      1.287     12.448      0.999
  -1   -2     -6.934     -7.047     -7.714
  -1   -2    -14.505     10.121     -3.376
  -1   -2     -8.708     -1.829     11.735
  -1   -2     14.791      4.543      5.004
  -1   -2     -1.880     -8.550     13.529
  -1   -2     11.215      5.168     14.038
  -1   -2    -14.824      2.614     -8.269
  -1   -2     16.297     -4.785      6.402
  -1   -2     27.199     -6.337     14.316
  -1   -2      0.015      6.669      0.627
  -1   -2     12.748    -10.718      5.451
  -1   -2    -16.744      5.251     -5.795
  -1  410     -7.817     14.783      6.656
  -1   -2     -1.443    -10.457      4.348
  -1   -2      8.327     15.098     14.695
  -1   -2     24.481      1.439      1.527
  -1   -2     -9.400      1.780     12.693
  -1   -2     10.958     -9.133     13.432
  -1   -2     21.809     13.007     -1.287
  -1   -2      7.893      3.093     14.992
  -1   -2      4.157      4.719      8.120
  -1   -2     -3.835      4.524      3.593
  -1   -2     15.528     14.432      9.343
  -1   -2     11.430     11.294     13.831
  -1   -2    -10.101    -11.391      6.942
  -1   -2     -8.461     13.751      7.520
  -1   -2      4.500     15.435      0.704
  -1   -2     24.117     -5.707      7.691
  -1   -2    -14.592      4.397     -0.908
  -1   -2     -0.742     -9.118      0.778
  -1   -2    -17.154     13.730      9.318
  -1   -2     -8.088     10.465     -7.718
  -1   -2     17.967    -10.499     -6.085
  -1   -2     14.462     -3.457     -8.057
  -1   -2     -6.118      6.736      1.727
  -1   -2     22.065     -0.513      4.818
  -1   -2     -5.188     14.604      8.738
  -1   -2      5.933      9.780      0.229
  -1   -2     10.498      6.441     -8.202
  -1   -2      2.788     -9.342     -9.160
  -1   -2     -3.765      7.735      5.207
  -1   -2     -2.409     -8.938     10.964
  -1   -2     15.025      9.737     -8.903
  -1   -2     15.329     -3.499     -0.657
  -1   -2      5.934     12.397     -8.650
  -1   -2     15.585    -14.200      0.107
  -1   -2     16.622     17.450     10.139
  -1   -2     24.048      6.164      2.701
 447 1378    -11.534      4.357     12.053
  -1   -2     13.163      9.838     -7.141
  -1   -2     -5.020     -1.841     -7.930
  -1   -2     -4.506     10.481     10.590
 448 1379     16.437     11.225      4.167
  -1   -2     -9.696     11.519      3.126
  -1   -2    -16.252     -0.061      3.567
  -1   -2    -11.450      7.527     13.278
  -1   -2    -13.118      3.951      1.801
  -1   -2     -6.603     -4.207     13.344
  -1   -2     14.230     -4.977      4.482
  -1   -2     -5.613      0.251     -6.946
  -1   68      6.692     13.879     -3.875
  -1   -2     18.088      4.091      4.340
  -1   -2      2.352     -7.770     -2.080
  -1   -2    -12.463      5.980      6.423
  -1   -2     17.308     11.914     14.742
  -1   -2     -7.928      6.955      4.637
  -1   -2      9.591      6.876     -1.570
  -1   -2     -3.101      5.737      7.798
  -1   -2      7.396      1.507      1.655
  -1   -2      3.217      9.674      2.304
  -1   -2     18.369     13.072      7.281
  -1   -2    -19.234     -1.639      2.967
  -1   -2     25.124     -4.924     14.435
  -1   -2    -14.655     10.466     12.724
  -1   -2    -18.291     13.307      1.143
 506 1380     15.992     -1.875     -0.636
  -1   -2    -12.354     -7.362     12.940
  -1   -2    -13.710      0.983      6.964
  -1   -2      5.716      8.674      7.275
  -1   -2     22.374     -6.108     14.753
  -1   -2      3.556     12.908      7.739
  -1   -2     -9.888      8.851     -2.980
  -1   -2      8.846      2.571     -6.855
  -1   -2      6.367     12.584     10.831
  -1  530    -11.140      2.831      5.009
  -1   -2     -7.399      6.418     -7.566
  -1  484     12.293     -3.181      7.327
  -1   -2     19.900      4.980      1.534
  -1   -2     18.375      2.855     -3.692
  -1   -2     15.878     -8.931      0.242
  -1   -2     26.189     -0.133      8.813
  -1   -2     -3.091     -8.033      7.033
  -1   -2     10.800     -6.651      8.959
  -1   -2    -20.347     -0.314     12.593
  -1   -2      2.564      8.002     15.122
  -1   -2     -6.082     -2.230     -1.159
  -1   -2     15.149      7.864     13.937
  -1   -2    -18.128     11.565     13.799
  -1   -2      8.954     -2.196     13.140
  -1   -2    -12.183     15.085      8.005
  -1   -2     16.208      9.703     15.316
  -1   -2     -3.025     -6.065      6.824
  -1    8    -16.650      2.098     14.227
  -1   -2    -13.305     18.165      4.655
  -1   -2     18.126      8.774      3.306
  -1   -2     -1.036     -3.836      3.325
  -1   -2     25.441     -4.959      6.413
  -1   -2    -17.259      3.362     12.935
  -1   -2      2.094      8.342      0.275
  -1   -2      2.954     -1.261      1.014
  -1   -2      5.928     -0.672      9.809
  -1   -2     -0.624      0.806      0.121
  -1   -2     -5.768      0.882     10.839
  -1   -2    -16.122     -5.587      4.650
  -1   -2     -0.354     14.327      4.737
  -1   -2    -18.205     -0.141     12.269
 660 1384      1.614      7.007     -4.560
  -1   -2     -4.915     13.612      6.294
  -1   -2      3.034      2.022     12.713
  -1   -2     -5.762     -0.314     -3.260
  -1   -2    -20.495     -9.692     14.075
  -1   -2    -14.184     -9.492     12.353
  -1   -2     -8.384      3.132     13.087
  -1   -2     22.300     -5.851     -0.993
  -1   -2    -16.063     -0.857     -2.210
  -1   -2     19.557    -15.522     11.519
  -1   -2    -10.036     -6.606     14.622
  -1   -2     -5.662     -3.638      9.475
  -1  774     -6.116    -14.443      8.815
  -1   -2     -6.272      1.538     14.480
  -1   -2      2.624     -4.324     13.862
  -1   -2    -14.617     11.768     11.877
  -1   -2    -13.801     -9.423      2.116
  -1   -2     18.562     16.878      6.780
  -1   -2      0.729      2.546     -6.006
  -1   -2      0.727     -1.822      3.957
  -1   -2      5.078     13.122     14.068
  -1   -2      3.513     -0.976      5.918
  -1   -2      1.811     11.740      9.550
  -1   -2      8.758      7.790      3.061
  -1   -2     13.624      2.437      4.823
  -1   -2     22.035     -5.187     -6.233
  -1   -2     25.239      3.272      8.129
  -1   -2     -6.120     10.327      7.888
  -1   -2     15.057      1.381      0.255
  -1   -2     27.026      6.712     14.411
  -1   -2    -13.690     10.285      1.256
  -1   -2     -1.149      1.131      9.522
  37   -2    -16.437     -2.013     10.730
  -1   -2      3.070     -3.522     13.992
  -1   -2     21.870      9.916     11.648
  -1   -2      0.959     -3.324     14.562
  -1   -2     -9.631     -7.504      4.717
  -1   -2     -0.366     -1.686      6.771
  -1   -2      4.053      8.735      8.013
  -1   -2    -13.246      9.958      3.736
  -1   -2     19.542     -3.422     -1.836
  -1   -2      8.311     -3.898     12.688
  -1   -2      9.361      7.671     13.296
  -1   -2     -1.233      0.025      3.237
  -1   -2     11.419     15.801     12.075
  -1   -2     19.954    -16.984      6.805
  -1   -2     21.566     17.502      6.662
  -1   -2    -18.627     -9.298     13.794
  -1   -2    -16.997      8.584      3.367
  -1   -2      3.457      6.382     14.193
  -1   -2     -9.235      6.298      6.239
  -1   -2    -19.551     -8.365      2.600
  -1   -2      7.421     14.390      4.629
  -1   -2     -7.683     -0.963     -0.975
  -1   -2    -16.973     15.668      8.940
  -1   -2     -6.708      6.262      9.970
  -1   -2     24.105     -7.893      7.576
  -1   -2    -12.335     -1.279      2.864
  -1   -2     -1.030     12.279      2.560
  -1   -2     15.822     14.864      2.065
  -1   -2      6.941     15.442      6.317
  -1   -2     22.776      8.896     -0.295
  -1   -2     23.922      9.243      6.602
  -1   -2     24.372     -4.141      8.177
  -1   -2     24.872     -2.109      4.311
  -1   -2    -13.203      9.175     15.281
  -1   -2      1.240     -5.572     -3.174
  -1   -2    -19.040      4.126     13.516
  -1   -2     -2.937      0.523      9.574
  -1   -2     -1.366     11.013     -0.825
  -1   -2      7.141     -2.775     -7.744
  -1   -2      7.833      7.934     -4.431
  -1   -2      6.467    -11.543      7.082
  -1   -2     11.574     11.206      1.701
  -1   -2     19.775      8.166    -10.198
  -1   -2     -3.978     -9.624      0.193
  -1   -2     23.026     -1.751     14.416
  -1   -2    -16.304      2.050     12.845
  -1   -2     -4.907     19.089     12.541
  89 1360      6.629     12.359     12.665
  -1   -2    -15.895      2.040     11.076
  -1   -2    -20.586     -0.375      6.262
  -1   -2     -7.387      1.153      5.297
  -1   -2      8.413     -2.156     12.004
  -1   -2      1.689      7.190      9.543
  -1   -2     -1.169     -3.922     12.774
  -1   -2    -18.650     -0.558     14.743
  -1   -2     23.667      5.543     13.573
  -1   -2     10.589     12.690     10.283
  -1   -2     -0.984     -3.211      5.121
  -1   -2     19.161     -3.077      2.979
  -1   -2    -18.772     -8.708     11.710
  -1   -2      9.261      4.599      5.539
  -1   -2     -2.792     14.483      8.321
  -1   -2      9.019      8.588     -5.335
  -1   -2      6.521     -2.253     13.917
  -1   -2     13.511     12.694      8.884
  -1   -2     -7.973      7.186     -6.803
  -1   -2     10.586    -15.162     -8.163
  -1   -2      8.289     -8.392     11.679
  -1   -2     10.424     -5.008     -1.053
  -1   -2     -4.765     15.928      6.411
  -1   -2     18.442     -9.015     10.684
  -1   -2     -0.362      7.901      8.229
  -1   -2      6.950     -8.199      9.377
  -1   -2     18.847     -4.961      8.305
  -1  688     13.407    -10.816     -4.504
  -1   -2     25.786      2.204      9.279
  -1   -2    -12.694     -5.169      4.395
  -1   -2      4.923      8.955     10.990
  -1   -2     12.764     -2.898      7.759
  -1   -2    -17.436      8.501     14.901
  -1   -2     13.876      4.102      3.814
  -1   -2     -7.365     -6.282     -4.216
  -1   -2    -13.171     16.346      9.611
  -1   -2      8.113     -8.603     13.838
  -1   -2     -4.389     -3.202      4.484
  -1   -2     -3.995     10.388     -2.330
  -1  640     -2.214    -10.288     13.160
  -1   -2    -20.062      1.402     10.401
  -1   -2     -8.018     -8.174      0.988
  -1   -2     23.194     16.533      6.550
  -1   -2    -10.132      8.230      5.245
  -1   -2      0.168      6.189     14.235
  -1   -2    -20.734      1.171      9.928
  -1   -2     23.882      7.415      8.738
  -1   -2     22.143    -16.619      3.214
  -1   -2     -2.707      7.582     12.268
  -1   -2     18.693      4.883     14.704
  -1   -2    -16.174     -2.127     13.929
  -1   -2     18.303     10.484     12.162
  -1   -2     18.537     13.985      4.035
  -1   -2      6.425     -5.006     -8.590
  -1   -2     11.155     -2.748      5.245
  -1   -2     -2.783      5.472     12.657
  -1   -2      7.015     -0.764     14.070
  -1   -2     19.154     -4.444     13.061
  -1   -2     21.513     -4.534     10.184
  -1   -2     10.290     -4.157      5.363
  -1   -2    -18.166      9.452      7.562
  -1   -2      4.327      4.996     -3.474
  -1   -2     -4.628     -6.678     -9.631
  -1   -2     18.975     15.535     13.486
  -1   -2     20.040     -0.068      7.736
  -1   -2      1.149    -11.115      2.510
  -1   -2     15.498     15.536     10.685
  -1   -2     22.938     -7.306      4.082
  -1   -2     26.513     -8.684     10.662
  -1   -2     15.734     10.603     -0.878
  -1   -2     13.447     12.719     12.789
  -1   -2      7.746      4.926      8.687
  -1   -2     22.479      3.584     11.192
  -1   -2     23.388      4.857      0.271
  -1   -2     25.359      3.347     15.075
  -1   -2     24.727      8.091      5.254
  -1   -2     17.017     13.677     -0.402
  -1   -2    -14.266     13.228      7.718
  -1   -2     -1.095     -0.452     13.798
  -1   -2     -2.682      2.777     -1.417
  -1   -2    -18.751     -4.462     15.262
  -1   -2     24.521    -16.341      6.646
  -1   -2     -1.028     19.131      7.783
  -1   -2     -1.569      6.053     -4.929
  -1   -2      6.516     -2.415     -2.524
  -1   -2      4.424      3.178      3.316
  -1   -2     11.549     11.930      2.963
  -1   -2     26.905      1.931      9.556
  -1   -2    -11.877     15.536      8.315
  -1   -2     19.494     15.484     -1.556
  -1   -2      5.318     13.372     10.503
  -1   -2      1.779    -10.041      3.242
  -1   -2     -0.157     13.139     13.678
  -1   -2     -8.659     11.970     15.175
  -1   -2     14.753     -1.052     14.898
  -1   -2     24.839     11.933     11.122
  -1   -2     -2.863      3.436     -4.093
  -1   -2     27.317      9.493      6.473
  -1   -2    -13.611     17.918     12.688
  -1   -2      3.817      1.496      8.827
  -1   -2    -10.306    -18.514     12.602
  -1   -2     26.229      8.587     12.352
  -1   -2     -4.382    -15.950     -3.113
  -1   -2     17.400     -9.084     -0.310
  -1   -2     18.715      0.664     13.475
  -1   -2    -16.335      8.767     14.298
  -1   -2     -1.642      8.813     -3.262
  -1   -2     21.662     13.819     10.105
  -1   -2     20.365      2.451     13.963
  -1   -2    -16.914      5.427     -3.609
1093  341     14.960    -15.792     13.495
  -1   -2     -6.882     -0.683     11.345
  -1   -2      3.209     -7.028     13.877
  -1   -2    -10.927     -4.389     11.544
  -1   -2    -15.335      0.574      4.618
  -1   -2     -7.502     10.053     -7.891
  -1   -2     16.944     13.966      1.425
  -1   -2     20.717     11.118      8.864
  -1   -2    -21.106     -4.187      7.617
  -1   -2     -3.518      0.339     -0.751
  -1   -2     -2.510     14.780     13.369
  -1   -2     19.803      4.139      9.362
 701   -2     -7.850     -6.192     10.372
  -1   -2      3.807      8.983     10.661
  -1   -2     17.416      6.136      2.318
  -1   -2    -20.059      5.243     14.222
  -1   -2     -2.216      3.798      0.984
  -1   -2    -11.831     -8.483      0.787
  -1   -2     13.724     -3.388      7.273
  -1   -2     15.128     13.214     -4.044
  -1   -2     -0.441     -6.064      9.051
  -1   -2      2.461     11.682     13.501
  -1   -2      9.297     -4.405     -9.271
  -1   -2    -12.340    -14.452      8.894
  -1   -2      4.298    -10.439      8.082
  -1   -2     -4.670    -15.958      2.177
  -1   -2     -5.227      9.424     -4.096
  -1   -2      1.325     -6.129     14.448
  -1   -2     -5.085      0.920     -3.820
  -1   -2     18.374      4.000     -6.589
  -1   -2      1.944     -2.117     15.132
  -1   -2     11.363     -9.413      8.359
  -1   -2     -0.442     17.023      9.458
  -1   -2     -2.100      7.857     14.823
  -1   -2    -19.391     -8.472      6.644
  -1   -2      7.878     -8.767      7.760
  -1   -2     -8.300     -6.881     -3.944
  -1   -2     12.467      0.291     12.683
  -1   -2     -6.571     11.583     14.378
  -1   -2     18.959      9.691      1.773
  -1   -2     13.619      5.826     14.936
  -1   -2     26.018     -2.342     12.029
  -1   -2     19.125     -5.369     -1.395
  -1   -2      4.887     -6.869     12.406
  -1   -2      2.380      6.333     -3.810
  -1   -2    -13.875     -0.168      9.071
  -1   -2     20.226     -2.672     12.124
  -1   -2     12.356      4.429     14.080
  -1   -2      5.798     16.462      6.414
  -1   -2     -0.789      5.977     13.793
  -1   -2     15.733     -3.572     10.821
  -1   -2     -2.810      5.782     13.871
  -1   -2      2.560     18.072     10.787
  -1   -2      7.669     13.020     14.564
  -1   -2      6.230     -4.912      7.436
  -1   -2     -5.480      7.976     -7.510
  -1   -2      9.666     -0.434      6.210
  -1   -2     -4.568      8.137     -4.586
  -1   -2    -14.829      2.827      8.492
  -1   -2      4.963     -1.710     10.438
  -1   -2     13.346     -0.351      8.318
  -1   -2      7.093     -0.052     13.435
  -1   -2    -18.552     -0.642     10.016
  -1   -2     14.128     -9.640     10.698
 140 1366      4.798     12.293     -7.905
  -1   -2     25.071     -6.767      7.946
  -1   -2      7.933      0.624     13.779
  -1   -2    -10.518     -2.615     10.905
  -1   -2     23.756    -14.483     12.835
  -1   -2    -21.131     -3.309     14.193
  -1   -2    -10.608     -1.875      0.033
  -1   -2     -4.589     13.280     14.931
  -1   -2     13.114      9.697      1.206
  -1   -2     26.207     10.664      4.464
  -1   -2     25.179     12.538     14.008
  -1   -2     28.561      0.226     14.288
  -1   -2     -0.541     13.392      9.444
  -1   -2      0.572     -3.072      9.092
  -1   -2     -4.483    -10.140     12.792
  -1   -2     -3.026      7.125     -6.358
  -1   -2      5.664    -11.096      8.532
  -1   -2     21.500     10.834      1.849
  -1   -2      1.414     -5.979      3.424
  -1   -2     17.920     -1.309      7.218
  -1   -2    -15.687      1.127     15.011
  -1   -2    -16.865     -9.823      4.361
  -1   -2     10.534      0.660     10.921
  -1   -2     29.891     -6.240     13.868
  -1   -2      6.320    -14.775     12.867
  -1   -2      6.040      0.905      9.238
  -1   -2    -10.830      5.030      3.717
  -1   -2     -1.356     -9.118      2.768
  -1   -2    -15.422     10.422      4.302
  -1   -2     13.961     -9.163      4.544
  -1   -2     16.151     -5.641     13.029
  -1   -2     21.126    -15.881     14.656
  -1   -2    -16.880     12.270     12.937
  -1   -2     21.015      2.999      9.607
  -1   -2     18.076    -17.707      6.323
  -1   -2      3.313    -10.284     13.253
  -1   -2     24.735     -8.647     12.471
  -1   -2     -1.524     14.211      4.321
  -1   -2      3.519     -1.447     -2.546
  -1   -2     -2.933      7.677      5.613
  -1   -2     19.763      0.475     14.134
  -1   -2     -1.500    -17.873      6.060
  -1   -2     19.738     -1.996      0.317
  -1   -2      6.863      5.826      4.678
  -1   -2    -13.794    -13.651      6.011
  -1   -2     24.801      5.559     12.038
  -1   -2     18.127      3.733      6.474
  -1   -2     -1.223     10.730      6.063
  -1   -2      6.876      8.680     14.257
  -1   -2     25.142      2.653      3.782
  -1   -2     16.080     12.266      6.243
  -1   -2    -13.207     -0.603      0.211
  -1   -2    -18.850    -10.058     11.678
  -1   -2     -2.463     13.219      5.922
  -1   -2      5.552    -16.456      5.383
  -1   -2     17.928    -15.593      7.234
  -1   -2    -16.462     -0.602     15.050
  -1   -2     12.103    -10.976      8.867
  -1   -2     -9.453     -0.981     -0.486
1295 1403      3.804     -8.559     13.455
  -1   -2     26.762     13.390     14.418
  -1   -2     25.956      4.663     15.185
  -1   -2     23.901     -7.455     15.349
  -1   -2     21.787      1.197     -7.016
  -1   -2     24.151      6.816     12.514
  -1   -2     22.009     14.912     12.920
  -1   -2      1.524      9.393      3.234
  -1   -2     25.434     -0.829     12.367
  -1   -2    -10.420      2.880      8.117
  -1   -2     -4.482     -2.289     -0.963
  -1   -2    -11.675     13.274      5.039
  -1   -2    -14.403     -4.722     11.295
  -1   -2     19.896     15.089      5.128
  -1   -2     27.939     -6.544     11.176
  -1   -2    -10.369     13.458     13.513
  -1   -2     21.782     -6.428     11.418
  -1   -2     -3.335    -13.853     11.361
  -1   -2    -21.014     -1.906      8.520
  -1   -2     20.409     11.057      4.631
  -1   -2     21.664     15.816     10.928
  -1   -2     12.504      0.984     11.821
  -1   -2     21.485     15.275      6.052
  -1   -2      1.188     10.927     -2.864
  -1   -2    -10.549     -7.893      4.226
  -1   -2      7.975     14.967      9.367
  -1   -2      4.994    -17.718     10.874
  -1   -2    -12.577     16.528     11.916
  -1   -2     -7.656      6.963      2.539
  -1   -2     -7.558     -6.326      5.201
  -1   -2     22.710    -10.815     15.002
  -1   -2    -11.279      9.798      3.423
  -1   -2     -6.659    -10.374     10.820
  -1   -2     -7.753     -7.043     10.036
  -1   -2      5.484     14.023      1.338
  -1   -2    -18.940     -4.757     11.201
  -1   -2      6.079     -2.215     -8.125
  -1   -2      6.862    -10.311     -0.656
  -1   -2     14.788     15.390      5.265
  -1   -2     25.443     15.764     12.300
  -1   -2     20.259     -3.743     15.016
  -1   -2      8.366     -5.011     11.947
  -1   -2      8.516     11.821     14.049
  -1   -2    -19.656      8.996      8.092
  -1   -2     18.278     10.959      5.954
  -1   -2     -9.488    -13.014     -3.896
  -1   -2     17.683      8.725     12.940
  -1   -2     11.368     -8.061      7.659
  -1   -2     -2.903     15.449     14.507
  -1   -2     15.365      6.202     -6.834
  -1   -2     -1.240      6.436     14.819
  -1   -2     -3.280    -13.657      4.990
  -1   -2     24.651     14.511     14.109
 964 1390     -9.910     13.695      1.267
  -1   -2     -1.541     12.591     14.761
  -1   -2     23.532     14.975     10.693
  -1   -2     -6.560     -9.603     13.467
  -1   -2     16.361      8.837      9.902
  -1   -2     -9.879      7.235      1.857
  -1   -2      1.607    -11.921     -4.609
  -1   -2    -13.459     13.819     15.089
  -1   -2     26.698     -1.840      7.538
  -1   -2     17.911     -7.759      1.839
 949 1389    -15.082    -19.230      9.935
  -1   -2     19.525      7.483      8.801
  -1   -2     -4.565      7.599     -7.334
  -1   -2     -1.262     16.767     11.554
  -1   -2     16.222     -1.364     -5.288
  -1   -2     22.391      6.408      6.163
  -1   -2     -1.974     14.335      4.273
  -1   -2      1.570     -9.377      5.996
  -1   -2     -8.262     12.228     -0.844
  -1   -2     12.700      4.847      2.653
  -1   -2    -18.681      3.805     12.932
  -1   -2     14.263      5.968     -5.188
  -1   -2     10.125    -18.693      7.915
  -1   -2     18.570     16.572      4.098
  -1   -2     -4.800    -12.963      6.112
  -1   -2     12.341      8.348      4.744
  -1   -2     -1.953      7.118     14.537
  -1   -2     19.106    -13.407      4.810
  -1   -2      1.657      7.457     14.337
  -1   -2      5.659      2.307      6.854
  -1   -2     -6.934    -17.015     14.097
  -1   -2     18.514     15.853      2.549
  -1   -2     25.501     -9.387      6.630
  -1   -2     -6.275    -16.128     14.117
  -1   -2     -8.813     17.021     13.020
  -1   -2    -16.324     15.477     14.697
  -1   -2      4.294     -2.937     11.598
  -1   -2      7.750     12.827     -8.851
  -1   -2     22.820     -3.792      7.844
  -1   -2     20.395      9.766     -8.910
  -1   -2    -11.772    -17.318     15.094
  -1   -2     21.559     -8.334     12.706
  -1   -2    -11.825     -4.860      0.543
  -1   -2     21.920      2.973     -8.171
  -1   -2      0.880     17.561     12.315
  -1   -2    -15.685     -4.105      9.401
  -1   -2    -14.441     -1.645     11.881
  -1   -2      3.793     17.764     12.997
  -1   -2     27.035     -2.109     14.088
  -1   -2     11.387      3.114     -1.364
  -1   -2     -4.575     15.378      6.006
  -1   -2     -0.803     10.690      7.352
  -1   -2     18.137    -10.629     10.510
  -1   -2     15.850      2.249     -6.980
  -1   -2     23.559      7.792     -5.944
  -1   -2    -15.899      9.298     -7.781
  -1   -2      3.744     11.066     -7.414
  -1   -2    -11.294     11.401      3.277
  -1   -2      7.712     10.056     -5.925
  -1   -2     -7.971     -6.676     -0.971
  -1   -2     -8.975     18.050     10.424
  -1   -2     19.050     19.214     11.815
  -1   -2    -17.437     -7.298      5.168
  -1   -2    -14.780      1.541     -1.455
  -1   -2     19.058      6.968     14.954
  -1   -2    -11.571     12.627     -0.392
  -1   -2     -3.857      0.944      1.063
  -1   -2     19.152     11.048      7.977
  -1   -2    -21.690     -2.578     14.762
  -1   -2     23.381    -12.829     10.009
  -1   -2    -18.713     -2.945     -0.730
  -1   -2     22.163      0.699     -0.048
  -1   -2     22.035     10.766     -9.141
  -1   -2     -4.465     11.941     10.526
  -1   -2     24.172     -1.674     12.140
  -1   -2     24.659     -7.648     13.556
  -1   -2     -0.466      1.179     14.758
  -1   -2      8.948     16.763     12.763
  -1   -2      6.226     -1.617      2.995
  -1   -2     11.406     -8.464      3.183
  -1   -2     18.752     18.412     12.013
  -1   -2     -9.157     12.043     11.791
  -1   -2     13.927     -6.143     -6.499
  -1   -2     26.861     12.268      5.896
  -1   -2     16.168     -0.356      5.637
  -1   -2     -8.901     -5.075     14.664
  -1   -2      3.661      8.870     14.065
  -1   -2     -2.088     14.788     11.332
  -1   -2     -0.041      7.646      4.237
  -1   -2     12.753     15.650      5.839
  -1   -2     26.435      7.364      1.165
  -1   -2     27.789    -14.089     14.704
  -1   -2     -4.040     -5.027     -4.610
  -1   -2     -0.839      0.059      5.038
  -1   -2      5.541      1.514     10.787
  -1   -2    -19.113    -13.944      9.031
  -1   -2     23.163     -7.312     -4.171
  -1   -2    -10.982     14.801     11.504
  -1   -2      8.349     12.206     10.762
  -1   -2    -16.615      4.679     -3.758
  -1   -2     -8.433    -14.134      0.092
  -1   -2    -21.005    -10.749     14.447
  -1   -2     14.466     12.748     14.495
  -1   -2    -15.467     -6.318     -2.205
  -1   -2      2.625     -5.996     10.964
  -1   -2     11.772     12.717     14.822
  -1   -2     27.611      3.559     14.238
  -1   -2     25.484     -7.187     10.151
  -1   -2     -3.765     11.009     13.209
  -1 1026     -6.767     19.015      9.343
  -1   -2     -5.347     17.289      8.188
  -1   -2     27.379     13.541     13.880
  -1   -2      3.422      3.470     -2.864
  -1   -2    -19.171     12.464      8.383
  -1   -2     -7.279     -8.150     11.710
  -1   -2     16.641     -8.241     -8.318
  -1   -2     -4.021      0.429     13.673
  -1   -2     22.211     16.686      5.873
  -1   -2     25.248      0.828     12.431
  -1   -2     27.138      4.619      7.947
  -1   -2     20.172     15.678     12.900
  -1   -2      9.203     -3.081     11.656
  -1   -2      0.688      0.248      1.675
  -1   -2     17.421      7.968      8.142
  -1   -2     -2.015     16.057     15.159
  -1   -2      4.695     13.922      5.234
  -1   -2     15.661    -15.122      3.888
  -1   -2     -2.393     14.544      6.921
  -1   -2     18.327     -0.009     12.400
  -1   -2      6.066     18.335     11.062
  -1   -2    -11.934     -6.932      4.771
  -1   -2    -12.114      0.284     -2.740
  -1   -2    -16.356     -9.111      6.333
  -1   -2     -5.682      7.921      8.779
  -1   -2    -18.964     20.978     11.825
  -1   -2     25.628     11.461      0.081
  -1   -2      8.066      5.148     -9.057
  -1   -2    -11.810     -4.376     13.573
  -1   -2      3.054     -2.151     10.279
  -1   -2     10.621    -11.798     -0.321
 954   -2      5.863    -15.405      7.954
  -1   -2      5.527    -10.823     -1.524
  -1   -2     -6.957    -12.235     10.086
  -1   -2     22.037     -1.532     14.969
  -1   -2      4.728    -14.022      9.525
  -1   -2     18.569     -8.378     11.841
  -1   -2     12.699     -0.727     11.609
  -1   -2     12.257     16.175      9.741
  -1   -2    -15.478     -0.650      8.944
  -1   -2      3.287      5.114      3.186
  -1  753    -18.808      7.519      7.850
  -1   -2     13.820     10.549      6.440
  -1   -2    -11.755     -7.631      8.907
  -1   -2     11.193    -15.909      1.055
  -1   -2     17.245     -2.356     10.144
  -1   -2    -16.235     14.551     12.353
  -1   -2      8.623     14.457     -2.288
  -1   -2     -5.072     -5.059      7.236
  -1   -2      9.353      7.527      5.252
  -1   -2    -20.908      1.878     11.409
  -1   -2    -15.483      8.531     12.036
  -1   -2    -11.615     11.636     10.357
  -1   -2     -2.977      5.374     -4.339
  -1   -2     -1.338    -10.238      8.478
  -1   -2     -1.083     -2.598     -2.376
  -1   -2     -1.515     -7.466     12.050
  -1   -2     -9.816     -8.548     14.036
  -1   -2     14.386     -2.730      9.581
  -1   -2    -17.804     18.743      8.309
  -1   -2    -14.363      7.983     -1.887
  -1   -2    -20.274     -8.280     13.733
  -1   -2     26.564     -9.316     12.451
  -1   -2     -4.688     17.543      8.914
  -1   -2      4.333    -18.442     10.693
  -1   -2    -17.829      2.037     14.225
  -1   -2    -10.221      3.462      9.814
  -1   -2     16.329    -13.537      5.229
  -1   -2    -19.028     12.460     13.982
  -1   -2     23.152      9.198     -4.545
  -1   -2     24.627    -16.052     13.764
  -1   -2     22.293      9.569      8.499
  -1   -2      9.200      8.961      3.294
  -1   -2     11.811     16.852      7.243
  -1   -2     -0.444      7.462     10.996
  -1   -2      9.667     -2.914      4.157
  -1   -2      7.406      0.882      5.966
  -1   -2     15.230     -8.235      8.500
  -1   -2    -20.268     -6.539     10.396
  -1   -2     20.026     -5.808     11.485
  -1   -2     17.000     17.168     14.471
  -1   -2     -1.394     16.798      6.806
  -1   -2      5.432     13.643      6.315
  -1   -2     17.000     -8.593      6.467
  -1   -2     23.498      8.145      5.594
  -1   -2    -10.054     -6.451     -4.643
  -1   -2     14.053     14.156     13.285
  -1   -2     19.392     16.369      3.276
  -1   -2    -21.106     -7.768     10.238
  -1   -2    -15.724    -11.194     -4.210
  -1   -2     -1.863    -12.449      5.775
  -1   -2     12.648      4.532      8.820
  -1   -2     18.930     12.317     11.213
  -1   -2     17.675      2.088      1.716
  -1   -2    -17.133     -8.370     12.181
  -1   -2     23.006     11.703     11.959
  -1   -2     11.135     18.039     10.947
  -1   -2      5.056    -14.027      7.155
  -1   -2     21.857      1.124      8.453
  -1   -2     27.133      2.629     14.346
  -1   -2      0.442      4.682      4.438
  -1   -2     27.283     12.914     14.032
  -1   -2     -9.242     -6.504     13.913
  -1   -2      6.577     -8.813      2.712
  -1   -2     27.990    -14.415     12.753
  -1   -2     -2.606     -5.846     12.782
  -1   -2     14.892     16.444      4.051
  -1   -2     11.867    -12.746     14.062
  -1   -2    -15.859     -4.926     -3.536
  -1   -2    -11.140     18.006     11.393
  -1   -2     25.446      0.957     11.120
  -1   -2     -2.647      5.201     -7.997
  -1   -2     -5.879     13.536     10.482
  -1   -2     -3.606     10.979      8.314
  -1   -2     10.733    -11.164     10.412
1110 1121    -11.254     16.800     11.087
  -1   -2     -3.820      5.199      9.169
  -1   -2      2.285    -19.126     15.044
  -1   -2     22.242      1.992     12.580
  -1   -2      6.421     -4.787      1.229
  -1   -2     13.438     -1.698     -0.652
  -1   -2     20.161     -8.128      3.294
  -1   -2     22.577      7.175     12.541
  -1   -2     -4.060      8.128      9.741
  -1   -2     -1.320     18.257     13.884
  -1   -2    -11.348     -4.407     14.433
  -1   -2     22.595     11.778      7.389
  -1   -2      8.541    -10.224     -9.390
  -1   -2     22.188     12.185     -2.762
  -1   -2    -14.514     -1.964     12.156
  -1   -2      2.577    -16.155     11.392
1140 1184      9.471    -18.936     11.708
  -1   -2     -9.589      7.054      7.275
  -1   -2     -6.682     -1.551      5.551
  -1   -2     16.138      3.498      3.399
  -1   -2      0.537      5.133     -1.265
  -1   -2      5.507     -8.980      1.171
  -1   -2     25.992    -17.068     11.274
  -1   -2    -16.818     16.393     -0.674
  -1   -2     20.411     -5.421     10.284
  -1   -2      4.104    -10.638      3.477
  -1   -2      2.286     -6.110      1.138
  -1   -2      5.788      0.203     14.048
  -1   -2      0.515      5.638      4.648
  -1   -2     10.351     -5.160     10.913
  -1   -2    -13.679     -3.616     12.583
  -1   -2     16.733      7.272      0.494
  -1   -2    -17.503     15.882      8.024
  -1   -2     -2.655     -4.231      1.372
  -1   -2     -5.885     15.273      2.333
  -1   -2     23.206      0.453      8.255
  -1   -2     21.715      9.875     -6.351
  -1   -2     13.183      9.610     15.009
  -1   -2    -17.288     -8.895     -4.758
  -1   -2    -21.457      3.344     13.707
  -1   -2     12.166     15.556     14.674
  -1   -2      8.094      4.982     13.783
  -1   -2      7.142     -6.334     14.122
  -1   -2     -5.759    -13.744      8.026
  -1   -2    -11.144     -6.010     13.090
  -1   -2     19.241    -18.720      7.481
  -1   -2     -4.508      0.337     11.688
  -1   -2     23.210     15.363      5.383
  -1   -2     -0.749      6.440     10.748
  -1   -2    -20.586     -2.416     11.475
  -1   -2    -20.866      8.613     12.352
  -1   -2    -11.098      2.775      3.946
  -1   -2     15.085    -18.053      9.667
  -1   -2     23.006     15.374     -1.584
  -1   -2    -19.828    -12.953      4.944
  -1   -2     15.336     -8.340      3.423
  -1   -2      5.356      4.946      4.048
  -1   -2     17.621     -2.851     -8.207
  -1   -2     22.304     12.323      1.911
  -1   -2    -19.517    -13.209     11.297
  -1   -2      7.960     10.581     -8.117
  -1   -2      0.960      0.535     13.605
  -1   -2     21.206    -11.366     11.544
  -1   -2      6.510     -4.876     13.120
  -1   -2      1.499     -4.211     14.855
  -1   -2      5.906     -4.929     -7.263
  -1   -2     10.575     -0.162      3.665
  -1   -2      0.302    -11.556     -0.299
  -1   -2    -18.195     10.813     14.045
  -1   -2    -15.438      9.450      0.280
  -1   -2      1.687     -5.894      9.536
  -1   -2      7.408     12.185     15.064
  -1   -2    -13.985     13.715      0.696
  -1   -2    -19.552    -21.560     14.142
  -1   -2     15.635    -18.546      9.696
  -1   -2    -10.286      6.702     -0.549
  -1   -2     12.965    -14.576      0.743
  -1   -2      9.682     14.707     10.038
  -1   -2     -1.657     -9.089      8.249
  -1   -2     11.692     -5.016     11.683
  -1   -2     -3.039      9.178     15.143
  -1   -2     18.847     -1.139      9.415
  -1   -2      2.584    -10.120     -3.611
  -1   -2    -13.907     -9.489     -2.144
  -1   -2      7.770    -13.520      7.880
  -1   -2     27.239     -6.985     14.700
  -1   -2      4.937      1.570      3.740
  -1   -2     -5.227     -3.042     14.062
  -1   -2     -5.245      9.435      8.185
  -1   -2      5.845    -13.682     14.207
  -1   -2    -15.517      5.335      0.540
  -1   -2      6.384      9.456      6.961
  -1   -2      7.855      9.754      1.502
  -1   -2     22.958      3.740      3.722
  -1   -2      8.824     -9.954      5.521
  -1   -2      1.219     12.111      3.068
  -1   -2     -7.461    -12.017      2.317
  -1   -2     13.979     17.816     11.220
  -1   -2      4.977     -6.673     -0.987
  -1   -2     13.850     11.512      7.060
  -1   -2     21.223     -5.192      1.065
  -1   -2    -15.270     -0.152     -3.762
  -1   -2      9.005     14.344     13.135
  -1   -2      3.250      8.513     14.331
  -1   -2     -8.393    -15.547     14.034
  -1   -2    -13.427     -2.855      4.297
  -1   -2     -9.032    -10.780     -6.178
1223 1392     -1.560     24.681     12.168
  -1   -2    -11.521     -8.804     13.988
  -1   -2     -3.514    -17.621      9.157
  -1   -2     16.591    -23.346      6.569
  -1   -2     23.808     -3.867     12.040
  -1   -2      3.810    -16.444     14.175
  -1   -2      6.617     20.258     14.475
  -1   -2    -16.864    -11.027     14.411
  -1   -2     22.155    -13.671     15.151
  -1   -2      5.872    -22.327     12.418
1219 1391     -1.530    -23.848      9.344
  -1   -2     20.530     23.807     12.870
  -1   -2     -1.884    -18.803     14.736
1232 1393     15.604    -22.731     11.938
  -1   -2     18.565    -18.654     15.302
  -1   -2     -9.783    -18.655     14.881
  -1   -2     16.608     18.777     12.181
  -1   -2      5.044    -19.326     15.355
  -1   -2    -21.849      5.572     13.952
  -1   -2     24.774    -23.465     14.114
  -1   -2    -10.050    -17.199     15.456
  -1   -2     24.435     22.102      9.595
  -1   -2    -15.183    -18.185     14.373
  -1   -2     -8.115    -20.180     15.452
  -1   -2    -19.274    -12.590     15.113
  -1   -2      6.366    -21.250     14.388
  -1   -2     13.499    -14.514     12.554
  -1   -2      4.069    -29.080     -2.590
  -1   -2     27.014     14.063     13.687
  -1   -2     22.352    -17.493      5.699
  -1   -2     21.755    -18.229     12.177
  -1   -2      5.432    -20.555     11.941
  -1   -2      1.899    -20.401     14.863
  -1   -2    -13.675    -12.681     13.204
  -1   -2     21.370     16.193     14.255
  -1   -2     23.070     20.532      9.372
  -1   -2      3.814    -20.944     12.974
  -1   -2      7.303    -12.791    -10.175
  -1   -2     20.909     20.957     15.271
  -1   -2     -2.503    -24.770      4.756
  -1   -2     23.576    -18.569     11.115
  -1   -2    -11.826    -11.008     14.520
  -1   -2      5.010     29.909     -9.900
  -1   -2     21.418    -13.027     11.743
  -1   -2     22.544    -21.316     13.933
  -1   -2    -14.875    -15.458     14.863
  -1   -2     16.779     25.192      8.533
  -1   -2     -9.751    -19.582      6.753
  -1   -2     23.046    -16.599     14.270
  -1   -2     28.175     11.342     12.801
  -1   -2     11.763    -18.915      8.317
  -1   -2     -1.518    -19.817      8.883
  -1   -2     28.459     11.218     13.978
  -1   -2     -0.557     27.632      2.664
  -1   -2     12.798    -19.000     12.058
  -1   -2     -1.168    -19.711    -10.417
  -1   -2    -12.673    -16.651     14.542
  -1   -2    -20.324    -15.302      9.459
  -1   -2     -8.660    -18.631     -0.709
  -1   -2     19.026    -13.460     14.548
  -1   -2     26.744     10.383     14.475
  -1   -2      0.809    -21.264     14.934
  -1   -2     30.799     -2.482     13.375
  -1   -2     -6.662    -14.888      0.568
  -1   -2    -12.704    -11.441      8.886
  -1   -2     -1.348    -27.488     -9.209
  -1   -2     -2.570    -19.405     -1.780
  -1   -2      7.065    -17.547     -3.085
  -1   -2      9.424     27.626      8.813
  -1   -2    -11.075     32.274     -7.463
  -1   -2     23.611      8.316     15.076
  -1   -2      9.840    -16.088      0.203
  -1   -2     29.340    -16.990      9.659
  -1   -2     26.784    -15.707     14.440
  -1   -2     11.618     11.632      9.567
  -1   -2     -3.584      2.186     11.665
  -1   -2     24.037      2.879      2.028
  -1   -2     18.685      2.099      5.512
  -1   -2      8.792     -3.497      1.808
  -1   -2     18.182      2.002     13.438
  -1   -2    -10.196      5.128     -3.668
  -1   -2     -4.012     -0.430      9.660
  -1 1382     10.963      9.056      9.367
  -1   -2     -0.828      3.665      1.465
  -1   -2    -19.299     -2.846      8.685
  -1   -2      6.927     13.221     -1.469
  -1   -2     25.030     10.891      4.692
  -1   -2     13.140     11.427     14.123
  -1   -2     25.819     -5.070      9.921
  -1   -2    -12.064     -6.296     11.455
  -1   -2     14.487     17.419      9.404
  -1   -2     19.314     12.818      6.212
  -1   -2    -12.449     13.370      9.112
  -1   -2     -6.333      0.995     -4.950
  -1   -2     -0.111     12.943     14.916
  -1   -2     -0.530      4.482      7.110
  -1   -2     24.118     -2.111      7.648
  -1   -2     22.374     -6.108     14.753
  -1   -2    -14.467    -11.458     -0.363
  -1   -2      4.490    -11.064     12.671
  -1   -2     24.367     17.307      6.675
  -1   -2     23.370     13.351     12.349
  -1   -2     -6.116    -14.443      8.815
  -1   -2     27.789    -14.089     14.704
  -1   -2     17.714     10.040     14.803
  -1   -2     16.125     -8.389      2.355
  -1   -2     -1.073     15.261      1.835
  -1   -2     24.435     22.102      9.595
  -1   -2     15.600      1.981     10.565
  -1   -2      0.727     10.728     10.773
  -1   -2     -9.356     -0.913      7.830
  -1   -2     21.565     10.633      3.997
1340   -2    -13.328     13.120      6.415
  -1   -2      8.834      9.378     -0.053
1324   -2      8.834      9.378     -0.053
1331   -2     11.618     11.632      9.567
  22   -2     -3.584      2.186     11.665
  34 1356     24.037      2.879      2.028
  56   -2     18.685      2.099      5.512
1332   -2      8.792     -3.497      1.808
  91   -2     18.182      2.002     13.438
 252   -2    -10.196      5.128     -3.668
  59 1348     -4.012     -0.430      9.660
 526   -2     10.963      9.056      9.367
  71   -2     -0.828      3.665      1.465
  73   -2    -19.299     -2.846      8.685
1300 1404      6.927     13.221     -1.469
 241   -2     25.030     10.891      4.692
 101   -2     13.140     11.427     14.123
1017  601     25.819     -5.070      9.921
  -1   -2    -12.064     -6.296     11.455
 148 1367     14.487     17.419      9.404
1072   -2     19.314     12.818      6.212
  -1   -2    -12.449     13.370      9.112
1351   -2     -6.333      0.995     -4.950
  33   -2     -0.111     12.943     14.916
 709 1385     -0.530      4.482      7.110
  -1   -2     24.118     -2.111      7.648
 453   -2     22.374     -6.108     14.753
 634   -2    -14.467    -11.458     -0.363
 293   -2      4.490    -11.064     12.671
 720   -2     24.367     17.307      6.675
 648   -2     23.370     13.351     12.349
 837   -2     -6.116    -14.443      8.815
 889 1406     27.789    -14.089     14.704
 254   -2     17.714     10.040     14.803
 196   -2     16.125     -8.389      2.355
 262   -2     -1.073     15.261      1.835
1252   -2     24.435     22.102      9.595
  -1   -2     15.647      1.964     10.574
  -1   -2      0.727     10.728     10.773
   4   -2     12.789     -8.848     12.042
  -1   -2     -9.356     -0.913      7.830
  -1 1402     21.565     10.633      3.997
  -1   -2     15.600      1.981     10.565
1286 1394      0.727     10.728     10.773
1328   -2     -9.356     -0.913      7.830
1366   -2     21.565     10.633      3.997
