1316
 257   -2      4.810     -6.211     12.594
  45   91    -10.008      5.987      8.565
   2    1    -10.592      7.708     10.659
  -1  786    -12.913      6.248      8.785
  -1   -2     12.934     -8.894     11.827
  -1   20     16.408     11.152      4.203
   7   -2    -11.811     -0.346      7.514
  -1   -2     15.839      1.963     10.372
   0   -2     -0.853      7.184      3.022
  -1  247      0.875     10.585     10.657
  -1 1129     21.306      0.190      8.570
  15    7     -2.158     15.008      7.372
1016  405     25.864     -4.861      6.689
  -1   -2     -6.152      9.599     -4.367
 494  627      9.705      4.416     11.418
 278   -2     -6.674      0.419     -0.584
  -1   30     17.127      3.068     -3.420
  73   -2     15.177      3.212    -10.614
1173   -2     -3.966      1.897      8.957
  -1   -2     10.454     11.581      2.476
1237 1187      3.482      2.469      3.608
 134  205     15.205     -0.496     -2.507
  -1   -2      8.867      9.273     -0.266
  57 1260    -12.071      7.112     -8.986
  -1   26      6.241     -5.041     -8.732
1083   -2    -11.909      8.602      6.613
  -1   -2    -12.131     -0.249      3.124
  -1   -2    -16.162      0.076      4.772
 135  409      9.793      4.503      2.413
  -1   -2     16.436      3.619     -7.981
  58   40    -12.979     13.914     10.741
  71  894      4.391      6.991     -3.345
  -1   73      1.669      7.816      5.743
 341   -2     -7.047     -1.130      6.631
1264  319    -11.184     13.855     10.981
  -1  564      9.351     -3.060      9.563
 532  569     21.981      5.365      2.291
  -1  220     16.742      7.717     -5.248
  34   -2     19.333      5.116      2.687
 161   -2    -14.477     10.441      6.100
  -1   82    -15.190     12.749      3.730
 316 1080     17.467      6.437     -0.197
  -1   -2    -10.267     10.595      5.230
 828  187    -13.793      1.405      1.323
  -1   94      2.282      5.589     -3.978
 427   -2      1.443     -1.726     -0.750
  12 1250     14.975      8.193     -1.662
 379 1042     11.924      3.960      9.310
  -1   14     16.788     -9.271      7.477
  -1  274     12.707      1.907      6.906
  -1   -2      1.654      2.847    -10.284
 773  433     11.211     -0.983      9.354
  -1  522     11.044      7.491     10.787
  -1   -2      1.377      8.551      9.244
 527   -2     19.335     10.410      7.131
 181  120      1.442      1.269     12.468
 132   -2    -12.278     -0.869     10.403
 370  806     -7.421     12.365      1.825
 735   -2    -17.253      7.437      9.550
 623   -2      4.671     -1.446     11.074
  -1   -2     11.448     -6.181      7.933
  -1   -2     18.898     -6.258     10.395
  -1   -2     14.314      2.147     -3.029
  -1   -2     16.975     10.757     -2.989
1267   -2      0.992     -1.094      9.143
  94   -2     19.146      0.030     -8.349
  -1   -2    -11.214     -3.105      9.491
  -1   -2      6.007     -1.103      6.820
  78 1264     18.921     -1.524    -11.161
  -1  482     -1.703      2.868     11.808
 291  740      5.345     11.670      4.997
 575  241     -3.161      3.738     -2.809
 939 1105     18.288      1.906      6.814
  -1   -2     10.820     -3.941     -5.127
  -1   70    -10.243     -0.844      3.990
 145   -2     24.437     -2.032      7.482
 423  288     19.967      3.663      5.047
 108   -2     23.746      4.756      7.678
 178   -2      5.257      3.092      2.799
  69  496     -6.560     -0.243     -4.455
  -1   -2     -1.492     15.342      3.403
  83   -2    -11.503     14.036      7.722
  -1  807    -16.033      1.652      8.061
  -1   -2      2.062     -1.892      7.393
 117   -2      5.932     -4.227      5.823
 647   -2      1.957      0.446     -7.287
 909   -2     -7.162     -2.471      1.622
1277  154    -17.022      0.090     -0.993
 297   -2     17.737      6.028     -3.791
  -1  162      5.298      9.205     -4.709
  -1  113     16.890      1.270      8.359
  -1   97     -4.413      4.560      9.014
  -1  125     18.501     -0.160     -3.622
  -1   -2      9.208     11.429     -5.671
  64   78     20.895    -12.596      8.041
 743  161     16.220      2.348      0.251
 698   -2     12.249     -3.903      1.445
 603  383      2.789     10.422     -2.108
 272  269    -18.005      5.323      8.026
 912  944    -13.446      7.240     -1.376
  -1   -2     -4.797     -1.552      7.791
 959  843     21.900      3.002      9.619
 624   -2    -13.054      3.995      2.990
1257  756     16.348      5.995      8.925
 104  122      5.211      9.385    -10.003
 721  730     -5.605      0.028      8.556
 452   24     -4.465     -2.281      5.454
 840  908     -1.810     13.165      7.206
  -1  278     10.569     -7.716      4.515
 991   -2      5.329      8.989      7.953
  -1   71    -18.404     -2.075      7.008
 850  759      1.907      5.338      1.247
  -1  105     19.831     12.776     11.032
 180  166     16.902     14.254     -0.972
 166  372      1.410      9.389     -2.165
 570  906     -1.753      9.828      7.229
 847   -2      9.521     12.854     11.740
  -1   47     -5.948     -0.784      4.166
1295   -2      5.200      0.027     -3.761
  -1  216     15.169     15.043      3.087
  28   50     18.028     10.546     -0.420
  50   -2    -10.550     -0.567      9.104
 331  688    -10.368      4.961      8.140
 284   -2     20.119     -5.493     10.202
  61 1143     11.295      8.105     -1.048
  -1   87     -3.898      8.075     -0.150
  -1  248     -9.048     12.704      1.496
  -1   -2      9.362      2.062     12.008
  81   -2     11.012     -4.477      2.811
  -1 1246      9.519      5.082      8.682
 742  256     21.603     -4.395      7.600
 310   -2     -1.934     -0.349      9.085
  -1   68      8.426     -6.284      4.692
  -1  407      7.023      6.170     -1.201
  -1   -2      6.318     15.438      8.342
  -1  726    -11.881     -4.374      6.541
 446   -2     14.304     -9.864     10.982
 426 1285     -4.657     -3.275      7.885
  65   -2     20.945      9.148     12.203
  -1   -2     13.333     10.237     -9.502
 307  130      5.869     -4.889      1.256
  -1  379     -7.818     -6.374      9.890
1315   -2     10.652     -2.927      3.705
  -1   11     -1.938      1.985      5.828
  -1  636      5.169     -0.765     -0.160
 976   -2     10.433     15.826      9.573
1255 1306     14.350     -6.522     11.296
 231   59     10.403      2.514      3.981
 579   -2      1.425     12.555      8.384
  -1   -2      1.182      0.933      2.456
 763   -2     13.330     -6.636     10.582
  85   -2     17.251     -0.774      8.592
   5 1003     12.685     -8.277     12.418
  -1  545     14.973      6.113      4.615
 176   -2    -14.876      6.224      4.814
  54  179      8.282      7.705     -0.144
  -1  258    -15.852      0.117     -1.144
1001 1100    -16.468     15.331      7.903
 923   -2     -0.686      4.393      5.937
1130   -2    -13.445     -5.871     11.230
 208   -2      4.389     -0.460      8.055
 326   -2     -7.021     13.426      5.323
 619   -2     15.920      1.396     11.101
 250   -2     24.137     12.425     12.625
  77  866    -20.219      1.110      9.855
 126  888      7.093      4.668      8.001
 245 1287    -16.011      1.413     12.480
  -1   -2    -11.964      0.761      2.450
 791  261     16.822     13.018      5.957
  -1   -2    -11.467      7.166      1.984
  74  260      5.916      5.378      3.869
 913  119      9.351     15.817      7.967
 821  387    -11.559      1.855      9.301
  -1  310     19.792     11.569      8.014
 476   -2     -3.865     -0.268      4.575
  -1  340     16.927     15.402     -1.904
 542   -2     21.086     10.912      3.548
  -1  621    -19.650      6.525      7.419
 702  255     16.808      0.029      4.520
  -1   -2     -9.420     11.610     -6.447
1114   -2     15.301      3.445     11.571
1258  225      7.241      5.760    -10.054
  -1 1157    -18.841     -8.313     10.141
 196  175      1.079     -2.435     -4.807
 554   -2     10.816     -1.230     -4.423
 610  516     -4.119      8.090     -5.543
 899  902     24.885      4.226      9.964
 329   -2    -18.002      0.347      7.982
 376   -2     15.611      0.610     -2.264
 249   -2     14.498     -8.652     11.614
 636  997     15.667      9.755     12.466
  47  178    -16.027      0.156      2.944
 203  678     20.574     11.319      8.531
1274   -2     11.370      7.377      7.998
 251  711     26.324      7.589     12.450
1115  500     -4.829    -12.898      0.878
1252 1212     22.834      0.028      6.407
  -1   -2     -6.771      0.150    -12.081
  -1  221     23.475      4.710     -1.017
 492  157     26.499     -6.580      8.047
 535  228      7.074     12.991     -2.689
 258   35    -12.712      9.723      2.323
  -1  110    -11.933     -2.008      2.406
  29   46      3.671     -0.954     -1.766
 172  703     18.050     -6.095      2.980
 473  613     23.584     11.967      8.080
  98  593      6.638     -0.767      8.091
  -1   -2      2.287     -5.825     12.355
1234  325      8.836     -2.758      0.489
  -1  275    -15.474     -1.499      8.192
  -1   -2     -1.321      0.681     11.436
  -1   -2     12.583      3.603      5.735
1146   -2     25.716      2.194      9.976
  -1  532     19.248     -5.287     10.992
  -1   -2    -14.117      0.583      4.204
 151   -2     -4.664     13.218      5.482
 124  232    -16.943     -3.226     10.544
  -1   -2     21.265     11.887      8.848
  -1  480      9.227     13.680      4.542
 515  635      8.247      2.637      1.550
 109   -2    -12.585     10.730     12.236
  -1  943      5.146     -1.187      7.636
 398 1169      0.105     -1.640      7.856
1199  464     -4.097     -6.547      5.416
1172   -2    -16.659     -3.235      4.870
 159   -2     18.407      1.038     -8.790
  -1   -2      0.319     -6.260     10.378
  -1   -2     13.416      2.604     -8.455
  -1  381    -11.017      5.955     -1.135
 979   -2    -17.092     13.034      5.597
  -1  236      3.978     -1.004     11.663
 201   -2     -4.304      2.689      9.638
  -1   -2      8.954      0.041      4.635
  -1 1028      3.532      1.267      6.683
1045   -2     12.358     12.147      7.566
 751  212      3.358     10.510      7.817
 536  146     21.467      5.090      9.442
 339   -2     23.237      5.338     -1.441
  -1   31     -5.176      0.126     10.237
 930 1296      8.521      6.833      3.488
  -1   -2     -9.799     -2.569      6.683
  -1  177      5.032      7.132      1.254
  -1   96     22.609     -9.706      6.664
  -1  589     19.080      4.287      5.272
  -1   -2      7.057     14.083      9.212
 793   -2    -19.145     11.269     11.940
 350  792     23.856      2.088      9.211
  -1   -2     -0.365      5.514      4.611
  -1   -2     -3.383      1.183     11.370
  -1 1045     -0.854      7.107     12.307
  -1  618    -14.097      6.815    -11.257
 365 1024    -16.618     -0.599      6.255
 288   -2      9.058     15.557      1.571
  -1  243     25.535      1.367      6.834
 100 1267     16.833     -2.949      4.574
 505   -2     -5.528      8.579      1.919
 458  373      6.337      4.063      2.449
 461   -2     10.905     13.221      7.387
 513  197     17.267      3.545      6.720
  -1  444     21.547      5.045     -6.155
1044  877     -6.663      7.210      0.885
 471   -2    -10.997     -1.288     -3.547
  -1   -2     23.085      0.477      0.917
 971   -2     19.081      5.446     12.156
 236   -2    -19.627      5.381      7.257
 199   -2      4.978      6.155     -6.407
 141   -2    -17.305      5.530     11.657
 482  137     -1.348     -3.118      4.498
 568   -2     11.022      7.768     -4.913
 531   -2      3.589    -12.687      4.287
  -1  799     -1.071     12.224      2.851
 835   -2      8.681      7.581      5.339
  -1   -2      1.602      7.956      1.062
1009  115    -11.819      9.931     -2.558
 381  183    -18.000      7.525      3.869
1153   -2      0.637      8.718     -4.762
1235 1301      9.834      9.079      0.545
  -1   -2     16.347     13.376      2.068
1251 1281     13.078      4.916      6.304
 215   -2    -11.217     -4.940      9.318
 469  648     14.856      8.360     11.295
1181   -2      7.389     -1.956     11.615
 229  344     17.706     -2.309     10.818
 264  599      1.985     -3.481     10.873
  96  503     17.755     -8.338      6.280
  -1  670     -7.665      5.584     -3.493
1126   -2     -7.795     -2.998      3.810
1139  790     -3.944     12.542      5.857
  -1  174     -6.596     -3.209      8.965
  -1  333    -14.934      7.506      0.309
 154  240     12.690      8.256      5.039
  51   -2     13.691     -2.413      1.229
  -1  896     12.905     -0.690      5.120
 863  951     -2.348     14.969      2.581
  -1   -2     11.715     10.124     -7.237
 784   -2    -15.202     -6.531      6.329
  -1  139     20.317      4.172      4.353
  -1   48      0.414      0.292      6.546
 345 1066     -4.671      7.347      9.609
  -1   -2     -8.093      7.556    -11.579
1290  684     22.697     -3.159     11.588
  22   -2    -16.188     13.832      1.345
 285   -2     23.750     -3.414     12.431
 394  347     11.577     -4.628     12.266
  -1   -2      4.434      1.565     12.551
  -1  142    -17.792      0.169      5.101
  -1   -2     17.342     -3.326    -10.007
 122  390     -1.694     -7.444     11.999
  -1  450      0.481     -7.410     -2.974
 408   -2      6.083      8.141      0.338
 852  931     -0.603    -12.732      9.851
  -1   -2     -3.307      2.228     11.801
 112   -2     17.004      0.972     -0.418
  -1   -2     21.776     13.503     10.374
 920   -2     23.988      4.538     11.258
 587  776      2.643      6.557      7.985
  -1   -2      7.600     -2.724    -12.233
 330 1279    -13.518     -6.370     -2.395
 318   -2      7.845     16.786      6.731
 281  356     -5.315     16.066      6.854
  -1   -2      9.263     11.587      6.770
 385  348     -1.149      2.183     -3.966
  -1  595     10.522     -4.672      8.456
  -1   -2     23.191      6.134     11.884
 193  111     -0.063     10.458      6.605
 775 1190    -15.139     11.450     11.735
 478  698     10.935     -8.060     10.555
 105  567     -7.804      5.166     -0.284
 213   -2     16.174     -8.463      1.765
 690  752      6.423     -9.092      1.054
 755 1041      6.245     12.031     12.066
 143  307    -11.594     15.228      9.938
 638 1127     14.268      9.076      5.141
  -1   -2     16.463      3.128      6.616
  -1  469     25.388     -5.759      9.391
 119   -2     18.047      3.597      9.110
  -1  304     11.679     14.435      9.985
  -1  868     -8.026     15.576     10.835
  -1   -2     13.842     -0.982    -12.601
 173   -2     22.104     -2.051     -0.726
  -1 1052     -8.373      8.180     -3.485
1125 1259     24.199      5.343      4.872
1248    9     -3.880     -0.140      8.748
 234   -2     17.100      5.067      9.218
 864 1292     21.667     -5.295      9.425
1102  903     -9.694     13.936      5.106
  -1  811      4.136    -11.223     -1.960
  -1   -2     14.752      4.659      4.421
  -1   -2      8.481      8.515     -8.026
 106   -2     12.030      2.648      0.217
  -1 1314     17.316     -1.327      8.062
 407 1162      3.799     16.002      2.417
 811  365    -17.619      0.654     10.620
  -1  259     24.026      0.370      0.851
 806  984    -14.702     13.385      9.462
1168   63     -2.238      2.402     -3.851
 353 1089      6.929      2.102      6.430
 853  153      9.279     12.540      8.727
  -1  847    -14.655     -3.311      4.885
  -1  916     16.994     -2.710      8.570
 488 1167     17.013     -3.680     -3.901
 560  576    -13.100     -0.420      9.654
1062   -2     17.341     -8.703     12.488
  -1  664     21.196      5.561     12.386
 334   -2     -5.600     14.683      5.468
  -1  820     -9.441    -12.851     -4.007
 217   21     -9.795     -3.243     11.920
1187   -2      9.475    -11.799     11.980
  -1   -2      8.045      0.169      3.405
 225  224     -0.387      0.674     11.142
 600  244     13.434     -6.799      4.271
  -1   -2      5.440     -2.005    -10.144
  -1   -2     -6.232     -6.892    -10.782
  46  760     14.967      3.307      9.574
  -1   -2      9.955     10.514     11.989
 576   -2     21.184      8.008     -0.798
 450  704     24.724     -4.476      8.765
  -1  299     -4.365     13.772      8.535
 653  775     22.982      9.561      7.816
  -1  301     20.035     -3.657     -1.353
  -1   -2     24.277      6.642     12.057
  -1  513     17.317     -4.042     11.633
 567   -2     26.327      3.965      7.157
  -1   -2     18.840      9.727      9.168
 440 1055     -1.363      8.391     -3.364
1029  910    -13.242     11.821      6.696
  -1  540     -7.439     -3.464      6.571
  -1  297     19.982     11.356      3.463
 218 1276     -8.968     -5.846     -4.083
  -1  345     10.909     -0.620      2.069
 586  544     16.145     11.326     -2.754
 519  885     12.811      2.800      7.574
  -1  825     11.214     16.176      3.091
 601  267     16.793      5.704    -10.869
 797   -2    -12.200     10.848     -1.644
  -1  936     19.489     12.879      6.776
 270   -2     18.217      7.844      0.996
 508  555     14.681     -4.649     12.058
  -1   -2     20.358      3.408     -3.329
  -1   -2     -9.306      1.131      9.373
  -1   -2     20.594      4.981     -1.503
  -1   53     -0.787     15.837      6.340
1052  974     10.851      1.135      7.852
  -1  206     14.443      9.197     -1.789
 420   -2      7.634      5.412      0.835
 548  784      0.638     -4.263      9.354
1012   -2     14.891     12.205     -9.669
  -1   -2      1.332     -0.089     -2.300
1000   -2      5.894     -8.902      7.075
  -1  217    -11.653      1.577     -9.817
  -1  930    -17.667     -5.331      5.623
 205   -2     -8.088     -5.853      9.222
 475   -2     24.795     -0.966     11.004
 243 1180      2.131     15.907      7.766
  -1   -2     16.826     -1.892     -3.227
  -1  755      3.133     -1.847      7.946
1167   -2     20.702      9.990     -1.062
  -1  742     22.073      9.978     -4.731
  27  287    -10.140      3.132     -9.335
  -1  375     22.574     -0.919     12.082
  90   -2     25.680     -5.271      9.476
 781  611     13.140     -5.461     11.991
  -1  448     -0.399     -4.832     -6.615
 523  628     15.289      8.046      9.033
 966  158    -18.871      2.747     10.002
  -1   37    -13.459      0.935     11.475
 967  227     11.658     16.499      8.334
  89  127     -2.359     -0.835      6.998
 953 1297     14.904      3.221     -3.406
1178   -2    -10.049      4.901      3.659
 424  172    -14.773      0.434      5.620
 685   -2     25.949     13.873      8.476
  -1   -2    -13.813      4.633     -8.659
 648   -2     -4.097     -5.141     10.269
  -1   -2    -14.001    -11.312      2.360
1301   -2    -11.980     -3.712     -2.724
  -1   -2     16.373    -11.205     -9.610
 829  667     23.121      9.184     -1.286
 391  624     14.396     -2.484      5.355
 671  295     19.118     16.576      4.299
  -1   -2     -0.419      9.868    -12.216
 387  425      4.192     -7.381      1.524
 787   -2     21.753     -1.082     11.989
 654  619     14.277    -12.239     -4.420
 463   -2    -14.117     -2.307      7.907
  -1  358     22.391    -10.385      1.959
 552 1133      7.922      1.967     12.579
 428 1286     12.565    -10.809      4.850
 366   -2      5.543     -7.746     11.387
1303   -2     11.348      5.465      9.781
  -1   -2     -8.339     12.620     -5.171
 396  428     19.802     -7.959      3.402
 757   95     13.675      3.223     10.047
  -1   -2      9.502     10.281      7.125
1070  963     -9.522     -6.912      8.839
  -1   -2     18.024     13.427     -5.029
 843  646    -14.072      7.863      1.490
  -1   -2    -14.563     -0.143     -7.082
 669   -2      1.075     -9.506     -1.206
 990  436    -10.815     -8.631      8.048
 948   -2     20.735    -10.289      6.754
  -1   -2     -1.644     11.209    -11.607
  -1  706    -13.277     -8.692      5.318
 594  550     14.146     13.563      7.337
  -1  520     18.357     10.684     -4.199
 432  164    -16.393      2.161     11.813
  -1  714     -9.828     -8.786      1.890
  -1   -2      3.495     -8.961     -7.811
  -1  408     -5.833      6.183    -10.253
 171  330      2.565      3.793      5.118
  -1   -2      9.026     -9.435     11.593
1297   -2      5.965     -5.290      6.371
1007  724     15.762     17.859      9.739
 723  562    -10.826     -3.384      7.076
 157   -2     12.215     -1.448      1.832
  -1  590     15.603    -12.163     11.815
 540  853     26.833      5.782     10.493
  -1   -2     -5.338      7.687      7.088
 683  392     -0.484     -6.824      8.494
 477   -2     12.235      9.367      9.593
1158   56     27.844     -4.131      8.741
 383   -2    -16.153      5.767     -6.824
1275   -2     17.763     14.144      1.811
 338  402    -16.377      3.798     -8.060
 875  176      6.335      8.053      8.218
 228 1108      6.886     11.169      8.363
1261  329     19.661      3.948      8.840
 849  266     -3.242     -8.301      7.015
 343  156     15.514     -5.653     11.130
  -1  643     -1.576      2.587     -8.690
 390   -2      5.049     -8.353      2.501
 881  218     -7.664     -4.603      7.963
  -1  596     19.219     14.621      2.191
  -1   -2    -11.207      1.879     10.889
 271   -2      0.451     -6.757     -5.655
  -1  812    -16.185     10.542      3.623
 325   -2     -2.824    -11.542      8.004
 606  239     21.007     -5.002     -8.844
 789  563    -19.714     -2.202      9.186
1238  124    -11.061     16.519      7.799
  -1  729     19.124     -2.797      1.720
  -1   -2    -15.818    -10.574      9.081
1043  927     19.935     15.041     11.765
  -1  604    -10.673     -3.666     -6.386
  -1  813     -3.205      4.663      4.226
  -1   -2     -2.216      9.973      4.590
  -1   66     18.927     -1.043      5.039
  -1  320     -4.003     16.249      7.099
  -1  328      9.527     13.337      8.221
  -1   -2      9.453      8.257     11.544
  -1  557      7.327     -7.386      5.580
  -1  559     22.868      7.157      2.756
  -1 1040     -9.540      9.684      8.040
 984 1126     16.116     15.860      5.097
 565  607     13.175     -4.168      7.142
  -1  184      6.867     -6.266     -7.698
1189  314      8.676     -7.885      5.019
  -1   -2      6.180      9.280     -5.649
  -1  578      5.340      8.839      4.654
  -1   -2     23.923     -2.738      9.655
1299  463     -5.678     13.989      5.144
  -1  991     -1.746     -8.964     -6.470
  -1  286      3.215     -4.762     11.257
  -1  456     19.397     12.140     -1.009
  -1 1087     18.505    -10.736     10.975
 287  709    -11.583     -0.232     -9.486
  -1   -2     15.126     -4.172    -11.298
  -1   -2    -16.340     -6.454      8.966
 968  401     -6.864     15.508      4.657
  -1  523     -2.028      2.459      2.933
  -1   -2     10.703      2.610      0.572
  -1  734      8.937     -1.372      6.244
 214   -2     17.888     12.954     -6.503
  -1  803    -15.037      5.084     -2.275
 839  945    -14.280     14.964     10.089
  -1   -2     -5.056      6.421     -5.655
 956   -2     23.383      8.839      4.396
 879   -2    -11.133      7.214      7.202
 155  276     11.289     -6.847      1.431
 242  432    -12.987     -2.710      7.166
 908   -2     23.442     -9.326     12.346
 547   -2    -17.522     -4.257     11.831
1099   -2    -18.529     -2.531      4.124
  -1  264     19.552      0.886      8.574
 342  104      1.903      9.912      8.575
 121 1270      5.618      2.031     11.095
 838 1305      5.983     -3.895      7.616
 911   -2     24.572      1.666      1.567
 925   -2     -2.189    -11.755     -4.288
 596   -2     -5.491     -4.763      8.779
  -1   -2     17.778      6.924     -5.227
  -1   -2     23.591     12.455      0.882
  -1  246     23.014      4.949     10.504
 888  230    -20.087     -3.170     12.288
  -1 1053     23.926     -3.462      9.320
 779  309     19.954     -4.582      0.357
  -1   -2      4.531     -1.341      7.508
 934  712    -13.459    -11.245     11.520
  -1   -2     -9.655     10.737     12.734
 950  155     10.248    -12.068     -1.178
 656  292     20.616     -6.988      2.470
  38   -2     -3.804      7.794     -3.438
1280   -2    -11.341     13.303     -3.303
 454   -2     19.199     14.594      5.315
  -1  169      9.638      8.977      5.373
  -1  453     12.793      3.560     12.084
 367   -2    -10.497     -6.896     11.216
1039   -2      4.668     -9.610      2.910
  -1   -2      1.305     -6.488      9.112
 885   -2      6.144     10.273      9.051
 632   -2    -12.525     -4.365     11.090
 443 1164     -7.078     17.124     12.085
 504  400     -8.768      7.960     -1.419
  -1   -2      5.930     12.946      8.360
 499  511     -2.481     -2.650     -9.882
 344  774     -0.512     14.834      2.203
1056  647     20.005      5.966     11.051
  -1   -2      5.886     -3.380      2.496
 248   -2     19.040      9.515      2.915
  -1   -2     17.944      4.758     11.939
  -1   18     -5.092      9.867     -2.298
1262  191     -1.407     -1.254      8.314
 389  772     -6.220     -8.013      7.697
 507  152     22.411     10.604     10.113
 512  361     -0.334    -10.559      1.629
  -1  968     -6.530     -1.135     10.598
 692   -2     13.547      9.431      9.881
 814   -2    -11.922    -10.003      9.481
  -1  198     21.398      0.483     12.123
 210   -2     -3.253      2.842     10.431
 467  620     23.107    -15.523      5.523
 710   -2     -8.566     14.184      9.961
  -1   76     -7.812      0.766      1.276
 615  404     16.935     -1.997      9.283
 489  519     20.320     -1.448      1.040
 724 1103     15.545     15.092     12.179
 468 1173      3.680     12.215      8.353
 713   -2     -8.271     -9.657    -10.276
  -1   -2    -12.928      2.211     -4.456
  56  451     22.327      4.652      2.508
1003   -2     -1.125      9.970     10.578
 801   -2     12.944     -6.996      7.087
  -1   -2     18.854      3.803     -3.048
 419  546     22.510      2.870     -3.361
1072   -2      5.481     -7.828     -5.572
  -1  235      9.453     -8.049      7.105
 694  673     12.582     15.777     10.710
 872  454    -11.235     -8.895     -1.396
 517   -2     20.953     -4.603      3.151
  -1  118     -6.805     -1.930     -3.299
 588  378     12.527     -1.666     -6.006
  -1   -2     21.758      9.617     -1.164
 736  471     -3.076     -6.439      2.998
  -1  426     21.433     -3.261      7.328
 406 1044      3.575     -3.891     -6.356
 525   -2     16.712     10.004      5.869
 573   -2    -16.623    -12.991      7.541
 549  399     10.333     12.032    -12.171
 834  727    -18.655    -10.328      8.841
1028   -2     21.114     15.550      8.836
 335 1280    -16.199      0.679     10.171
  -1   -2     11.830     -1.715      9.694
  -1   -2     14.483      1.969      9.437
  -1   -2     22.581     -4.569     -1.347
  -1   -2     12.516      8.600    -12.409
 107  561    -14.592      3.827      8.102
 585 1130      8.255     15.619     11.231
  -1   -2      4.001     13.833     -5.412
 397  541     -9.163     -5.148     -0.389
  -1  327     -4.685     -3.574     12.216
1053  421     25.479     15.699     11.810
 712  582     13.435     11.944     10.661
 999   -2     11.679     17.504      7.506
1270  625    -18.131     -1.009      9.724
1002  311      4.471     -2.638     -6.372
 682   -2    -18.060      5.639     10.822
1175   -2     -9.931    -14.813      2.847
 994 1214     -0.615    -12.035      5.557
 314   -2     15.870      4.516      2.805
  -1   -2      6.717      3.132     -3.216
 809   -2     -8.776     14.742      4.468
  -1  517    -19.381      3.720      6.180
  -1 1049     19.922    -16.715     12.282
 616  876      6.417      8.832      6.503
1240   -2    -15.363      2.613     -8.543
 642   -2     -2.884      4.744    -10.950
  -1   -2     25.806     -1.706      3.331
1127  159    -17.713     -7.499     10.244
  -1  203    -14.451      5.502    -11.875
 351   -2      0.137     12.290     -9.483
 643   -2      8.697    -18.127      7.589
  -1   -2     20.384    -10.942     -6.958
 116  692     12.593     -5.481      8.018
 399 1149      3.825    -11.304      9.464
 705 1137     -4.826     -6.511      7.346
  -1  422    -15.484      5.700      1.437
1159   -2     -3.787    -10.964      0.735
  -1  363     12.359     12.977     11.703
 138   -2     21.865     -1.522      2.140
 874  473     25.668     -5.047     10.782
  -1   -2     -2.377      7.760     -3.785
 869   34    -13.342     -0.423     12.131
 650   -2     15.819    -13.606     11.541
  -1  591     18.819      7.437      9.324
  41   -2     -6.390      4.476     -6.857
  -1  941    -16.698     -9.644      4.797
  -1   -2     16.826      4.530     -3.077
 577  489     23.096      1.903      9.047
1137   -2     -0.845     -5.526      9.738
 660  483      9.958      2.201      7.968
 368   -2    -15.242      6.941     -7.942
  -1   -2     18.984     -1.418     12.145
  -1   -2     10.389    -14.512     -3.431
 380  640    -10.081     -2.000     10.732
 715  644     17.660     16.536     11.569
 716 1204      5.033    -12.693      7.511
 842  393     22.002     -6.756     11.250
  -1   -2      8.560      6.299     -3.903
  -1 1200     27.230     -1.879     11.975
1041   -2     24.436    -13.439     11.230
 739   -2     16.299     -3.200      2.274
 502   69      2.758     -2.729     12.237
  -1    6      6.338      0.500     10.868
 626   -2     13.740    -12.769     10.414
 717   -2     23.046     15.221      1.883
  -1   -2     13.339     12.301     -8.247
 546  731     14.053     15.717      8.222
  -1   -2     20.059      4.435     -4.978
  -1  147     16.840      6.595     10.772
 137 1068      2.385     12.287      3.022
  -1  459    -13.732    -13.125     -1.502
  -1   -2     17.085      6.402      6.529
 526  633     -6.744    -11.787      3.860
  -1  468     12.813      4.580      2.856
 733   -2     -4.534    -15.169     10.078
  -1   -2     19.610     13.043      1.705
1120   -2    -13.085      6.561      3.665
 439   -2    -16.477     -3.488      7.186
  -1   -2    -10.036     -5.612      5.183
  -1   -2     22.721     -5.641     -2.716
 927  415     -1.430     16.889     11.532
1242 1188     17.665      9.472     11.546
  -1  645     -3.668     -8.089      5.496
1265  462      4.301      0.101      8.286
  -1  661     -0.507      1.561    -10.251
  -1   -2     -0.499     -5.877      0.798
 858  283     -7.581      6.665     -0.048
 770  554      4.822     -9.314      6.462
  -1  526     25.027     -2.286     10.564
  -1 1114     14.827    -15.492      2.448
  -1  302     24.689     -8.338      6.310
  -1  509     13.770     10.406      7.628
1310   -2      9.307     -5.775     11.087
1191   72     17.620      9.713      8.942
  -1   -2     12.122    -10.472     10.024
  33 1011      1.605     11.687      6.753
 780  443      1.807     -9.423      8.748
  -1   -2     17.725     13.767     12.150
 417  669     17.696     15.969      5.488
 718  697    -10.021    -11.753      5.231
  -1   38      6.294     15.247     10.670
 708  708     14.941    -16.192      1.066
  -1   -2     17.858     -0.807      8.114
  -1 1006     24.497     10.618     10.870
  -1  651     11.736      5.670     -3.701
 983   -2     27.524      1.757      8.666
 675  778     14.359      2.392      5.455
  -1   -2      6.187    -14.255      0.013
  -1   -2     -9.449      0.021     -9.797
 438   -2    -19.344      5.971     10.453
 182   -2     17.401     -0.270      2.419
  -1  318    -15.414      3.576    -10.861
 277   -2     24.471     12.709      9.678
 891   -2    -12.562    -12.846      3.415
  -1   -2     17.845      3.841     11.733
  -1   -2      0.250    -14.181      6.885
  -1  568     21.791     14.591     10.843
  -1   -2     -1.361      0.234      8.739
 495  357     -1.440     -9.767     -1.298
  -1   -2     16.613     -1.460     10.067
  -1   -2     21.198      8.777     -4.768
1065   -2      5.954     -0.030      0.104
  -1   -2      5.373     -7.931     -0.395
  -1   -2     -6.837      1.965     -7.376
  -1  238     10.279      2.227     12.136
 409   61      9.851     -0.813      8.575
  -1  487      5.228    -10.957     10.011
 680   -2     15.843    -17.901      7.064
 418  547     12.960     -9.190     -2.784
  -1  639     -3.848    -14.777     -1.611
  -1  696      0.616     -5.395      1.567
  -1   -2      7.841     -1.639    -11.418
 651  160     14.772     13.079     12.288
1276  384     20.315     15.951      4.637
  -1   -2     12.129     17.335     11.222
 592  721     -6.792      3.641     -2.068
 430  821     23.209     -1.171     11.836
  -1 1153     20.493     -9.589     11.021
 327   -2     23.199      7.316      0.313
  -1   -2     23.724     -5.616     10.755
 445  413      6.563     12.591      3.812
 265   -2     -8.853     -0.142     11.382
  -1  966     22.424    -11.075      9.117
1246   -2     17.876      0.718      7.656
  -1   -2      3.694    -11.935     -4.003
 696  490      9.959     14.551      9.605
 149  277      3.323      4.510     -8.293
  -1  757     -2.951     -8.454     -3.600
  -1   -2      6.547    -15.362      0.521
 634  268     18.676      5.731     -5.922
 200  229     12.363     14.855      7.292
 774   -2     20.783      7.443      9.639
  -1   -2      9.035     11.475      0.660
 170  685     -4.889    -10.278     -5.446
  -1  371    -14.387     -3.488      1.931
 633 1138     16.848     -9.927     -1.164
 131  315      1.480      3.133      7.824
  -1  132     23.214      5.533      7.569
1140 1199    -12.379    -14.056      8.403
 459  475     14.910      3.368      6.542
  -1   -2     21.497     14.077     -3.000
 466   -2      5.960     -0.790      4.201
  -1   -2    -15.828     -7.334     -4.396
  -1   -2     12.102     13.638     -7.139
  -1   -2     12.492     -1.235      6.089
1176  955     14.441    -18.327     11.295
  -1   -2     17.639      1.286      1.806
  -1 1215     16.595     -4.291     10.074
1256 1051     14.535     16.196      9.019
 617   -2     24.553     -1.911     -0.923
  -1   -2     10.177     -7.998      0.026
  -1   -2     -2.074      3.421     -3.768
  -1  641     -9.644     -3.286     10.570
  -1  744     -0.689     -1.484      6.576
 679  290      3.424     17.920     11.003
 317  214     12.414     -6.147     11.523
 810  739     23.904     -6.964     -1.485
1048  805    -12.724     16.470     12.164
  -1  308    -15.976     -2.802      1.879
  -1   -2    -17.975     10.278      6.858
  -1  346      5.320     13.793      5.801
  -1   -2     22.452    -13.465     12.551
  -1   -2     24.130     16.968      7.596
  -1  787    -14.774     11.357      1.872
 179   -2      3.233      9.563      6.134
 232  892     26.620     -5.290      7.246
 545 1146    -14.996    -14.741      5.697
  -1  797     -4.052     16.904      6.487
  -1  822    -12.993     12.749      1.736
  -1   -2     -8.892      9.117     -4.190
 120  839     -9.682     10.265    -10.108
 900   -2     25.448     -7.128     10.724
 813   32    -12.637      6.398      6.710
 267  809    -15.791     12.936      9.576
  -1  322     -0.734      4.782    -10.757
  -1  366     -1.842      5.088     10.929
  -1 1106    -17.742     12.565     11.810
1221   98     25.692     12.764     11.909
  -1  795    -14.065     11.469     10.203
 951  385     27.784      3.820      8.896
  -1   -2    -20.227     -0.333      5.988
 846   -2     24.455     11.694     12.522
 981  683     25.499    -10.804     10.625
  -1   -2     -2.076      0.348      9.567
  -1   -2      2.768      0.713    -10.908
 146   -2     -2.452     13.480      9.965
  -1  449    -13.264      8.778      9.829
 817 1291     -3.362    -17.331     10.107
  -1   90    -10.093      6.739      2.090
  -1  609      5.881    -16.820      1.628
  -1 1119    -11.103     13.897     -1.064
  -1 1298     15.531      2.123     10.321
1050  427     28.812      5.532     10.441
  -1 1154      6.980     11.519      9.455
 783  353    -15.387     -3.598     -6.112
 961  886     -2.892      8.042      5.870
  -1   -2      9.337      8.023     -8.762
  -1  861     -4.622     13.534     11.045
  -1 1086    -11.401    -14.249     12.569
  -1   -2    -12.315     11.137     -5.415
1005   74     22.883      1.131     10.037
  -1 1090     -5.319    -11.684      7.070
  -1 1075     -9.468      2.408     10.200
  -1 1216      9.143      7.228      9.133
  -1  874     27.129      5.775      2.835
  -1  715     14.981     13.790     -7.339
  -1   -2    -12.126      8.744     -4.091
  -1   -2    -12.675      1.227     10.634
  -1  100     -1.709     -1.883      5.676
1121  210    -18.711     10.976      9.517
1087  749     -0.622     -3.433     10.435
  -1  424     27.878      3.869      6.354
  -1  802    -19.749      7.108     12.116
  -1   -2    -19.373      0.983      9.690
1227   -2    -16.380    -16.757     11.015
1040 1207      4.674     -6.316      8.730
  -1  440     19.357     -1.911     -3.773
  -1  935    -11.165     18.337     11.021
 374   36     -9.683     13.632     12.512
  -1 1025      0.182     16.705     12.002
 861   84     -2.050      7.989      2.168
  -1   92      4.642    -11.652      2.887
  -1 1150      7.819     -4.973      5.400
 448   -2    -12.690     -6.929     10.145
 824  794      3.532     13.553      4.917
  -1  461     16.197      9.852      0.718
 422   -2     -6.596     -1.096      7.920
  -1   -2     -0.846     16.198      7.850
  -1 1282    -18.434      7.986      4.297
  -1   -2      2.254      0.471     -3.771
  -1  491    -16.342    -11.697     10.517
  -1   -2     -3.214     14.043     11.236
 877  466     -9.599     -6.841      6.066
  -1  430      0.358      8.972      0.042
  -1   -2     -4.417     -0.800     10.271
  -1   -2      5.452      4.769      8.467
  -1   -2     -4.849     -7.565    -12.652
 400  510    -14.183     -7.318     11.459
  -1  592     27.068     13.737      6.203
  -1  107     -7.992     -6.869     11.889
1134   -2      5.190    -17.380      7.446
 709  419     -2.306      6.288     -2.341
 514  394     16.686     10.904     -7.574
  -1  975    -15.982     -3.785     10.417
  -1   -2    -19.640     -9.488      2.945
1107   -2    -11.749     15.174     10.980
  -1  406     -6.278     12.809     11.554
  -1   -2     -0.721     -4.740     10.945
  -1   -2     10.746     -7.345     10.148
  -1  131      7.474     12.828      6.786
  -1  143     23.358      8.589      0.376
 898  887     -1.156     -6.963      8.477
 537   -2    -15.497     14.944      3.515
  -1 1211     25.268     17.557      7.900
  -1   86    -12.056     -6.681     11.189
 762  538     13.385     -8.903     -7.759
  -1  477    -19.467     14.350     11.233
  -1 1004     26.940     11.701      4.705
 867 1034    -12.860     10.734      5.641
  -1   -2     -0.330     15.164      6.031
  -1   -2      7.780      7.966      4.610
  -1   -2     -6.900     -9.546      8.845
  -1   -2     12.824     -2.581      0.477
  -1  140      6.462      5.982      8.735
 198  869     -8.480      2.794      9.233
  -1   -2     11.847      1.416     -0.645
  -1   -2     29.106      7.755     11.639
  -1   -2     12.915     -9.995      6.510
 720   -2     19.431     17.733      7.819
1171   -2     17.967    -12.337      9.544
  -1   -2      6.007    -11.133      8.098
  -1   -2    -18.878     10.179     11.810
1019   -2     -5.171    -18.071      6.778
  -1   -2     -9.352      4.738     -3.890
  -1   -2    -14.832     -2.464    -12.177
  -1   -2     -1.018     13.810      6.323
  -1 1170     -1.103      3.382      2.916
 700  341     21.425     10.588     11.911
  -1   -2    -10.960     -7.751     -3.188
 562  846    -20.249     -5.937     11.388
1032  196      7.363     -1.096     11.726
  -1 1016    -17.878     14.624     10.986
  -1   -2    -16.024     -5.821    -12.389
  -1   -2     13.936     -7.476      5.164
 247   -2      1.558     16.686     -0.329
1179   -2    -12.823    -10.095     10.817
 854   -2      0.466     15.919      9.922
 848   -2    -13.348     12.521      3.833
 295  660     -6.188     -1.363      6.675
  -1  606     10.684     10.751     10.715
 792  282    -13.103     15.631      9.547
  -1  336     15.758     -4.347      7.231
 786 1273    -13.644     16.413      9.298
  92   -2    -13.923      2.129      4.453
  -1  149     27.543      4.710     11.364
  -1  938     18.032     13.977     -7.453
  -1 1275     16.354     -7.529      0.671
  -1   -2     -3.321     -4.894     -7.392
  -1   -2     22.534     11.456     11.524
  -1   -2    -17.381     -3.305      5.798
  -1   -2      4.937     -5.808     -3.755
  -1   -2     21.923    -11.333     11.941
  -1  355     25.850     -8.127     11.456
  -1  141      1.695      8.045     10.047
  -1   -2     18.884     -4.831    -10.276
 800   -2    -19.203     -9.180     10.864
  -1   -2    -15.385     -5.913      3.221
 538  324     -0.424     -1.206      9.278
 273  754     -9.868      7.161     -1.034
  -1   -2      7.460      8.215     -2.160
 298  933    -18.816      3.962      8.853
  -1   -2     -4.253     -2.594     -4.186
  -1   -2      0.787     12.385     -3.781
1169 1021     20.187    -10.384     12.126
 485   -2     14.450     -9.564     -3.676
 621   -2     10.981    -13.183      2.430
  -1   -2     13.843      1.341      9.339
  -1  439    -12.910      9.230     -0.473
 928   -2     24.838    -10.544     11.183
  -1   -2     23.843      1.393     12.370
  -1 1035     -1.839    -17.889      6.874
  -1 1118     14.987     17.999      9.131
  -1 1261    -12.082     13.521     12.149
  -1   -2      4.890     15.550      8.230
  -1  875     27.608      2.558     12.471
 960  996     21.626    -13.161     11.222
  -1  208      3.995      5.029      5.705
 299  226      6.191     -0.803      9.941
 625  581     -6.690     11.399      9.531
  -1   -2     19.724      1.003     11.995
 903 1083     24.611     12.437     -3.607
1143  369      5.623     15.052      4.234
1174 1147      9.834     -0.787      6.660
  -1   -2    -17.600     -1.515     -0.636
  -1  763      8.133      9.351     -4.185
 914  663    -13.872     -9.409      9.860
  -1 1007     28.458    -11.493     12.486
  -1 1269      6.404     -4.541      5.508
1076   -2     18.692      0.770      2.383
  -1   -2      6.799      1.265      3.469
1021 1179    -12.032    -19.024     11.445
 982 1064     -4.901     19.812     10.736
  -1   -2      1.742      1.023      0.824
  -1  838    -10.198     12.689     -1.286
  -1   -2      4.159      7.723      4.122
 922 1295     -2.307     15.282     10.162
1074   -2    -15.360      0.182     -0.235
  -1   -2     -0.560     -2.882     11.039
  -1 1203    -17.548    -10.751     10.414
1071  905     -6.585      0.216      6.932
1055  386     -8.608     17.476      7.596
1108   -2     13.307    -12.882     -2.475
  -1   -2     12.727      1.861    -10.778
 497 1165     22.902     14.545      4.195
 955  600     26.415     -0.072      8.701
  -1 1299     13.039     -7.871      9.589
  -1   -2      0.330     10.109     -0.320
  -1  458     13.491     -8.175      5.725
  -1   -2    -12.379    -11.850      5.468
 340  485    -15.421     13.555      4.751
  -1  765     -0.836    -14.010     12.115
 777 1140     10.671     17.367     11.315
 357   -2     15.189      9.600      9.503
  -1  588     -2.074     -9.340     -4.506
  -1 1098    -15.193     14.677     11.747
 472  396    -11.926      5.309      4.231
  -1  527     -2.559     -9.123     -9.537
1288 1078      3.511    -20.269     12.156
 598   -2     11.285      8.250     10.081
1051   -2     10.421      5.375      7.130
1017   -2     -9.426     13.836      0.729
  -1   -2     11.065     -8.416     12.090
  -1  700      7.115      9.681      6.197
  -1   -2     -7.275     -0.202     10.371
 611   -2      1.924     13.276      8.985
 607  884    -15.518     11.807      7.492
  -1  761     17.983      0.556     10.152
 464   -2    -10.004    -10.566      5.645
 332   -2     -5.570     14.624      9.963
1061  828    -11.388    -17.933     10.568
  -1   75     23.397      4.019      4.482
 133   -2     20.451      8.407      9.210
  -1  472      0.220     11.062     -0.151
 658  835     -2.379      9.777     10.148
  -1  551    -10.491     17.347     10.205
 958  801    -13.033     17.655      2.131
1038  671     26.416     10.694      9.991
1162  747      0.172    -12.242      5.516
 481  785    -19.046     11.949      9.491
  -1 1196     10.780     -9.265     12.617
  -1   -2    -13.247     -5.827      5.851
1090  989    -12.028    -18.537      6.289
  -1   -2      1.369     10.950    -12.183
  -1  850      1.651      5.490      6.715
 993   -2     16.760     13.540     12.150
  82   -2     -6.605     -0.385      8.721
  -1   -2     -4.350     -4.676     -8.658
  -1   -2     11.193      2.435     -7.552
  -1  271     22.989      5.767     -2.276
 714  452     -3.885      0.431      7.110
 437  815     21.671     16.976      2.524
 691 1289     -0.863      9.081     10.818
  -1 1015      0.550    -11.592     -3.563
 904 1254    -19.595    -10.579     11.222
  -1   -2    -11.832     12.779      3.105
 557  856     19.639     -5.094      5.944
 583   -2     13.491     -5.923      7.264
 555  773      6.423    -10.770      4.498
  -1  753     17.365     -5.092      3.304
 931  237     -3.688     13.538      7.608
 985   -2     -0.951    -13.150     -1.517
  -1 1151    -13.912     -1.655      8.010
  -1   -2     -1.435    -14.980     -5.233
1216 1043     23.791    -18.542      9.587
 348  343     -4.437      9.563      7.797
  -1   -2      1.139      9.871      4.204
 707   -2    -11.495     16.725     11.589
  -1   -2     -2.718     -6.986     -2.024
 706   -2      5.498     -0.991     10.373
 964   -2    -16.045     -8.074      8.345
 730  662     21.857     12.576      9.806
1177   -2     19.609    -18.699      8.684
  -1   83     14.310     -7.721     12.028
 140  215    -13.440     -1.620      4.978
 699   -2     -6.225    -16.506     12.697
 894   -2    -16.458     13.743     11.643
  20  652     19.813     -1.703      9.842
 254 1145     -8.321     -2.113     -6.461
1089   -2      4.023     16.483     12.448
  -1 1032     25.173     10.455      4.703
  -1  702     28.562     11.395     11.862
 158   -2     -5.420      5.829      8.184
 942 1005     -6.785    -13.457     10.370
 667   -2      9.336      8.977      3.388
 306   -2     10.290     16.778      6.689
  -1 1050      6.747    -13.604      7.361
 256   -2      8.164     15.706      9.158
  -1  965     16.986    -15.408     11.095
  -1 1205     -6.743    -16.185      4.242
  -1  245     20.721      9.481     -5.247
 827   -2     13.701     -5.589      0.748
  -1   54     -1.141     -2.341     -2.967
  -1   -2     -0.122      1.371      8.048
 812   -2     16.108    -17.623     10.910
  -1 1096    -17.890     11.256     -5.922
  -1   -2     22.521     -1.300      9.877
  -1  253     15.209     15.477     10.792
  -1   85    -15.218     -0.884      8.938
1210   -2      8.222    -20.346     10.973
  -1  947     24.426      7.392     -3.912
1035 1121     17.454      8.133      7.639
  -1  969     22.391      1.351     11.758
1135  417      1.357     16.688      9.030
  -1  867      4.954     14.520      6.805
  -1  603     28.877      1.439     12.521
 224  798      7.249     14.213     11.491
1129   -2     18.092     16.427      8.721
 290  890    -13.955      5.519     -5.096
 639   -2     -7.042    -10.639      5.387
 734   -2     -0.884     -1.462      2.386
1205  999     26.469    -15.246     11.783
1110   -2    -17.057    -17.869      3.665
  -1   -2     -5.799    -14.482      1.570
 678   -2     17.523     10.245     11.363
 804  168     -9.998      8.067      0.309
  -1   -2     27.718      5.472      5.772
 544   -2     25.129      6.213     10.412
  -1 1039    -19.460    -11.982     11.256
  -1   -2    -11.408    -11.040     -0.386
 945  889    -12.145     11.184      9.683
  -1   -2      4.428     -4.902    -10.022
  -1   -2     21.701     -3.563      8.037
  -1   -2      1.383      2.989     -4.956
 411 1202    -15.933    -12.872      9.478
 644  339      2.578     -4.232     -6.675
  -1  767     -2.144      2.902      5.809
  35  831    -14.932      1.314      7.632
  -1  123      9.833     12.789      2.525
  -1  431     13.834      8.129      9.213
  -1   -2     14.809     -2.318    -11.396
  -1   -2     15.634     -9.914     11.108
 244   39    -10.754     -5.714      8.096
1186   -2     -3.681     19.400     10.587
  -1  954      2.250     -7.210      9.078
  -1  994    -10.459     17.090     11.843
  -1  445     11.405     -1.088     -7.654
  -1  447    -13.153    -11.426      8.480
1138 1113     -0.033      7.144      8.591
 761 1029     15.208      6.836      9.100
 580   -2     19.800      2.653     10.771
 826   -2     -9.061      2.433      6.160
1198   -2      4.516      3.863     10.206
  -1  771     13.540      6.164      4.459
 892   -2      3.851      6.153      6.980
  -1   -2      5.263      8.014      5.884
  -1  565     -3.341     -5.343     12.518
  -1  434     25.632     15.927      9.708
1046   -2     -2.747     15.234     11.106
 323   -2      4.596      0.189      5.194
  -1   -2      4.687     16.189     11.707
 744  492    -18.215      4.897      9.772
  -1 1085     -1.579     12.673     12.504
  -1 1110      2.528    -12.646     -0.683
 252  360     11.795     11.613     10.407
 725  723     19.751     17.654      8.357
  -1   -2     11.345     -6.559     10.457
  -1 1122     11.277     -9.511      7.261
 766  732      2.477    -12.452     11.768
  -1   -2     -8.594     -5.214     -1.504
  -1  552      9.826     -2.237      2.497
1084 1107     -3.907    -11.394     10.879
1166  745     16.262    -17.079      8.638
1111   -2     16.029     -1.020     10.628
  -1  924    -16.980     18.580      3.600
1113  610     25.780     -3.767     11.280
  -1   -2      8.736     14.691      5.382
1088   -2      8.730     10.504     11.400
  -1   -2     -2.953    -14.088      5.493
 528   -2     -6.812     19.416     10.144
  -1   -2     12.824     -4.697      1.682
 657   -2     -5.956     13.749     10.550
  -1  919      6.263      9.412     12.775
1228   -2     -2.312    -18.982      9.727
  -1  280    -11.173      8.629     -3.339
1105  736     23.996      7.262     12.305
 220  674     19.299     15.970     12.035
  -1  637      3.834    -14.669      2.731
  -1   -2     16.885     10.910      7.487
  -1 1125     -1.966    -14.841     -1.966
1222 1132     -9.116    -20.077      8.825
 189   -2      8.219     -6.336      2.702
  -1   -2      1.642     -2.324     10.120
  -1  529     17.897     14.183     10.430
  -1  395     -4.644     -6.912     -0.208
  -1  533     18.856     -0.947      8.338
  -1   -2     -4.676      3.885     10.979
1123  705      8.493    -16.534      5.931
  -1   -2    -11.432    -10.852      0.600
  -1   -2      5.119    -14.932     10.305
 192   -2     12.026      9.601      1.454
  44  768     23.796     11.260     11.861
1085 1081    -14.676    -13.169     12.003
  -1   -2     17.719     15.530     11.485
  -1  860     -5.182      1.957      2.940
  -1  937    -12.565    -15.983     -4.679
 974   -2     -6.306    -14.693      7.118
1211   -2    -20.233    -14.985      7.708
 571  895    -13.046     -8.806      2.487
 764  629     23.420      7.764     11.728
 261 1142      9.500     10.985      5.602
  -1  981     16.714     -9.350     10.797
 693   -2     21.906     -7.285      2.082
  62   -2     14.515     10.525     -5.187
  -1   -2     26.867      8.999      8.710
  -1   -2     -6.183     -6.306      9.264
1066  352      9.794    -13.025      1.996
 294   -2      8.297      4.540      6.028
  -1  921      2.797     16.259     12.380
  -1   -2     16.952      8.110      1.852
  -1   -2    -11.211     -5.855     -1.758
  -1  577    -17.214     10.023     -7.703
 975  907      0.870     13.377     11.900
1206 1245     25.370    -21.269      9.932
  -1  597     25.454    -16.615      7.395
  -1  962    -20.917    -13.091     11.222
1204   -2      3.729    -23.752     -1.233
  -1 1224     22.010    -18.182     12.727
  -1   -2    -26.648     -6.921     12.049
  -1   -2     27.229    -16.247     12.911
  -1   -2     12.064     24.560      8.660
1214   -2     15.264    -22.163      4.200
  -1   -2     12.730     32.477     -4.908
1218   -2     15.639    -22.120     10.098
  -1  918     -7.781    -20.556     10.246
 686   -2    -11.869    -14.686     -1.086
  -1 1222     24.188     19.037     10.957
  -1 1238    -23.556    -17.603     12.114
  -1 1227      2.928    -18.825      8.094
  -1  733     13.375    -18.888     11.866
1226   -2     14.482    -23.753     12.079
1104   -2     19.525    -17.507     12.379
  -1 1221    -27.334     -8.689     11.945
1229  948    -21.317    -10.245     11.374
  -1 1225     12.870    -25.356     10.603
1155   -2     16.265    -19.886     11.803
  -1  699     11.555    -17.899      6.582
  -1 1220     19.361    -23.348     11.033
  -1 1189      6.857    -20.493     12.051
  -1 1231    -25.914    -14.728      9.836
 884   -2     25.924     16.197     12.295
  -1 1226      4.196    -17.012     12.837
  -1 1062     -3.085    -20.848     11.241
  -1 1104      0.066    -19.425      8.236
1220   -2    -23.259    -10.566     11.584
1217   -2      6.493    -22.478     11.341
  -1   -2     26.307     13.444     12.542
1224   -2    -15.272    -20.708      8.695
1215   -2     22.840     17.467     12.008
  -1   -2    -17.708    -12.773     11.527
1207 1242    -26.360    -10.960     11.060
  -1 1247     12.878     -8.925     11.898
  -1   -2     12.942     -8.776     11.491
  -1   -2     15.929      1.983     10.644
1232   -2     15.961      1.909     10.323
  -1 1300      9.551     -2.677     -0.962
  -1   23     16.461      3.564     -8.025
  -1   44     19.355      5.106      2.865
  -1  313     -4.675     -1.288      1.995
  -1 1266     19.187     -0.128     -8.227
 283   -2     -0.621      3.554    -10.802
  39 1255     -7.149     11.259     -9.633
  37   -2    -18.947     -8.372     10.193
 521   -2     17.354     -0.881      8.456
 479   -2      5.374      0.328     11.419
  -1   -2     18.981     -6.309     10.244
  49 1257     18.867     -6.232     10.543
1260 1307     15.693    -11.913    -10.947
  -1   -2      6.335     -4.730      6.767
  -1   -2     23.099      0.526      1.006
  -1 1323      5.128     -0.059     -4.015
 747  144      3.042     -0.784      6.286
 815  222     -7.412      0.229     -0.889
  -1   -2    -16.353     15.361      8.130
 395  530     -3.714     16.412      7.372
 529  950      5.786      2.179     -1.102
  -1   -2     -4.417     -0.800     10.271
  -1  138     -4.988     13.608      6.588
 153  623     -6.707     -0.017      6.922
 897   -2     -1.842      5.088     10.929
1096   -2     -5.896     14.219     10.944
1047   -2     10.894      1.070      8.047
  -1   -2    -13.687      8.394      0.499
 369 1158     -0.965      1.251     -3.702
1244   -2     16.391      3.107      6.744
1202   -2     10.432     -1.867      6.054
  99  350      6.742     -2.087     -3.587
 830 1186    -16.564    -16.600     10.922
  -1   -2    -17.307     -1.425     -1.246
  -1  832     -4.333     14.024      8.264
 737   -2     27.605      4.559     11.354
 165   -2      9.005     13.615      5.118
 873  438    -13.818    -11.209      2.347
  -1   -2      2.105    -15.171     -4.142
  -1   -2     -5.279    -11.736      6.987
 129  626      5.471      7.152      2.741
 410  751     11.005     13.166     11.004
1233   -2     12.966     -8.807     11.560
  -1   -2     16.461      3.564     -8.025
  -1   12      9.216      9.312      0.231
 727 1262    -12.831     -2.010     -3.530
  -1   -2      5.128     -0.059     -4.015
  -1 1311     18.267      1.733      6.188
 455   -2     -5.664      6.142    -10.865
1067   -2     21.362      8.842     10.882
  -1 1324      9.445     -5.624     10.975
1266 1308     12.929     -0.837      5.383
  -1   -2     -4.417     -0.800     10.271
1304 1321     22.328    -10.358      2.045
  -1  587     15.010     -8.723      0.682
  -1   -2    -17.307     -1.425     -1.246
  -1   -2     23.131     -3.404     11.073
1307   -2      5.128     -0.059     -4.015
  -1   -2      9.536     -2.684     -0.962
 194   -2     13.552      2.923      4.408
1312 1325     23.085      0.477      0.917
  -1   -2      9.445     -5.624     10.975
  31 1310     16.461      3.564     -8.025
 605   -2      9.445     -5.624     10.975
  -1   -2     11.992     -1.450      2.409
  -1   -2     11.992     -1.450      2.409
  -1   -2     11.992     -1.450      2.409
  -1   -2     11.992     -1.450      2.409
  -1   -2     11.992     -1.450      2.409
  -1   -2     11.992     -1.450      2.409
  68  575     15.675      7.716      3.802
1247 1327     15.923      0.414     -4.726
