1208
  -1    0    -11.137      4.523     12.082
  -1    1     15.961      1.864     10.541
  -1  863     12.874     -8.877     11.861
  -1    4    -10.797      7.581      9.693
  -1   18     -9.125     -2.065      8.206
  -1   -2    -11.561      5.002      4.486
  -1   13      0.983     10.607     10.343
  -1   -2     -0.829     -5.487     12.153
  -1   -2    -16.253      0.491      9.950
  -1   -2     -4.985      6.389      3.474
  -1  621     26.017     -2.017      3.387
  -1   -2     16.613      5.743      9.385
  -1   16    -11.160     13.885     10.954
  -1  298      3.543     -4.702      1.584
  -1   15      1.427      1.154     -5.896
  -1  161     -1.027     -1.136      4.307
  -1   22     14.313     -5.034     11.408
  -1   39     21.325     10.581      4.310
  -1  870     25.845     -5.433      5.080
  -1   -2      5.577      0.237     -5.037
  -1   31     -9.437      8.850      7.858
  -1   19     16.356      3.817     -8.069
  -1    6     -6.065     -2.074      8.797
  -1   -2    -11.364      8.734     12.097
  -1  742     21.663     -1.671      7.710
  -1    9      8.031      4.634     10.730
  -1   27     13.255      4.828     10.556
  -1   -2     11.043     14.468      3.234
  -1   -2     17.673      6.910     -3.071
  -1   20     -8.106      2.709      0.658
  -1   -2      4.723     -6.110     12.575
  -1 1161      1.915     11.645      9.567
  -1   36     -2.392     14.724      7.247
  -1   43    -10.448     -2.340     11.908
  -1   35     13.454      9.461     -8.712
  -1   -2     18.376     -0.346     -3.578
  -1   -2      7.130      7.739      6.595
  -1   -2     19.896     12.655     10.952
  -1   11      1.091     -1.166      9.187
  -1   -2     25.262      3.197      8.470
  -1   56      3.367      2.333      3.204
  -1  613     12.497     11.793      8.043
  -1 1016     -1.404     13.282      7.927
  -1   -2      1.009     -0.022      3.675
  -1   88     18.620      4.662      2.412
  -1   46    -11.696      9.438      3.754
  -1   -2     19.074     13.999      3.731
  -1  283    -17.918      7.552      3.688
  -1  666     -3.246      1.108      6.693
  -1   -2    -10.280      9.149     -5.147
  -1   -2    -19.277      3.812     10.989
  -1   94      5.490      0.427     10.386
  -1   49      3.177      9.652      5.816
  -1  102     18.797     -6.360     10.769
  -1  253     -3.379     -0.370      8.029
  -1  928     -3.490      2.426     11.248
  -1  127      9.074      9.867      5.514
  -1   -2     -8.838     -7.749      0.225
  -1   44     -9.864      1.898     11.575
  -1   -2     20.849     -0.359     10.612
  -1   29    -11.303     -5.541      9.459
  -1   45     25.472     -1.551     10.275
  -1  587     -2.183     13.709      3.457
  -1   -2     -4.739     -1.400     -7.143
  -1  361     15.264      7.363      9.036
  -1   -2     14.398     -3.152     -0.839
  -1   -2      1.231     12.879     -5.175
  -1  368     -5.824      6.059    -10.557
  -1   -2      5.112      6.082     -6.803
  -1   23      4.749      2.644     -3.187
  -1  228     -4.540     -0.844      5.925
  -1   95      5.754      9.705      8.018
  -1   -2     18.601     -4.966      8.949
  -1  422     -3.570      3.690     11.056
  -1   -2    -14.935      2.593     -1.494
  -1   -2    -12.285      1.231      9.227
  -1  476      9.504     -3.313     11.169
  -1   47     18.838     -1.528    -11.198
  -1   -2     -5.524      9.553     -1.912
  -1   62     10.563      3.425      8.312
  -1  105     14.291     -8.805     -0.456
  -1   -2     21.884     10.016      4.981
  -1  338     12.730     -3.432     -3.705
  -1   -2     13.451      2.183      5.299
  -1   -2      2.659     -5.755     -8.813
  -1  150     15.015     11.905     -7.316
  -1   -2    -14.789     -1.982      5.566
  -1  117     13.175      4.649      6.141
  -1   -2      3.424     15.976      3.257
  -1  375    -17.161     11.184     10.085
  -1   -2     18.220     14.018      2.055
  -1  258     17.209     -0.533      3.528
  -1   -2     -1.526      2.589      1.731
  -1   -2     10.351      3.328     11.532
  -1   77     12.103      2.344      0.630
  -1  766    -13.429     11.558      6.551
  -1   -2      7.096      3.927      6.347
  -1   -2     13.428     -7.035      3.871
  -1   -2    -11.670     -2.314     -5.309
  -1   -2     10.767      9.004     -0.669
  -1   -2      0.819     11.804      9.622
  -1   -2     23.642      4.726      7.963
  -1   -2     16.948     -1.836      9.551
  -1 1047     -2.412     10.324      8.384
  -1   -2      8.955      8.924     -1.228
  -1   -2     17.247     -0.995      8.850
  -1   -2     15.060     -0.727     -3.433
  -1   -2    -14.743     -0.996     10.123
  -1   -2    -14.374      1.947      0.064
  -1   -2      7.582     -2.796      1.941
  -1  111     10.230     -5.198      9.856
  -1 1018     25.604     -5.667      9.266
  -1  647      7.097      3.017      1.865
  -1  124     -3.225     13.673     12.031
  -1  452      7.964     -6.799      6.735
  -1   -2    -16.226      3.677     11.524
  -1   -2     17.781     14.101     -1.628
  -1  874    -10.338     -4.504      3.793
  -1   -2     -6.905     -3.624      9.699
  -1  989     10.416     10.364     -2.670
  -1   -2      6.655     -0.397      0.384
  -1   -2      6.008     -0.617     10.132
  -1  756      6.961      4.613      7.534
  -1  100     11.171     -1.368     -3.851
  -1   -2      1.230     -1.638     -9.689
  -1  710     11.185     -4.398      3.028
  -1  145    -14.849     -8.378      5.452
  -1   -2      8.836     15.946      4.586
  -1  839     -5.309     12.817      8.887
  -1  103     10.670     11.928      8.731
  -1  458      5.218     -7.842     12.171
  -1   -2     26.633      7.061     12.052
  -1   -2     -8.901     -5.802     -4.040
  -1   91     19.404      7.922     -5.592
  -1   -2    -10.135     -2.500      6.462
  -1   -2      5.734      7.635      7.339
  -1  428     13.775      2.075     -0.326
  -1  246      9.901     10.068      3.574
  -1   -2     14.781      5.736      4.846
  -1   -2      5.915      3.581      1.391
  -1   -2     20.064      5.161      0.929
  -1  142     -5.625      4.973     -7.765
  -1   -2     -8.706     -2.518      9.547
  -1  354     -5.910     -0.812      4.136
  -1   -2     14.537     13.108     -7.561
  -1  280      7.557      6.517     -0.736
  -1  107     -1.378      3.320      9.944
  -1   -2     -7.865     10.447     -8.946
  -1   -2    -16.015     12.592     -4.208
  -1  101     -7.872     -3.575      0.266
  -1  152    -11.394      7.255      2.001
  -1   -2      6.602     10.438      6.795
  -1  291     13.766      1.353     -4.773
  -1  321    -11.100     -4.289      8.594
  -1  404    -14.690     10.266      6.317
  -1  114     -8.454     12.279     -4.803
  -1  399     23.677      3.328      3.082
  -1  559     -9.701     14.935      2.536
  -1  799    -19.976      0.974      9.061
  -1  313     16.957     11.301    -10.080
  -1   -2    -15.342      0.712      4.549
  -1  231     16.519      9.269      2.026
  -1   -2      1.359      3.371     -8.733
  -1  438     19.157      9.524     12.499
  -1   -2      5.218     11.504     12.141
  -1   -2      4.139     -0.847     -5.124
  -1   -2     -1.435      8.401     -3.962
  -1  471      1.939      4.971     11.694
  -1 1049     23.079     -4.296      6.798
  -1   -2    -12.907     13.875     10.572
  -1   63      9.327     12.510     12.169
  -1   -2      5.745      9.141     -4.804
  -1   -2     22.602      1.124     11.704
  -1  996     14.459      8.917     10.131
  -1   81     10.796     -6.760     11.275
  -1   -2     16.285      2.212     -0.029
  -1  271     18.112     13.201     -6.452
  -1   -2     19.422     12.697      6.459
  -1  919     12.331     14.786      8.692
  -1   -2     16.921      6.863     -1.293
  -1  216    -15.347      7.761      2.063
  -1   -2    -12.169     14.811     11.085
  -1  310     11.030     -1.052      6.556
  -1   -2     -0.666      2.092      9.004
  -1   -2     10.113      1.688      5.819
  -1 1083    -15.225     14.548      7.800
  -1  208      5.467     11.878     -7.902
  -1   -2     11.446     14.238      2.823
  -1  244    -12.779      0.297      7.128
  -1  236      5.177      8.078     -8.871
  -1   -2     14.762     -5.984     -3.391
  -1   -2     -0.285      2.021     -5.508
  -1  447      8.834     10.953    -12.019
  -1  381      1.507      7.965      5.893
  -1  981     17.152    -10.477      7.751
  -1  662     21.074      7.066      7.384
  -1  232    -15.788     -5.408      4.808
  -1   -2    -13.289     -8.431      6.043
  -1   -2     -1.672      1.463     10.042
  -1   -2    -11.736     -7.164     -4.442
  -1  205     10.823      1.539      9.319
  -1   -2     25.284      7.427      8.877
  -1   61    -10.416     10.968      6.274
  -1   -2     14.187     -0.199     -6.592
  -1   -2      8.883     -1.547      0.217
  -1  764    -19.226     -2.894      9.551
  -1   -2    -10.818     -0.372      0.371
  -1   -2    -16.765      4.002      1.221
  -1  520     21.201     -4.077      8.797
  -1   -2     -1.178     -7.490      6.882
  -1   -2     20.024      7.237     -3.092
  -1   -2    -19.319     -1.331      8.608
  -1  817     24.210     10.853     11.475
  -1   -2    -19.947     -1.077      9.098
  -1   -2     -8.666      7.583     -2.317
  -1   -2     -1.347      9.884      7.428
  -1   -2     16.672     11.954      8.616
  -1   -2     15.447    -10.910      4.576
  -1   -2      4.632      7.680     10.837
  -1   -2     13.256      3.971      7.608
  -1   -2     23.040     -1.051     11.000
  -1  459    -17.064     -4.983     11.849
  -1   -2     17.212      4.064     -6.526
  -1  229     21.887     -6.431     11.773
  -1  148     12.173      5.656      1.224
  -1   -2     23.557      0.410      7.862
  -1   -2     22.679      7.204     -3.298
  -1   -2      6.227     -9.090    -10.699
  -1   -2      5.587      8.156      0.879
  -1  119      7.065     -9.475      5.949
  -1  278     -7.498     -1.866      3.672
  -1  199    -14.372      5.626    -11.634
  -1  367      5.718     -0.175      4.477
  -1   33     16.001     -3.391      4.371
  -1   -2     -7.114      2.255      6.330
  -1   -2     17.033      0.721      9.360
  -1   -2     22.637      7.398      0.829
  -1  185     23.384      5.557      7.143
  -1 1086     24.818      3.057     12.025
  -1  174     10.555      8.298     -6.814
  -1  557     -6.110     -2.286     12.663
  -1   -2     -0.868     14.420      4.547
  -1  558     -2.677      5.792      0.476
  -1  140     -0.083     -8.089     -6.516
  -1   -2    -19.904     -6.497      9.954
  -1  370      0.033      3.678     -6.905
  -1   -2      0.143      5.002     -1.010
  -1  420     14.684      5.268      1.082
  -1   -2     26.389     -0.245      8.337
  -1   -2    -18.435      5.121      3.438
  -1   83    -11.949     10.564     -0.331
  -1   -2     -1.912     -1.572     11.013
  -1  195      9.012     14.033     11.906
  -1   -2      9.425      1.761     -5.975
  -1   -2      9.497     11.970    -11.147
  -1   -2     -8.122     -5.615      9.431
  -1   -2    -13.833     15.372      8.023
  -1   -2    -13.496      5.512     -2.070
  -1   -2      0.131      6.995      7.202
  -1  179     -8.081     15.868     11.211
  -1  925    -17.276     12.929      9.248
  -1  414    -14.816     10.202     11.928
  -1  269     -0.192      5.855      3.501
  -1  593    -20.643     -3.979     11.375
  -1  255     26.485     -6.275      7.991
  -1   -2     -5.627      7.831     -6.620
  -1 1092      7.011     -3.070      6.573
  -1  962     -2.288      4.958      9.491
  -1   -2     10.730     10.888     12.060
  -1   86    -14.581      2.432      9.243
  -1   80     14.108      4.633      3.400
  -1  858    -20.015      1.442     10.865
  -1   -2     13.478     -6.616      8.721
  -1  192     -7.197     12.813      0.949
  -1   -2      6.644     11.920      9.736
  -1  489     14.796      3.864     11.429
  -1   -2     -0.834      5.568     -4.046
  -1  690     22.771      7.344      3.449
  -1  245     -8.968      6.158      4.808
  -1   -2     12.016     -1.158      1.745
  -1  759     -4.550     -0.832     10.068
  -1   -2     -2.169      6.248     -2.198
  -1   -2      6.758      6.368      1.341
  -1   -2     15.617     14.803      2.515
  -1   -2     19.346      7.266      0.329
  -1  691     22.922      6.363     11.819
  -1   -2      3.454     -3.592     10.972
  -1  968     22.431     15.320      8.018
  -1   -2      3.423      4.745    -11.906
  -1  176      2.897     -1.022      9.771
  -1  665      7.627     10.621     10.387
  -1  631     18.414      6.283     10.020
  -1  570     -5.095     13.898      3.423
  -1  606     10.244      4.743      7.962
  -1   64     17.574     -1.201      6.840
  -1  453     15.722     17.889      9.731
  -1  485      1.476      5.110     -4.544
  -1  993    -13.694      4.969      1.047
  -1   -2     20.118      3.475     10.310
  -1  916     16.965    -16.719      9.368
  -1   -2    -17.572     13.154      6.662
  -1  164    -14.361      0.443     11.377
  -1  120     19.235     14.765      5.453
  -1  266     11.731     16.421      8.329
  -1  939      8.765     -9.564     12.355
  -1 1093      5.978      9.273      2.146
  -1   -2     24.171     -1.843      7.319
  -1  409     20.676    -10.376      6.819
  -1  623      4.081      0.001      1.677
  -1   -2     17.007     13.899     11.662
  -1   -2      5.840     -1.733     -8.831
  -1   -2    -15.097      5.962     -3.345
  -1   -2     -4.823     13.166      5.096
  -1   -2     23.607     -0.303      9.684
  -1  757    -12.230      2.481     10.041
  -1   -2     13.997     -2.707     12.167
  -1  194      5.384      4.170      8.836
  -1  770     -2.089     -7.446      8.801
  -1   -2      6.824     13.120     -1.528
  -1   -2     25.340     -5.068      6.411
  -1   -2      5.929     -2.744     -1.520
  -1  184      5.575     -1.479      7.502
  -1  502     12.433     -3.643     12.722
  -1  343     -2.294     -5.530     -6.358
  -1  322     -2.903      8.360    -11.206
  -1  134      7.592      9.634     -1.317
  -1  220     24.251      6.384      2.186
  -1  154     17.549     14.484     -2.597
  -1  735    -15.520     12.113     10.912
  -1   -2     -6.103      0.129      7.969
  -1   -2     16.940      0.262      0.408
  -1  611     -2.421      9.912      3.080
  -1  521      7.533     -0.897     11.236
  -1   -2     24.847      3.055      4.337
  -1  151    -15.048     -9.387      7.168
  -1   -2      7.747     14.034      9.592
  -1   -2     19.449     -7.509      4.152
  -1   -2     13.148     12.235      1.179
  -1   -2     21.493     12.888     -0.395
  -1   -2     13.006      6.929     11.048
  -1   -2    -13.615      6.908     -1.283
  -1   -2     14.516     -8.719     11.461
  -1   -2      5.661      2.630      8.315
  -1  345    -16.851     -3.348      4.665
  -1   -2      8.422     14.857      6.167
  -1   -2     10.058      0.936      1.012
  -1  197      0.817      9.769      3.892
  -1   -2     17.439    -11.782     -7.767
  -1  499     21.908     -0.889      9.204
  -1   -2     -9.651      1.280      8.495
  -1  239    -12.495     -3.324      1.605
  -1  450     -3.961      8.088     -4.535
  -1  800     -6.964     11.722     10.834
  -1  942      8.659      0.313     12.229
  -1  887     15.966     -6.275     11.256
  -1   -2    -14.105     11.509     10.154
  -1   -2     10.708     -3.986      6.023
  -1   -2     -5.904     -2.097      1.798
  -1  349      0.125     15.129      1.886
  -1  431    -16.738      4.918     -4.193
  -1  296      5.877     -1.002     -6.002
  -1  605      2.162     15.952      7.667
  -1  324    -19.484     -8.993     12.381
  -1   -2     15.051     13.363      8.684
  -1   -2      1.516     11.601      5.567
  -1  110      7.463      7.317     -4.907
  -1   -2     11.008     -0.764      1.781
  -1   -2    -14.800     -3.679     11.861
  -1  507     20.101     -5.843      9.583
  -1   -2      5.518     -8.622      5.797
  -1  510     22.461     -0.856      3.953
  -1  130    -16.041     -1.119      5.043
  -1  574      6.547      0.813      4.114
  -1   -2     21.215     13.456     11.746
  -1  639     -0.271     -3.581     11.239
  -1   -2     13.139     -4.677    -10.500
  -1   -2      3.364     11.544      1.714
  -1   -2     -0.550     -0.643      7.751
  -1   -2     20.224     11.299      6.387
  -1   -2     16.009     -7.553      9.774
  -1   -2    -14.544     -2.669     10.794
  -1   -2     -8.302     -1.620     -0.296
  -1  625     22.259     -2.304     12.055
  -1   -2     23.332     -2.275      8.467
  -1  539     -2.303     -7.865      6.440
  -1  365     20.678     -6.885     -5.836
  -1  387      6.452     14.147      6.162
  -1   -2    -16.360     -0.730     -3.347
  -1  824     22.504     -9.863      6.764
  -1   -2     -5.040      9.414     -4.057
  -1  415     -6.981     -7.772     10.059
  -1  147      7.780      2.146     12.466
  -1   -2     22.282     11.536     11.967
  -1 1122    -14.845     14.521     11.754
  -1   -2     15.740      3.471      2.740
  -1  378     18.375      5.577      1.439
  -1  524    -18.559     -4.883      2.934
  -1   -2     21.936     -1.515      9.521
  -1   -2     19.632     16.151     11.553
  -1  562     24.515     -0.081     10.087
  -1  312     19.673      5.180      1.934
  -1  277     13.701     10.076     -2.648
  -1   14    -14.163     -2.553      4.534
  -1  482     25.579      4.779      9.176
  -1   -2      9.462     -2.557      1.189
  -1   -2      7.102      7.197      2.220
  -1  577     13.193     14.258      4.233
  -1  599     20.577     10.705     11.970
  -1   -2     13.845     16.580     11.259
  -1  719     10.000     -2.074      7.674
  -1  247    -19.770     -3.240     11.962
  -1  445    -16.767     -1.585     10.158
  -1   -2     -5.479     -7.765     -1.900
  -1 1154     14.367    -13.006      9.155
  -1   -2     13.195     12.957      9.827
  -1  746     -5.383      7.248      8.397
  -1   -2     -9.472     11.465     11.126
  -1   -2      9.696     15.536      2.641
  -1  728     13.720      3.673     -2.007
  -1  460     21.009     -3.805     12.259
  -1   -2     -7.546     -6.429     10.167
  -1   -2     24.424      0.957     11.536
  -1   -2    -14.183     10.451     -1.292
  -1  955     19.642     -1.245     10.707
  -1 1058     24.994      7.587     12.674
  -1   -2     -2.843     -1.342      0.824
  -1  523      1.965     -9.400      5.529
  -1   -2     -5.424      2.206     -4.729
  -1   -2     21.924      0.943     -0.162
  -1  952    -17.253     -7.616      9.809
  -1  649      4.690    -11.817      6.599
  -1   -2     -1.090      7.810     -9.825
  -1   -2    -17.015    -10.835      9.470
  -1   -2     21.937     -6.694      6.449
  -1   -2      6.886     -4.237     -1.374
  -1   -2     -7.054     13.082      8.718
  -1   -2      9.909     -7.650      9.021
  -1  139    -11.263     -2.033      7.138
  -1   -2      0.196      3.168      2.647
  -1  721     20.967     -3.431      5.876
  -1  552     18.075     12.271      6.244
  -1   58     -2.845      1.461      9.759
  -1   74     20.904     12.861      5.464
  -1   -2     11.537     11.373     10.141
  -1   -2    -11.948      9.232     -4.930
  -1  470     -8.857    -11.873      2.783
  -1  417      6.310     -7.460     -1.328
  -1   -2     -1.287     -0.705      7.549
  -1   -2    -14.266      2.342    -10.236
  -1  506     -4.975    -12.836      5.721
  -1   -2     25.790      7.058      8.458
  -1  988     21.220     -6.076     -0.119
  -1  618      1.416     -6.215     -4.964
  -1   -2     23.552     11.866      7.915
  -1   -2      6.392     -1.385      3.465
  -1  463     -4.092     -6.473      5.236
  -1   57      4.961     -6.516     11.691
  -1  620     -1.025     -5.849     -1.829
  -1   -2     10.919     -8.408     11.988
  -1   -2     23.797      4.900      2.644
  -1  363     -5.167     16.219      6.040
  -1   55     19.774      2.380      2.933
  -1  379      2.133      2.272     10.612
  -1   -2     19.444      1.160      9.389
  -1  177     -4.151     15.580      3.647
  -1   -2    -12.117     -9.984     -5.776
  -1   -2    -14.292     11.673      6.450
  -1   -2     13.089     -1.660      9.286
  -1  862     11.800      8.991      9.200
  -1   -2      5.589      1.373     11.883
  -1  350     20.990     16.487      3.380
  -1   -2     19.869      7.523     12.088
  -1   -2     12.016     -5.195     11.262
  -1  187     13.422     -6.711      4.532
  -1  268    -14.131     -8.776     10.878
  -1   -2     -6.977     -0.952      7.744
  -1   -2    -16.004      1.583     10.230
  -1  286     19.974     -0.862      7.954
  -1   -2      6.947      9.033      6.554
  -1  657      7.606      8.223      3.433
  -1   -2     20.500     -4.449     -0.384
  -1  334     11.291      5.147      9.551
  -1  304     -6.856     15.617      5.009
  -1   -2     -6.269     -6.864    -11.153
  -1  408     -0.390    -10.790      1.527
  -1  171      8.817      8.215      4.252
  -1  346     16.112     -8.649      1.758
  -1   -2    -10.201     -5.986     11.287
  -1  357     22.682      0.441      7.423
  -1  168     13.480     11.596      8.784
  -1   -2    -11.571     10.046      1.065
  -1   -2      9.322     10.081     -5.911
  -1  682      4.061      7.160      4.421
  -1   -2     -1.830     -3.031      9.956
  -1   -2     -2.097      6.804      4.657
  -1  640     -7.463    -10.539     -9.050
  -1   -2    -18.984     -7.385     11.046
  -1   -2     22.903     -4.038      0.553
  -1   -2      1.862     12.545     -2.211
  -1   -2      1.510     10.682     12.437
  -1  881     -8.301     -2.487     10.732
  -1   -2     -5.788      0.146    -11.996
  -1 1106     17.894     -4.921      8.825
  -1   -2    -12.820     -0.616     10.531
  -1   -2    -10.343     14.314      6.418
  -1   -2     -7.464    -10.074      9.582
  -1  317     25.590     12.035     11.977
  -1   -2    -11.087      6.378     -4.017
  -1  201     -2.913      4.001      2.165
  -1  202     17.379      9.001      3.829
  -1   -2     -4.392     -7.597     11.156
  -1  627      3.345      4.017      9.880
  -1  689     14.610    -12.814     -4.108
  -1 1098     21.277     -4.874     12.146
  -1   -2    -14.228     -7.447     11.793
  -1  402     22.322      8.140     -2.409
  -1   -2      2.183      9.890      2.197
  -1  309     19.479     -6.657      2.261
  -1   -2     17.338      2.476      3.744
  -1  804     -7.182      1.519     11.545
  -1  480     -2.409     -4.937      9.214
  -1   -2      6.631     11.971    -11.298
  -1  774    -18.185      7.812     10.850
  -1  382     21.511      3.633     -5.955
  -1   -2      0.212     -1.970      8.349
  -1   -2     17.186     13.619      7.147
  -1  794    -20.270      5.935      9.087
  -1  600    -14.301     -3.230      4.010
  -1 1090     26.826     -3.024      9.734
  -1   -2      1.723    -12.350      6.378
  -1   -2      9.438     -6.629      9.348
  -1   -2     22.603     14.201     11.223
  -1   -2     19.918     -3.525    -12.484
  -1  282     15.692      0.472     -2.900
  -1  474     14.219     16.183      5.459
  -1   -2      8.921     -5.502     -5.713
  -1  695    -13.084     -5.500     12.236
  -1  588     18.762     -8.451     -1.240
  -1  575     19.461      7.940      8.345
  -1   -2     -6.029    -13.766     -2.668
  -1  122     10.967     -1.223     -8.360
  -1  999     -8.657     -6.452      1.236
  -1  967      3.437     17.726     11.445
  -1  467     15.144     14.795      3.801
  -1   -2    -14.954    -10.980      0.351
  -1   -2      9.481      4.578    -11.379
  -1  812     23.582      9.996      8.989
  -1   -2      0.896    -12.411     -9.080
  -1  254     22.988     13.121     -0.132
  -1  537      6.997     -6.299      3.035
  -1  400    -11.980    -11.562      5.520
  -1 1003      5.965     -3.568     -4.970
  -1  758     26.727      2.600     10.385
  -1   82    -18.093      1.726     11.883
  -1   -2      6.316      5.318      1.949
  -1  292     24.672     13.896     12.114
  -1   -2     22.393     -0.304      6.010
  -1  487     15.643     -8.516      8.289
  -1  966     -5.874    -14.307     10.063
  -1   -2      8.139      4.427     -7.371
  -1  581     26.381      2.524      5.316
  -1   -2     15.265     -4.049    -11.611
  -1  263    -11.368     14.406      6.900
  -1  602     14.344      9.377      6.186
  -1   -2     25.774     -7.369      9.662
  -1  826     -0.309     15.810     11.086
  -1   -2    -14.093     -2.129    -10.466
  -1 1024      6.655     -4.275      8.362
  -1   -2      3.590     11.721      7.472
  -1   -2     13.316      4.760     -3.530
  -1  553      5.463    -10.811      6.984
  -1  726     -5.878     16.082      9.035
  -1   -2      5.368      3.340      3.934
  -1  519     12.791     11.784     -9.728
  -1  472     27.106     -3.854      9.810
  -1   -2     11.886      8.601      5.689
  -1   -2     -4.013      2.042      8.600
  -1  546     15.614      3.733      6.955
  -1  391    -13.340      1.653      1.553
  -1  645      9.380     -4.961      4.963
  -1  165     13.168     13.433      0.932
  -1   -2      0.970     12.736     -8.052
  -1   -2     -0.650    -12.387      9.368
  -1   -2     -0.556     11.851      3.477
  -1  693     11.630      3.472     10.573
  -1   -2    -12.187      1.336      4.379
  -1   -2     19.611      3.902     -2.721
  -1   -2    -16.143     -3.106      5.149
  -1  491    -18.846     12.014      9.228
  -1 1028     24.642      7.178      6.945
  -1   -2     20.853     16.472      9.729
  -1   -2     13.240     -4.029      9.777
  -1   -2     -0.501      0.754     11.205
  -1  994    -12.891     10.894     11.278
  -1   -2      2.813     -6.161     11.844
  -1  680     -4.490     -4.474      9.897
  -1  624     -0.410      0.725     -9.613
  -1   -2    -11.854      0.291     -0.588
  -1   -2     -6.679     16.620      8.466
  -1  316     -2.833      2.133     -3.197
  -1   -2     -3.916     -8.797      8.843
  -1   30     -4.188     -1.800      8.660
  -1   -2     14.108    -11.925     -8.010
  -1   -2      9.220      9.601      9.249
  -1   -2     10.767      3.946      2.375
  -1  490     12.775     -9.960      6.063
  -1 1125     15.173     14.538      8.162
  -1  301    -18.385      5.103     10.013
  -1   -2     18.023     14.516     10.383
  -1  565     21.591      5.497      3.293
  -1   -2      5.783     15.672      9.105
  -1  909     10.023     -1.234      1.808
  -1 1030     19.353      7.195      6.007
  -1   -2     11.653    -11.342      3.351
  -1  135    -13.234      8.206      1.537
  -1   -2    -12.492     -2.192    -12.052
  -1   -2     19.421    -14.781     10.076
  -1  655     -9.623     -7.103      6.412
  -1   -2     15.146    -10.401      5.670
  -1   -2     -1.366      1.696     -4.050
  -1   -2     11.032     -5.335     -4.571
  -1  193     -9.977     10.534     -3.189
  -1   26      8.244      4.478      8.271
  -1   -2    -16.804     10.559      8.195
  -1  685     17.428      9.757     11.079
  -1   -2     -5.477    -13.546      6.781
  -1   -2     -0.806      7.809     -2.039
  -1   -2     21.429     11.186     11.548
  -1  628     12.547     14.990     11.827
  -1   -2     -6.105     -4.360     -4.530
  -1 1135    -17.397    -12.254      9.014
  -1   -2     18.806     16.601      4.414
  -1   -2     17.458      7.396      1.802
  -1  983      3.176     -2.889     10.493
  -1   -2     20.038     -0.145      6.358
  -1  864      9.612    -11.016     -7.662
  -1   -2      4.997     10.799      8.698
  -1   -2     -2.188      7.835      1.947
  -1   25     -2.368      3.721     10.374
  -1   -2     15.163      6.153      6.207
  -1   -2      4.870     15.649      7.870
  -1  548     -8.737    -10.139     10.047
  -1   -2     10.772    -11.341     -6.825
  -1   -2     11.835      6.257     -0.529
  -1   -2     -3.733     -7.162     11.392
  -1   -2     11.598     -6.420      2.003
  -1   60     18.019      7.252     -0.334
  -1   -2     13.789     -1.498    -11.245
  -1  747     -8.768      2.043     -9.877
  -1   -2      6.271    -11.287     11.907
  -1    3     -7.001      7.065      0.357
  -1   -2     -0.718     16.797     10.885
  -1   -2      1.468     -0.189      6.312
  -1   -2     27.686      5.800     11.270
  -1  512      5.334     -4.177      6.115
  -1   -2     15.894      6.424    -11.357
  -1   48     14.646     -0.739      2.630
  -1   -2     17.279      1.047      5.004
  -1   -2    -16.066    -10.556      8.231
  -1 1152      9.625     -3.482      6.935
  -1  386     20.849     15.359      2.923
  -1  525     -5.231    -13.450     -4.438
  -1   -2     15.552    -18.270      9.493
  -1  595     19.519    -17.201     11.220
  -1   -2     14.295     -4.663     -1.583
  -1 1105      0.957     -9.310      1.601
  -1  632     21.620    -11.643      6.382
  -1   -2      7.488      0.587     -5.558
  -1   -2     -7.062     10.624     10.720
  -1  604     18.368     -7.870      7.116
  -1   -2    -12.844      1.539      0.310
  -1   -2      5.493    -12.077     -4.017
  -1  948     22.716      3.060     10.194
  -1 1148     21.765     14.027      9.665
  -1  707      7.739    -11.545     -4.744
  -1  411     -8.829      5.792     -2.554
  -1   -2    -15.172      2.882     -9.294
  -1  326    -11.328     -3.170      4.607
  -1   -2     -0.872     -5.342     -6.532
  -1  782    -12.862     14.787      4.977
  -1   -2      5.664    -10.244     12.293
  -1  957     18.873     18.438     10.747
  -1  598     11.494     -9.766      7.787
  -1   -2     12.657      6.195      5.470
  -1   -2     10.394     -8.893     -4.593
  -1   -2      0.947     -9.524     -0.917
  -1   -2     20.954     -5.365      7.962
  -1   -2     10.780     -5.330      6.742
  -1   -2     20.951     -4.166      5.994
  -1   -2     23.452     -7.580      7.936
  -1   -2     22.602      3.536      7.283
  -1   -2     10.467     -3.577     12.182
  -1  238     -4.838     -9.111     -2.406
  -1  275     -7.665     -7.231      7.918
  -1  276     -6.202     -6.238      9.774
  -1  466     -0.609     15.634      9.018
  -1  106     20.407     12.158      5.850
  -1  720      0.577      2.458      9.121
  -1  978     20.740      8.177     11.562
  -1  306    -18.108     -0.425     11.188
  -1   -2     18.547     -4.634      4.707
  -1  709     -5.952      6.726      0.232
  -1  619      7.622    -12.888     -7.743
  -1  732      0.108     -6.416      6.781
  -1   -2     13.679     14.936      9.278
  -1   -2    -14.197      0.934     -5.304
  -1  596     24.439      1.276      8.044
  -1   -2     15.286    -10.647      8.597
  -1  427     22.407     -7.091      4.817
  -1   -2     14.575      5.049     -9.690
  -1   -2      0.878     -3.850     11.555
  -1   -2     22.482     -9.588     10.864
  -1   -2     18.195     -3.932     11.430
  -1  702    -17.412    -11.990      2.565
  -1   -2      4.254    -10.400      3.356
  -1   -2      0.512      9.465     10.206
  -1  126      5.881     10.497      4.309
  -1   -2     13.471      9.422     10.831
  -1  394     15.386     14.810     11.365
  -1 1055     26.181    -10.005     11.661
  -1   -2     -4.437      7.772      8.776
  -1  413     20.221     19.235     12.347
  -1  556     13.128     -0.062      7.482
  -1   -2      6.798      5.591      9.064
  -1 1080    -11.705     -8.562      8.820
  -1  442      0.559    -12.067      5.344
  -1 1124      6.208    -12.968      7.929
  -1   -2      6.294      0.885      9.469
  -1  169     22.743     -0.490     -2.816
  -1 1071      5.316     -2.943      9.705
  -1   -2    -11.797     -7.246      4.740
  -1 1006     20.802     13.901      5.397
  -1   -2     -3.928     -4.364      8.981
  -1   -2     12.962     -0.500     11.301
  -1  129     26.628      3.294      8.997
  -1   -2      4.669    -10.375     11.241
  -1  630      8.217     -9.865      5.416
  -1   -2     12.576      7.289     10.718
  -1  778     26.834     10.703      9.921
  -1   -2     21.773     14.661      3.134
  -1  884     20.983     -0.445     -8.894
  -1   -2      0.293     -1.866      6.841
  -1  133     26.134      6.332     11.399
  -1  498     13.755    -12.854     -1.987
  -1   -2     16.016      8.990      0.361
  -1   -2    -11.162      1.650     10.660
  -1   -2      8.463    -12.990     -6.570
  -1   -2     20.469    -12.396      7.347
  -1 1053      2.455      9.035      7.230
  -1 1121     17.647     -7.579      5.923
  -1  454      7.188     14.560      9.669
  -1  642      9.693     14.488      7.344
  -1  837     21.122     -3.173     -0.492
  -1  281     15.032      7.807      4.194
  -1  731     -5.743    -11.283     -7.927
  -1   -2     19.658      9.994     -7.844
  -1   -2      4.096     -4.959     -1.385
  -1  486     -9.995     -6.718      9.802
  -1  157     23.208      5.386      9.443
  -1  755     22.021     13.044      5.050
  -1   -2      6.092      1.810     10.172
  -1   -2     17.787      0.409      1.360
  -1   -2      7.960     -4.627      8.697
  -1   -2     20.737     14.743     -2.468
  -1   -2      3.099     -5.813      3.233
  -1   -2     25.289     13.105      9.074
  -1  285     18.888      3.463     11.450
  -1   -2      0.102    -13.409     -1.283
  -1   -2      4.773    -11.961      9.319
  -1  612     19.558     -4.650     -0.087
  -1   -2     20.546      1.709     10.457
  -1   -2    -14.912      3.365    -11.086
  -1  299     -9.777      5.181      1.419
  -1  330     19.635     -9.068      4.870
  -1   -2     13.899     -9.605     10.829
  -1  369     12.518     -5.582     -4.739
  -1   -2    -15.009     -7.393      8.090
  -1   -2    -16.503    -13.636      9.277
  -1   -2    -19.126     -4.540     11.323
  -1  687     26.417      1.216     10.027
  -1   -2      8.599     -3.075      3.385
  -1   -2      0.817     -8.438    -10.079
  -1   51     24.626     -1.866      2.852
  -1   -2     19.765      6.535     -5.772
  -1  435      8.225     -6.772     11.231
  -1    7    -12.926      5.874      8.908
  -1   -2    -14.729      8.183    -12.270
  -1  868    -18.200      8.739     10.826
  -1   -2     -2.959     12.346     -7.619
  -1   -2    -20.362    -10.156      8.409
  -1  762    -21.098     -3.404     10.034
  -1   21     -5.900      1.394      5.134
  -1  494    -17.303      9.889     12.144
  -1  580     -5.315     11.902      9.494
  -1   -2     -7.436      3.793      5.413
  -1  712    -17.840     -7.459     12.381
  -1   -2     -2.703      7.290      7.983
  -1 1097    -11.778     12.193      0.639
  -1  543     22.380      8.051      3.739
  -1  429     -8.556     -8.847     -2.391
  -1   -2    -15.222    -19.287     10.310
  -1  912     11.771    -18.296      6.674
  -1 1061    -18.615      7.039      8.712
  -1  771     -2.440     15.216     10.314
  -1  153     -4.263     -7.823     -4.695
  -1   -2    -15.724      2.097      6.606
  -1  974     21.095    -13.718      6.461
  -1   -2    -20.428      0.270      9.489
  -1  423     26.898     -8.389      9.602
  -1  823     28.280      8.060      7.201
  -1  814    -16.675     14.962      8.377
  -1  673      0.580     10.330      1.015
  -1  259    -17.949      3.135     10.795
  -1  765    -14.976     19.066     10.439
  -1   -2     23.307     -5.756      3.808
  -1  789     -1.204     -1.905      9.050
  -1   -2     -1.105      6.535      0.979
  -1  204    -13.643     15.370     12.369
  -1   -2    -17.166     -3.702     -7.654
  -1  535     27.425     11.771     11.797
  -1   68    -19.435     -8.261      3.160
  -1   -2     22.881      9.084     -2.203
  -1  808     23.790     -5.452     12.202
  -1   -2     13.264      7.507      7.616
  -1  725     21.326      0.498     -0.146
  -1   -2    -12.606     13.850     -4.136
  -1  723     11.774     17.269      7.927
  -1  352     -8.329     10.872     10.169
  -1   -2    -18.453      2.666     11.446
  -1   -2      4.803     13.395      5.314
  -1   -2     -1.484     11.882      2.476
  -1  892     -5.786    -14.265      1.557
  -1 1054     29.305      6.448     12.117
  -1  850    -11.550     11.170      6.956
  -1  473    -14.814     15.353      4.609
  -1   -2    -16.321      8.718     -2.620
  -1   -2    -11.051     -8.710      7.801
  -1  547    -11.462      1.298      3.916
  -1  264    -15.689      3.318     -0.895
  -1   -2     17.008     17.525      9.998
  -1   -2     -6.070     16.063     11.419
  -1   -2      2.691      7.657      1.926
  -1  477      0.998     14.839      6.618
  -1  222     25.189     -1.985      8.613
  -1   -2    -18.489     -7.743     -1.065
  -1   -2     -3.847      1.707     -1.293
  -1 1037     -3.705      1.693     -3.821
  -1  412     14.344     15.796     11.085
  -1   -2      4.762     14.247      8.424
  -1  279     27.345     -0.008     10.339
  -1   -2     -3.254     14.205      5.584
  -1   -2     24.776      7.929      3.149
  -1   -2    -14.138     -2.477     -7.821
  -1  859      4.171     13.754      8.375
  -1  793     -7.035     10.414      6.275
  -1   -2    -10.622      7.203    -10.556
  -1  810    -10.441     16.922     11.888
  -1   -2     -2.041     13.893     10.942
  -1  842    -18.166     -1.875      5.807
  -1  818     14.485    -20.812      7.208
  -1   -2      3.867     10.096      9.136
  -1  781     24.782     10.655      5.306
  -1  976     -4.856     15.245      7.982
  -1  797    -11.189     16.461     12.091
  -1  971      9.957      8.049      7.760
  -1  954     -7.712     15.884      0.148
  -1  796     -0.176      7.478     11.819
  -1  932     -9.327      8.899      3.844
  -1  975     13.010     -6.779      9.080
  -1  508      4.167     12.936      7.758
  -1  156     15.183      2.985     12.129
  -1   -2     26.559    -10.302      4.655
  -1   -2     19.560    -16.576     12.384
  -1  847     -2.729     12.150      9.048
  -1  816      3.839    -16.356     -0.979
  -1 1050    -10.748     15.095     10.671
  -1  288     -6.108     -9.488     10.929
  -1  805    -19.625    -10.711     10.826
  -1  700     -9.035    -14.195     -0.870
  -1   -2     -7.504     13.080     12.414
  -1   -2     -6.206     -0.501     12.309
  -1   -2     -7.473     16.693      4.923
  -1  926     -8.175     -5.779     12.436
  -1   -2     -0.924      8.137      8.314
  -1  891    -10.950     11.454      1.466
  -1   -2     15.043     17.739      9.686
  -1   -2    -12.744     11.656      7.578
  -1   -2    -17.789     -2.555      4.717
  -1   -2     17.983     15.776      5.354
  -1   -2     -7.582     14.163      8.731
  -1  573     11.882     -6.775      6.505
  -1  650     25.219      5.871      9.460
  -1  834     -7.410      7.948     -8.261
  -1   -2     -7.237      3.735      2.517
  -1   -2     24.310      6.506     -2.991
  -1 1015     23.590     17.872      5.538
  -1  497      6.466     12.494     11.104
  -1   -2    -15.682     -6.381     -9.492
  -1  979     -1.691      0.139      7.597
  -1  636     19.842    -17.033      6.802
  -1   -2     -3.392    -10.707     10.903
  -1   -2     28.449      6.458      6.469
  -1  822     -1.504     15.328      5.162
  -1  716      1.650     10.729      9.819
  -1  763      0.336     17.833      3.876
  -1   -2     14.147     17.520      9.994
  -1  425      6.268      5.687      4.316
  -1  257     -2.883     -1.979      7.282
  -1  828     28.629      3.706      8.291
  -1   -2      5.281     11.457     -1.302
  -1  571      8.857     14.707     -1.472
  -1   -2     -5.805      0.618     12.450
  -1   -2     18.087     -1.770     10.597
  -1  527    -10.717     -4.133      9.948
  -1  934    -15.256     -0.485      4.984
  -1   -2     -3.942     14.642      8.697
  -1  760    -15.691      8.682     12.208
  -1  261     20.872     10.554      5.023
  -1   -2     -6.061      9.272     -4.269
  -1  436     -5.599     19.964     11.686
  -1  860     18.998    -13.397      5.648
  -1   -2     -2.870     11.470      7.862
  -1  416    -18.879      6.186     -0.275
  -1   -2      4.872     15.924     11.862
  -1   -2     16.419      7.486     -6.504
  -1   -2    -13.990     14.649      4.443
  -1   -2     10.134    -18.337      9.105
  -1   -2    -14.772    -11.487      9.627
  -1  560     22.165      3.436     10.304
  -1 1139     20.507     -0.145      3.525
  -1  610    -10.203     12.639      0.345
  -1 1160     14.658    -17.479      7.821
  -1   -2     11.417      8.740      3.819
  -1   -2      0.814     12.628      9.931
  -1  831     -2.918     13.878      7.086
  -1   -2    -14.228      9.168     10.179
  -1  456    -21.090     -5.541     12.360
  -1  634      3.895     -3.040      8.071
  -1  890      2.966    -13.615     11.529
  -1  421    -17.613     -5.041      6.897
  -1   -2      9.634      1.790     10.430
  -1  736     19.720     -9.624     -5.745
  -1  377     -2.998    -11.622      7.389
  -1  927      4.422     -8.809     -0.575
  -1   -2     -2.282      9.394     -8.763
  -1  183     20.267      3.608     -1.932
  -1   -2     -3.790      8.803      9.639
  -1   -2    -13.357     15.443     -7.712
  -1   -2     27.540      6.702      5.055
  -1   -2     -7.457      6.594      0.427
  -1   -2     -4.810     -1.910      3.091
  -1 1155     11.606     -1.988      0.387
  -1   -2     21.157     -1.466     10.560
  -1  852    -19.190    -13.577     10.549
  -1   -2     23.081      9.212      9.658
  -1   -2     23.935     -4.477      9.156
  -1  894     13.180    -18.855      8.175
  -1   -2     18.477     -8.903      3.753
  -1   -2    -15.280     15.767      6.653
  -1  215      2.175     -1.710      0.215
  -1  251    -13.001     -0.556     -0.097
  -1 1035    -14.427    -13.397     11.668
  -1  982      1.543     17.941     11.719
  -1   -2    -15.128     14.688     -6.300
  -1   97      4.082     17.518      3.436
  -1   -2     -3.384     16.602     10.822
  -1   -2      1.134     13.449      6.664
  -1   -2    -12.503     -7.286     -5.616
  -1 1046    -10.139    -14.287      3.884
  -1   -2     25.699      1.029     11.342
  -1   -2     18.200     11.924    -10.422
  -1  626     -0.252     -8.939      8.420
  -1   -2     -0.517     -0.610     -1.820
  -1   -2     -3.825    -20.186     12.120
  -1  617     -4.012     16.214      6.889
  -1  706     12.427      1.078     12.267
  -1  125      0.283      7.921      4.043
  -1   -2     22.686      8.332      7.200
  -1   -2     12.442      5.612      9.466
  -1   -2     -3.539     -3.270     -4.855
  -1  748     10.246     11.603      2.745
  -1  931      6.529     -9.328     -4.667
  -1   -2     16.076     10.129      4.399
  -1  289     17.110     -2.560     10.887
  -1  496     25.055      9.772      5.722
  -1   -2    -13.766     -7.417     11.180
  -1   -2     14.890     -0.397      0.771
  -1  109     13.300      8.109      1.711
  -1 1077     -8.590      7.307      2.296
  -1   -2    -18.309     16.741      8.095
  -1  688     -0.259      0.279      7.777
  -1 1145     16.879     14.766     12.437
  -1  449     13.154     -5.511     11.644
  -1   -2    -12.667      2.786     12.599
  -1   -2     11.431     16.051      3.924
  -1  305     -5.812     -1.302     -0.526
  -1   -2     15.064     -6.230     11.642
  -1   -2     19.313    -12.068      7.338
  -1  181     12.161      9.303      0.681
  -1   -2     15.367     -3.284      0.252
  -1   -2     24.051     19.210     10.925
  -1  835     -4.424     16.798     11.735
  -1   -2     23.173     15.705     11.622
  -1  395     17.098      7.219      8.954
  -1  351     10.414      1.190     -5.288
  -1  656     -6.881     -0.939      9.594
  -1   -2      4.138     11.904     -1.065
  -1  392     20.561      0.759     12.107
  -1 1109     15.086     -2.560      3.309
  -1   -2    -12.036    -18.468      6.398
  -1   -2     -5.175      3.873      2.573
  -1 1163     24.467     11.030      9.109
  -1  897     18.103     -6.360      3.011
  -1 1157      9.682      4.245     10.204
  -1  398     15.273     -9.736     10.084
  -1   -2     -9.191     -6.765      5.845
  -1  356    -12.860      3.927      9.640
  -1  262     18.615      5.917      5.777
  -1  708      4.510    -12.916      5.868
  -1   -2      3.239    -13.294      8.287
  -1  484     18.447     -3.964      0.225
  -1  840    -13.880      0.171      9.237
  -1   -2     13.805      1.529     -3.093
  -1   -2      5.646     14.675     12.550
  -1   -2     26.862      4.595      8.958
  -1   -2     -1.229     13.339      6.501
  -1  951     21.040     15.455      9.024
  -1  586      7.321      1.485      7.583
  -1   -2     -4.336     -8.567     10.962
  -1   -2     13.306      0.790    -12.029
  -1  390     -2.961     -7.303     10.740
  -1  116      9.457      3.491     11.527
  -1   -2      4.008      8.457      9.303
  -1  541     17.609     13.809     11.103
  -1 1029    -18.066     -9.311     -7.361
  -1  641      1.735      3.992      6.863
  -1   -2      2.226     -1.485     12.368
  -1   65     24.363      8.448     -0.679
  -1  638    -11.489     -7.140     -2.228
  -1  930     26.700      9.168     10.320
  -1  534     20.251      6.147     10.782
  -1   -2    -10.580     -9.205      6.859
  -1   -2    -19.161      9.938     10.804
  -1   73    -16.227     14.431      7.649
  -1 1076     -4.825    -18.368      6.942
  -1   -2     11.770      8.054     10.259
  -1   -2    -12.851     -8.153     -0.844
  -1   -2    -19.674    -15.050     12.403
  -1   -2    -12.977     -6.660     10.974
  -1   -2     -6.028     11.377      9.820
  -1   -2     -1.085     13.529      9.383
  -1  653      6.821    -16.015      3.097
  -1   -2     14.351     10.985     -1.880
  -1   -2     -9.612    -11.112      7.988
  -1  572     14.461    -16.125      1.465
  -1 1115    -13.112    -20.162      8.256
  -1   -2     -9.504    -10.827     -6.764
  -1   -2    -10.970     11.879      9.867
  -1   -2    -10.608    -13.647      3.833
  -1  879     -6.799     18.657      8.587
  -1   -2      9.541      0.277     12.013
  -1  501     23.253     -5.904     11.948
  -1   -2     19.389     -1.022      9.431
  -1   -2     24.816    -17.853     12.555
  -1   -2     -6.627     15.079      3.532
  -1   -2     27.751      6.780      9.273
  -1   -2     -1.258      8.899     10.761
  -1   -2    -14.539      1.858     12.072
  -1  911      7.996    -16.762     11.347
  -1  811      5.425     14.184     10.727
  -1   -2     -0.366     -3.898      4.091
  -1   -2      6.344     10.923     -0.601
  -1   -2      6.168     14.807      3.336
  -1   -2      3.521    -20.500     11.782
  -1   -2    -11.111     12.984      2.416
  -1   -2     17.108     14.159      3.511
  -1   -2    -14.954    -17.750      0.712
  -1   -2      4.863     -0.594     11.708
  -1   -2     -3.697      9.011      6.592
  -1  406     25.348      2.718     11.335
  -1   -2     12.221      1.749      9.315
  -1 1009      1.738      0.172      2.722
  -1 1126     24.754      5.465     11.936
  -1   -2    -16.334     15.573      8.573
  -1  973     17.399      3.416      9.697
  -1 1085     -8.319    -17.926      1.464
  -1  516    -14.319     -4.419     -3.728
  -1   -2     23.411     10.561     -4.195
  -1  439     12.278    -14.800     -3.377
  -1 1075     -2.974      2.671      9.061
  -1   -2     -0.332      5.728      8.911
  -1   -2     -6.952     -0.829     -3.758
  -1  131      2.713     16.368     11.536
  -1   -2     15.988     13.813      6.545
  -1   -2     -2.699     15.140     11.210
  -1  674     25.952     11.095     -0.976
  -1   -2     25.395     -0.453     12.220
  -1  219     11.370      0.470      9.356
  -1   -2    -10.452     15.997     11.740
  -1   -2      8.112      7.872     -0.499
  -1   -2     -5.558    -11.302      4.778
  -1   -2     22.201     -2.007      9.244
  -1   -2     -4.373     -2.595      9.193
  -1  991     23.922      7.767      4.980
  -1  699     15.985      3.889      9.238
  -1   -2      1.457    -10.796      7.267
  -1 1008     -1.854     14.465     11.080
  -1   -2     -1.828     -2.038     -7.133
  -1   -2      1.907    -17.734     11.079
  -1   -2      3.457     -9.536     -5.465
  -1 1072     19.107     12.428     11.885
  -1  802     -6.040     12.905     11.753
  -1  672     17.603     16.020      5.620
  -1  538     28.855      3.455     12.011
  -1  880    -20.797    -13.478      6.310
  -1  550     27.018      1.700      9.881
  -1  267     15.316     -2.462      7.962
  -1 1133      3.942    -16.615      7.932
  -1 1103    -17.893     11.898     -5.483
  -1   -2     23.290     -9.670      2.917
  -1  622     -1.209     -8.226     -0.577
  -1  561    -13.467    -15.013      9.893
  -1   -2     18.756     16.230      8.966
  -1   -2      5.396     -9.704      6.084
  -1  743     25.055     14.805      9.499
  -1   -2     23.477      8.724     10.166
  -1   84     -0.018      0.719     12.170
  -1   -2     10.155     -0.825      5.981
  -1  907     -1.007     -3.516     -1.038
  -1   -2      1.453    -14.441     -2.000
  -1   -2     -8.305     -2.659     -9.194
  -1   -2      1.038    -14.470      8.833
  -1  751     11.600     -7.101      2.306
  -1  806      7.680    -17.410      3.470
  -1   -2     -6.156    -10.095      3.794
  -1   -2      7.533     13.402     11.803
  -1  401     26.477     -0.126      4.298
  -1  701     14.672     12.720     10.393
  -1   -2     -3.707     15.219     10.326
  -1   -2      9.612    -12.579      9.528
  -1  752    -13.561    -14.660      6.435
  -1  739     -1.420    -14.687     10.167
  -1  385     -8.219      7.063      1.304
  -1   -2     19.947      1.455     10.925
  -1   -2      4.001     -0.429      7.094
  -1   -2     -4.638    -13.658      8.164
  -1   -2     15.851      0.654      5.325
  -1 1100     18.598     -8.004     10.434
  -1   32     12.031      4.466      6.539
  -1  364     16.412     -8.938     -2.840
  -1  995     23.350     -2.382     11.686
  -1  432    -19.225      8.438      9.835
  -1   -2      7.672     -9.288     10.474
  -1  188     -5.867     13.966     10.073
  -1  160     -6.890     -3.886      7.268
  -1  986     -1.288     13.012     11.106
  -1 1120     25.961     16.038     11.550
  -1   -2     -4.199    -14.620      8.906
  -1   -2     13.904      0.042     10.017
  -1   -2      7.803      2.946     -2.574
  -1  722     20.266      7.009     10.016
  -1 1142     -0.261      9.117     10.409
  -1   -2     25.409    -11.276      8.761
  -1  943     16.056     -4.655      7.576
  -1   -2     13.035     12.604      8.931
  -1  339      7.039     -4.871      5.886
  -1   -2     13.718    -13.103     -7.718
  -1 1045     27.508    -14.742      5.270
  -1   -2     19.673    -10.149      8.571
  -1   -2     26.286     -0.962     10.677
  -1   -2      8.934    -19.663     10.403
  -1 1052     -0.405    -16.573      8.544
  -1   -2      1.340     -6.499      9.427
  -1   -2    -12.529    -19.705     11.939
  -1  380     -4.495     -6.483      8.555
  -1  777     15.781      9.212     12.026
  -1   -2     13.443     -3.653      9.267
  -1   -2      2.771      0.274      7.581
  -1   -2      5.135     -0.814      4.498
  -1   -2     23.128      7.405     12.437
  -1   -2     20.898     17.369      7.572
  -1 1166     24.867     23.270     10.897
  -1   -2     24.637    -14.583      9.241
  -1   -2      6.960    -26.364      5.455
  -1 1169     19.539    -23.817     12.080
  -1   -2      9.804     27.570      8.719
  -1  889    -16.496    -15.571     12.422
  -1   -2     27.944     11.326     12.916
  -1   -2     10.931    -22.612      9.924
  -1   -2     -9.451    -18.457     11.455
  -1 1176    -26.530    -11.072     12.723
  -1   -2     -6.957    -21.345     12.267
  -1  531     24.935     -8.601     12.568
  -1 1089      7.350    -16.634      7.999
  -1  788     -3.095    -21.134     12.279
  -1   -2    -24.297    -10.940     11.531
  -1  903     20.855    -14.838     11.445
  -1  703     21.454    -22.475      9.058
  -1 1165     22.945     20.229     10.366
  -1  407     23.562    -17.021      6.070
  -1 1013     24.095    -16.814      7.617
  -1   -2    -26.056    -13.494      8.784
  -1 1108     -7.943    -20.647     10.405
  -1 1156     27.201    -16.266     12.615
  -1 1173     -3.296    -26.636     -8.862
  -1   -2     -4.803    -23.372     -2.876
  -1 1179     15.073     28.210     -0.823
  -1  913    -13.601    -17.699      5.333
