1291
   0  176    -11.143      4.510     12.110
  -1 1141      8.528      2.281      9.961
 888 1199     15.971      1.836     10.528
  -1 1239     10.219      3.806     10.245
1197   -2     12.940     -8.843     11.783
   8   -2      0.612     10.769      7.491
   2   -2     -9.158     -1.011      7.867
  39 1211     26.101     -1.909      3.537
 899   -2     12.297     -5.361      8.018
  -1    3    -10.768      7.560      9.699
  -1   -2     15.536     -1.656      1.332
  -1    5      0.861     10.596     10.667
 494   -2     -2.266     14.915      7.362
  -1   -2      0.794      3.207     -8.665
  23   19     -3.349      1.079      6.845
  -1  766    -11.217     13.873     11.087
  17   11     -5.856     -0.769      4.313
1199   55     16.347      3.816     -8.128
  -1   -2     21.062      4.816     -2.379
 323   -2     21.774     -1.766      7.609
 500  100     23.493     -0.803      7.684
  42   65      5.480      4.641      3.550
  -1  369     16.297     11.406     -0.056
  18   33      9.778      3.343      5.431
  26   21      8.392      5.689     11.473
  -1   -2     -3.382      2.161     11.746
  -1   40      4.256      8.611      1.011
  25   -2     -7.226      0.063    -11.521
  -1  211     -9.050      9.108      6.629
  38   -2     -3.495      3.575     10.960
  -1   -2      3.976      3.100     -4.443
  -1   -2     15.798      7.456     -3.606
 528   30      4.754     -6.146     12.583
 276   -2      6.108     -0.715      9.781
 599   -2      5.895      9.924     -5.965
  -1   67     19.887     12.652     11.004
 230   -2     -2.093     12.862      4.761
  -1   -2      8.929      9.479     -0.024
 711  753      6.780     -4.251      7.236
 213 1229     16.510      0.177      5.045
  -1   -2    -12.106     -0.152      1.172
 625  111      1.113     -1.400      9.552
  -1   -2     -9.853      1.947     11.678
  33  888     -5.475     -0.777     -4.739
  -1   73    -10.310      9.225     -5.218
 655   -2     18.857     -1.537    -11.103
  -1 1068     -3.562      6.652     10.519
  -1   -2    -15.386      0.591      4.245
 384  441    -11.879     -1.671      9.159
  -1   -2      4.892      7.930     10.060
  -1   -2     25.203      3.239      8.370
 421   60     16.599      5.786      9.545
 400   31     -1.786      9.727      7.275
  -1   25     11.317      6.283      3.897
1211   -2     -1.837      3.754     11.029
  82   69      1.804      0.194     10.826
 460  445     -0.285     -0.362      4.287
  -1   90     -9.039      6.358      4.152
 778   38     -5.343      8.172     -7.835
 191 1224     10.993     -7.003      8.425
  -1  911     -7.114     10.884      6.500
 649  802     -2.710      6.743     -0.475
  44   -2     -6.060     -1.456      8.758
  -1   -2      9.497     -3.274     11.250
  80   84    -10.799      9.460      1.976
  93   -2      2.690     -5.359     -9.178
  -1   -2    -11.180      7.943      4.311
 434   -2      5.525      4.423      8.512
  -1   -2     10.259     -3.263      1.322
 237   39     -6.140     -1.983      1.941
  -1   -2      1.525      7.989      6.044
  -1  108      9.159      7.336      3.913
 200   -2     -0.980      8.763     -0.207
  -1   -2     11.844     -0.204     -7.843
 155   -2     23.069     -0.979     11.154
 958  765     -6.994      1.393     -3.614
  -1   -2    -10.197      4.778     -4.220
  -1   -2     13.317      8.435     -8.185
 427   -2    -10.315     -4.312      3.101
 212 1228     -8.946     -5.827     -4.010
  -1  649    -15.683     -0.434     -1.644
  -1  142     -7.976      7.201      1.538
  -1  137    -13.886     -7.641      8.138
 710   85     16.861     -1.629     10.238
  -1   -2     12.294      2.215      0.740
  -1   -2     11.394      7.550     -2.216
  -1   -2     10.462     -4.564     -5.603
  -1   -2      5.251     -0.298     -4.059
  -1   -2     12.395      5.981     -9.680
  84 1214     21.859     10.060      5.224
  -1  125    -18.138     12.042      8.338
 533   91     -4.272     -0.821      6.006
 132  634     16.326      3.543      1.228
  -1   46    -11.310     -5.517      9.415
  -1  110     18.803     -6.163     10.935
  -1  126     19.121     -0.230     -8.160
 148   -2     -5.685      6.560      5.006
  -1  384    -16.405     -2.755      6.313
  -1   -2      1.115      4.644     -6.268
 143   83     14.206     11.466     -6.101
 476   -2    -14.943      1.010      8.848
 156 1223      6.223      1.176      8.639
  -1  132    -14.833     -1.220      6.650
   9  365     -2.752     14.784      9.823
 963 1112      8.195     12.122     10.464
 719   -2     13.566     12.088      9.347
 939  662    -11.404      7.056      2.169
 133  166      5.635      1.304     -7.136
  48   -2     13.318      1.792     -1.914
1122   -2     -9.788     12.126      2.611
 419   -2      6.360     -0.462     -5.117
  57   -2     18.700     -0.276     -2.059
  -1   -2     -1.975     -1.336     10.899
 409  497      8.041     13.861     -5.597
 177   -2    -14.789     -1.973      5.504
 914  140      9.677     -4.894      6.935
 215  964     -8.820     -1.321      4.408
  -1  250     11.740     15.637      0.951
 930  259     12.393     10.192     10.837
 157  657    -19.742     -1.242      8.545
  13  433      8.484     10.590     -3.289
 682   -2     22.998      7.991     11.406
  -1   -2     19.754     -5.860     -8.435
  94  254     -1.500      2.568      1.750
  -1  199     20.304      9.101     -0.677
  -1   -2     25.461     -1.551     10.254
 378   -2     14.390      5.335      8.487
  -1  749     22.709      8.412      7.190
  -1  272     10.165      0.121      0.057
 408   -2    -17.261      4.667     -1.741
 725   -2     -0.384     -2.984     10.708
  -1   52     15.102      9.375      8.261
  -1   -2    -12.170     -0.306     -6.571
 219   -2     12.478      2.433    -11.838
 589   -2     21.693     -2.629      3.578
 559  162     22.040     -6.325     10.918
  -1   42     14.468     12.953     10.556
  -1  131     25.496     -5.089      5.468
 980  448    -12.108     11.679      1.955
 633  486    -16.878      1.113      8.938
 447  947     21.267      2.557      8.851
  -1   -2     20.726    -10.296      6.881
 162   66      3.242     -2.144     12.140
 358  271      8.220      7.815     -7.112
 755   -2     18.518      4.950      2.573
  -1  172     17.881      3.237     -9.968
 355   -2     -3.070      9.378     10.132
 280  943     17.107    -10.462      8.050
 947  243    -15.812     15.724     10.611
 101 1217      9.425     14.491     10.739
  -1  135    -11.682     14.988      9.154
 104  906    -12.299     11.615     10.575
 429   -2     15.356      2.698      5.559
  -1   -2     17.690      9.680     -7.346
  -1   -2     10.699      2.967      0.945
1227 1266     -3.202      4.997      4.936
  65 1070    -14.318     -2.105      3.662
 433   44      3.519     -0.629     10.961
 208 1227     18.629     -2.169      1.282
 334  892     14.672     -2.513     -2.478
1046 1032     10.309     -7.977      1.126
 423   -2     11.856     -4.230     10.964
  -1   -2    -12.986     11.288     -1.794
 170   -2     -1.555      2.760     -2.559
 650  944      7.139     -9.480      5.897
  -1   -2     12.734     -7.611      1.882
  76   -2     16.762     -6.336      5.548
  98  925    -16.614      6.335      6.905
1001   34      9.708      1.741     -7.339
  56   -2      9.824      5.031      7.697
  -1   -2    -11.879      6.993     -4.268
  -1  242     19.431     -7.503      4.090
  90  280     -6.190     -4.344     11.330
  -1  771    -19.883      3.364      8.694
  -1   -2      2.003      9.340     -6.113
 316  180     10.366     -1.687      8.279
  -1   -2     -5.583     13.974      4.549
  74   -2    -15.914     14.684      6.085
 267   -2     20.207      2.727     -4.572
1105  306      7.923     14.945      9.361
 300   -2     24.051      3.126      1.851
  -1   -2    -16.580      2.823     -4.011
1062  173      4.207      9.929      5.639
 545   -2     11.419     10.790     11.296
 922 1250    -19.941     -2.989      9.438
 287  405     20.787     11.801      7.442
  72   -2      3.469      5.839      2.339
 288  104     -3.138     -8.261      6.938
 838  257    -12.323      1.363      9.327
 320   -2    -12.138      7.260     -8.822
  -1  351    -17.753      5.349      8.130
  -1  133     -2.690      3.675    -10.450
 252   89     14.181     -1.072     -1.237
 405   -2     19.026      8.055     10.774
  -1   -2    -13.903    -10.335     11.795
 303   -2    -13.111      1.193     12.213
 402  346      1.250     12.282      7.817
  -1   50      3.714     -0.697     -4.413
  64  101     18.952      6.895     -0.975
 700  458     21.279     -1.477     10.751
 361  391     -1.404      0.879     11.478
  -1   -2      4.288     10.223     -7.074
 541  810     11.478      8.389     11.093
  -1 1237    -13.517      7.167     -1.061
 186   -2    -12.912     13.888     10.546
  -1   -2     -0.962      7.601    -10.973
  -1   -2     -2.391     -0.844      4.571
 530   -2     10.923     -4.591      2.774
 828  715     -6.958     13.554      5.620
 139  183     16.698      9.360      2.173
 324   -2    -19.218     -2.829      9.324
  -1   -2    -11.969     -2.876     -1.383
 687 1235    -11.973     -8.646      0.794
 336  470     15.480     11.159     -5.627
 481   -2     -9.369    -10.679      2.422
  -1  317      9.458      1.015     10.399
 218   -2      2.751      1.408      5.647
  -1   -2      5.984     -5.853      9.625
1103  620     16.050     15.856      4.366
 285  399     -5.497      5.999     -0.668
 321  786     21.710     -4.443      7.414
  -1   -2     -8.240     -2.609     10.265
 590   -2     15.838     -3.299      4.249
  -1   -2     -8.885     -7.962     -9.724
 684   -2     23.546      4.757      7.842
  -1   -2    -16.690      9.265     -0.820
   7  843    -10.850      6.903      7.060
 470   -2      7.438     14.300      4.665
  -1  326     16.504      0.735     12.520
 224   -2     26.561     -5.724     11.391
 455  683     13.926     -3.367      7.187
 307  524     23.470     -2.646      8.857
 996  487     -4.111      1.861      8.963
  -1  373      2.605     10.989     -0.317
 667  583      0.285      0.211      9.351
 292  463     -1.406      3.787      7.666
 695  665     20.447     15.749      5.771
 233   -2    -19.081      4.672      6.312
 370   -2     16.273      8.761     10.313
 428  113     -8.133      9.157     -3.123
 634  309     22.505      7.865      4.336
 496  213     -2.186     -5.768      0.862
 264  554     26.476      3.665     10.066
 607   -2    -16.056      5.588     -2.447
  -1   94    -17.611      0.785     10.196
  -1  527     -9.896      0.560      5.360
  -1   68    -12.506      9.332      3.530
  -1   -2      7.151     13.976     -0.359
 678  292     22.276     10.626     11.460
  -1  485     12.402      3.882     11.000
 107   15      3.741     -0.262     -7.462
1004  283     -7.819     -6.434      9.827
  -1  404    -19.437     -8.888     11.737
  -1   -2      9.355     -1.422      6.414
 112   -2     -7.854      7.028      4.162
  -1   -2    -18.283     -0.169      9.057
  -1  588     17.544      6.976     -3.489
  -1   -2     22.924      6.373     11.841
 514  190     22.016     11.619      8.268
  -1   -2     16.692      6.904     -0.502
 756  508      0.788      2.866    -11.504
1003   -2      7.634      7.357     -1.264
 339  300     16.458     11.800      8.008
 707  164      5.274      2.322      1.251
 995   -2      6.133      9.890      8.427
  60  703     24.849      6.526     10.487
 701  668      3.275     -1.838      2.089
 393   -2     19.032     14.805      5.085
  -1  696     20.857      8.749     11.055
 134   -2    -16.108     -2.137     10.798
  -1  385      7.057     -2.803      2.531
  49   -2     11.728     16.454      8.280
 347   -2     -5.983      5.073     -7.319
 787   -2     27.555      4.264     10.879
  -1   -2     12.881     -3.159      3.737
 268  979     21.278     13.363     11.834
 366  400     12.712      0.224     10.464
  -1   -2     -9.772     -1.977     -4.462
 389   -2      3.355     16.001      3.322
1107 1169    -16.052     12.197     12.093
 182   -2     -9.710     -3.243     11.844
 972   -2     25.463     -5.004     10.210
1231  386     22.851      6.169     -0.555
 183 1054      2.220     15.973      7.632
 195 1082     -5.267     15.953      5.168
  -1  535     14.495     -2.348     -4.555
  -1  225     26.394      6.229     11.903
  -1   -2      1.965     -9.389      5.576
 671   -2     21.216     -5.100      2.627
 612  371     17.392      7.843     12.298
  -1   -2     20.131     -3.932     -2.015
  -1  409     19.785     -2.007      0.075
 842  381      5.709     -7.719     -4.181
 909   -2     -9.312      1.996      7.955
   5   -2     -1.182     -0.054      2.724
  -1  407     22.055      2.019     12.131
 663 1249      3.023    -11.484      1.022
 386  488     13.209     -5.799     11.413
  -1  475     24.230     -8.583     10.679
  -1 1234     23.920     10.179      6.857
 309   -2     13.373      4.878     -9.431
  -1  345      6.797     13.157     -1.312
 243   -2     -4.736     -2.204      7.995
 279  397    -14.967      3.313     -9.921
  75   -2     13.004      6.255     -1.162
  -1   -2     -9.000      2.666     11.012
 293   -2     11.832     11.023      1.835
  -1  489      2.733     10.668     -4.246
 221   -2     -4.765      9.632     -5.355
 469  368     -0.157      7.644     -7.381
1119   -2      1.522      7.455     12.144
  -1   -2     -3.874      2.951      0.297
1011  531     -6.564     -9.841     -6.956
 467  903     18.245     11.379     10.758
 261  571     -7.348     -5.954     -5.418
  -1   -2     18.162     13.229     -6.556
 569  389     -8.499     -1.399    -11.769
1064  539     -8.637     -4.076      6.405
  -1   -2     -1.107     -3.915      3.282
  -1   -2     16.937      1.545     -0.675
1126  269     21.778      3.178     -5.081
  -1   -2      5.078     -3.605      0.454
 445  189    -12.699     -5.312     -2.123
  -1   -2     23.220      9.268     12.030
  -1   -2      4.432     10.744     11.302
 327   -2     17.122     -1.271      8.527
 966   -2      0.039     10.080      5.924
  -1   -2     21.629      4.459      7.147
1221 1006     12.752     -7.256      4.147
 297  318     11.481      0.626      9.461
  58  713      5.494     -2.169     10.199
  -1   -2    -16.934     -6.173      1.857
 785  204    -14.260     14.687     10.382
 820  890    -15.724    -10.596      9.096
  -1  288      9.673     15.189      2.320
  -1  106      0.497     10.263      0.973
 313   -2      6.079     14.493     11.807
 758   -2      9.734     15.929      3.578
  -1   -2     20.058      1.126     -8.758
 579  643     10.755     -1.436      3.086
 459   -2    -12.110      0.742      1.948
 256   -2    -18.297      5.323     10.979
  -1   -2     10.748      6.762      0.676
  -1   -2     -8.149     10.661     -9.917
  -1   -2     23.364     12.894     10.509
  -1 1232     17.926      3.512     10.341
1123   -2     -6.309     -5.403      7.170
  -1  168     21.111      7.214      7.569
  -1   -2     -0.965      3.722     -5.855
  -1   -2      5.249     -5.813      4.201
  -1   -2     17.330      5.213      5.071
 811   -2    -16.315     -9.431      5.889
  -1   -2     11.247     -3.424    -12.104
  95 1216     -5.440     -6.018     -7.823
  -1  909    -13.926      7.051      3.778
  -1  821    -15.525      7.374     -5.765
  -1   -2     15.366      2.870     12.036
1148   -2     20.542     10.607     12.249
  -1   -2    -12.491      8.190    -10.500
  -1   -2    -11.518     12.400     10.236
 957  630      3.177     -0.510      5.559
 308 1081      8.627     -0.742     10.848
 270   -2     24.540      9.043      5.913
  -1  598    -16.920      4.461     -6.049
 897   -2     19.329     -0.948      9.602
  -1  174     -5.436    -11.218      4.228
 340  789     22.357     -0.697      3.759
 609   -2     23.603     -3.610     12.168
 832  603    -15.334     -5.431     11.905
  -1  767    -17.700      9.957     11.562
 997  348    -13.932      0.460      8.575
  -1   -2     -9.058     -0.673     -1.305
1242   -2     22.421      6.252      5.513
 115   -2      8.439      5.677      7.029
  -1  156    -15.008     -1.621     -0.404
  -1  229      0.099     12.622     -7.325
  -1   -2    -12.610     12.492      6.803
 822  210     20.551     10.698      9.568
 223   -2     -8.680     12.824     -4.199
 234  548     17.028      3.429     10.442
 640   -2      4.669    -11.791      6.556
  -1   -2     24.290     -1.753      7.300
 791  526      9.164      0.744      4.969
 538   -2      2.613     -5.660     -0.236
 376   -2     11.773     -0.576      7.249
 850 1252     -5.233     14.058      7.953
  -1   -2      2.179     -4.519      4.416
 432  356     19.523      5.069      7.029
 229  107    -10.022      7.229    -11.813
 348 1048     -3.199     16.075      8.608
  -1   -2    -12.948     -3.521     -1.559
  -1  354     -4.046      7.870     -6.875
  -1   -2      2.566     -0.723     -2.531
 563  464     17.477     -9.870      1.167
  -1   -2      3.903     12.905     -6.421
  -1  279      2.143      0.099      5.970
  -1 1128      7.113      4.805    -11.446
 567  613      6.382    -11.701      6.553
 511   -2     19.259      9.698    -11.010
  -1   -2      1.784      4.088    -10.109
 938   -2     -4.468     -0.862     10.171
  -1   -2    -20.076      1.457     11.154
  -1 1049     -2.409      9.794      3.223
  -1   -2     18.584     -2.358      7.105
 203   -2     -3.410      8.596      7.754
  -1   -2     -4.717     -9.079     -1.884
  -1   -2      4.677      6.538     -4.258
  -1 1092     13.443     16.320      4.934
  -1   -2    -13.046     14.348      8.253
1232   -2     -2.586     -2.610     -9.963
 422 1096      0.642     13.918     11.115
 868 1253    -12.836     16.144      8.994
 977  328    -17.380     -4.301     11.934
  -1   -2     23.102     -7.410      3.788
 519   -2     10.766     13.547     -4.363
 239   -2     18.423     -8.915     10.311
 788 1094     26.810      2.297     12.014
 927  466    -12.574     14.501      5.221
 510 1164      3.658     13.539      5.468
 311   -2     25.636     -5.732      9.128
1114   27      6.504      0.907     11.663
  -1   -2     -7.805     -7.661    -11.736
 795  561      9.479     12.680     11.988
  20   -2    -16.025      1.636     12.255
  -1  685     14.449     15.369      5.880
 669  560     17.626     -8.119      6.732
 372   -2    -17.779     13.341     12.339
  -1   -2    -17.264      5.954     -3.525
  -1  568     18.625     -5.380     -0.625
1096   -2     14.479    -15.407      9.569
  -1  525     15.219    -16.115      3.982
  -1  609     18.056      5.730      3.780
  -1   -2      0.168      2.260      7.864
  -1  367     17.996     -4.918      8.859
1244  224     -5.549     14.944      4.730
  -1  374     14.801     -5.616     -0.028
  -1   -2     -4.439     -4.965     10.887
  -1   -2      9.887     -3.573      7.530
  -1  286      9.979     -6.496    -11.184
 456  329     19.764      2.502      6.931
  -1   -2     -7.256     11.590     -3.250
1239 1268      9.153    -11.174     -6.393
  -1  921      0.749     -2.980     11.911
 180   -2      2.871     11.495     -6.880
  -1   -2     15.805     -1.994     -5.126
 210  745     15.955     -3.803     10.316
 871  310     -1.102      0.134     -0.522
  -1   -2     10.063      4.128     -6.702
  -1   -2      9.969      8.078     11.310
  55  945    -18.405     -1.779     10.017
 318   -2    -19.084    -10.911     10.627
 415   -2     -8.943      0.232     11.989
  -1  202     -7.782     -2.147     -1.071
  71  515     20.247     -6.592     -1.798
  -1   -2     11.493      2.907     -0.484
 955   -2     20.086      5.299    -11.720
  53  304     20.330     -6.409     10.638
 473   -2      2.665     -8.744      0.014
 106   -2     15.491      3.077      2.592
 920 1099    -16.776     13.113      7.769
 440  618    -17.494      7.832      7.722
1224  124     22.252     -1.368      9.715
 764  436     -0.727      6.084      3.153
  -1   -2     14.548     14.992      2.801
  -1  636     13.147      9.448     10.849
 585  179     25.557      9.569      7.052
  -1   -2    -14.398     10.506     -9.913
 629  625     -2.494     -5.597     -6.568
  -1 1243     -6.141    -14.440      9.111
  -1  917      5.354      2.264     10.791
 839   -2     27.519      2.964     12.168
 346   -2      1.842      4.885     11.064
 204   -2    -13.435      4.731     -9.425
  -1  255      2.047     -5.149     11.999
1028   -2     -4.175      0.436      5.948
  -1  504     19.852     11.996      4.785
 163   72     19.751     -1.261     -2.699
 151   64      5.464      3.200      3.922
1008  528      5.645    -10.242     12.244
 489  949      9.660      9.026      5.880
  -1   -2     20.567      3.898     -0.225
 677   74     25.268     -2.783      5.136
  -1   -2     21.485     10.111      0.314
 335  221    -14.047     -2.004      1.589
 550 1241     24.741     -0.610      4.828
  -1   -2    -15.269      6.155     -3.307
  -1   -2    -13.404     13.858      0.267
  -1   -2      9.786      1.999      7.980
 535  552     -8.513     -6.188     11.045
  -1  291     11.843      5.938     10.487
1185  521     18.677    -18.046      9.628
1034   -2     -5.927     15.913      9.678
 810  691      6.626     12.115      5.957
 181   -2      6.850     -0.095      7.240
  -1   -2     10.210      1.646    -10.592
1022  567     18.944     16.652      3.849
 681  393    -16.383      4.618     -3.496
  -1   -2    -17.140     -3.719      5.886
  -1  234     25.629     12.101     12.238
  -1   -2     12.344      9.080      5.249
 746   -2     17.388     -8.094      2.298
 676   -2     -6.300    -11.495     -6.103
  -1   -2    -10.082     -4.897     -9.628
 917  755     14.751      9.318      0.127
  -1   -2     -0.639     -0.122     -2.465
 495   -2     -5.946    -13.764     -2.453
  -1   -2     10.300     12.815      8.104
 397  724      8.675    -11.426      7.636
 551  816     21.379     15.224      8.232
1090   -2     -0.263    -10.922      1.674
 140   62      6.342     -0.758     -1.491
 984  550      0.986     -9.493     -0.780
 887 1017     22.053     15.264      2.265
  -1  465     -0.506     -5.970      1.302
  -1   -2    -15.110     12.465     10.499
  -1  477    -11.786    -10.061      9.431
  -1   -2      9.520     -6.922      7.841
 509  851     12.582     14.487      6.645
1158  681     14.330     -4.815      3.996
  79   -2      6.602     13.769     -5.028
 446  593     11.979    -10.503      3.872
  -1   -2     -6.196     -3.446     -1.308
 540   -2     23.490     11.839      7.764
  -1   79     13.215     -6.644      7.752
 776  872    -19.204      6.656     10.076
  -1   -2      3.565      5.574      7.168
  -1   -2      4.929    -11.071     -5.460
  -1   -2      0.115      5.269    -11.386
  -1  471    -15.539     -0.429     -5.721
 214   -2    -15.105     13.685     11.353
 487 1247    -18.978     -7.334     10.976
  -1   -2      9.220     -4.315    -10.042
1168  846      7.968      9.994     11.445
1082   -2     -7.323     16.890      8.340
  -1   -2     -0.712      5.661     -4.332
  -1  332     26.316     -0.790      5.530
 485   -2     19.672     16.229     11.345
 269   -2      0.391      5.662     -1.347
  -1   -2      9.292      2.378     12.168
 102   -2      0.869      3.513      6.431
  -1   -2     -8.148      5.315     -4.500
 782   -2     10.165     16.730      7.259
 437  732     24.079     -7.785      7.268
  67  416     22.929      2.491     11.240
 975  158      7.872     -4.743     -0.939
1110  727     21.709    -11.226      7.322
1032   -2     23.245    -10.118      8.399
  -1   -2     17.867     -6.322     -5.222
 228 1231     19.377      8.964     11.294
 253   -2      4.628     -0.534    -11.805
1150   -2     16.102     -8.378      2.163
  -1   -2     21.216      7.336     -5.004
  -1   -2     -5.361      9.039     -4.851
  -1  790    -19.949     -5.198      8.937
 812  768     17.508    -15.569      6.823
1235   -2     13.851     -9.344      3.728
 375   17    -11.512     -1.293      2.611
1215 1124     12.600      3.424      5.711
  -1  267      9.026     -2.335      3.241
1214  440     19.485     13.871      6.731
  -1   -2      8.921     -3.004     -2.164
 265   -2     17.576     12.956      6.721
  -1  396     -4.684     -4.329      4.378
  -1   -2      6.053      7.196      2.173
  -1  315    -13.953      0.667     10.888
 618  919    -10.660    -12.667      4.072
  -1    4     -3.787     -0.860      9.102
 936  580     17.616      7.890     -1.916
  -1   -2     22.302      4.480      8.545
 894 1087    -15.205      6.588      6.256
  -1  929     18.659      1.677      2.368
  -1   -2      0.828     -1.064     -9.065
1234  591     17.932      9.335     12.049
 362   -2     24.600     -6.592      7.463
  -1  542     22.235     13.169      5.457
 317  358     -3.165      3.337     -3.193
  -1  519     -2.877     -5.627     10.595
 575  994    -14.162     -7.570     11.660
  -1   -2     13.867      7.465     -2.376
 929   -2     18.835      4.302      9.969
 345   -2      5.161     -0.432      6.237
 254   48     11.249     -3.748      5.862
  -1  157     12.619     12.865      2.918
  -1   -2     13.685     16.630      7.818
 874  262    -15.764    -12.894      4.362
  -1  342     -3.127    -11.202      9.697
 622  697      2.923      2.215      8.554
  -1   -2    -11.708      2.874     11.287
  -1   -2      5.770     -5.572    -11.375
  -1  965     -3.865     17.699     11.910
 238  163    -14.860      8.276      0.988
1149  546     16.715     -7.492      6.394
1083 1213     14.361      0.868     -3.767
  -1   -2     -0.312      4.071    -11.685
1183  962     23.196    -16.176      9.160
  -1 1200     -9.936     -0.525      7.003
 453  230     22.550      4.779      6.459
 242  512      8.005      8.626      6.566
  -1   -2     14.261     -9.279      9.593
 524 1090     18.137     -7.687      7.077
 165   -2    -14.176     -1.518     11.254
 116  940     17.769     14.032     11.263
 141 1221      4.312     12.174      9.990
 621  717     -3.464      3.841      7.222
1254   -2      5.129      7.345     -6.765
 410  147      0.801     -0.135      2.757
  -1   -2      7.910      1.834      6.781
 793  282     -9.077     11.546     10.236
 363   -2    -13.540     -7.186     -1.533
  -1   -2      3.845     13.946     -2.948
 394   -2      2.290     -3.277     10.972
 689   -2     15.554     15.230      6.535
  -1   -2     18.790     -5.964      1.103
  -1  602      0.403     -2.974     12.705
  -1  578      5.533      9.632     12.439
1014    6    -10.512      5.137      4.012
  -1   -2     21.941      0.933     11.547
  -1   -2     -5.332      7.099      7.927
  -1   -2     21.002     -0.040     11.431
 833  804    -15.413      8.190      2.848
  -1   -2      6.707      6.406      1.648
1101  856     16.025     -9.199      8.078
  -1   -2      1.968     -7.726     -2.339
  -1   -2     11.897    -10.584     11.581
 128 1069     20.180     11.726      7.281
 193   -2    -14.312     -4.688     -2.678
  -1  143     10.786     11.166      4.463
  -1  520     -6.962     -3.382      4.615
 902   -2     -4.197    -14.728      9.957
  83  453     17.435     -2.364      9.312
 797  167     -3.297     -4.673      9.482
 808   -2      1.624    -11.939     -4.830
  51  335      3.950      0.074     11.146
  -1  359     -5.931     14.678     12.273
 294  708     18.764     11.652      3.992
1252   -2     17.585     17.371      6.069
 430  311     18.710     -9.873      2.636
  -1   -2     12.386    -13.083      1.548
 823  955      7.811     14.982      7.521
 617   -2     -2.490     -3.858     -1.704
  -1  412     22.454     -5.177      8.291
1118   -2     25.317     14.760     10.233
  -1   -2     -9.425    -12.307      4.839
 566   -2     -5.531     12.843      8.830
1070  532     19.635      3.894     -2.627
 472   -2    -13.995     16.448      7.778
  -1  296     23.427     -5.018     -1.470
 728  574     16.928     17.371      9.920
  -1  637     24.782     -3.595     11.423
1078  734     22.683      7.137     -0.696
 198   -2     -1.314     -0.348      8.460
1216   -2     18.356     13.200     -4.538
  -1   -2      7.687     -2.969     -2.205
  -1   -2     -3.943      4.570     -1.340
 272 1129     -0.843      4.172     -9.831
1141  538      5.747     -9.212     12.092
 217  671     17.361      2.509      3.848
  -1   -2     25.943     10.000     11.666
 424  674      3.078     11.717      0.700
  -1  392     -0.703     15.013      1.001
 103   -2     -4.662      1.070     12.187
  -1   18    -15.122     10.813      4.985
 278  814     21.733     15.882      7.353
  -1  431     10.837     -8.087     12.210
 750   -2     14.370      9.405      6.262
 985 1195      8.351    -19.513      9.820
  -1   -2     10.669      2.632     -4.733
 211   -2      3.522     14.697      5.546
 940  476     -1.079     -8.800     10.123
  -1   -2     -6.288     -5.725     -9.905
1151  800      5.954    -14.890      6.311
 350  241     -9.990     15.153     11.020
  -1 1134     -8.711     -9.834      4.703
  -1   -2    -10.608     -3.756      7.314
 480   -2     16.382     12.850      5.034
  -1  130      7.178      6.113      7.636
  -1  950     -4.068     15.392      8.317
1098  740     -9.857    -10.626      8.413
 329   -2     -2.799     10.486      3.419
  -1   -2     21.633     -6.744      0.673
 704  693     14.850    -12.706     -6.123
 906  698     -9.048      2.181     11.088
  -1   -2     21.616      2.042     -0.460
  -1  424      8.093     -3.638     10.779
  -1   53     13.072      1.229      4.588
  -1   -2      2.486     -6.205     10.796
  -1 1117     22.981      5.785      7.515
 341  212     -0.359      1.267      8.157
 693  829     -0.080      1.323      2.544
  -1   -2     -5.531     -3.508     -6.237
  -1  901     -3.296     -6.453    -11.069
 815   -2      9.167      9.937      7.352
  69 1050      9.728     10.551     11.954
  -1   -2      0.028      2.104     -7.107
  -1  492      4.199     -3.708      0.810
 554  831     12.273      2.647      6.759
  -1  287     27.145     -5.728      9.470
1147   -2    -11.038     -8.752      8.408
 716 1137     19.296     16.712      8.016
 796  363      0.643      5.598      4.079
 736  432    -15.242     -4.946      8.377
 452  875     10.645     -2.072     -3.284
  -1  154     17.494      5.999      1.592
  -1   -2     -5.878     -7.230     -7.879
 507   -2    -12.659     -6.568     11.605
  14 1205     21.554     -4.015      8.884
1099   -2      3.463     -2.179      9.536
  -1  652      4.722    -11.793      0.475
1102   -2    -12.138      7.705     -1.073
 737   -2     20.990     -7.448     11.341
 117  273      6.542     -6.911      3.262
  -1  993     -6.235     -8.593      7.521
 596  883     21.357    -11.327      9.861
 807  341     -8.815      6.682      5.302
1225   -2     24.597     13.884     11.951
1144   -2      0.494      0.157      1.609
1124  240      9.078    -13.031     -1.262
 328   -2      1.122     -5.743      5.680
 573  751     -2.883      9.273      1.003
  -1 1072    -12.379     -9.811     -4.827
1015   -2      6.300      8.722     11.883
 490   -2     14.073      9.017     -1.206
  -1 1152     15.034     18.746     11.789
 588   -2    -18.190    -11.303      5.776
  -1   -2     -3.080    -13.608      4.861
  -1  214      7.774    -11.202     -1.693
 854  579    -17.362     -2.824      2.847
1188   -2     24.459    -17.941     10.992
1021   -2     15.412     -4.603      7.038
 869   -2     -7.573     14.627      7.723
1009  640     20.969      1.442     10.774
 739  827     26.282     -6.782     11.449
 662  500     11.498     -9.761      7.786
 374   -2      5.122     11.690     11.448
 851  673      5.983    -12.678      7.285
  -1   -2     14.350      7.048      6.013
 690  312     13.555     -0.969      8.903
1243   -2     11.365      7.038      8.327
1186   -2     14.780    -19.071      8.097
  -1  644      2.334     12.414     -6.266
 786  859     -6.628     14.542     10.891
  15 1162      9.101      2.158      7.652
 604  252     -4.507     -8.704     10.723
  -1   -2     10.568      5.196     11.492
  -1  473      4.703     -1.267     10.018
  -1  420      7.920     -0.791     11.795
 373   -2     21.416      6.377      6.933
1007   -2      2.123     -8.379      6.030
  -1   -2     15.538      8.120     -0.720
 619  303     14.161     16.413      9.945
 595   -2     25.096     11.026     12.067
 886  663     24.017     10.004      1.471
 819  660     12.265      3.882      7.888
 952  438     21.212      4.803     11.344
  -1  480     18.488     18.765     10.536
 962  845     -8.714     15.166      2.539
 848  506     15.823      9.102    -11.928
 536   -2     -1.672     -6.479      9.815
1030  544     -6.347      4.168     -8.009
 483  739    -16.531     -6.644      7.476
 732  117      0.047     -4.968      2.511
  -1 1052     15.652    -13.978     -3.361
 976   -2     13.517     -9.639    -11.061
  -1   -2    -13.618     -5.588     11.076
 698  576     20.012      4.250     -9.117
 645   -2      4.850     17.269      8.937
1077   -2      9.593     -8.340      9.305
 450  541     -3.775     -2.158      1.294
  -1  316      0.006      2.173      9.693
  -1  812    -21.453     -3.358      9.250
  -1   -2    -10.034      5.960      8.525
1063   -2     20.599    -16.302      8.814
 913   -2     18.549    -13.937      7.403
  -1 1073     19.044     -5.131      7.878
 724   -2     24.015    -14.024     11.369
 767   -2    -13.162     10.307      1.289
 883 1008     -1.910     14.090      4.661
 478  145      0.596      4.634      4.392
  -1  722     17.586      9.208      8.590
  -1  118     26.823      2.355      3.698
  -1   78    -14.200      2.294      0.150
 892   -2    -15.284      9.685     -9.815
 591   -2    -13.950     11.558      9.862
 413   71     -1.790     12.808      3.699
 881   -2     -4.133     11.923      8.243
  -1  813    -15.245    -19.299     10.294
  -1   -2     -9.515     -5.689      2.563
  -1  807     -9.592     14.138     -8.059
  -1   -2     12.719      1.829      9.984
 387 1020     22.070    -16.704      3.320
  -1 1267     -5.778     14.350      0.443
 206   -2     -7.538     12.479      1.391
  -1   86     -5.946    -10.387     -3.682
 813  811     28.097      6.043      7.223
 561   -2     20.668     -7.062      2.605
 766   -2     -9.467      6.886     -4.601
  -1   70     -2.878     10.253      7.524
  -1   -2      5.500     15.829      4.407
 222 1230    -18.951     12.236      8.712
 129 1219      6.519     11.861      9.713
 814   -2    -18.982     -5.319      3.767
 784   -2    -17.923      3.183     10.859
  -1  791     23.001     -6.994     -4.953
1155   -2     -3.509    -17.426      9.951
 965   92    -13.165     -1.009      9.795
 557   -2    -15.177     -3.732    -12.323
 805  760    -17.279    -12.632     10.686
  -1  885    -11.922     12.483      7.014
  47  920     -1.699     11.051     10.174
  -1   -2    -13.236     -4.603      5.344
 271  782      6.128     14.750      8.579
1061  605     -4.467    -13.427      7.976
  -1   -2    -12.534      7.534      2.531
 296  331      9.703     -6.051      9.815
  -1  799    -13.073      8.884     -4.956
 829  314     26.271     -0.153      8.421
  -1   -2    -16.982     10.358     11.943
 697   -2     -7.574     -8.373      8.519
  -1  785    -20.169     -9.092      5.267
  -1   95      7.550     -9.284      3.343
 414  971     -9.810      6.985     -0.005
  -1  884    -13.234      4.933     11.918
  -1  784     -1.111     18.746      7.513
  -1  587      7.676      7.993      0.539
1051   -2      0.206     16.067     11.957
  -1  988    -17.639     11.651     -5.244
  -1   -2     12.678      3.237      7.272
 479   -2     12.381     -2.755      2.067
 741   -2      1.291      5.062      8.710
 964 1135    -18.327      7.549     11.371
 159  353    -11.318      0.686     -2.668
 731   -2    -11.715    -11.009      6.729
  -1   80     16.895     13.173     12.667
 125   -2     25.087     -8.671      0.665
  -1  679    -19.944    -14.764      9.679
  -1   -2     -0.446     16.717      6.727
  -1  324    -13.795     11.870     12.668
 515  565      4.258     -5.865     -3.260
  -1  208    -15.317      1.850     10.941
  -1  278    -20.050      0.826      6.130
  -1 1105     -1.981     15.858      8.739
 853   -2    -13.341     15.396     -7.513
1108   -2     -8.603     -3.792     10.811
  -1  795     29.406      6.113     11.906
 845 1130    -16.563     14.038     11.131
  -1  428     26.759     -8.345      9.632
  -1   -2     21.574     -2.797     10.472
  -1   -2     20.051      6.311    -12.318
  -1  575    -14.003     -1.813      5.234
  -1   -2     -2.527     17.143      2.608
  -1  974    -18.455     16.876     11.119
 673   -2      5.852    -13.847     10.189
  -1  895      5.967     -3.262     -6.607
  -1  604     -2.677      5.246     -7.967
  -1  334      2.783      5.495      8.474
  -1  146     -4.729     -1.594     11.200
  -1   -2     24.987     -7.905     12.459
  -1  817    -10.721     18.812      9.950
  -1 1071     25.294      7.326     -0.506
 859  161    -17.341      8.831     -1.031
1116 1259     -2.712     13.875      6.872
 249   -2      2.153      9.510     -0.111
  -1   -2    -12.245      5.996      6.850
 803   -2      1.211     12.007      3.088
 379   -2    -17.976      7.169     11.174
 282  301     25.491     -0.628     11.970
 420  897    -18.963     -0.303     11.812
 752   -2      7.148    -17.504      5.291
  -1   -2     14.382     -6.775     11.607
  -1   -2      5.191      2.907      7.250
1220 1222     23.187      1.448     10.245
 168  443     12.649     11.749     11.200
  -1 1000    -16.828    -12.189     -2.391
  -1   -2     12.806    -10.271      3.950
 893 1101     24.014    -12.001     11.748
  -1  716      5.568    -16.837      5.483
  -1  781      9.525     17.051     11.986
  -1   -2     12.841    -13.497     -3.457
 841   -2    -11.385     11.430      7.450
 856  558     16.368     -6.242      9.398
 835   -2     -1.605      6.840     11.061
  -1  390    -11.204     16.688     11.633
 973   -2     15.331     -6.760      8.877
  -1  246     -2.638      3.309      0.233
  -1  686     -9.436     -7.342     -0.856
 866 1035     11.860    -15.147      2.869
  -1  682     -6.360    -13.900      3.636
  -1 1044    -12.021    -18.522      6.285
 664  495     23.053     -6.916      9.690
  -1   -2     -1.226     13.609      5.420
  -1   -2     -4.278     10.274    -10.695
  66   -2     25.270      1.434      7.408
  -1   -2     -9.232      5.775     -2.411
  -1   -2     23.448     14.331     12.209
 855  413    -19.663     -8.881      8.114
  -1   -2     18.074    -19.788     12.471
  -1   -2     12.153     10.596    -12.660
  -1  672     -3.501     -6.498     10.150
 946 1065     13.198    -18.885      8.095
  -1   -2      4.524      8.326      5.318
  -1   -2    -15.384     -1.992      6.826
  -1  986    -17.430     12.813     12.007
  -1   -2     -6.655      7.360     11.250
  -1   -2    -12.993     16.446     12.045
  -1  948    -10.378     10.809     -1.223
 231  447      4.920     10.187     11.994
  -1   -2     12.984     11.813     -9.553
  -1  852      0.539    -10.481      5.640
1080  730    -11.883     -6.584     11.538
 804  181    -16.675     18.222      9.662
 512   -2    -16.897     -2.288      9.731
  -1  195      1.259      6.421     10.806
1086  194     22.784      9.986     -4.065
 849  338    -19.530      2.380      8.244
  -1  996    -16.013     12.974      7.145
  -1  632     -3.363     -4.651     12.095
  -1   -2     -1.803    -12.981     -7.035
  68 1119     13.748     -5.557     10.730
1025   -2     14.115     17.449      9.747
  -1   -2     20.312      9.405    -10.227
1160  171    -15.898    -11.941     11.388
1031   -2     26.588      9.771     12.576
1017   -2    -14.253      9.639      9.169
  -1   -2      1.623     -5.004     -4.900
1000   -2     17.006      7.370      8.856
 601  302      6.849     -9.836     10.301
  -1   -2     13.003     10.611     11.521
1013  764     -3.857     -4.696      9.071
  -1   -2     24.787     10.620      5.372
  -1  185      0.325     -0.484     11.179
  -1   -2     23.291    -12.825     10.160
  -1  482     -1.782      8.295     10.372
  -1  997     -0.004     -3.538      5.273
 399  702     27.429     -2.465     12.603
  -1   -2     12.234     10.346     -2.872
  -1  887     19.976     -5.519     10.232
  -1   -2     -7.734     15.816     10.597
 560   -2    -10.582      0.719     10.922
  -1   -2    -14.243     -8.403     10.327
  -1   -2    -11.351      9.434      2.813
  -1   -2    -20.080      8.310     10.343
  -1   -2    -14.437     -9.832     -3.241
1060   -2     21.524     18.960      9.833
  -1   -2    -11.288      7.842      2.880
  -1  357     -1.428     11.471      0.766
 454  664     -8.044     10.345     -8.202
1059  478     14.115     14.498     12.128
  -1  410      4.292     11.555      3.048
  -1 1026      4.623     -0.886     11.903
  -1   -2     -5.939     11.183      4.211
  -1   -2    -13.577    -14.737     -5.208
  -1   -2    -20.143     -5.030      4.062
 377   10    -16.029      2.932      9.936
  -1   -2      3.452     17.666     11.388
1192   -2     -8.898    -18.470     11.451
  -1   -2    -11.341     -8.631      0.055
  -1  451     23.789     -9.923     12.219
1128  752    -14.787    -11.198      7.126
 921   -2    -17.128     -0.578      0.942
  -1   -2     13.499     -6.177      3.613
 910  828     12.752     -0.986      6.620
 982  898    -13.646     -2.281      8.125
 884  978      4.811      6.447      4.549
  -1   -2     -1.350     -6.780     -4.226
  -1   -2    -19.046    -12.290     -1.924
 448  479     -0.408     10.045      1.703
1109  360      1.099      6.507      6.757
  -1  645      9.358     -2.533      0.409
  -1   -2     13.115     15.706     11.730
 661  941     21.308      5.444      9.626
 744  624     -8.579    -17.349     10.658
 365  547      7.956      9.838      8.802
 802   -2     23.074     15.834      1.487
 564  677      8.357      5.877     -1.169
 241  398    -15.813      9.691     11.253
  -1   -2      4.024      5.687      8.325
  -1  375     28.791      5.710      8.888
  -1  858    -17.015     10.564      8.369
  -1   -2     -3.288    -14.373     -2.974
  -1   -2    -13.657     -9.702      0.883
 565 1097     -7.419     13.258     12.141
 482   -2     22.725    -13.009      2.337
  -1   -2     20.895     -0.606      2.887
 943   -2    -10.435    -13.456     -1.562
  -1  518    -10.590     14.274      5.900
 834   -2    -11.679     15.632      9.034
  -1   -2      2.301    -12.152      4.875
  -1   -2     16.797     10.753      6.984
  -1  370      3.012     16.674     11.527
  -1   -2    -19.273    -13.639     10.477
  -1 1143     16.816      9.459      5.915
  -1   -2     -2.235    -11.310      1.393
 644   -2    -19.076     -9.989     11.742
  -1   -2     16.329     -0.955     11.069
  -1   -2     -1.075     11.154      9.870
  -1  231    -19.012     10.266      8.266
 900   -2      4.044     -8.237      1.161
  86   -2     -5.012      4.547     -8.406
 801   -2     26.298      8.385     12.724
  -1  402    -10.258     -7.781      4.053
1129  502      2.693      8.292     12.058
 426   -2    -10.462      2.802      7.668
  -1  610      5.803      4.189      5.310
1024  675     -0.148    -12.845      3.269
 960  976     -0.724    -16.608      3.200
 926  490      9.225    -13.857     -7.125
 196 1225     18.231     -0.779     12.147
 597 1248     19.836     12.326      7.105
  -1  728     16.645    -15.848     11.311
 777  209     20.629     14.032      3.963
 860  815    -10.825     -5.736     -0.910
  -1   -2     11.314     -4.552     11.284
 529   -2     -2.185     12.598      9.733
 154  651     -5.160     15.629      7.197
 600  963     18.766     -6.172      4.502
  -1   -2     24.723     -4.532      8.451
  -1   -2      6.046     10.973      2.817
  -1   -2     -3.943    -12.278      3.967
  -1  553     22.788    -12.749      9.002
 648   -2     14.518     -1.498     10.545
  -1  869     10.309     14.477      8.265
  -1 1083     -8.136     -6.963     11.706
  -1   -2     -0.468      2.201      4.489
  -1   -2     23.764      8.331     -1.952
  -1  796     18.732      4.152     12.205
 998  223     -0.738     13.690     12.655
  -1   -2      2.336      4.551      2.348
  -1 1171      4.623      9.669     10.239
  -1   -2     -1.197      4.807     11.514
 864  805     27.683      7.195      4.986
  -1  585      1.100     19.732     12.043
  -1   -2     27.874      1.760     12.355
  -1   -2     12.813     -9.723     -0.675
  -1 1178     21.984    -14.758     10.820
 353 1018    -11.367     11.173     10.636
1089   -2      7.428    -10.762     11.791
 310   -2     11.302      3.671     11.045
  -1  187     -1.755      0.079      7.612
 876   -2     24.435    -12.285     10.970
 775   -2     -1.878     14.667     12.120
1140  653     15.505     17.470     10.738
 247   -2     11.106      0.110     -2.038
1010  165     -9.653     -1.524     11.290
  -1   -2     -3.456      1.577      7.921
 727   -2     -2.345      1.256      6.997
 641 1004     19.025     -2.022      8.745
  -1   -2     14.010     13.757      7.097
1113 1025      3.588    -14.082      8.907
  -1  826     -1.021     15.636      5.744
 398   -2    -12.410     -5.228      9.044
 614   -2     25.112      7.450      3.827
 806  460    -16.855      2.440     11.415
1208   -2     23.424      7.399     11.032
  -1   -2     13.532     12.808      5.696
 944 1255      3.796    -16.337     -1.016
  -1   -2     -8.331    -12.693      0.273
  -1  349      4.742      7.058      2.003
  -1  577     19.020     -1.142     11.585
  -1 1157     -3.028     15.114     11.018
  -1   -2      6.199      1.912     11.237
  -1   -2    -15.245     14.596      5.333
1154   -2     -5.423    -12.948      6.437
 351 1148     -3.075      8.001     12.513
  -1   -2    -19.206     -3.642      6.299
 870  938    -17.666     10.722     11.081
  -1  886     27.749     11.954     11.817
  -1  647      8.076     -8.620      9.662
  -1  927      6.893    -12.764     11.542
  -1  459     21.915     -6.800     -2.326
1068   -2     22.205      5.402     12.583
 915   -2      1.447     -5.538     10.898
 100  590     14.433      4.905      3.984
  -1   -2     -0.272     -2.130     -5.120
  -1   -2     16.150      5.749      2.061
 942   -2     -2.551    -16.192      1.649
 760   -2     14.816    -15.892      2.302
  -1   -2     -0.135      5.342     11.996
 933  968     11.825    -18.281      6.602
 679   -2     -3.409      3.001      8.280
  -1  931    -14.375    -10.493      9.393
  -1  581    -16.601      6.426      8.887
 747   -2    -11.018    -14.944     11.466
1246 1080     22.628      9.053      9.102
 992  350     -3.491     14.342      4.181
  -1  656     16.089     -9.750     10.422
  -1   -2     14.477     -4.168      1.028
1121  738     23.178     15.720     11.666
 780  661    -11.344      4.011     -1.877
  -1 1139    -15.946    -11.305      9.333
  -1   -2    -12.689    -14.906     -6.613
  -1   -2     23.667      7.253     -7.082
 582  707    -12.313     -6.063      3.364
  -1  633      9.781    -18.666      7.327
  -1   -2     -5.883      8.939      1.550
 924   -2      4.536    -16.122      6.851
  -1  364     -8.555     17.499      9.004
1156  692     -9.110    -13.842      5.767
  -1  362      6.485      6.155      0.016
  -1   -2     -5.277     12.866     11.526
1088  680    -15.781    -12.474      4.951
 225  313     -7.863     -6.134     10.677
  -1  237     -8.302      6.451     -5.973
1146  839    -16.504     11.725      1.285
  -1   -2    -11.914     13.882      9.085
  -1   -2    -11.405     15.294     11.056
  -1 1190     24.670     15.958     12.235
 699  733     -4.347     18.015      9.972
  -1  737     -4.622     -8.948    -12.375
  36   -2     22.304     14.158     11.733
  -1   -2      0.497      5.253      0.600
  -1   -2      1.932      5.205     -0.442
  -1   -2     23.470     -9.126     12.409
  -1  299     11.569     -7.158      2.127
  -1   -2     22.985     12.418     -3.471
  -1   -2     21.286      6.390      3.688
  -1 1147     19.060      0.656     10.307
  -1 1155     -5.949    -15.640      5.513
 928  995     -6.182     18.472      7.997
  -1 1038     -9.521     13.605      6.681
  -1   -2    -13.903      3.655     -3.650
  -1   88     24.406     -2.807     10.542
1206   -2     18.363      5.641      5.503
 338 1091     19.846    -10.043     -0.546
  -1  863      4.912     17.219     12.266
  -1   -2    -11.777      0.949     -1.707
 638  462      3.405     -6.740      3.571
 562  871     -4.313    -10.729     10.188
 111  419      0.586     -4.514      8.634
  -1   -2     10.643    -14.235     -9.344
  -1  461     17.657     -5.465     -9.827
  -1  881     -5.566      7.848      8.468
  -1  418      8.628     -5.485     10.593
  -1  152      6.540     11.657     12.109
 723   99     24.087      1.886      6.124
  -1 1182     23.677     18.524     12.411
1027   -2    -13.763     17.544     11.897
  -1   -2    -10.996      2.466     10.619
  -1  824     16.855    -14.824      1.330
  -1  387     19.523     -4.537      0.620
  -1 1024     -6.471    -14.791     -0.675
 364   -2      3.891     -5.652     12.504
  -1  736    -11.291    -15.711      9.140
 968   -2      1.269     -6.425      0.137
  22  747      9.768      0.244     -2.571
  -1   -2     -9.044     14.648      9.632
  -1  659      1.581    -16.005      8.935
  -1 1023      4.663     13.364      6.529
  -1   -2      2.994    -14.696     -6.195
  -1   -2      8.308      7.180      9.767
1177   -2     26.963    -12.476     11.735
  -1   -2     18.990     -4.127     10.162
  -1  592    -22.542    -11.170     12.014
 244  284      5.379     10.216      7.868
  85   -2     19.658     -1.467     11.881
1193 1153    -15.857    -20.550      7.449
  -1 1146     25.469     14.355      7.996
1166  555      4.855     14.580     10.148
 738  706      4.315      0.791      2.934
  -1   -2      0.915    -10.726      3.260
  -1   -2     -1.671     18.392      6.376
 990  866      2.131    -13.883      1.915
1195 1173     27.074    -13.550     10.986
1058  676     -7.719     -8.403     -0.178
  -1  119     22.396      7.113     12.072
1164  616     14.326     -2.681      2.531
  -1   -2     21.111     -1.523     12.203
 616  646     -2.302     -9.363     11.865
  -1  449     14.344     12.128     11.593
  -1  619     24.411     16.697     10.860
  -1  260     -6.340      1.967      7.951
  -1  641      6.303      4.473      8.127
 523  533     25.236      3.111     11.947
  -1 1095      2.913    -12.253      9.120
  -1  926     24.566     12.463      0.939
  -1    0     -9.704      5.147      8.456
  -1   -2      8.273    -17.241      4.466
  -1   -2     -3.597    -16.526      4.916
1153  930    -22.027    -12.213      7.116
 652  701     -1.313     12.606     -6.567
 721   56      9.935      9.797      2.368
  -1  757    -11.167      5.570     -1.141
  -1  206     21.130     10.501     12.210
  -1   -2      4.930     -3.602     11.224
  -1   -2      5.907     -1.274     -4.377
  -1 1021     -0.978      6.246     11.140
  -1  474    -18.915    -13.368      4.838
  -1   -2     23.650     10.640     -3.546
  -1   -2     -2.502    -12.461      6.641
 333  623     -5.128     14.404     11.876
  -1   -2     -8.285     13.032      9.082
 953   -2     24.584     12.525      9.812
1171  153      4.719      6.388     -0.434
  -1   -2     20.637     15.488     10.743
1159   -2     -9.535    -15.613     10.819
 120  584     -2.581     -6.262      6.201
1182  932     16.597    -23.239      7.065
  -1   -2      3.902    -28.834     -1.884
1191   -2     -7.249    -25.038     -4.528
  -1   -2     24.871     23.246     11.073
  -1   -2    -26.655    -11.033     12.590
  -1 1185     22.630    -23.511     12.094
  -1   -2     24.273     21.617     10.705
  -1   -2     26.526    -17.354     10.327
  -1   -2     -5.731    -18.932      8.643
  -1  556     21.072     20.079     12.008
  -1   -2     19.086     25.098     10.967
  -1   -2     -5.185    -23.565     -3.808
1196   -2     20.437    -15.278     12.879
  -1   -2     24.892    -17.808     12.591
  -1  770     23.554    -18.593     11.702
  -1  878     26.606     14.158     12.690
  -1 1002    -17.673    -16.372     10.563
  -1 1098     27.436    -16.263     12.842
  -1   -2     14.579    -20.760      7.231
  -1   -2     -2.628    -25.985     -2.222
  -1 1014    -10.453    -18.263     10.956
  -1   -2    -21.305    -14.825      9.938
  -1    8     -9.195     -0.890      7.483
  -1 1262     12.932     -8.869     11.694
  -1   -2    -11.217     13.873     11.087
  29 1208     -9.105      9.103      6.783
  -1  621     -3.410      3.476     10.986
 443  265     20.542     -0.889     11.739
  -1   23     22.238     -2.449      9.085
  -1   -2     18.814     -6.224     10.733
1202 1264      1.148      9.214     -6.128
1205 1265     -9.889      1.969     11.660
  -1   -2     26.123     -1.960      3.728
 199 1226     -0.281     -7.957     -7.167
 636   -2      7.042     -9.537      5.702
 190 1010    -11.379     -5.458      9.405
 431  655     20.364      9.475      6.991
  -1  905     11.739     10.870     10.993
  -1  236     18.392     -0.295     -3.749
 172 1007    -12.151     11.767      1.731
  -1  617      1.090     -0.904      8.757
  -1   -2     14.765     -2.698     -3.118
 113  327    -12.137     -0.179      1.176
  -1   -2    -14.380      5.568    -11.562
  -1   -2     13.426     -6.919      4.018
  -1  201     13.418     -6.957      3.901
1223   -2      5.454      8.989    -10.795
  -1   -2     -5.654      6.671     -0.492
  -1  320    -18.506      5.267      3.738
 407  377    -10.211      8.289      4.978
 305  835      6.619      1.704      7.180
 331  798    -15.791     14.078      7.451
 683   -2     13.770     -4.536     -0.842
  -1   -2     24.593     -3.598     11.416
1236   -2     11.590      0.561      9.018
  -1   -2     10.258      6.117     -4.183
  -1  712     -6.977     15.504      4.856
 289   -2    -13.451      7.151     -1.060
1250 1271     15.940     -6.230     11.133
 436   -2      9.134    -11.176     -6.193
1238   -2     -6.124    -14.493      9.235
  -1   -2    -12.750     -6.295     -6.614
 161   -2      5.891      8.411      6.714
  -1  205     25.117     -4.183      9.764
  -1 1042    -11.900     -8.821      1.092
 150   -2     16.208      2.036     -8.962
 765   -2    -21.453     -3.358      9.250
1249 1270      1.178     13.620     -9.694
 818   -2    -12.217      6.169      6.431
 639   -2     -7.087     15.414     11.354
  -1  193     -4.104      1.817      8.987
 665   -2     15.316      5.992      2.503
1018  437     25.529     11.606     10.794
  -1   -2    -14.885     -7.326      2.861
  -1 1061     18.901     14.986      4.700
  -1  918     -2.107     14.614     11.946
  -1   -2      5.384     -1.343     -2.384
  -1   -2    -12.487     15.919      8.778
 255   93     -1.006      1.608     10.728
  -1   -2     24.871     23.246     11.073
1178 1181      3.902    -28.834     -1.884
1184 1260     24.273     21.617     10.705
 956    1     16.023      1.758     10.136
  -1   -2     26.123     -1.960      3.728
   4 1201    -11.217     13.873     11.087
1200 1263     16.559      3.513     -7.886
 572   -2     -5.967     -1.255      8.861
  -1   -2     13.418     -6.957      3.901
 185   -2     13.570     -7.085      3.521
  -1   -2     14.310      0.095     -3.903
  -1   -2     16.010      3.044      2.201
1222 1233    -14.380      5.568    -11.562
 301   -2     19.474     -7.551      4.071
1230   -2     -6.935     15.525      4.903
 260  758     11.594      3.723     10.146
  -1   -2     24.871     23.246     11.073
