1348
   1 1258     25.350    -15.646      7.003
  -1   -2     15.908      1.957     10.449
 636  211     -0.849     11.126      4.101
   2    0    -11.177      4.496     12.197
   7    3      0.729     -0.472     11.721
  -1    6    -13.063      6.052      8.290
  17    8      4.845     -6.218     12.496
  -1   -2     12.943     -8.879     11.742
   3   -2    -10.769      7.755      9.280
 193   67     18.506      5.239      1.813
  38   53     12.531      0.122      2.378
  -1   -2     16.428      3.627     -7.958
  40   -2     17.320      1.036     -3.805
  -1   80    -11.613     -2.520      1.046
  10   25      8.980      9.409      0.033
 905  391      0.864     10.576     10.666
  -1  717     19.057      2.634      7.067
  35 1268     17.254      8.678      3.468
  19 1265     -3.275      1.033      6.599
1252   -2    -16.633     -0.447      5.800
  -1   -2     12.545      2.883     12.203
 615   72     15.172      3.715     11.051
 264   -2    -14.668      2.312     -2.714
 704  244      8.139     -2.711     -4.544
 773 1122      7.394     -7.536      4.253
  -1 1274     13.499     -6.124     11.196
  37   39    -14.245     10.650      6.403
  11   -2    -10.391      9.193     -5.442
 978  322      9.610      3.315      5.208
  -1   21     15.182      3.229    -10.643
  -1 1338     -8.711     -2.598     -1.980
 191 1285     -7.118      7.703      2.600
  -1 1263     -9.672      8.996     -3.094
  -1  101     -5.237    -12.623      0.224
  -1  162      1.030     -1.105      8.911
  75 1272     -8.125     13.781     -1.402
  -1  124    -19.841      3.359      8.872
  90 1275    -20.703      1.279     11.404
  -1  550     11.300      2.637      8.834
  -1   27     -9.239     11.967      1.017
 632  649      8.313    -10.290      4.809
 702  528      8.532      3.148     11.010
1328   -2     17.139      3.090     -3.413
  -1   -2     13.074     -6.108     -5.156
  -1  693     24.409     -1.921      7.276
  -1  159      5.388     -0.457     10.485
  -1   -2     16.870     -2.977      9.168
 124 1278     12.300      4.199      8.725
  -1   -2     -6.951      1.110     -0.044
  -1  121    -11.637     12.423      8.870
 152   -2    -10.627     -0.601      8.932
  -1   -2     -8.325      7.269     -3.191
 254   -2      2.374     10.312     -5.383
  63  871     -3.615     -0.373      4.126
  -1   -2    -11.509     -4.829     -5.210
  -1   81     10.373      8.666      1.113
  -1   -2     22.065     -8.187     -2.425
  -1   -2     11.261     -4.365      3.109
  54   65     14.675     11.342     -7.576
 186   -2    -10.856     10.977     -6.160
  -1   13     16.717     -9.015      7.612
  -1   82     19.897     12.982      6.265
  -1 1342     16.700      7.675     -5.107
  -1   90      9.648     -5.222      3.683
  -1   -2     -8.093     -1.672     -0.482
  43   52     -9.532     -2.901     11.469
 269  848      1.335      4.390      8.004
  -1   -2     14.625      9.325      2.394
 271  316      0.072      6.194      8.737
  -1   -2      1.982      0.314     -7.859
1067   -2      9.307      1.826      7.576
 536  523     19.981     -3.645     -1.142
  -1  515     -9.807     12.391     10.759
  -1   -2     22.379      4.178      4.702
  -1  546     12.203     10.795      6.011
  -1 1088      0.095      7.419     12.224
 292   -2     25.426     -4.465      5.661
 585 1071      7.351     -5.225      5.882
 841   99     -9.944      1.172      9.857
 963   -2     -9.726      1.983     11.702
1093  857     24.035      2.960      1.761
  -1   -2     -5.693      0.391     -7.352
  -1   -2      9.128      9.359     -6.024
 131   -2     18.881     -6.248     10.437
  -1   -2     12.214      9.235      9.421
 926  135    -12.727     -1.722     11.180
  45 1132     25.033      2.866     11.856
 339  603      8.550      4.377      5.458
 616   -2     18.194      1.774      6.267
 229  245    -11.560      9.387      4.171
 634  559      2.029      5.180      1.979
  -1   -2     -4.972     -1.521      6.418
  -1  298      7.430     -2.559      1.783
  31 1266     19.309      5.084      2.848
  -1   -2    -13.388      1.325      4.684
  -1   17    -16.919      7.179     -2.759
 139   -2     21.159      2.505     11.516
  -1   -2    -15.127      0.463      4.635
  28   -2     -2.236     -1.714     10.567
 445  776     20.030      3.745     -2.098
 949  698     -6.208     -3.641     -1.840
 922   -2     -9.206     -5.880     12.778
  -1   87     -2.345      2.585      7.187
 274   -2     27.087      7.033     11.350
  -1   -2      8.170     -0.935      8.892
1136  477     14.536      5.352      8.219
  84  416     19.415     12.727     10.607
1075  317     18.438      0.100     11.820
 123   93     -4.746     13.253      5.462
  -1  670     16.315      0.401      5.833
  -1   -2      5.576      0.444     10.701
  -1   15      1.963     11.368     10.803
 448   -2      3.809     -2.656      3.659
  -1   -2     13.890      8.723    -10.796
  -1   -2     18.330     -7.500      9.396
 929   -2     -2.465     14.661      7.690
  -1  302     20.865      5.222     12.433
1170   -2     -5.240     12.135      8.951
 109  459    -11.840     -1.696      9.504
  -1   -2     23.754     -8.653     10.187
  -1  948     12.213      9.805      1.025
  -1 1031     13.663     -2.384      1.318
1259  144     -4.237     -0.598      6.424
 985   -2      0.272     13.433      7.812
  41   -2     -3.567      3.296      8.684
  -1   -2     13.296      7.283      1.243
 410   75     -1.878      5.896     -0.419
  -1   -2     -7.847     -1.059      4.711
  -1   -2     10.970     -1.315     -4.020
 655   14      4.833     -0.644      0.029
 562 1297     11.202      5.309      7.778
 839   -2     15.241     15.435     -0.190
 183   -2     -1.103     14.645     -0.440
1058  881      8.900     11.124      1.386
  -1   -2     -1.671     11.148     -7.986
 782  133    -17.275      5.746     11.446
  -1  368     -5.714     10.319     -5.744
 110  661      0.404      9.109      2.065
  -1   -2      0.301      2.437      9.019
 656  428      6.218     -8.956      2.808
1072   41     -1.115      4.581      7.216
  -1  474      3.944      3.915     -9.239
 257  152     12.093      8.954     -7.590
  -1  198      3.134     15.979      3.540
1106   -2     15.001      2.989     -2.980
 144  591    -15.435      1.371     -2.951
 290  519    -11.150     13.720     11.222
  -1   -2     16.437     13.851      0.922
  -1   -2     -9.481      4.570    -12.464
 852 1310     -5.692     -2.670      1.647
 129 1177     -0.152      9.334     10.269
 256  532      5.763      0.615      8.287
1131   -2      8.648     11.863     10.287
  -1  582     13.995      4.126      3.698
 563   59      1.002     -4.935      9.741
 265   68     -9.497     -2.211      3.027
 282   -2     14.621     -7.032      6.719
 778   -2    -12.501     10.380      9.323
  -1   83      9.622      4.468     11.137
  -1  259     16.374    -10.400      5.557
1268  485     10.603     -7.451      9.489
1023 1013      3.479     14.338     -1.470
 794  123     26.399     -6.219      8.083
 104   -2     20.849     12.011      7.081
  -1  295    -21.086      0.445     12.116
 166  269     12.811      2.137      6.268
 945   -2    -13.774     -1.593      8.326
 160   -2     -1.271      3.943      7.389
  -1 1029     10.802     15.395      7.707
  -1 1038     12.393      9.910     -3.952
 469  415      5.476      8.895      7.961
 180  977     -7.602     -6.295     10.343
 951  202     15.731      8.484    -10.270
 830  998     23.160      8.717      0.928
 137 1280     18.120     15.888      2.923
 657   -2     10.263     -4.715      8.826
  -1  824      3.990     10.350      8.755
 230  338     18.645      8.139      2.689
 436  984      9.865     10.254      7.760
1267  412     19.895     -4.765     -0.006
 569   -2     18.903      7.954     10.982
  -1   -2     12.730      3.995     -0.192
1029   -2     18.429     -6.549      1.767
  -1  134      0.306     12.891      9.618
  -1  169     -4.167     -6.493      5.497
  -1   -2     20.377      5.570      1.359
 253   -2    -17.554      3.607     12.044
  -1  268      2.503     -9.148      1.026
 358   -2      9.298     -2.559      0.595
 218   85      6.581      4.279      5.569
 226   -2     -9.586      9.558      7.855
  -1   -2     17.774     12.979     -0.127
  -1  445     -3.702     10.488     -3.328
  98   -2    -14.101      1.866     10.267
  -1   -2     12.579     15.304      7.264
  -1  674     -2.988     -2.325      5.383
  -1   -2     15.124     12.199     -1.685
 459   -2     -1.414     -1.207      4.555
 450   -2      8.267     15.187      6.488
 461   -2     21.745     -6.159     11.498
  -1  520      3.444     -0.644     10.515
  -1  278    -17.598      0.287      4.188
 233 1288     10.837     -0.187     -0.990
 145   -2    -13.377      7.282     -1.259
 283  129     16.407     -4.199     -8.159
  -1   -2    -17.370      8.188      0.296
  -1   -2      4.360     10.349     -6.728
 349  167     26.618      4.316      9.040
1009   -2    -17.640     12.109     12.263
 136   -2     16.305      1.256     -2.418
 262 1163     20.908      7.791      2.209
  -1   -2      3.939      0.610     -5.405
 771  884     19.128     -3.009      8.807
1153   -2    -11.579      8.082      5.103
  -1   -2    -12.708     12.597      4.103
 519   45     24.469     -2.339      8.651
  -1   -2     21.037      8.791     11.248
  -1   50     19.115     -0.005     -2.417
 284  313     23.509     -3.583      2.450
 188   -2     -6.982     -3.739      9.499
 117   -2     -1.920      3.828     10.702
  -1   -2     -1.815     13.100      6.813
  52  680      3.409     12.847     10.807
  -1  743     25.364      4.701      7.343
 388  685     14.355     -0.564     12.218
 314   24     17.392     11.191      1.980
  -1  109    -13.289      2.825     -8.537
  -1  149     19.003      5.712      8.461
  61 1271    -16.735      1.145     11.064
  94  482     24.768      0.502      9.336
 148   -2      5.325     -5.761      4.780
  33  570     16.073      7.461      1.603
 327  930     14.273     -4.157      3.127
  -1   -2     13.087      6.805     -6.123
  -1   -2     -2.480     10.233      7.620
1169   -2     16.166      6.660     10.504
 211   -2     -4.086     -2.142     12.575
1282   -2    -19.595      6.634      7.412
 220  331     20.395     -0.013      6.030
 310   -2     -7.551      1.110     10.522
  -1   -2    -14.736     -1.177      0.012
 389   -2     -0.158      0.368     -4.772
 466  151      8.987     15.821      3.735
 385  388     21.913     -1.439     11.085
  -1   -2    -17.681      4.493     -1.832
1123   -2     24.195     12.510     12.718
  -1   -2     11.800      8.010     10.600
  -1   -2    -13.860     -7.747      7.478
1287  229     22.783      3.106      9.648
1244  827    -15.381     10.501      5.245
 133  304     -8.493     -7.873      2.554
 528   -2    -11.659     -4.244      5.381
 280   -2      4.765      3.365     11.456
  -1   -2    -14.546     11.055     -9.817
 494  217    -16.289     14.472      3.356
 734 1293     -8.512     -5.083      9.347
 507  960     10.420      0.004      4.631
 159   -2      6.130      3.474      5.076
1197  714     21.879      6.699      2.291
 723  767      4.611     -2.503      9.879
 733   -2    -10.717     -4.141     10.550
1025   -2    -15.353      7.747     -3.543
 504  489      1.423     -9.270     -0.534
  -1  272     -0.341      8.216     -3.041
  -1  130      3.489     14.704     10.466
  -1   -2     22.162     -3.832      9.245
  -1   -2     12.306      3.907    -12.559
  -1  955    -20.118     -3.289     11.996
 125   -2      7.477      4.738      2.569
 555   -2     15.468     -1.580      0.738
 715  454     22.778     11.050     10.642
 178   -2    -15.157      4.780     -6.247
 299   -2     25.141     -4.743     11.555
 548   -2     -4.546      7.270     -3.587
 932   -2     -9.914     -7.189      9.748
1019   -2     18.126     -0.249      5.500
  -1   -2     -1.692      5.067      2.107
  -1 1284     -4.176     13.526      2.257
  -1  110     -0.939      6.463     -8.668
  -1   -2      6.076     10.037     -2.993
 400   -2      4.038     -9.340      1.459
  -1   -2      0.370      5.527      4.365
  -1  262     -5.395      4.375     -7.264
  -1 1198      5.845      1.431     -5.695
  -1  426      9.646     10.971    -11.969
 979  141    -11.717      0.264      3.052
 252   -2    -15.477      0.688      4.355
  -1 1110      5.975      4.095      9.684
  -1  374     16.370      2.375      8.454
  80  231     11.174      4.577      4.231
 121   -2     14.015      3.260     10.497
 608   -2     -1.540     15.524      3.287
1022  286     -4.137      4.655      4.519
1200  548     -9.132      9.343      2.459
 103  602     11.334     10.896     11.197
  -1 1142     17.587      1.614     11.178
  65   -2      5.215      6.196     -6.288
 956  758     12.836     -1.198      5.956
 287  632    -15.234      6.516     -8.547
 878  896      2.933      6.331      9.862
 475  326     16.794     -9.752      1.776
  -1  281     10.970     17.297      6.196
 341  745     -3.364      4.950     -3.079
 465   -2     17.891     16.677     11.477
 493  367     22.916     -0.120      6.458
 295   -2     12.604      3.867      6.076
 558  353     15.854     11.858      6.931
 394   -2     12.795     -5.857      6.755
1060  544     19.863     -5.310     10.272
  -1 1339     18.797     -5.990     11.407
  -1   -2     -6.048      4.650     -6.526
  -1   -2      2.361    -12.172      4.922
  -1   -2      6.164      8.975     10.639
 454   -2     -8.980     -5.848     -4.151
  -1   -2      6.413     -0.981      9.093
 122  207     -4.714     -3.059     10.914
  24   -2    -18.343      1.939      8.009
 151 1283    -17.950      5.414      8.293
 237  289     12.947     -3.069      4.447
  -1   -2     -4.682     13.369      3.086
1290   -2     13.401      7.607      3.855
 915  427    -11.071      6.432     -4.589
  -1  342    -13.872     -1.773     -7.267
  73  457    -12.822     -1.560      1.068
1276  375     22.540      5.435      2.247
 711   -2     25.458     -9.020      6.370
1094   -2     19.064     15.628      6.296
  -1   -2     10.722     -7.358      6.115
  -1   -2     20.501      9.741     -1.736
 258   -2     -8.774     -3.943      6.332
 992   -2      3.339     -6.071      0.890
  -1  818      7.855     -1.230     12.453
  -1  612    -10.143      5.653      4.887
 567   -2     16.621     -9.460     -2.766
  -1  916     -6.579      1.379      3.796
  -1   -2      4.025      5.583     -3.423
1288   -2    -13.387     -4.185      0.050
 340  267      4.597     -0.444      9.358
  -1   -2      0.888      7.940     -2.806
  -1   -2      8.214      2.847      6.620
 231  230    -11.268     -2.857     10.174
 281  690      7.146      0.427     11.660
  -1   -2      2.467     -3.576     -8.223
1299   -2    -14.986     13.924      6.367
  -1   -2      7.319      4.511      6.996
  -1 1033     22.272      4.548      3.041
 425  853    -14.871     -1.939      5.439
1271   -2     -4.225     14.081      8.282
1286  817    -16.854     12.702      8.155
 273   -2     -6.718     15.382      4.751
 750 1194     -3.648      4.030     -1.822
 735  742     -7.789    -11.671      3.418
 997   -2     12.945     -9.974      9.614
  -1  618      2.371     -0.826     11.124
 873   -2     10.925      3.001      0.273
 601   -2     18.049    -14.902      9.139
  -1 1056      6.913      7.506     11.777
 108  136     11.481     10.469      5.747
1077  446     25.344     -1.201      4.954
  -1  823      2.806     10.470     -2.316
 195  307     -5.368     15.882      7.153
  -1   -2      0.425      1.082      9.698
  -1   -2     18.294      9.165      2.123
  -1  336     24.867     -3.621     12.140
 696   -2    -17.095      4.898     -5.000
 293   -2     -9.699     -4.252     -0.644
 259  328     21.149     10.471      1.578
  -1   -2    -11.636     16.064      5.964
  -1  488     16.032     -2.251      3.264
 438  255    -14.978     -4.112      4.064
  -1   -2     17.581      5.950      1.687
  -1   -2      2.028     -9.250      5.329
 161  212     13.093     14.378      3.851
  -1   -2     13.211      1.230     -3.797
  -1  137      5.657     -5.692      1.440
  -1   -2      2.233      1.446     10.394
  -1   -2     23.967     -9.018     12.137
  -1  545     10.378     15.317      1.005
 112   -2     18.190     13.068     -5.955
  -1  102      8.501     -2.070     11.843
  -1  732     16.745     15.498      0.103
  -1   -2    -11.227      4.261     -6.177
  -1   -2      7.087     14.568      4.892
 203   -2    -13.577      3.882      1.938
  -1   -2     24.073     10.680     11.038
  -1  288      6.240     -9.081      0.897
  -1   -2     12.319    -10.829      4.464
  -1  985    -19.940     -0.732     10.133
  -1   -2     17.877      0.858    -10.560
 312  199     25.668      4.362      9.021
  -1   -2     20.058      8.962     -0.516
  -1   -2     11.334     -2.901     -6.126
 909   -2     21.069     -4.199     11.141
 248   -2    -20.180     -2.318      8.900
 708  509    -18.015     -6.147      7.469
  -1  565     19.967     11.034      4.495
  -1   -2      0.803     -0.812      1.879
 872   -2     17.785     -9.186      8.505
 502   -2    -12.011      1.926      2.985
  -1  118      6.407      6.760      4.159
  -1  297     17.672     12.061     -0.532
  -1   -2      2.879     -3.648     -1.749
 994   -2      8.882     -8.356     11.835
 255  996      0.268      3.011     12.026
  -1  844     19.545     -4.362     -3.627
  -1  201     -7.121      1.997     11.127
  -1   -2     17.995     -5.229      3.509
 179   -2      4.280     15.292      1.962
  -1  429     12.002      7.387      2.393
  -1  108     17.130      5.498      9.733
 831 1153    -10.956     -8.688      8.222
 488   -2    -15.934     -4.248      9.389
 894  486      3.228      0.611     11.370
  -1   -2     14.197     10.760     -0.452
  -1  949     26.052      4.098     12.060
  -1  196     -3.002     -3.576      6.883
  -1  406     -7.250     -9.154     10.327
 472   -2     27.042      8.143     11.305
  -1  472     -0.008      7.022     -3.633
 452   -2     14.832     10.809      7.410
 373 1058    -17.529     -3.072      1.943
  -1   -2      9.348      1.317     11.553
  -1   -2     15.247      9.676    -11.640
  -1  131     -2.940     -2.170      7.758
1049  252     27.486      4.583      9.296
  -1  461      1.092     -1.762     10.168
1139   -2      2.682     -3.290      8.791
  -1  403     11.064     13.667      5.886
  -1  433     25.549     -7.895     10.694
 414   -2     -2.609      7.422      0.436
  -1   -2      8.614     -3.548     11.324
 162  517     -3.019     12.786      8.801
  -1   -2      8.099      7.243      9.465
  -1 1219     17.297     10.834     12.285
 692 1120     19.478    -13.104      1.987
 422  301     20.771    -10.300      6.733
  -1   -2     20.606     -2.724     -8.383
 234  796      8.403     -4.233     12.142
  -1   -2     22.928      1.324     11.640
 921   -2     13.502     -1.505      3.499
  -1   -2     10.367      7.322     -4.633
  -1   -2      4.242      7.026      9.115
1260  343    -12.732     -5.179      5.525
 577   -2     -6.569     -1.244      3.874
 543  435     24.004     -3.620     10.429
  -1    4      7.742      0.516     -1.691
 912   -2     26.164      2.234      5.887
 177  938     -4.510     15.277      4.042
  -1   -2     25.999      2.802      7.788
  -1   -2     -6.989     16.857      8.483
  -1   -2     12.867     -9.678      5.653
  -1   -2      7.974     13.994      4.998
  -1  567      0.826     -3.624      3.079
1215   -2     25.858     12.696     10.731
1115   -2      2.486      5.892     -3.956
  81   -2     20.693     14.208      9.253
 900  870     27.229     -6.635     11.102
 533   -2      0.036      3.791     -8.926
  -1   -2     21.214     13.632     12.323
 597  665     19.264     16.662      3.917
  -1 1303      7.426     13.076     11.743
 490  153     21.323     10.368     10.656
1001  192     17.340      1.147     -0.168
  -1   -2     11.087     -0.986      9.796
 514  303     -4.723      6.677     10.715
 659  999     25.369     -5.340      6.117
 697  215     -0.720     10.961      7.371
  -1   -2     13.441     -8.146      5.834
1107   -2     18.172     14.334      2.130
 753   -2     24.306     -0.371      5.042
  74   -2     16.909      4.002     -0.204
 451  976      1.213     -2.628     10.405
 467  452      8.156      5.859      5.411
  -1  455     13.027    -10.667     -3.938
 630   -2     14.028     -6.237      9.546
  -1  156    -14.572      8.226     -3.102
  -1  382     14.567     -5.637      6.066
  -1  279      6.552      8.460      1.773
  58  885     -8.402     -3.639      1.517
  -1 1047     14.646     15.185     11.958
 546  329     -2.937    -11.683      7.910
  -1   -2      0.117     -8.129    -12.547
 639  682     -3.817     -7.725     -4.585
  -1   -2     17.050      5.199      5.490
  -1   -2     24.350     -5.056      6.943
 870  804      3.048     17.006      9.919
 605   -2     14.768      0.050     -4.362
  -1   -2     14.073      6.207     10.931
 172   -2     10.711     -5.833      7.122
 701   -2     24.997     -6.264      7.413
  -1 1159     17.368     -1.446      7.754
1048  385      7.202     -1.235     -5.270
  -1   -2      4.979     10.507      3.805
 235   -2    -12.726     14.087      8.855
 517  872     -1.229     -8.135      0.316
  -1  439      6.755     -1.151     11.573
 553   -2     15.766      0.877      2.346
  -1  681    -13.746     15.138      4.937
 748   96     -4.682     -3.472      7.906
1080   -2      2.891      8.039      7.416
  -1   -2     13.372     -6.818      4.324
 843   -2     10.909     16.819      8.292
 378  702     -0.119     -3.099     11.612
  -1 1035      3.609     -4.905      6.201
  -1   -2     21.671      4.622     -5.219
  -1  707     19.096     10.808      9.946
  12   -2    -12.561      3.042      8.957
  -1   -2     -1.878      4.252     -0.319
  -1   -2     19.550      5.972    -10.146
 276   -2    -14.365     -5.068      9.771
  -1  310     14.481     16.053      6.712
 115   -2     -6.988      2.939     -6.279
  -1  859     13.928    -10.329      7.914
  -1  799     24.072     10.238      7.127
  -1   -2     -4.469    -10.234     -0.934
 678  700     18.070      3.245      5.485
  -1  157      6.577     14.832     10.978
 197 1018    -19.058      6.372     10.583
 833  377     12.191     13.241      4.918
 120   -2    -11.644     12.093     12.016
1171  689     -8.478     13.700     10.264
 322   34     -1.531     -2.855      4.275
  -1  704     17.630     -8.812     -9.596
 527   43     17.405      8.286     -4.395
 500   -2      6.940     -3.948      4.530
 559   -2     21.231     14.146      5.436
  69  246      4.153     -1.253     -9.319
  -1   -2     -8.885     10.927    -11.516
 675  954      9.979     13.383      9.240
 368   -2    -12.884      7.782     -9.305
  -1 1010      7.742     11.327     11.813
  -1  318      0.308      5.144      1.608
 296  508    -15.837      2.167      6.407
 791  111      0.715     10.541     -4.929
  -1  900     20.852     16.413     10.690
  -1   -2    -14.818     -7.474     -6.370
 522  359    -10.445     -7.292     11.595
 944  372     -8.484     -7.372     11.634
 999  480    -14.958     -9.933      8.215
 973  173    -13.153     15.984      9.926
1082  323     24.811      1.047      5.969
1103   -2     -5.632     16.472     10.004
  -1  358     21.672    -11.208     12.532
 547   -2      4.080     12.748      8.344
 305   -2     20.953      6.265     11.717
 525 1296     17.704     11.801      5.415
 516  460     -5.571      7.250      7.741
  60 1119     17.092     -5.498      3.316
 670  300     16.628     11.991     -5.621
 497  983     19.890      7.936     12.554
 331   -2     -6.202      9.096     -3.386
  -1  487     -5.468      9.467    -10.297
  -1   -2     16.703     15.324     12.048
 837  333     12.803    -14.373      0.327
  -1  596     21.499     14.901     12.062
  -1   -2      3.631      2.155      8.217
 640   -2     24.293      5.141      5.649
  -1  200     24.402      6.549     11.587
 417   97     25.874     -2.933      5.541
 986   -2     22.042      9.889     -0.619
1056   -2     15.297    -10.962      7.132
  -1  644     25.851     -3.994     11.401
 192  531    -14.274     -2.194      7.708
 510 1188     -5.639     13.501      9.910
 362   -2     -5.825     -0.767      8.112
 420   -2     19.722     -2.460      2.287
1280  420     19.066      2.288     -5.728
  -1  465     -3.020     14.444      5.270
  -1 1171      9.540     -0.258      3.652
 834  226     22.566     -6.353     10.742
 458   -2     23.446      9.154      6.577
  -1  450      8.083      1.679     12.031
  -1   -2     17.845      1.563      1.486
 650   -2     10.780     -6.000     -0.461
1096   -2     -7.972     -2.133    -11.711
   6  122    -11.692      6.485      7.298
  77  350     -2.150      8.555      6.943
 319   -2    -18.931      4.973      9.684
  -1 1085     22.728     15.365      0.291
 606  500     -0.571     -7.682     -8.866
 538  639      1.009      1.075      5.139
 687  538     -2.213    -10.395     10.800
  -1   -2     10.907     16.101      3.337
 908  719     -1.701     -5.099     -0.301
1038  345     12.867     15.766     11.734
1121  164      9.026     -6.805     12.262
 588  438      9.984      6.938      6.669
 242   -2     18.531     10.083      0.441
 598   -2      5.408    -12.705      2.234
  -1   58     -0.256      0.763     11.421
 710   -2     -7.944     12.040      8.826
  -1   -2     -2.394    -11.742     -5.028
  -1   -2    -11.025     -4.669      9.475
  -1   -2      5.957     -8.636      5.627
 901  726    -13.871     -7.726     11.639
  49 1072      8.752     16.382     11.077
 130  238     20.483     -3.067      6.821
  -1   -2    -14.916      2.487     -8.842
  -1   -2    -11.780     -6.757     -4.832
 153   -2      2.750     -1.018      7.361
 590  828     20.137     -5.077     11.884
1198   -2      0.738      7.338    -10.061
 288  962     14.839     11.837      3.486
1264   -2     10.935     13.386     -4.740
1076   -2     -1.805      7.577      6.793
  -1  346     19.987     14.346      5.298
  -1   -2     19.470      9.291     12.162
 667  553    -15.738     -8.732      4.084
 173 1069     12.449      9.673     12.209
1150  127     17.441     -1.896      9.747
1261  754     -0.670     -9.698      9.646
  -1  963     18.854     -8.653     -0.539
  -1  842    -16.592      2.059     12.194
 580  733    -17.776     -7.503     11.660
 695   -2     22.287     -1.774      8.805
  -1  759     21.111     -9.363     -1.316
  -1 1126     -2.503     -5.835      5.449
 323   -2     -8.356      9.220     -4.228
  -1  309      5.383      1.754     10.908
1181  993     -8.163    -13.172      5.209
 330  577     -1.472      1.218     10.837
 541 1154    -11.552      0.365     -4.628
 732 1216      6.156     -2.840      4.167
  51   -2      5.224     -8.869      1.602
 864   -2      0.051     -7.850     12.080
  -1   -2     12.925    -10.221     -7.710
  -1  756     24.500     -2.202     11.365
 725  349     -0.270     -2.373     11.545
 777   -2     16.208    -11.007      9.476
 421 1049     -8.314      0.481     10.888
  -1   -2     13.884      5.520      5.925
  -1  479    -10.425     -4.925     -7.009
 530   -2      0.831     14.220     10.948
 561   -2     19.897      3.104      7.630
 395   -2      9.251      3.916      4.965
 763  146      5.776    -10.452      6.238
 551  741     23.565     16.374      8.965
  -1  398    -11.675    -11.057      7.097
  -1   -2      7.722     -1.637    -10.045
  -1  645    -11.684    -11.412     -7.191
  -1   -2     25.017     -1.036     12.286
  -1  366     -3.447     12.761      6.167
  -1   -2     -6.549     -8.407     12.077
 566  766     11.628     -1.701      3.400
  -1   -2     13.983     -7.224     -6.686
 374  408      7.632     11.224      8.923
 609  190     17.523      4.582     10.379
  -1   -2      3.454     11.062     12.068
  -1   -2      3.775     -1.139     -6.018
1119   -2    -12.727     -7.826     -4.888
 854   19     -7.611      6.326      3.383
 651 1290    -11.170     -3.800      0.376
  -1   -2     22.269     -0.181      0.241
 540   -2     20.965     12.402     10.473
  -1   -2     11.363    -12.744     11.899
  -1   -2    -14.830      2.318     11.163
 760  437     11.875     -6.435      7.120
 554  126     10.538      3.571     11.310
 426   -2     23.973      0.853      6.448
  -1  783     25.585     -1.735     12.221
  -1  115     14.941      2.371      8.330
 744  803     19.080     15.876     10.229
 684  589      0.959     -9.535     -0.919
  64   -2      7.699     -2.081      4.204
 745  580      4.725    -10.046      5.111
 939   -2      5.220     13.120     11.012
 890  232      1.287     13.243      6.377
  -1   -2      0.582      1.307    -11.434
 495   -2     -3.396     -3.185      2.664
  -1  237     -2.489     -1.447     12.334
  85   -2      7.061     12.710     -2.269
 775  370      5.622    -12.199      7.260
1152 1141    -12.416    -10.846      4.183
  -1   -2     14.680     -6.081      9.372
1105  699     12.419     -5.744     12.060
 476   -2      3.026     -1.715     -8.820
  -1   -2    -12.048      1.395     -7.931
  -1  561    -19.649      4.859     10.145
  -1  747     -5.930    -12.744     11.706
  -1   -2      3.383     -9.024      5.046
  -1   -2     -8.614     -3.229     12.191
  -1   -2      3.849     -5.520     -2.153
1180  584     24.303     16.335     11.590
 691  716     -5.385    -12.899      6.336
  -1   -2    -10.059    -14.313      4.041
 232  140     -2.959      0.894      9.071
 346   -2      8.174      6.130     11.241
 354  729     14.889      9.492      5.227
 891  765     10.769    -10.882     10.239
 184  534     16.869      8.628     10.190
 423  815    -16.154     10.445      4.147
1124   -2     14.213     -2.999     10.146
  -1  147     16.515     -2.219     -1.817
 977 1167      2.402     17.872     11.206
1104  552      1.378     14.206      4.125
 611   -2     18.065     12.065     -6.765
 646  795     -4.895    -11.202      6.167
 918   -2     22.457      8.549     10.322
 336  667     21.114      9.530     -4.646
 882  571    -13.787     15.948      8.588
  -1 1139     21.938    -16.406      2.911
 653   -2     14.849    -17.926     12.396
1044  177     12.832     14.761      7.830
 746 1052     -1.640     -3.929     12.271
  -1   86     10.668      7.106      1.153
  -1   -2     -0.517     -4.223      7.648
  -1  617      6.631     -2.937     12.020
  -1  608      2.266     -4.715      8.984
 726   -2    -10.956     -5.438     -0.852
  -1  943     -7.733      5.046      0.112
  -1   -2      4.493     -6.628     -8.548
  -1   -2    -11.597     -0.881     -8.514
  -1  524     14.261      9.908     12.062
 574   -2     21.946    -10.648      9.015
1074 1315     19.747     15.642      3.392
  -1   -2     13.644     14.660     -1.154
 196   -2     -0.213     -4.384     -3.933
1137   -2      0.872     -9.611      4.543
  -1   -2    -14.728     -8.848     12.020
 913   -2     12.769     -3.209      8.563
1289 1082      9.683     -1.523      9.947
 893   -2    -19.591     -9.128      7.944
 481  846     -9.163     -0.198      2.426
  -1  431      3.507     -2.782      8.110
1083   -2     21.287    -13.931      7.723
  -1   -2     -4.418     -9.067      3.751
  -1 1032    -10.375     -8.253      5.023
1204   -2     22.131     12.165      6.082
 795   -2     -7.467     10.422     10.915
  -1  187     25.989      1.583     10.849
 439   -2     -7.811    -11.612      2.107
  -1   -2     20.087      3.456     10.354
  -1 1077     10.542     -2.806      3.193
  -1   -2     23.815      0.942     -1.589
 758   -2     -2.917     -7.426      7.469
 800   -2    -20.930     -0.546     11.859
  -1  770     -8.893     -3.668      9.396
 793 1152     -3.338    -14.281     -0.194
 261  610     12.590     12.954     11.467
  56  381      6.181     -2.220      7.938
  92  845    -14.287      6.531     -1.374
  -1  785     17.764     14.294     10.778
 593  203     20.989     11.148     10.513
1205 1054     16.142    -17.716     10.759
  -1 1147     -9.128      9.320      9.520
  -1  833    -19.645     11.907     10.484
  -1  750     -4.760    -14.814     -0.219
  -1  950    -19.114    -11.215     11.972
  -1   -2      4.771      5.459      9.356
  -1   -2     19.947      7.689      4.169
  -1   -2     -5.283    -11.033     -2.753
  21   -2      0.485     -2.648      0.864
1187  503      6.891    -10.679      2.142
  -1   -2    -11.133     -8.983     11.551
 205  291     25.609     -4.937      8.675
 766   -2    -16.781    -13.807      1.157
  -1   -2      9.444     -5.273      5.797
1151   -2     10.884      7.660      8.736
1014  622     17.228      3.968      9.290
 435   -2      5.958     -2.837     10.807
 404  771     20.751     -2.040      7.559
  -1  114    -15.170      1.960      8.574
  -1   -2     13.014     -8.149     12.271
  -1   -2     13.087      0.297      6.954
  50  228    -13.692      1.804     -2.699
 960   -2    -10.463     -2.513      8.620
  -1   -2     17.054      6.389     11.208
 803   -2      8.375      0.991      6.433
 756  778      6.104     -9.538     10.544
  -1   -2     19.844     14.167     -5.179
  -1 1183      4.858     -8.198      2.704
  -1  325    -14.527      6.531     -4.757
  -1 1087     14.885    -12.122     10.135
 613   -2     21.953     -4.029     -3.878
  -1  142     18.727     -1.594      8.469
 996   12     -1.340      2.313     -2.505
  -1  801     -9.782      6.849      1.535
 700   -2      7.749     12.637     10.044
 204 1189     -7.165     -6.608     11.918
 682   -2      5.754     14.862      9.587
  -1   -2     -6.376     -2.775      4.792
  -1  213      0.190      0.729      5.545
 335   -2    -15.976     10.916     -5.244
  -1  525     -8.546     -8.624     -2.349
  22   -2     10.765      3.565     11.564
  -1  166      6.867      9.733      5.012
  -1  664     22.126     12.815      4.887
  -1   -2     -8.191     15.554      9.282
1175  718     17.638     -9.646     12.000
 877  533    -18.593     -0.965     12.029
  -1 1104     28.923      1.798     10.600
  -1   -2    -17.882     10.294      6.807
  -1 1099      2.908     19.743     11.858
  -1  822     -1.843     13.143     10.824
1176   -2    -17.094     14.370     10.191
 789   -2      0.480     15.988     10.123
  -1   -2    -14.474     13.437      9.730
  -1  436    -17.740      9.872     11.913
 810  816    -11.425     15.002      9.625
  -1   -2     19.761    -17.239     11.386
  -1   -2      8.294     14.075      8.285
1091  640    -16.264     16.709      6.108
  -1  243      3.609      9.313      8.980
1079  393      2.678     17.011      2.771
  -1  256      8.003     14.947      9.422
1159   -2     27.864      3.894      9.170
  -1   -2     -5.276      7.823      5.967
  -1  357     15.986     -1.754      9.928
 171   -2    -13.437      8.522      8.932
 792  840     19.812    -12.732     -4.842
  -1  312    -14.032      1.504      3.363
  -1  405    -18.372     -0.842     10.049
  -1  889    -17.827     14.516      6.905
  -1  843      5.104      4.230      1.762
 840   -2     23.990      7.350     11.038
  -1  499    -12.446     10.360      6.509
  -1   -2     -3.999     16.272     -0.553
 147  564    -11.996     12.895      1.774
  -1  220    -17.059      6.352      1.449
 838  834     -3.316    -17.289     10.196
1020  265      6.520     14.533      0.667
 480   -2     24.647     -7.135     10.742
  -1   77      4.005     10.532      2.725
 663   -2    -18.994     -3.655     12.246
  -1 1316     13.331      6.685      6.470
  -1   -2     11.839     -7.628    -12.221
1243   -2    -12.549      1.875      7.455
1291 1109      5.099      7.567      4.643
 827   -2     -6.771     15.332     11.563
  -1   -2    -12.294     -8.518      0.231
  -1  206    -16.836     -9.333      5.150
 785  915     25.241     -8.952      0.261
  -1   -2    -11.100     -0.578      0.901
  -1   -2     -7.104      3.470     12.535
 627  887     -7.076      8.972     -2.833
 844  407     14.600     16.205      9.871
  -1   -2    -12.569     13.280      5.399
 427  880    -17.152     11.744     11.161
  89   -2     -1.607      9.561      6.931
  -1  794     21.777     -8.987      8.036
 199  739     15.167     -4.700      6.737
  -1   -2     26.782     10.868      8.649
  -1 1021    -10.389     12.447     10.064
  -1   -2     21.602    -11.490     -6.987
  -1  293    -17.748      8.138      4.991
1126  271    -16.882     -5.710     12.089
 998   -2      2.926      4.451      8.613
  -1 1051    -11.950    -18.677     12.222
  -1  182    -11.927      9.102     11.744
  -1   -2    -12.299      9.110      1.978
  -1   -2     14.399      5.241     -2.966
 455   -2    -11.239    -12.199     10.753
  -1  927     -3.863     17.143      6.073
 221  397    -15.076     -7.155      7.699
 798 1016    -11.767     15.374     10.668
  -1   -2      1.904      7.593     11.757
1073   -2     -4.005     14.766      8.898
  -1   -2     11.991      3.223    -10.391
 499  703      5.423     14.879     11.637
 853  966     11.245    -11.319      3.660
  -1  929     -0.449     -1.485    -11.452
 930   -2     28.397      5.924     10.834
  -1  595      1.685     12.457     11.296
1238 1207     25.413    -15.721     11.090
 940   -2    -15.168     12.352     10.157
  -1   -2     -3.442     14.937      3.338
 885  869    -19.576      1.535     11.654
 658  697    -10.954    -13.855      7.067
  -1  676     15.011     17.828      9.537
 705   -2    -16.413     -9.162     -4.001
1036  692      2.464    -13.715      3.347
  -1   -2      2.272      1.433     12.311
  -1 1040     -6.838      7.843      8.803
 343   -2    -19.017     12.289      8.725
  -1   -2     14.029    -16.256     11.647
 676 1302      5.048    -15.681      4.470
 456   -2     16.110     11.917     11.519
1012   -2    -10.494     10.406     -4.219
  -1   -2     -8.521      1.550      7.092
  -1   -2     -2.053     18.811      8.055
1145  865     26.858      9.904      0.976
  -1   -2     -5.690     -1.018    -11.518
  -1  882     28.579     -6.655     11.960
  -1   -2    -10.695    -14.084     -0.178
  -1   -2    -17.735     11.367     -5.820
  -1  150    -16.040     -4.033     -7.672
  -1  521      7.504     17.480     11.214
1101 1168     11.468      3.069     11.153
  -1  112     28.553      7.847     11.283
  -1 1309    -11.247     18.393     10.806
  -1  337     -3.218     -8.690     -1.831
  -1   -2    -20.999     -5.887      5.776
  -1   -2    -20.655    -10.469      6.684
  -1  330     -8.354     17.008     12.396
1005   -2    -17.597      2.168     11.873
1217  730      0.747    -15.921      8.217
  -1   -2     -9.004      9.419     12.653
 698  677      6.985     -8.674      1.156
  -1  100    -11.407     -1.607      8.089
  -1   -2    -19.044      0.546     12.630
  -1   -2      3.099     10.335      0.220
 482  641     17.758     12.515      7.640
 387 1187      1.266      1.740     11.147
 779   -2      1.746      6.383     10.675
  -1  308     16.865     14.161     -1.098
  -1   -2      4.849      2.400      5.191
  -1   -2    -17.293      9.967     11.854
  -1   -2    -10.572      2.923      1.224
1081   -2     27.717      6.475      4.711
  -1   -2     -3.209      3.133     -1.505
 251   -2      1.924     -1.111      1.393
  -1  678      8.006     14.778      4.038
 717  945     -3.866     16.458      7.110
1129   -2     27.062     -0.731      6.576
  -1 1165     21.419     -4.429      7.942
1192 1116      9.325    -18.478      7.469
 825   -2    -12.010     17.507     10.076
 948  171    -14.879     11.950     11.334
 991   -2     24.127      5.030      0.035
  -1   -2    -15.307      8.093    -12.700
1061  221     -4.245     16.603      5.343
  -1   -2     14.576     10.220     -2.800
 880   -2     21.005      9.790      3.693
 786  103      7.455     14.545      9.389
  -1   -2     25.948      6.701      5.246
 765   -2    -10.053     14.448     -8.592
 398  512    -15.767     14.191      6.801
1269  355     21.935      9.033      4.727
 575  762    -16.507     -6.804      8.949
  -1   -2     27.836     -3.922      7.911
 784   -2    -16.885     11.358     10.496
 621   -2     19.794     13.443      1.169
  -1  411      2.912      1.262     11.806
  -1  752    -17.526     -4.139     11.539
  -1  518     16.128      8.301     10.869
  -1   -2      1.606      1.809     10.441
 971   -2     23.619    -16.465      7.816
  -1  556     26.885      2.651      4.556
 350   -2     10.389     12.228    -11.973
  -1   -2     22.402      7.685     -2.673
  -1  643    -18.727     -6.109      6.884
  -1 1123     17.710     -8.182      6.517
  -1  786    -12.948      4.784     -2.938
  -1  242    -16.215     12.736     12.552
 925   -2    -15.802    -10.616      8.832
  -1  863    -12.491     10.031     -2.728
1218  540     21.047     18.378      7.558
  -1  208     19.924     -9.369     12.349
1138  168     -9.585     13.382     -0.326
  -1  613    -14.258     13.394     -9.697
  -1   -2     12.196     11.644     10.994
  -1 1304    -10.163     -4.449     12.082
1042  594     15.471     14.304      5.100
  -1 1202     -6.274    -16.735     12.370
  -1   -2     -4.740      4.210     11.561
  -1  161     -4.258      3.378     11.875
  -1  179      1.930      9.270     10.356
 176   -2    -18.559      2.647     12.159
  -1  456     24.560     10.925      8.731
1127   -2    -11.833    -14.774     -0.722
  -1  542     23.584      2.687     12.166
  -1 1125     26.927      9.431      7.604
1065   -2     -9.715    -10.332     12.356
  -1   -2    -11.002      6.531     -2.487
 244    1      0.422     10.292      1.448
 503  852     26.767     13.724      6.475
  -1  836      3.278     14.629      5.637
  -1   79    -16.146     15.259      8.468
  -1   -2     11.342     -8.157     -7.215
 344  466      3.502     11.866      7.131
 850    7    -14.461      4.730      6.994
 752   -2     -1.671     -9.872     -0.428
 441   -2    -19.475     -0.025      2.377
  -1   -2     13.172      9.907      7.558
  -1  974      8.111    -10.408     10.586
  -1  600    -15.936    -12.812      9.340
  -1   -2      2.063     -9.140     -7.739
  -1   -2    -12.010    -18.549      6.325
  -1  448    -21.048    -13.553      4.992
 970 1025     -5.537      3.175      6.634
 811  760     19.212    -14.014      3.706
 747  569      2.895    -10.637     -1.075
  -1   -2     22.559     11.027    -10.325
  -1   -2     12.131     -3.504      5.566
 780   -2     -6.199      1.314      4.764
  -1   -2     -8.501     17.872     10.714
 671  751    -17.382     -9.291     10.561
  -1  940      3.913     16.555     12.498
  -1   -2     12.875      1.943     -2.706
  -1   -2      2.981      8.000      2.341
  -1   -2      2.570    -13.217     -7.872
  -1  627     -9.321     15.031      3.905
 457 1150     16.205     -4.951      8.715
  -1   -2      4.392      0.835     -1.293
  -1  946      2.158    -17.637     11.498
 383  356     23.971     12.022     11.728
 889 1169     -2.435     15.259     10.507
  -1  809    -14.439      7.364      7.937
 759   -2     20.132      2.998      9.973
  -1   -2      4.470     17.350      4.743
  -1   -2     22.678    -14.655      6.775
  -1   88     11.635     10.675     11.673
 654  968     -5.169      6.286     -1.959
 307  365     14.178      0.671      2.694
  -1   -2      3.891     12.984      6.249
 447  861    -10.786    -12.938      4.611
  -1   -2     -0.411    -17.846      3.335
  -1   -2     13.393      5.417     12.180
 485  705     20.595    -15.801      4.724
  -1   -2     20.362     15.467      6.973
 903 1086     -6.043     -0.405     -9.928
 599   -2     26.928      8.229      7.847
1142  686     -1.913     -4.636      8.523
  -1   -2    -21.326      4.584     10.795
  -1   -2      1.520     17.899     11.566
  -1  749     -2.542     -7.568     12.221
  -1   -2     -7.481     12.798      9.992
 772  227     -6.942     -5.598     11.384
1132   -2    -17.338    -13.862     10.261
  -1 1103      3.663    -20.436     11.810
  -1   -2      4.254     14.236     -7.498
  -1   -2     21.360      2.693     12.270
  -1 1184     18.155      3.057      0.420
  -1   -2     -6.317     13.594     -3.978
  -1  798     -8.204     13.316      7.363
1279  581    -16.651    -11.832      2.122
  -1   -2     27.115     12.526      4.585
 876  918     20.456     -5.824      5.031
  -1  241     13.817     -5.999      5.838
 379   -2     -6.201      5.408     -1.245
  -1 1130    -10.235    -19.484      6.719
1206 1092     18.082    -19.406     11.246
  -1  340     -6.467      7.687      9.191
1177 1048     -4.446    -13.753      5.087
  -1  866     -1.131      2.896     -0.251
 113   -2     14.371     14.332      9.959
  -1  537     12.603      8.187      9.258
 957  814     25.239     10.901      4.154
1024   -2     10.094      5.131      3.167
 357   -2     16.761      3.735      5.465
 955 1050     23.440    -11.362     11.326
1027   -2    -10.672     17.015     11.339
  -1  763     -6.562     15.283     10.354
  -1   -2     -7.261     16.672      4.295
 868   -2    -19.276    -12.617      3.705
  -1   -2    -14.906     -1.774     10.871
  -1   -2     -0.979     14.829      7.873
  -1  324     13.465     -6.379      9.861
  -1   -2     13.954     -5.518     -4.607
 712   -2     12.543     -0.372     12.184
  -1   -2     21.396    -11.823      3.339
 680   -2      0.296    -12.549      3.991
1235  471     22.723     18.608      8.822
  -1  219     -3.284     -3.116     12.283
 405   -2    -17.309     13.317     10.479
  -1  163      1.155     16.378      9.918
  -1  630     21.708     -2.444      7.762
  -1 1112    -16.011    -12.944      3.202
 976  936     22.887      6.106     -4.918
1116 1172     10.398    -16.218      0.113
1186  790      9.136    -13.993      1.136
  -1   -2     -6.112     18.252      8.499
 372   -2    -18.099     -6.246      3.682
1157  987    -11.695    -18.197      9.289
  -1   -2    -15.867     -9.673     -7.459
1284 1196    -10.585     18.721      9.751
 620 1045    -12.281     -9.326      8.442
  -1  787     26.862      9.816     10.292
 787  805    -21.341     -4.552      9.237
  -1   -2      3.214    -13.196     -3.444
  -1 1201     15.775    -13.572     11.917
  -1   -2      3.223      1.454      4.538
  -1  982    -11.976     -4.457      7.781
  -1 1073     -7.592      6.314     -1.191
  -1  214    -11.721     -0.500     12.195
  -1 1199      9.276     -2.781     11.729
  -1   -2      1.402      1.821     -5.297
 365  526    -15.184     -0.493      2.963
  -1  401     -9.264     -3.392      7.410
1237  925     28.681    -13.028     12.098
  -1   -2     10.084     -3.986      0.728
  -1   -2     24.398     -2.464     10.311
  -1   -2     13.566     -0.005     -4.141
1008 1100     14.778     -9.753      5.550
1040   -2     18.907    -17.231      4.766
  -1   60     -1.462      6.242      5.491
1064 1281     21.570      0.843     11.845
1233 1218    -20.087    -14.641      9.176
 832   -2      4.894      0.589      6.895
 906  772      5.212     10.643      9.015
 754   -2     19.864     -7.038      9.354
  -1   -2     17.800      1.933      7.319
  -1   -2      9.403      5.661     -9.987
  -1  634     15.345      6.059      4.283
  -1  284     22.552     18.075      5.016
 219   -2     -9.150     -1.047      2.600
1178  877     -7.640    -14.952      2.084
 898  654     -4.125    -14.808      9.673
1026   -2     28.008      7.741      5.843
  -1  473     -7.169     -2.513      9.945
 888   -2      9.229    -17.401      7.452
  -1  734     16.731     -1.207      9.491
  -1 1068      5.031    -15.835      0.454
  -1   -2    -19.197      9.849      7.669
  -1   -2    -11.059     20.335     10.720
  -1  299     20.495     -3.802      9.291
 342   -2     23.487     -1.712      5.915
 444   -2      1.188     -0.891      5.271
1225  621    -16.406    -14.521     12.396
1021 1002     27.508     -4.873     11.101
  -1  668     22.976      8.733     12.386
  70  378     19.943      0.949      9.769
 989   -2     12.455     14.877     11.511
 216   -2      1.241     12.263      0.806
  -1   -2      8.717      7.556      5.753
  -1 1156     20.313     17.167      8.809
1173 1043     -4.445     18.649      8.848
  -1   -2      6.873     -8.153      9.121
 520  305     -8.926     -7.294     -6.479
  67  578      3.773     12.260      2.837
1231  981     23.796    -18.343      9.143
  -1   -2     12.509     12.145     12.406
  -1  598     21.878     -4.449     11.925
 584  327     11.014     -8.439     12.543
  99   -2     13.090      9.947      0.770
  -1  874      1.810     -8.253     11.806
  -1  832      1.426      5.596     10.372
 334  418     -5.720      4.338      4.294
  -1   -2     17.970      0.722      6.655
 332 1102    -19.149      6.393     11.425
1031   -2     -2.186    -11.357     -0.647
 243   -2     13.590     -4.413      5.596
1084  888     21.481      5.906     11.090
  -1   -2     -0.639    -10.764      6.444
  -1  988      0.561     11.746      5.865
 645  234      6.736     -3.487     -0.856
  -1 1111      2.981      7.077     12.263
  -1 1009     28.937      7.682     12.249
1144   -2      6.595      4.403     10.919
  -1   -2     -0.392     17.420     11.672
 923   -2     23.143    -10.489      6.801
  -1  527     14.867    -19.269      9.016
  -1   -2      7.672     -4.832     -0.635
  -1   -2      5.431    -13.209      6.142
  -1  453      1.456     -1.448      4.222
 393  362     15.046     11.506      9.572
  -1   -2     -6.306     -0.759     -9.231
  -1  516      9.988      1.435      9.536
  -1  947     24.972      8.191     11.847
1007  789      7.963    -17.191      5.334
 693 1191    -17.364     13.164      8.944
 751  701     -3.749     -9.407     10.488
 564   -2     24.436     -7.636     11.307
 690  658     13.832    -13.074     -6.925
  -1   -2      0.227     14.505     11.945
 401   -2      0.635     11.495     -2.242
  -1   -2     -2.258     -9.917      3.562
  -1  653     -2.312    -12.908     -6.412
 329 1034     10.783      8.628     10.966
 824   -2      8.236      9.763     12.412
  -1  513     11.345     14.492     -0.132
 914   -2      1.554      1.391      3.085
  -1  105     22.174     -9.177     10.890
  -1  492    -16.708    -11.294     11.392
 523  919     -5.019     -3.496      9.627
 194   -2     11.023     14.540      5.234
  -1 1211    -13.719      3.214     11.520
 215  635     25.544      3.991      8.763
  -1 1098     -7.971      5.892      4.354
1303  601     19.146      5.142     10.844
  -1   -2     14.907     12.831     11.644
  -1  709     -3.105     -8.041      2.790
  -1  989      3.036    -16.224     -1.532
  14  708     17.275     -4.852      9.081
 974  539     21.681     15.994      2.882
1143  172     23.448      5.279      7.194
  -1  694      0.552     15.509      7.320
  -1  364     -3.088      9.030      7.673
 718   -2     -3.580     15.577     12.472
  -1 1128    -11.271    -13.937     -7.353
 648  631      8.674      1.650      2.232
1191   -2     -7.364    -19.129      5.867
 869  389      6.908      7.482      7.898
 727   -2     19.359    -11.083     11.934
 214  249     21.755      5.156      3.706
  -1   -2      2.185      6.761     -2.527
  -1 1026     -6.915     13.775     10.068
1095 1090     21.194      7.393     10.573
1122   73     17.239     16.675     11.033
 119   -2      8.533     14.242     12.109
  -1   -2     12.078     -9.801     -3.330
  -1  713    -19.452    -10.421      7.342
  -1 1001      9.443    -18.777     12.035
  -1  444      3.077    -11.155     12.018
1202   -2     -1.074     -2.515     11.264
 688   -2      8.284      7.683      7.955
  -1  636     11.851    -17.218     11.997
  -1  662     20.335     11.033     -9.892
  -1   -2     -3.575     15.240      6.875
  -1  155     19.958      5.993      5.405
1112 1204     28.478      7.306      8.097
  -1  723     14.922     15.345      9.054
  -1   -2     -1.188     -8.891     -8.044
  -1   -2     14.742     -3.751     11.029
 406 1160     23.841     14.425      3.979
  -1   -2     -1.880     -7.963     12.071
 641  334     16.296      5.244      3.545
  -1   -2    -18.401     13.580     11.589
1274   -2     23.137      4.692     -2.362
 846 1113    -19.225    -13.319     10.799
 515   -2     -8.944    -13.952      1.648
 699   -2     -1.903     10.465     10.991
  -1 1170     -9.928     -5.387      5.154
  93  727      4.520     -1.445     -0.464
  -1   -2     -3.323     18.355      9.996
1043   -2      5.527    -15.431     11.471
  -1  505     10.322     -5.963      7.491
  -1   -2      6.763    -11.159     -7.544
  -1   -2     11.471    -29.885     -6.810
1039 1241      5.238    -23.721      8.412
1208 1244     19.694    -25.152      8.319
1236 1226     -6.822    -21.373     12.210
  -1 1091     23.200     20.156     11.263
  -1   -2    -25.546    -14.746      9.747
  -1 1134     13.075    -18.535     11.002
  -1   -2      5.391    -19.582     -4.820
  -1 1234    -27.638    -10.152     10.318
  -1   -2     -4.304    -20.777     10.813
1216 1232     15.966     28.653      3.141
1194   -2    -16.984    -20.356      7.489
  -1 1148    -10.339    -13.709     12.902
1228   -2     16.186    -22.689     11.444
  -1   -2     27.340    -22.924     10.210
  -1   -2      2.736    -20.482     12.595
  -1   -2      2.314    -30.104     -5.663
  -1 1256    -17.284    -17.938      4.008
  -1 1221     27.377    -16.460     12.235
  -1 1224    -10.465    -23.559      0.604
  -1 1210     25.882     16.157     12.160
1108 1243    -10.180    -20.827     12.578
  -1 1248      7.091    -23.435      6.605
  -1 1037    -21.910    -11.160      9.775
  -1 1231      1.802    -25.665     -9.808
  -1  808     26.827    -18.365     11.455
  -1 1197     26.380     13.347     12.783
  -1   -2    -12.353    -19.335      1.403
1292 1074    -20.675    -14.312     11.023
1227 1250    -28.636     -7.793      9.773
1223  819    -24.200    -11.170     10.213
  -1 1229     28.048    -15.630     11.444
  -1 1209      4.701    -17.265     11.852
  -1   -2     -8.097    -20.838     10.858
  -1   -2     13.066     -8.892     11.674
  -1   -2     13.023     -8.833     11.783
  -1    9     15.936      1.944     10.460
  -1   -2     16.428      3.627     -7.958
 571 1298    -14.962      2.695      9.314
  23   42      9.731      3.119      5.737
  -1   -2     11.216     -4.386      3.068
  -1  672     24.382     -1.961      7.262
  47  181     15.124     12.199     -1.685
  66  285     -7.924     -1.076      4.923
  -1   -2     -8.190     -1.833     -0.642
  18  282    -11.870      2.230     10.609
  15  139     20.380      5.383     -1.884
  -1 1269      5.580      0.389     10.830
  -1 1326     -0.938     -9.256     10.324
  -1  764      3.460      2.502      3.711
 241 1324    -15.735      0.115      7.447
  -1 1343    -14.495     13.414      9.686
1266   94     17.520      1.764      4.815
 557   71     13.851      5.455     -3.479
  88   -2     13.481     -6.072     11.390
 207   -2     15.750      6.233      9.060
 478 1158    -11.014     -4.579     10.072
1247   -2     12.965      4.733      3.517
 142  170    -15.109      0.398      4.774
  -1   -2     16.744      7.715     -5.290
  -1  186    -12.697     12.568      4.130
1256   -2    -12.698     12.507      4.282
 202 1286      0.296     -3.178      4.434
 808   -2    -16.319     15.389      8.177
1316   -2     18.914     -6.253     10.675
  -1   -2     -3.067      3.420     -0.702
 217   -2     16.347    -10.326      5.272
1262   -2     19.230      0.284     -1.948
  -1  390     -2.196     12.625      8.648
 239  536     14.499     -8.501     11.859
 200   -2      5.253      0.947     -7.904
  -1   -2    -16.140     -2.582      2.529
  -1  891    -13.895     -7.682      8.308
 163   -2     -4.612     13.387      3.445
 741   -2      3.868     11.547      1.176
 483  506     20.739      3.659     -1.633
  -1   -2     -4.067     -3.516      2.264
  -1   -2     -9.773     -4.196     -0.769
 644  784     23.067      0.092      6.023
 428   -2      4.334     -6.566     -8.661
  -1 1019     20.162     10.619     11.998
 201   -2     18.286     -7.540      9.408
 443  953     16.681     -0.730     10.089
 521 1017    -19.939     -0.689     10.010
 306   -2      2.428     12.901      1.916
 595 1300     13.729      5.418      6.118
 565  481    -10.085     12.059     11.659
 511   -2    -12.433     10.264      6.716
 813  980    -15.670     13.060      8.571
  -1  957    -12.632    -16.657     -2.704
 814   -2     -1.843     13.143     10.824
  -1   -2    -15.580    -12.176      4.965
 988   84    -11.247     18.393     10.806
1125   54      3.692      9.997      6.020
 980   -2     20.366     16.983      9.152
 408  657     17.769     13.163     11.464
  -1  104    -14.616     -2.513      5.190
 375  396     -7.787     11.657     -9.577
 270 1174     -7.859     14.386      7.961
  -1 1238    -25.546    -14.746      9.747
1221 1317     27.340    -22.924     10.210
  -1   -2     15.905      1.943     10.558
  -1   -2     13.060     -8.883     11.794
1241 1319     12.973     -8.908     11.898
  -1   -2     16.419      3.649     -7.871
  -1   -2     -8.157     -1.776     -0.521
  -1   -2     -8.157     -1.776     -0.521
  -1   -2     24.353     -1.952      7.266
  -1   -2     24.499     -1.882      7.499
  -1  399     -7.505     -4.337      7.839
  96   92      3.425      2.448      3.811
  -1 1208    -14.495     13.414      9.686
  -1   -2    -12.966     -4.289      5.800
1301  656    -12.966     -4.289      5.800
1306 1336    -18.902     12.974     10.862
 622  995     18.606     -8.272      0.101
  -1   -2      4.181     13.935      8.240
1220 1223    -25.546    -14.746      9.747
   0   -2     15.905      1.943     10.558
1240 1337     16.419      3.649     -7.871
  -1   -2     24.353     -1.952      7.266
  -1   -2     24.499     -1.882      7.499
1311   -2     16.744      7.715     -5.290
1302   -2     -7.505     -4.337      7.839
 862   -2    -10.395     12.609     -1.057
  30   -2     24.499     -1.882      7.499
  -1   -2     11.216     -4.386      3.068
  36   -2      5.537      0.438     10.579
1308   -2     -8.190     -1.833     -0.642
1246 1347     11.182     -4.407      3.121
