1294
   0    0     15.818      1.933     10.652
  -1   -2      4.502     -6.100     12.591
  -1   -2     15.215      7.976     13.729
   1    1      0.715     10.683     10.637
  -1    3     12.798     -8.868     11.977
   7    5     -6.205     -1.941      8.825
   3    4     25.676     -6.697     15.230
  -1   -2    -12.328     14.928     10.963
  -1   -2    -16.289      1.803     12.841
  -1   -2     -5.233      1.397      4.246
  -1   -2      8.453      1.406     14.031
   6 1318      6.690    -10.095      1.483
  -1    8     11.493     11.494      9.725
  -1   -2    -18.192      2.167      6.258
  -1   -2     -0.326      2.474     12.949
  -1   -2      0.825     -1.168      9.100
  22   12     15.797     -3.301      4.551
  -1   23     -1.989      9.751      7.291
  -1   -2     18.008      0.501     -4.807
  -1   -2     18.111      6.281     -2.025
  -1   -2      1.072     12.847     -4.627
  -1   -2      0.760      8.635      3.902
  -1   -2     -6.433      7.964     -0.194
  -1   -2     -6.438     -3.898     -7.049
  -1   -2     -2.614     13.662     11.249
 457 1347     -9.600      9.003      7.218
  -1   -2     -8.585     10.833      2.136
  -1   -2     18.668      1.932      5.645
  -1    2     -9.274     -1.698      8.146
  -1   -2      0.008     -2.599      0.010
  -1   -2      6.901     -0.821      2.303
  -1   -2     -3.506      2.196     11.779
  -1   -2      9.140     -7.744      3.457
  -1   -2     12.989     -2.268     -8.409
  -1   58      5.416      4.304      3.769
  -1    6      5.990     11.364     13.209
  -1   -2     -9.058     -3.708     14.762
  -1   -2     24.133     -2.184      7.940
  -1   -2    -14.848      6.371      5.068
  -1   -2    -14.957     -2.040      5.630
  -1   -2    -12.878     -1.098      5.681
  -1   -2     19.087     12.649      7.575
  -1   -2     -8.105      2.688      0.654
  -1   26      4.906     -6.138     12.182
  61 1321      4.621      0.522     14.092
  27  112     20.435      7.498     -7.320
 216 1337      3.997     -9.343     13.384
  -1   -2      1.669     -5.020     13.518
  -1   -2      6.780      6.405     -1.472
  -1   -2      0.644      2.792      6.271
 533 1350     19.229     11.835     -4.554
  -1   -2    -12.055     -1.628      9.293
  -1   -2     -1.929      1.035     12.440
  49 1319      6.960     -9.561      6.271
  98 1323     -2.015     13.204      7.560
  -1   -2    -10.035      1.960     11.544
  -1   -2    -14.815      0.182     12.854
  -1   43      7.316     17.882     15.094
  -1   -2     18.267     -0.274     14.317
  -1   -2     -4.455      4.604      9.048
  -1   -2     27.181     -3.373     11.028
  -1   -2     18.446      1.787      0.043
  -1   -2     22.174     -2.977      2.791
  -1   -2    -13.005     -0.909     -0.615
  -1   -2     -6.787     -0.092      3.037
  -1   -2      0.723     -3.374      7.181
  -1   -2     10.018     13.247      9.447
  -1   77     18.537      4.923      2.802
  -1   -2     10.876      9.022     -0.741
  -1   -2     13.632     13.767      5.481
  -1   -2     11.837      5.338     10.723
  -1   -2     19.320     -2.175      6.407
  -1   -2    -13.972     12.326      8.166
  -1   -2      9.328      4.884      8.126
  -1   -2     -3.722     -1.861      7.799
  -1   32     13.377      9.629     -8.029
  -1   -2     23.438     10.088     15.182
  -1   -2      4.991      9.354      3.387
  -1   37    -12.463     12.980     13.410
  -1   -2      2.798     -1.834      7.695
  -1   -2    -12.951     -3.297     -1.520
  -1   -2      9.797      1.790     -6.561
  -1   -2    -11.893      8.085      4.365
  -1   -2     12.442      5.877     -1.793
  -1   -2     26.489     12.946     14.571
  -1   -2      7.358     -3.359     11.946
  54 1320     21.404     10.659      4.180
  -1   -2     14.600      5.564      7.770
  -1   -2      0.606      8.288      2.132
  -1   -2      2.065      5.671     11.067
  -1   -2      2.143     10.355     -7.690
  -1   -2      6.200      7.105     13.739
  -1   -2     -4.823     13.566      6.559
  -1   -2      0.717      0.856      9.169
  -1   -2     11.377     11.454      6.184
  -1   -2     10.572      0.717     10.779
  -1   -2     16.283     -5.904     12.755
  89  204     17.037     -1.909      9.501
  -1   -2      6.499     -2.104     14.147
  -1   -2     14.225      5.751     -0.945
  -1   -2      1.185      1.386     -5.764
  -1   -2    -16.501     -0.548      6.242
  -1   -2      3.486     11.302      2.442
  -1   -2    -12.825     -3.278     14.821
 157 1330     10.862     -6.686     11.229
 102 1324      6.993     13.984      9.338
  -1   -2    -21.562      0.384     14.106
  -1   -2     -8.426     13.832     -1.412
  -1   -2    -11.259      9.967      3.274
  -1   -2     22.734     -6.234      0.030
 206 1336     14.740      3.266      9.710
  -1   -2     23.528     12.124     12.922
 263  117    -14.378      5.309     -5.374
  -1   -2     24.238     -3.820      2.147
  -1   -2     13.898     11.741      8.146
  -1   -2     23.076      7.220     -0.551
  -1   -2      5.448     12.020     -7.005
 163 1331      7.997     -1.459     12.957
 359 1342     15.553     10.742     10.055
  71 1322      1.899      9.578     12.239
  -1   -2     18.163     -4.846      8.705
  -1   -2      6.327    -14.780     12.876
  -1   -2     25.798      2.299      9.524
  -1   -2     -1.249      2.453     -8.423
  -1   -2     12.391      2.618     -0.297
  -1   -2      4.884     -3.306      5.232
  -1   -2     17.950     14.770     -2.970
  -1   -2     17.174     -1.012      8.930
 103  164    -10.429     10.086      8.840
  -1   -2     18.902     16.082      2.395
  -1   -2      7.706      6.442      1.278
  -1   -2      8.890      3.081     13.988
  -1   -2    -16.700      6.279      6.814
  -1   -2     16.882      6.958     -0.707
  -1   -2     -0.290      4.836     -2.584
  -1   -2      4.617     11.176     -8.108
  -1   -2    -15.664     -1.109     -1.310
  -1   -2      9.996      1.754      6.123
  -1   -2      6.017      9.879      7.936
  -1   -2     17.040     -3.799     -9.096
  -1  182     -7.252      2.239      6.304
  -1   -2      9.336      9.702      5.419
  -1   -2     -8.554     -5.443     14.697
  -1   -2     18.804      2.185     -7.287
  -1   -2      9.891     -5.024     -7.642
  -1   -2      7.334     14.291     -0.985
  -1   -2    -19.202     -2.900      8.775
  -1   -2      9.108      8.893     -1.427
 182 1333     -3.776     14.152     13.362
  -1   -2      2.656     -3.265     -4.387
  -1   -2     22.301     -6.195     14.866
  -1   -2    -10.556     -2.295     11.703
  -1   -2    -19.020     -3.958      4.848
  -1   -2     -7.220     -3.281     14.720
  -1   -2     13.942      7.520     -3.315
  -1   -2     24.525      9.454      7.385
  -1   -2      1.593      9.335      3.429
  -1   -2     -8.263     -2.446     10.223
  -1   -2     22.597      6.738     14.761
  -1   -2     12.804      5.037      7.005
  -1   -2     -6.431     -4.737     12.196
  -1   -2     -8.042     10.644     -9.318
  -1  120    -16.037     14.483      6.669
  -1   -2     11.330      0.643     12.054
 189 1334     -9.607     13.981     -0.050
  -1   -2     15.326      9.914     13.254
  -1   -2     21.106     -4.081      9.153
  -1   -2    -10.043      4.027     11.597
  -1  187     21.978     -0.904      9.166
  -1   -2     -3.766     18.007     15.192
  -1   -2    -12.193      2.132     14.554
  -1   -2     -7.221      7.915     -8.415
  -1   -2      5.572      1.410     -9.661
  -1   -2     13.520     14.948      0.610
  -1  114     12.542      5.998     -9.253
  -1   -2     18.503     -4.856      3.867
  -1   -2     16.259     -8.612     -1.215
  -1   -2     -2.279     12.663     13.587
  -1   -2     17.456     -8.792     13.363
  -1   -2      5.333      4.294      8.447
 131 1326     13.807     14.574     12.349
 133 1327     12.543     11.737      8.063
  -1   -2     -5.302     10.327     13.754
  -1   -2     17.165      8.305     -2.200
  -1   -2     -9.291      6.532      4.072
  -1   -2     -0.351     -1.019      0.293
  -1   -2    -14.014     -2.050     -0.902
  -1   -2     -2.388      3.834     13.356
  -1   -2     -0.686     -0.900     11.424
  -1   -2      5.301      7.077     11.518
  -1   -2     19.442     -6.698      2.566
  -1   -2    -15.706      3.772     -7.177
  -1   -2    -10.304      9.028     -4.621
  -1   -2      5.347      1.487      0.883
 271 1339      2.339      5.036      4.556
  -1   -2     10.463      1.472      2.956
 170 1332     16.698      0.907     -2.860
  -1   -2      7.988     12.153     10.265
  -1   -2     -0.155      0.288      0.069
  -1   -2    -10.488     -4.428      3.681
  -1   -2     17.005    -10.561      8.235
  -1   -2      8.393     -5.738     10.653
  -1   -2     -2.475      9.814      0.164
  -1   -2      0.077      0.475     10.004
  -1   -2     13.446     12.035     15.284
  -1   -2      2.051     15.328      2.086
 378 1343      8.497      3.398      3.411
  -1   -2    -13.550      7.210     -0.317
  -1  274    -11.995     -8.394     12.792
  -1   -2     -3.271     -0.399      7.406
  -1   -2     22.816      3.377     14.708
  -1   -2     16.782     12.808     -5.430
  -1   -2      7.942      8.900      3.702
  -1   -2     -0.587     14.614     -1.011
  -1   -2      8.604     -7.004     14.712
  -1   -2     12.139      9.837     -4.155
  -1   -2      8.223     10.604      1.408
  -1   -2     16.624     17.538     13.483
  -1   -2     -9.639      0.290     10.442
  -1   -2     14.763      1.580     -1.911
  -1   -2     -6.338     14.302      5.726
 151 1329     20.569      6.480      6.862
  -1   -2      8.816     -3.488     13.116
  -1   -2     16.721      5.312     10.396
  -1   -2    -15.761      6.117      2.504
  -1   -2      6.428      8.143      2.717
  -1   -2     15.310      9.959      7.727
  -1  184    -16.831      9.250     -0.786
  -1   -2      9.651     -4.445      3.972
  -1   -2      4.863      3.579      8.075
  -1  249     -7.716     13.503      5.135
  -1   -2      0.526     -0.711      4.251
  -1   -2      5.507     -0.423      8.270
 191 1335     -4.934     -4.233     10.861
  -1   -2      7.868      1.663      6.690
 220  270     -2.635     10.215      3.840
  -1   -2     10.485     -3.565     13.108
  -1   -2      0.159     -1.481      7.060
  -1   -2    -14.487      9.579     -1.175
  -1   -2     24.204     -7.999      7.201
  -1   -2      0.656     15.082      7.193
  -1   -2     23.343     -0.749      3.682
  -1   -2     23.633     -0.468      9.358
 357 1341     24.971     10.795      4.907
 139 1328     23.772      3.307      3.248
  -1   -2     22.630      5.813      5.360
  -1   -2      5.367      9.308     -9.721
  -1   -2     20.121      5.584      1.731
  -1   -2    -10.307      5.048     -3.205
  -1   -2     20.639      4.505      2.600
  -1   -2    -17.755     -7.391     10.227
  -1   -2     19.258     -3.998     13.100
  -1   -2     13.675     16.939      8.655
  -1   -2      2.966      2.280     12.335
  -1   -2      8.609     -3.933      9.547
  -1   -2     24.230      7.241      3.371
  -1   -2      1.008      3.478     -9.151
  -1   -2     21.069     11.543     12.563
  -1   -2     22.736     -0.791     13.436
  -1   -2     10.294      2.009     13.270
  -1   -2    -12.407     -7.306     12.672
  -1   -2      6.933     -3.109      6.912
  -1   -2     25.599      4.752      9.740
  -1   -2    -16.921     -3.324      4.763
  -1   -2     -3.398      8.235     -8.388
  -1   -2     10.119      4.787      8.029
  -1   -2    -12.446     -0.186      1.507
  -1   -2      4.989     -2.145      9.717
  -1   -2     -3.357      5.122      5.266
  -1   -2      3.215     12.312      8.263
  -1   -2    -13.323     -0.649     10.927
  -1   -2     -8.260     -5.608      9.434
  -1   -2      9.314     -2.346      4.568
  -1   -2     -8.989     -3.753     -2.001
  -1   -2     19.778      7.823     12.955
  -1  263     22.710     13.791     13.733
  -1   -2     13.269     -8.055      6.078
  -1   -2    -14.482     -7.347      3.406
  -1   -2    -14.471      1.550     -6.420
  -1   -2     -6.395     -9.854     -6.743
 261 1338     -4.301     -2.920      1.273
  -1   -2     17.264     -4.816      7.664
  -1   -2    -12.013     -6.466      1.068
  -1   -2     -4.213     -0.686      9.723
  -1   -2     24.893      3.060      4.458
  -1   -2     24.210      8.337     14.816
  -1   -2     14.034      8.568      5.708
  -1   -2     14.086      8.852      6.699
  -1   -2     -1.760     -6.923      7.370
  -1   -2    -14.583     11.003     -9.329
  -1   -2     20.692      2.079      8.023
  -1   -2     20.912     16.860      8.679
  -1   -2     -0.469      0.792     -9.401
  -1   -2      5.046     -3.899      1.284
  -1   -2      7.216     11.573     14.093
  -1   -2      2.528      7.981     15.138
  -1   -2     18.477     10.571     -4.277
  -1   -2    -21.280      1.850     13.461
  -1   -2    -19.412     10.403      8.003
  -1   -2     10.368      7.630     -2.960
  -1   -2     16.109      6.047      5.207
  -1   -2     20.663     -4.372     13.661
  -1   -2     12.974     11.685     10.225
  -1   -2    -15.146     12.497     10.105
  -1   -2      4.034      0.079      1.977
  -1   -2    -18.822      7.001     12.058
 481  536      5.795     -5.842      9.786
  -1   -2    -16.049      1.626      7.752
  -1   -2     13.363     14.328     -2.857
  -1   -2    -10.891     -0.336      0.609
 308 1340      0.820    -21.219     14.818
  -1   -2     -1.463     -0.197      8.342
  -1   -2    -16.247      4.091     -4.358
  -1   -2    -15.484     15.336      9.668
  -1   -2     15.948      7.681      6.332
  -1   -2     -8.057     -7.231      8.720
  -1   -2    -12.647     -0.573     14.428
  -1   -2      3.124      0.218      0.731
  -1   -2     13.350     10.096      2.157
 825 1356     -2.162     15.560     14.850
  -1   -2     -6.282     -2.166     12.706
  -1   -2      2.454      2.993     12.480
  -1   -2    -16.672     11.888     12.059
  -1   -2    -10.772     10.377     -1.729
  -1   -2     -3.168      3.627     -2.536
  -1   -2     23.560      0.459      7.884
  -1   -2      9.506      2.992     13.954
  -1  134     28.613      0.053     14.638
  -1   -2     15.366      7.989      9.438
  -1   -2    -20.444     -4.498      9.953
  -1   -2     22.974      3.796      4.542
  -1   -2     21.206      6.934      7.141
  -1   -2      8.793      6.611     -1.633
  -1   -2      0.301      7.163     -4.746
  -1   -2     19.683     -2.027     14.926
  -1   -2     -6.289     12.990      6.527
  -1   -2     22.853      9.280     13.489
  -1   -2      6.651      7.308      1.619
  -1   -2      1.264      4.878     -3.628
  -1   -2     -9.962      1.628      9.030
  -1   -2      6.604     -0.577     -7.454
  -1   -2      3.688      8.776     14.458
  -1   -2     19.407     15.546      6.698
 389 1344    -16.312     -2.009     10.928
  -1   -2     10.431      6.076      6.865
  -1   -2     24.150     13.692     11.834
  -1   -2     -4.827    -12.981     -0.166
  -1   -2      4.185      8.723      9.221
 520 1230     26.760      9.076     15.160
  -1   -2      8.683     -2.364     12.499
  -1   -2     13.042     16.304     12.487
  -1   -2     -1.883     -4.606     -2.940
  -1   -2     -2.438      5.935     -0.814
  -1   -2    -17.003      5.533     -4.600
  -1   -2      4.576      6.905     -3.346
  -1   -2     24.093     -2.973     10.434
  -1   -2     18.859     -0.562     -6.896
  -1   -2    -10.880      0.192     10.995
  -1   -2     12.306     -3.567     13.022
  -1   -2     17.025     -7.539      7.203
  -1   -2     13.912     15.376     11.855
  -1   -2     -5.770     -2.072     10.239
  -1   -2     -8.397     10.799     13.495
  -1  189     -3.509      8.740     11.112
  -1   -2      1.216     10.881     -6.644
  -1   -2     -2.154     -6.626     -9.039
  -1   -2     13.921     16.942      7.036
  -1   -2     20.097      4.256     -3.302
  -1   -2     20.873     -3.308      5.937
  -1   -2      8.220     15.595     14.289
  -1   -2      3.185     -0.645     -6.086
 438  246      5.547     -8.110     -3.148
  -1   -2     -5.092    -12.825      5.862
  -1   -2     -0.117     10.309     -0.936
  -1   -2    -17.740     -1.418     11.800
  -1   -2      4.404     14.156      0.835
  -1   -2     24.068      1.835      4.416
  -1   -2    -11.728     10.180      1.248
  -1   -2    -13.298      2.142     12.244
  -1   -2     -9.522     13.953      4.367
  -1   -2      9.475     -5.661      8.527
  -1   -2     15.971     16.188      9.359
  -1   -2      0.591     -8.834     -8.629
  -1   -2     -6.068     15.553      6.507
  -1   -2     19.873     -3.692     13.540
  -1   -2     17.070     14.190     10.776
  -1   -2     -1.548     17.022     12.965
  -1   -2     14.207    -12.581     -6.932
  -1   -2      1.031     -1.990      9.207
  -1   -2     18.287     -9.751      2.446
  -1   -2     20.807      9.639      3.766
  -1   -2     24.337     -3.257     13.558
  -1   -2     27.552      0.130     10.245
  -1   -2      3.385      0.014      6.874
  -1   -2    -20.967     -7.480     12.603
  -1   -2     -9.123     -0.754      3.768
  -1   -2     -0.648     11.396     -4.414
  -1   -2     24.460     -4.269     14.768
  -1   -2     -1.936     14.301     14.957
  -1   -2     17.386     -8.816      3.723
  -1   -2      5.383    -12.875      2.806
  -1   -2    -13.833     -7.293     -0.735
  -1 1049     28.175     11.266     12.896
  -1   -2      1.677      7.253     13.821
  -1   -2     24.165      6.886     12.714
  -1   -2     13.852     13.848      7.707
  -1   -2     17.636     -5.816      0.547
  -1   -2     20.856      5.832     -8.980
  -1   -2    -15.922     -1.273     -5.066
  -1   -2     12.772    -10.714      5.405
  -1   -2     23.935     12.047      7.121
  -1   -2     21.466     -0.805      3.839
  -1   -2     -4.148      8.036     -3.229
  -1   -2    -10.765     -8.450      1.037
  -1   -2      6.403      6.106      9.874
  -1   -2     12.626    -18.005      7.225
  -1   -2     15.981      8.828     -9.506
  -1   -2     -9.261     -6.746      7.663
  -1   -2     -4.371    -12.880      3.307
  -1   -2      3.430     -7.923      2.054
  -1   -2     24.927      0.615     10.025
  -1   -2     21.388      6.918     13.730
  -1   -2    -15.949     14.149      8.360
  -1   -2      5.434      2.723      1.000
 450 1345    -11.523      4.347     12.056
  -1   -2    -11.810      5.160      4.738
  -1   -2     19.408      7.052      0.922
  -1   -2      0.257    -10.298      3.053
  -1   -2     -2.929      4.221      6.249
 555  576     -6.002      5.667      0.398
  -1   -2      8.962     -0.661     -2.243
  -1   -2     -6.740      2.959     13.629
  -1  432    -13.246     17.430      4.851
  -1   -2     11.065     -2.801      5.092
  -1   -2     -9.605     16.271     15.193
  -1  423     -4.780     13.269      2.495
  -1   -2      4.790      6.126      1.255
  -1   -2      5.419      0.509     10.638
  -1   -2    -22.649     -5.889     13.890
  -1   -2     -7.495      1.772      2.139
  -1   -2     -2.755      0.313      4.406
  -1   -2      6.321     10.481      4.515
  -1   -2    -12.240     12.051      9.422
  -1   -2     16.812    -16.728      9.729
  -1   -2     -6.703    -10.717      7.122
 454 1346      8.354     13.796     -5.715
  -1   93     16.133      2.681     13.471
  -1  547     21.653     13.877     10.149
  -1   -2     -0.645     -9.379     14.069
  -1   11      8.982      9.550      0.223
  -1   -2     -9.478      5.981      0.854
  -1   -2     14.003      5.706     13.896
  -1  434     -3.068     12.254      6.443
  -1   -2     19.864      3.739     10.607
  -1   -2    -12.244     12.084      7.689
  -1   -2      0.915     10.148      2.969
  -1   -2     -3.930     13.221     11.244
  -1   -2    -12.595     11.847     11.195
  -1   -2     20.510     11.428      8.284
  -1   -2     -2.306     12.279      7.080
  -1   -2      7.638      7.197     -9.581
  -1   -2     -3.240      6.762     14.462
  -1   -2     -4.919     -2.059     -8.776
  -1   -2     13.365      0.761      0.443
  -1   -2     19.834     -6.355     13.301
  -1   -2     -6.911      1.918     12.874
  -1   -2     -3.044    -14.282     11.987
  -1  453    -13.108     14.024     10.296
  -1   -2    -17.065      3.596     14.678
  -1   -2     -6.679     -2.485      0.687
  -1   -2     15.013     -1.025     -2.318
  -1   -2     -4.431     -3.285      4.876
 114 1325     25.607     -5.143      5.879
  -1   -2     24.930     11.718     13.233
  -1  452    -11.226      8.032      4.514
  -1   -2      2.177     -5.348     -6.723
  -1   75    -11.305     -4.253      8.773
  -1   -2     18.670      4.194     10.446
  -1   -2    -11.051      4.362      7.626
  -1   -2      5.089     13.537      7.622
  -1   -2    -15.998     11.875     11.370
  -1   -2      2.391     -7.746     -2.032
  -1  535      3.482     16.087      2.989
  -1   -2    -19.113      4.884      9.243
  -1   -2    -10.872      8.279     11.188
  -1   -2     22.603      1.244     11.604
  -1   -2     16.301     -3.622      4.202
  -1   -2     14.281     -5.972      6.947
  -1   -2      3.487     -6.101      1.256
  -1   -2     -9.299     -5.391      7.055
  -1   -2     22.439     10.558      3.671
  -1   -2     -3.604      1.866     -1.877
  -1   -2    -21.339     -0.721     10.184
  -1   -2     -3.867     -1.088      5.259
  -1   -2     26.668    -12.607     14.711
  -1   -2      2.582      7.655     12.650
  -1   -2    -10.650     -5.767     13.904
 503 1349     19.614    -15.484     11.360
  -1   -2     16.277      6.800     14.793
  -1   -2      1.296      4.742     10.813
  -1   -2     -4.215     -6.698     14.512
  -1   -2    -15.736      9.504     13.341
  -1   -2     11.691      8.024     10.343
  -1   -2      5.801     -2.090      4.722
  -1  421    -10.301      2.917     -3.776
  -1   -2     12.628     -6.388      7.730
  -1   -2    -14.301      8.173      0.506
  -1   -2    -19.067     -6.329     13.801
  -1   -2     -5.519     -0.185     -3.779
  -1   -2    -14.788     -1.714      6.548
  -1   -2    -10.077      6.373     -7.635
  -1   -2    -16.425    -10.712     11.664
  -1   -2     -3.517     -7.203      5.576
  -1   -2    -12.395      0.213     14.515
  -1   -2     12.913      3.064      7.291
  -1   -2    -13.294     10.603      4.800
  -1   -2     -5.105     14.877      5.125
  -1   -2     -5.266      9.364     -5.427
  -1   -2     -9.822      6.826     -4.736
  -1   -2    -12.038     -6.247     11.574
  -1   -2     -2.557      1.138      1.312
  -1   -2     22.612     10.479     -2.712
  -1   -2    -10.418      7.183      8.590
  -1   -2     21.037     10.816      7.632
  -1   -2      6.790      4.335      9.041
  -1   -2      7.078     10.127     14.161
  -1   -2      3.772      1.416      4.865
  -1   -2     -2.416      5.251      9.028
  -1   -2     12.005      1.641     10.659
  -1   -2      3.126     -3.083      2.452
  -1   -2    -14.858     -0.861      9.771
  -1   -2      1.790     -6.725     -5.383
  -1   -2    -19.748     -3.249     11.450
  -1   -2      9.245      0.777     -1.669
  -1  658      6.560     -8.579      3.339
  -1   -2     -4.350      8.506      4.828
  -1   -2     27.818      4.258     10.260
  -1   -2     25.422      3.160     14.867
  -1   -2     -0.799     14.854      2.206
  -1   -2     -3.993     -2.369     13.304
 500 1348      1.439     11.054     11.354
 884 1357    -18.119     11.676      5.646
  -1   -2    -17.932     12.293     11.596
  -1   -2     -1.970      8.276      5.951
  -1   -2     12.966      4.546      6.676
  -1   -2    -10.579      4.285     -7.670
  -1   -2    -17.281     -0.555     12.464
  -1   -2     19.780    -10.206     -4.663
  -1   -2      7.766     -8.975     11.308
 547 1351    -17.119     11.090     -3.698
  -1   -2    -14.812      7.855     -3.775
  -1  451     22.744     17.477     14.973
  -1  558     -7.749     16.614      8.584
  -1   -2     -4.187      8.453     -5.188
  -1   -2     25.974      9.304     14.377
  -1   -2     22.305      4.989      5.568
  -1   -2    -13.743      0.218      8.211
  -1   -2     21.926      3.500     14.227
  -1   -2      0.806     12.997      7.632
  -1   -2     15.717    -10.816      4.257
  -1   -2     -0.032     15.779     10.130
 652 1354    -13.355     12.211     12.092
  -1   -2      4.651     -1.742     -3.913
  -1   -2     17.096     18.043      8.669
  -1   -2     18.417     13.025     -3.921
  -1   -2     23.688      5.515     13.569
  -1   -2     12.256     -3.231      7.366
  -1   -2     -3.581      3.490     11.188
  -1   -2     12.138     -4.755     13.833
  -1   -2    -12.890     -2.479      3.167
  -1   -2    -10.979     12.931     -4.285
  -1   -2     16.692      3.355     10.044
  -1   -2      4.520      4.186     10.328
  -1   -2     -4.194     -4.300      8.296
  -1   -2     17.838      1.731      2.426
  -1   -2     19.853      0.786      1.193
  -1   -2     10.691     -8.155     11.584
  -1   -2    -20.435     -9.614     13.556
  -1   -2     17.426    -10.213      1.371
  -1   -2    -14.002     12.322      4.879
  -1   -2      4.234     -1.130      8.877
  -1   -2     -2.512     -7.859     -3.961
  -1   -2     13.979     -1.020     -7.898
  -1   -2     11.705     12.523      9.395
  -1   -2     18.209      0.881     -9.488
  -1   -2     -8.457      2.568     14.384
  -1   -2     11.500     -2.232     -5.852
  -1   -2    -21.242      2.092     11.724
  -1   -2     15.569      4.548      3.559
  -1   -2     25.976     -6.165      7.615
  -1   -2     -9.799     16.230     11.843
  -1   -2      6.035     -1.746     -8.610
  -1   -2      6.200      9.875     -3.040
  -1   -2     12.697      1.810      6.981
  -1   -2      7.489     -4.757     -2.633
  -1   -2      5.366      0.070     -3.322
  -1   -2     19.106      6.861     13.672
  -1   -2     23.193     -7.622      7.209
  -1   -2     -5.730      8.420     12.118
  -1   -2      6.974     -2.592     -0.363
  -1   -2     -1.490      3.435     10.066
  -1   -2     15.857      5.124      3.698
  -1   -2     -7.922     11.400     -8.650
  -1   -2    -18.966     -1.500      9.165
  -1   -2     -2.310     -4.372      2.572
  -1   -2    -20.608     -0.415      6.171
  -1   -2     11.625     -0.714      6.845
  -1   -2    -15.235      2.020     11.452
  -1   -2      6.337     13.943     -3.200
  -1   -2      3.107     -7.549     14.736
  -1   -2     18.485     -0.985      3.709
  -1   -2    -11.287      3.388     11.334
  -1   -2    -17.891     10.503     10.421
  -1   -2    -12.912     -9.119     12.227
 661 1355     17.283     12.727     11.303
  -1   -2      2.161     -9.651      2.073
  -1   -2      2.543      9.330      3.169
  -1   -2     23.515     13.281      5.527
  -1   -2    -12.246      2.874     -7.008
  -1   -2    -10.194     -0.975     -7.895
  -1   -2     11.094     13.447     -4.505
  -1   -2     25.993     -5.878      9.319
  -1   -2      8.101     -8.593     13.815
  -1   -2    -17.597      7.748     11.871
  -1   -2     14.981     -5.031     -2.646
  -1   -2     -2.465     -1.821      6.470
  -1   -2     21.173      7.735     14.554
  -1   -2     20.019      5.007     -9.416
  -1   -2     10.101      6.867     14.991
  -1   -2     18.409      6.323     10.090
  -1   -2    -12.989      0.477      7.463
 604 1352     -7.602     -8.385      8.328
  -1   -2     -8.620     -5.463     12.533
  -1   -2     17.360    -13.332     -1.679
  -1   -2    -17.188      6.444      7.901
  -1   -2     -2.626     15.110      8.580
  -1   -2     -7.693    -10.520     -8.006
  -1   -2    -16.840     -9.845      4.253
  -1   -2     11.438     -0.225     -7.318
  -1   -2      4.983     -7.933     12.693
  -1   -2     -4.703     -3.058      3.710
  -1   -2    -13.861     -9.597      8.951
  -1   -2    -11.864     15.214      9.862
  -1   -2     22.843     13.338     -6.664
  -1   -2     26.080     -2.017      3.482
  -1   -2     13.321    -10.242     -2.206
  -1   -2    -11.172     -4.086     10.594
 611 1353     17.160     -5.811      2.272
  -1   -2     21.426      6.518     -2.709
  -1   -2    -16.950      1.489     11.877
  -1   -2     26.232     -0.168      8.748
  -1   -2     -3.516      9.787      8.238
  -1   -2     -8.724     -1.880     13.951
  -1   -2     19.386      8.002      7.432
  -1   -2     16.060     -3.819      9.643
  -1   -2    -14.399     -1.661     12.099
  -1   -2     14.414     -4.051     12.661
  -1   -2     -0.894      1.617      6.305
  -1   -2     21.752     17.084      2.388
  -1   -2      7.966     12.394      6.684
  -1   -2     15.294     -5.131     -0.721
  -1   -2     -6.161     12.308     -1.127
  -1   -2     -3.599     -4.460     14.254
  -1   -2      9.295     17.186     13.967
  -1   -2     -3.262      0.651      8.789
  -1   -2     -7.142      2.910     -6.260
  -1   -2      2.259      2.772     -8.592
  -1   -2     24.345     17.287      6.725
  -1   -2    -19.717      5.112      7.063
  -1   -2     -5.363     -7.730     -2.025
  -1   -2      4.527     11.567     -9.344
  -1   -2      1.309     -0.233     14.392
  -1   -2     -5.659      3.786     14.214
  -1  518    -14.402      9.660      9.013
  -1   -2      1.782     -2.548     -7.392
  -1   -2      6.672     13.384     -0.793
  -1   -2    -15.126      7.512     -9.076
  -1   -2     -9.509      7.097      1.229
  -1   -2     11.230     -6.285      5.757
  -1   -2      1.922      8.079      9.825
  -1   -2     25.614      7.810      2.150
  -1   -2    -20.502     -7.082      7.913
  -1   -2     -1.278      5.532     -1.102
  -1   -2     -2.206      7.999      9.540
  -1   -2     21.922    -11.525      6.167
  -1   -2    -20.781     -5.610     15.109
  -1   -2     10.564     10.477     12.603
  -1   -2     14.743     -4.255      5.375
  -1   -2     -4.481      7.193     -6.665
  -1   -2     23.959    -11.551     14.075
  -1   -2     20.270      6.978     13.300
  -1   -2     -0.624      3.790     -5.596
  -1   -2     16.849     11.321    -10.080
  -1   -2    -17.778     11.194     10.799
  -1   -2    -18.153     11.955     -4.010
  -1   -2     10.741      9.336      5.277
  -1   -2    -18.010      4.829     -1.463
  -1   -2     -9.539     17.895      6.542
  -1   -2      9.377     13.612      5.221
  -1   -2    -11.073     -1.027     -3.470
  -1   -2    -18.043      4.979      9.307
  -1   -2     21.932      8.049      6.161
  -1   -2    -14.559     -7.472     12.140
  -1   -2     12.215     16.259      9.471
  -1   -2     -1.608     -8.331     12.447
  -1   -2     11.969      7.048     13.525
  -1   -2      7.496      2.522     13.189
  -1   -2     23.003     -8.349      1.464
  -1   -2     20.129     -8.205      2.228
  -1   -2     25.191      3.853      5.211
  -1   -2     26.362     -8.079     15.203
  -1   -2     24.405     -4.597      8.438
  -1   -2     -3.317      6.516     -5.914
  -1   -2    -14.242     -2.579     -7.484
  -1   -2      2.150      4.930     14.250
  -1   -2    -16.160     -2.812      2.924
  -1   -2     -4.209    -10.070     12.858
  -1   -2     -3.287      1.294     10.416
  -1   -2     -1.951     15.092     10.367
  -1   -2      1.415     -9.801      3.805
  -1   -2    -15.017      3.885      1.050
  -1   -2      9.232     -8.919      9.529
  -1   -2      5.643     16.227      6.505
  -1   -2     12.250     -3.540      4.424
  -1   -2     26.122     -1.224      9.313
  -1   -2     -5.619     13.089      4.532
  -1   -2     17.644     -4.226      2.562
  -1   -2      6.375    -10.172     13.092
  -1   -2    -15.472     11.043     -0.111
1002 1360     19.311     -3.190      4.147
  -1   -2     -2.569     -8.298     15.111
  -1   -2    -17.073      4.457     -5.404
  -1   -2    -19.780    -13.277     10.981
  -1   -2     -6.163      2.465     -6.818
  -1   -2     23.351     -0.136     14.241
  -1   -2     -3.946     -5.074      8.809
  -1   -2     19.775      4.644      8.179
  -1   -2     13.731      8.303      2.490
  -1   -2    -18.168     14.100      4.487
  -1   -2     23.089     -3.135     14.413
  -1   -2     12.010     -2.732     11.425
  -1   -2    -11.873     -7.639     -3.218
  -1   -2    -19.552      9.227      7.566
  -1   -2     20.839      6.298     -6.292
  -1   -2      9.314     -1.700     -1.272
  -1   -2      8.737      4.895     10.561
  -1   -2     13.010     -9.880      6.088
  -1   -2    -10.879    -10.354      8.191
  -1   -2    -14.546    -12.796     12.580
  -1   -2     -7.065     14.584     11.472
 741  747     -2.615    -11.346      1.940
  -1   -2     -6.279     -3.916     -0.525
  -1   -2     24.370      6.228      2.414
  -1   -2      3.689    -10.399      0.525
  -1   -2    -10.247     -2.853     -1.315
  -1   -2     23.882      7.833      9.868
  -1   -2     24.369     13.560     13.418
  -1   -2      9.411     -0.142      3.974
  -1  617     -5.752     -9.082      4.468
  -1   -2     21.122     -5.946     -0.058
  -1   -2     25.510    -12.780      7.686
  -1   -2      8.933      6.629     13.747
  -1   -2     20.725      5.783     13.133
  -1   -2      1.416      3.441     13.024
  -1   -2      9.737     -2.528     14.684
  -1   -2    -17.192      4.217     12.293
  -1   -2      1.362     17.775      6.252
  -1   -2     25.707      4.090      4.218
  -1   -2    -20.155      3.291     14.543
  -1   -2     25.508      3.333      8.277
  -1   -2     -9.848     -8.831      1.224
  -1   -2      1.913     12.485      3.086
  -1   -2     -6.463     -1.111      3.424
  -1   -2      7.419     14.358      4.681
  -1   -2      0.573      6.333      1.604
  -1   -2    -10.194      2.299      1.346
  -1   -2      9.450     15.471      0.695
  -1   -2      3.296     -2.312      9.143
  -1   -2      8.980    -16.422      6.742
  -1   -2      8.138      8.527      6.284
  -1   -2    -18.456     12.356      7.509
  -1   -2     14.694    -17.753     11.398
  -1   -2    -19.930      9.628      9.884
  -1   -2     19.649      1.588     10.991
  -1   -2     15.134     16.838      4.629
  -1   -2     -8.718    -14.921      1.310
  -1   -2     21.833      0.780      0.930
  -1   -2      6.888    -12.116      9.507
  -1   -2     -1.158     14.308     15.032
  -1   -2    -12.157     12.532     -4.928
  -1   -2     -2.773     -0.874     13.342
  -1   -2     22.660     -2.677     10.706
  -1   -2    -19.327      7.714      7.278
  -1   -2     -2.166      4.373     -1.988
  -1   -2     19.178     -0.914     10.039
  -1   -2    -19.251      2.104     12.372
  -1   -2     23.252      9.103     -3.522
  -1   -2     11.888     -5.346      8.169
  -1   -2      0.559      0.495      4.655
  -1   -2     25.387     -7.074      7.478
  -1   -2     -0.833      4.376      1.360
  -1   -2    -18.806     -4.411     15.262
  -1   -2     -2.748      5.306     -7.470
  -1   -2    -19.381      7.610     11.729
  -1   -2     15.714     -7.774      8.854
  -1   -2     10.005      7.251     12.320
  -1   -2     18.844     17.192      6.134
  -1   -2    -11.326     -1.503      8.586
  -1   -2     21.792     15.983      1.191
  -1   -2    -19.228     -0.642     10.772
  -1   -2     20.683     10.204     -0.437
  -1   -2    -15.799      7.424     -5.655
  -1   -2      8.724      9.040     14.895
  -1   -2     -9.250     -9.711      5.705
  -1   -2     17.434      7.720      2.484
  -1   -2     17.676     -7.408      5.106
  -1   -2    -11.404    -12.541      4.068
  -1   -2    -11.036     11.759      8.671
  -1   -2      9.296     16.402     13.688
  -1   -2     27.951      3.465     11.065
  -1   -2      4.189      7.320      1.658
  -1   -2     11.952    -10.471     -9.390
  -1   -2      1.644     -1.014     14.804
  -1   -2     -2.272     14.358     10.537
  -1   -2     -2.584     14.628      6.607
  -1   -2      9.432     -5.617     10.823
  -1   -2      2.483      6.916      2.750
  -1   -2     -0.997      0.900      9.875
  -1   -2      3.735     -6.975     -1.162
  -1   -2    -16.014     -3.948      8.729
  -1   -2      4.729      8.292     11.239
  -1   -2     12.727     15.766      6.097
  -1   -2     19.264     -4.701      9.055
  -1   -2     13.814     16.314     13.894
  -1   -2     17.968      0.431      4.188
  -1   -2     24.144      4.953     -2.034
  -1   -2     -4.579     13.060      6.410
  -1   -2     -7.460      0.686      9.576
  -1   -2     15.743      1.860     14.676
  -1   -2    -20.430      2.511     14.172
  -1   -2      2.506      9.010      2.030
  -1   -2     28.258      5.734     10.712
  -1   -2      3.106      3.414      7.185
  -1   -2    -11.964      9.416     -7.344
  -1   -2    -14.411     -6.618     14.222
  -1   -2     20.668     13.252      6.397
  -1   -2     18.242     13.722     -4.632
  -1   -2     -8.828     -6.093     14.654
  -1   -2    -20.661      2.845     14.986
  -1   -2    -20.839      0.843     13.422
  -1   -2     19.460      0.453     14.262
  -1   -2     13.820      4.952      4.947
  -1   -2     21.724    -16.824      4.069
  -1   -2     21.235      7.146     14.883
  -1   -2     28.389      2.579     12.080
  -1   -2    -13.058     12.593      1.086
  -1   -2    -17.734      9.874     12.474
  -1   -2      4.331    -18.411     10.736
  -1   -2     -3.037      1.288      8.374
  -1   -2      7.245      7.847     -2.447
  -1   -2    -18.352      8.938     13.085
  -1   -2     14.057      1.922     14.737
  -1   -2     19.747      9.770     14.349
  -1   -2      4.315     -8.096     15.282
  -1   -2     -8.934     -5.035     14.780
  -1   -2    -13.474    -17.360      4.796
  -1   -2    -10.417     -6.784      5.775
  -1   -2    -16.259      1.458      2.596
  -1   -2    -11.798      0.759      4.513
  -1   -2     21.369     14.664      6.591
  -1   -2    -15.493     -1.644      5.292
  -1   -2      8.490     15.915      7.756
  -1   -2     28.069      3.839      8.349
  -1   -2      9.417     17.530     10.585
  -1   -2     19.430      3.455     13.534
  -1   -2    -13.395      8.032     -3.866
  -1   -2     -7.478     16.776      4.653
  -1   -2     -9.278     17.263     11.815
  -1   -2      6.287     -3.684      2.584
  -1   -2     -6.617     -1.296     13.881
  -1   -2      9.987    -16.966     -1.801
  -1   -2     -3.174     -2.802     13.261
  -1   -2      5.639     -9.546      5.825
  -1   -2     26.469     10.084      1.619
  -1   -2     27.881     -5.577     12.188
  -1   -2     16.540     12.541      5.511
  -1   -2      0.330     11.768      9.893
 982 1359    -14.614     16.640      9.463
  -1   -2    -19.909     -7.146     12.921
  -1   -2     -7.002     11.961     13.479
  -1   -2     -7.506     -9.078     10.577
  -1   -2     23.066     -0.758     10.943
  -1   -2     10.528     10.014      9.553
  -1   -2     -1.258     -7.514      3.096
  -1   -2    -14.630      4.465      1.335
  -1   -2     23.154     -4.096     14.456
  -1   -2      7.439      1.982     13.233
  -1   -2      7.807      5.275     -2.698
  -1   -2      4.685     -2.087     14.145
  -1   -2      6.163     12.094     12.661
  -1   -2     20.204     -4.995      0.508
  -1   -2     -0.217     16.363     11.729
  -1   -2     -5.240    -11.190      7.599
  -1   -2     -9.139     -0.956     -1.823
  -1   -2     -6.160    -16.173     14.105
  -1  926     17.482    -16.946     13.957
  -1   -2    -12.976     12.212      6.754
  -1   -2    -10.268     11.409     14.266
  -1   -2     14.764     15.226      5.225
  -1   -2     19.907     -7.302     14.321
  -1   -2     21.422     -8.539      2.750
  -1   -2     14.493     17.531      9.860
  -1   -2    -16.161      9.101     13.645
  -1   -2     19.881      6.179     -1.346
  -1   -2     16.459     14.187     10.169
  -1   -2     12.586     -0.777     11.756
  -1   -2     10.499     12.446     14.832
  -1   -2     -1.995    -10.883     13.216
  -1   -2     20.292     11.238     13.318
  -1   -2    -11.608     15.997      9.205
  -1   -2    -18.822    -10.091     11.647
  -1   -2      7.243    -11.853     -6.839
  -1   -2     -6.407      5.582     -1.742
  -1   -2      6.735     -0.308      0.075
 943 1358     -8.744    -10.063      9.888
  -1   -2      0.869      8.762      7.311
  -1   -2     -4.573      1.335     12.826
  -1   -2     -6.626     16.343     13.625
  -1   -2      8.226     -3.932     12.983
  -1   -2    -15.384     14.013     11.169
  -1   -2    -18.178     -8.294     14.176
  -1   -2    -11.570     -9.698      3.530
  -1   -2      9.912     -5.319      0.512
  -1   -2    -11.494     17.229     13.021
  -1   -2    -21.064      4.653     15.138
  -1   -2      7.550    -12.945    -10.048
  -1   -2    -14.709      0.770     14.121
  -1   -2    -11.556     13.270      4.677
  -1   -2     12.930     -6.869     -3.910
  -1   -2      5.582     -6.871     -2.397
  -1   -2      2.897     -6.177     12.236
  -1   -2     26.047      8.921     14.157
  -1   -2    -14.663    -13.443     11.355
  -1   -2     -0.083    -12.598      6.544
  -1   -2    -17.429    -11.869      2.017
  -1   -2     13.221    -12.777     11.846
  -1  933     -1.589    -17.841      6.075
  -1   -2     -5.465    -13.568      6.580
  -1   -2     16.274      8.362     12.107
  -1   -2     -5.835    -15.675      5.326
  -1   -2     -1.253     -3.290     -2.891
  -1   -2     -8.266     -9.587     -9.867
  -1   -2      6.305     12.194     -0.186
  -1   -2    -10.366     12.672      0.306
  -1   -2     23.654     -1.468      9.788
  -1   -2     -0.064      5.036     12.735
  -1   -2     23.941     11.056     11.962
  -1   -2      5.137     12.624     10.145
  -1   -2     11.406      7.458     -9.320
  -1   -2      2.276      7.220      6.139
  -1   -2      5.361    -11.245      8.204
  -1   -2     10.993      8.591     -6.860
  -1   -2     27.019     -6.156     15.089
  -1   -2      6.043    -15.066     12.031
  -1   -2     -3.713     16.869      5.481
  -1   -2      8.034      0.446     14.122
  -1   -2     10.913     11.031      4.370
  -1   -2     18.229      0.937     12.933
  -1   -2     -6.904     -8.307      1.761
  -1   -2     18.222     12.029     -7.122
  -1   -2      6.088      2.897      2.500
  -1   -2     20.575     16.940      7.217
  -1   -2     10.307     11.762     14.095
  -1   -2     21.414      0.808      3.623
  -1   -2     18.706      1.513      9.496
  -1   -2      0.319     12.554     10.015
  -1   -2     22.643      7.180      2.819
  -1   -2    -15.390     -4.869     12.571
  -1   -2     17.573     15.953      1.539
  -1   -2     -3.264      3.769      6.391
  -1   -2    -15.779    -10.005     15.025
  -1   -2     18.912     -9.376     -6.483
  -1   -2     16.707    -11.588     -8.924
  -1   -2     -3.825      2.708     11.570
  -1   -2     -0.278     -7.184      1.798
  -1   -2    -18.375     -6.928     13.771
  -1   -2      6.514     -9.989     -2.971
  -1   -2    -21.866      4.604     12.646
  -1   -2     -4.743     14.594     13.383
  -1   -2     -5.597     11.733     11.399
  -1   -2      9.216      3.620     -5.493
  -1   -2      2.782    -13.554     11.184
  -1   -2     -1.391      8.228      6.583
  -1   -2     11.427     15.654      9.899
  -1   -2      3.791     -1.528     14.185
  -1  228      0.650      5.793     12.957
  -1   -2      7.457      7.979      6.192
  -1   -2     13.218     10.836     -8.002
  -1   -2     15.665      6.697     -3.310
  -1   -2     23.587      2.543      7.689
  -1   -2    -20.659     -1.813     15.140
  -1   -2     23.803     14.941     14.740
1067 1361     27.753    -14.133     14.765
  -1   -2     -1.275     -9.048      2.931
  -1   -2     13.131     11.533     -3.285
  -1   -2     -6.179     -7.645     -1.052
  -1   -2     19.057    -11.713      7.104
  -1   -2     -1.312      7.330      0.353
  -1   -2      8.183     -0.411     11.798
  -1   -2      6.607     14.978     10.309
  -1   -2     15.307     -9.300      9.103
  -1   -2      3.286     -9.112      5.561
  -1   -2    -13.942      1.051      8.708
  -1   -2     -8.196     -3.201     -6.204
  -1   -2     -6.156    -13.059      6.541
  -1   -2     28.155      7.276     15.055
  -1   -2    -19.742     -8.943      7.698
  -1   -2      3.131      5.190      2.143
  -1   -2     -1.721    -12.775      6.460
  -1   -2    -14.719     -9.808     11.198
  -1   -2     -3.069     -2.503     -0.266
  -1   -2      0.358     11.155      5.338
  -1   -2     19.983    -17.164     11.612
  -1   -2      7.605    -10.094     -8.319
  -1   -2     -4.995     14.098      2.892
  -1   -2    -11.895     13.844      4.765
  -1   -2     -1.635      8.080      2.586
  -1   -2      6.448      2.022     14.545
  -1   -2     -7.678     -3.890      7.182
  -1   -2     23.362    -14.087     15.037
  -1   -2     13.329     12.217      1.085
  -1   -2    -11.886      7.196     -1.792
  -1   -2     15.113    -17.288      7.080
  -1   -2     -2.266     -2.604      9.908
  -1   -2     -3.684     -7.844     14.336
  -1   -2     -4.049     -7.438     10.010
  -1   -2    -16.927     -6.080     12.347
  -1   -2     -4.741      7.839     10.724
  -1   -2     19.356     11.641      9.376
  -1   -2     13.659      2.014     11.079
  -1   -2    -19.894    -10.716      6.052
  -1   -2     27.193      2.741     14.697
  -1   -2     15.045      2.852      6.133
  -1   -2     23.907     10.792      9.188
  -1   -2     14.027     16.528     10.528
  -1   -2     25.185     -2.414      1.872
  -1   -2     -6.229     14.770      2.620
  -1   -2     25.360     13.329     -0.314
  -1   -2     -5.688    -11.358     -6.780
  -1   -2     -3.503    -17.436      9.646
  -1   -2    -12.158    -20.384     12.299
  -1   -2    -11.438      5.081      4.263
  -1   -2      5.550     15.059      9.692
  -1   -2     23.512     11.910     13.950
  -1   -2    -10.528      1.532     -3.019
  -1   -2     20.353    -12.544      7.378
  -1   -2     27.654      1.377      7.116
  -1   -2     21.922     -1.626     10.064
  -1   -2      3.108    -12.055      2.378
1003 1063     -5.701     15.984     14.307
  -1   -2      4.632     12.396     12.598
  -1   -2     24.707     -8.350     13.161
  -1   -2     -9.471    -11.582      4.305
  -1   -2     20.225     -3.296      4.680
  -1   -2     -2.972      1.596      3.804
  -1   -2    -14.601     -1.521     -9.998
  -1   -2    -13.627      3.082     -4.985
  -1   -2     -9.821    -17.979     13.495
  -1   -2     23.107     13.019      0.200
  -1   -2     26.225     -9.863     11.412
  -1   -2     -1.378      1.994      2.872
  -1   -2    -13.428     -5.589      1.906
  -1   -2     11.679     -7.725     10.555
  -1   -2    -19.155      2.341     13.880
  -1   -2      5.832    -18.243      5.278
  -1   -2    -18.098     -5.096      2.744
  -1   -2      1.803     17.241     13.043
  -1   -2     -2.862      9.895     13.054
  -1   -2    -11.306      9.168      2.025
  -1   -2     -2.175      9.732     -7.741
  -1   -2     19.222     13.245     14.162
  -1   -2     19.472     -5.500     -6.662
  -1   -2     15.272     14.032     -2.436
  -1   -2     18.819    -14.591     10.045
  -1   -2      3.532     15.717     13.222
  -1   -2     -5.323     17.477      8.116
  -1   -2     21.101      0.608      0.319
  -1   -2     -3.271     13.973     14.660
  -1   -2     11.734     -7.643      6.221
  -1   -2      8.931     -3.966     -5.670
  -1   -2     14.216    -15.776      3.390
  -1   -2     24.030    -10.176     12.720
  -1   -2      7.278     -1.738      3.111
  -1   -2     20.794     -1.954     -5.272
  -1   -2     16.228     -5.253     11.076
  -1   -2    -12.341     17.415     11.941
  -1   -2    -12.843     -9.833     -9.001
  -1   -2    -14.019     13.416     14.572
  -1   -2    -18.498    -11.994     13.202
  -1   -2      9.509      1.141      3.910
  -1   -2     27.743      5.139     14.578
  -1   -2     17.208    -10.443      3.942
  -1   -2      7.139      2.837      1.941
  -1   -2    -22.514     -5.056     12.063
  -1   -2     10.094     17.846      9.810
  -1   -2     18.691    -17.232      7.350
  -1   -2     11.822    -10.995      5.872
  -1   -2    -15.225     16.391     13.879
  -1   -2      9.873     -8.349     12.981
  -1   -2     25.301      1.464     14.801
  -1   -2     -9.326     18.983     13.634
  -1   -2     20.884    -14.375      9.496
  -1   -2     15.376    -11.412      7.800
  -1   -2     21.979     12.778      6.260
  -1   -2     -7.858    -12.963     -4.034
  -1   -2     13.203     11.310      8.382
  -1   -2     19.760    -10.090     12.572
  -1   -2     10.861      5.313     11.291
  -1   -2     16.603     16.438      1.817
  -1   -2    -17.424     19.370      6.520
  -1   -2      0.829      6.038     -1.003
  -1   -2     21.730    -11.154     -1.119
  -1   -2    -17.934     13.655     11.405
  -1   -2     12.783     10.840     15.228
  -1   -2     19.189     -9.753      1.902
  -1   -2      9.757     16.157     13.646
  -1   -2      8.815    -18.544      8.315
  -1   -2    -14.181     -7.579      8.086
  -1   -2     16.426     -0.665     -1.209
  -1   -2     19.402    -11.185     12.407
  -1   -2     12.636     -4.423     13.654
  -1   -2      8.123      3.034     13.747
  -1   -2     -8.065     18.710     14.953
  -1   -2      9.168     -3.517      2.317
  -1   -2     10.747     17.318     10.040
  -1   -2    -11.160     12.631     -1.368
  -1   -2     -6.734     12.209     14.589
  -1   -2      7.255     -6.155     13.813
  -1   -2     22.768      2.891     10.308
  -1   -2     -4.326      2.746      6.490
  -1   -2     -2.050      9.768      8.910
  -1   -2     26.840     10.327     14.492
  -1   -2     13.240    -12.113      7.563
  -1   -2    -11.263     16.778     11.127
  -1   -2      3.315      7.636     10.676
  -1   -2    -11.899     15.682     14.949
  -1   -2      8.482    -13.198     -5.795
  -1   -2    -10.393     10.625     11.956
  -1   -2     22.737      9.193      9.712
  -1   -2     10.288     14.543      8.597
  -1   -2     19.198      8.288      6.039
  -1   -2     -8.204    -16.435      4.280
  -1   -2     -2.995     15.944     14.105
  -1   -2    -13.527    -10.916     11.825
  -1   -2     25.104     -1.525      3.788
  -1   -2     18.737     -0.508     13.323
  -1   -2     18.495     15.698      4.290
  -1   -2     25.101    -18.977     15.036
  -1   -2     23.994     -0.361     14.157
  -1   -2    -20.032    -14.966     13.129
  -1   -2     -7.450    -12.292      1.623
  -1   -2     25.393      5.153      4.986
  -1   -2      5.474    -13.353     14.961
  -1   -2     11.779     11.293     -4.449
  -1   -2     23.729     -1.056     12.309
  -1   -2    -11.905    -10.896     14.763
  -1   -2      6.935    -12.392      1.361
  -1   -2     -6.772      1.231     -7.598
  -1   -2      5.827     -8.121      0.800
  -1   -2    -14.168      3.811     14.616
  -1   -2    -18.096    -11.736     10.485
  -1   -2      5.018    -11.947      9.202
  -1   -2     25.703     11.012     -1.305
  -1   -2     28.775     -5.700     13.379
  -1   -2     -6.588    -10.832      3.063
  -1   -2     -2.768    -12.819      3.397
  -1   -2     -0.264     14.419      1.579
  -1   -2     11.623     -4.209     -0.713
  -1   -2      1.513     13.436     14.107
  -1   -2     11.564     -0.963     14.364
  -1   -2     -4.860     15.522      7.691
  -1   -2     -6.435     -9.000      7.010
  -1   -2     -8.521     17.064     12.185
  -1   -2     24.688      1.549      0.840
  -1   -2     23.043      7.349      0.557
  -1   -2      2.592     -1.268     -5.744
  -1  760     -2.245     17.438      9.578
  -1   -2    -18.878    -10.680     -3.455
  -1   -2      5.644     -9.511     13.274
  -1   -2     -4.938    -18.227     13.998
  -1   -2      7.906    -12.412     -2.403
  -1   -2    -18.083     12.392     14.873
  -1   -2    -10.685     -6.338      8.502
  -1   -2     24.585      7.551     12.969
  -1   -2     12.252    -10.109      6.517
  -1   -2     -1.841     -1.381     10.772
  -1   -2     26.281     11.958      7.277
  -1   -2     10.604    -15.993      1.341
  -1   -2     24.793      3.279     13.337
  -1   -2     -7.178     11.500     10.890
  -1   -2      1.999    -15.278     -4.045
  -1   -2     -9.145    -11.301      6.580
  -1   -2     26.735      3.327     14.453
  -1   -2    -14.761    -11.401      2.088
  -1   -2     11.618     14.964     12.082
  -1 1190     25.058     23.687      9.713
  -1   -2     -1.588     24.720     12.065
  -1   -2     27.187     14.575     14.195
  -1   -2     28.812    -13.832     10.903
  -1   -2     27.166     -7.010     14.952
  -1 1192     23.324    -19.219     12.730
  -1   -2    -26.043    -14.155     10.874
  -1   -2     23.156     20.377      9.546
  -1   -2    -14.606    -18.732     12.529
  -1   -2     30.296    -14.655     15.228
  -1   -2    -11.612    -20.978     -7.799
  -1   -2     29.282    -11.515     13.359
  -1 1205     -2.570    -25.410      4.769
  -1   -2    -19.413    -21.558     13.546
  -1   -2      3.281    -16.988     13.035
  -1   -2     14.943    -15.832     13.349
  -1   -2     13.499    -20.464     15.299
  -1   -2     23.700    -12.156     13.152
  -1   -2     28.005      1.453     14.846
1230 1363     27.400     12.655     14.375
  -1   -2      6.901     28.957     -9.001
  -1   -2     22.325    -18.568     10.908
  -1   -2     12.724    -18.428      9.097
1196 1362     -5.673    -24.268     -6.041
  -1   -2     -0.367    -20.365     -9.276
  -1   -2     18.886    -18.882     14.501
  -1   -2     20.903     20.955     15.269
  -1   -2      1.512    -13.471     15.436
  -1   -2    -20.968    -10.707      6.559
  -1   -2      2.406    -19.143     14.794
  -1   -2     11.184    -28.324     -7.035
  -1   -2      4.756    -16.341     14.669
  -1 1224      4.068    -29.085     -2.587
  -1   -2     21.817     16.086     15.112
  -1   -2    -17.748    -10.890      8.591
  -1   -2     21.435    -19.775     15.409
  -1   -2    -17.264    -15.435     13.558
  -1   -2     12.416    -16.685     13.835
  -1 1191    -25.937    -10.884     15.116
  -1   -2     14.488    -20.947      6.827
  -1   -2     -6.341    -21.329     12.081
  -1   -2    -25.552    -11.386     13.514
  -1   -2     12.177    -12.926     12.966
  -1   -2     -0.398    -17.408      9.355
  -1   -2     26.014    -16.687     15.265
  -1   -2    -13.216    -22.068     13.037
  -1   -2     10.433    -15.143     -2.729
  -1   -2     15.108    -14.958     14.861
  -1   -2     28.177    -25.035     10.361
  -1   -2    -11.949    -10.416     11.323
  -1   -2     18.750     20.481     13.318
  -1   -2     -6.756    -22.980      4.264
  -1   -2     20.692    -16.418     14.341
  -1   -2      2.278     25.440      3.791
  -1   -2     20.480    -18.907     14.197
  -1   -2    -20.899      6.709     14.843
  -1   -2    -10.747    -18.500     13.175
  -1   -2     -9.915    -22.169      4.032
  -1   -2      7.284     34.125     -8.756
  -1   -2    -23.536    -11.961     12.793
  -1   -2      0.278    -22.716     13.576
1253 1364     30.800     -2.490     13.390
  -1   -2      4.180    -23.770     -0.994
  -1   -2     24.708    -18.305     14.683
  -1   -2     16.862    -15.644     11.264
  -1   -2      9.574    -17.883     10.290
  -1 1255     24.888    -17.792     12.431
  -1   -2     23.327    -16.473     13.227
  -1   -2     19.632    -12.071     15.312
  -1   -2      9.351    -20.959     14.297
  -1   -2     -1.316    -20.329     13.069
  -1   -2    -10.008     30.548     -2.647
  -1   -2      6.312     26.195     13.204
  -1   -2    -20.178     -8.464     13.436
  -1   -2     14.475    -20.811     15.089
  -1   -2     -6.959    -21.381     15.438
  -1   -2     25.255     20.750     14.137
  -1   -2    -19.552    -16.573     11.587
  -1   -2     13.275    -18.460     10.573
  -1   -2    -18.745    -13.915     11.441
  -1   -2     -3.694    -15.028      7.040
  -1   -2    -15.060    -20.520      7.404
  -1   -2     19.738     16.649     14.665
  -1   -2     -6.379    -16.357      8.011
  -1   -2    -13.480    -16.050     12.836
  -1   -2    -17.702    -16.176     10.781
  -1   -2     17.914    -19.266      9.777
  -1   -2    -18.374     13.759     13.338
  -1   -2     19.824    -24.702     14.799
