1348
1209    0    -11.143      4.496     12.151
1207 1277     15.921      1.852     10.359
 282   -2     -3.740     11.019      8.971
  -1   -2    -11.246     13.898     11.030
   3   29    -10.722      7.539      9.675
   4    5     12.931     -8.893     11.805
   5    6     -3.410      3.548     11.078
   8   -2    -10.395     -2.255     11.726
  -1   -2      3.897      3.164     -4.504
 139   79    -12.310      7.382      3.086
  -1  806     -8.799      7.841     -0.067
 581  576     -5.016     -1.674      6.615
 778 1075    -17.454      5.171      7.975
  11   -2      4.031      7.406      0.545
   2   -2    -13.712      1.580     11.417
  -1   -2     18.892      2.727      7.132
 126   -2    -15.319      0.877      9.863
 854    7    -11.268      4.498      1.787
  -1  472    -14.908      0.563     -4.160
  -1   22     23.173     -3.435     11.242
 659   -2     11.418      6.386      6.760
  -1   20      9.709      3.207      5.308
 221   -2     24.841     -4.379      7.645
  -1   25     -3.429      1.051      7.018
  69   -2      1.052     -0.887      8.188
1033  515     -9.596     -3.337      1.610
  -1   -2     17.256     -0.971      8.722
  -1   -2    -15.816      1.726     -5.068
  -1 1223     16.352      3.793     -8.028
 244  140     17.769      4.428      4.156
  -1   13     19.433      2.948      3.095
  -1   -2      6.324     -5.095     -1.378
 794   93    -11.590      9.051     12.114
 302   -2      7.458     11.361      2.022
  -1   -2     -6.634      4.925     -7.546
 250   87    -20.024     -4.689     11.765
  -1   82    -17.507     -1.339      7.108
  -1  188     -5.339      8.546      1.859
 817  110    -13.110      2.191     -4.033
  -1   -2     15.985     -3.207      4.336
 196  359     -0.539     -3.635      1.949
  -1   -2     -6.558      9.018     -8.486
  -1   -2      1.939     11.091     10.790
  -1  282     -1.941      4.977      4.214
  43 1222    -14.201     10.534      6.402
  -1  775    -17.014      2.746     10.914
1066  196      6.068     12.020      7.765
1113   -2     12.977      6.356     -1.314
  -1   77     14.666     11.549     -7.570
  61   -2      4.719     -6.074     12.717
 698   78     10.101     13.271      6.455
  -1   -2     -8.341     -6.885    -11.492
 355  350     13.382      0.839     -4.177
 452   -2     -2.369     14.744      7.216
  -1   -2      8.627      4.468      5.362
  -1  399    -15.027      0.299      4.414
 188  221     18.476     -0.062      7.592
  -1   -2      2.837     10.096     -1.842
 536   -2      5.646      0.563     10.708
 412   -2      1.813     11.597      9.185
 186   -2      0.693     -0.954     10.189
  -1   -2     21.931      2.076      9.025
 650  413      3.386      2.114      8.193
  -1   -2     11.178     -4.541      3.350
  -1   -2     -9.816      8.183     -7.616
 490  150      6.782      4.181     11.224
 311  789     -3.718      3.879      7.072
  -1   -2    -17.235     -1.649      8.905
1054 1145     21.463      5.057      9.402
  58   -2     -0.344     11.211      3.611
 651  965     20.354     -0.396     12.455
  -1   34     24.922      4.561      6.058
  -1  211    -17.711      9.140      0.788
  -1   80     16.336     11.140      4.510
1261 1294      0.375     16.629     11.411
 749  594      7.284     -5.206      5.726
  -1  107      3.399      5.808     -0.754
 125   88     -5.520     -0.647     -4.879
 600   86     20.254      2.717     -4.473
 318  202     21.729     -2.857      3.523
  -1   -2     16.836      7.685     -5.116
 339   -2     22.195      4.375      8.815
  44  404    -13.554      7.418      3.146
  -1   54     23.507     -6.655      1.081
 786  535      3.403      0.665     10.602
  -1   -2     -5.676      0.342     -7.395
  80 1227     15.643     -8.746      7.883
1307   -2      2.785     -3.191     -5.102
1216   28     -8.033      7.435    -11.512
 155  570      7.891     -0.401      9.927
  -1   -2      5.933      5.315      3.828
  -1   -2     -2.435     13.491      3.684
 627  729      3.288     -3.347     11.442
  -1   -2     20.377      9.473      7.060
 351   -2     19.960     12.923      6.109
  -1   89      1.931      9.174      4.222
 235   55     16.350      0.069      5.023
 755  379    -10.284      9.187     -5.190
 200  133     16.479      9.243      2.301
  -1 1089     -3.398      8.766     10.293
  -1  122     -6.487     -3.399      9.024
 484  276    -10.563     -6.428     12.274
 214   65    -18.539      5.068      2.825
 933   -2    -17.657      0.984     10.655
1214   56     -5.301     -1.522      1.436
  17   12      3.232      0.307     -8.332
 156   -2    -20.484     -2.535     11.068
 171 1028     16.985      2.872      3.393
  -1   -2     -8.087     -1.813     -0.135
1222  588    -18.685      4.212     11.682
 231  148      4.777      2.604     -1.384
 121   -2     11.319     11.442     10.262
  15   83     15.102     -0.982     -1.956
1068 1273     10.374      3.757     10.127
  -1  119     26.427     -6.370      8.181
  -1   -2     18.254     -0.670      5.188
  98   32     19.861     12.684     11.028
 331   -2    -19.636     -0.540      8.186
  33   -2      6.122      0.603     10.929
  -1   -2     -2.130      7.101      3.090
 877  422     19.967     -6.364     -0.970
 131  803    -13.927      9.167      2.124
 610   81     19.175      3.726     12.715
 288  558     -1.358      3.342      9.802
  -1  162    -10.818      9.029    -12.075
 375  205     24.924      2.997     12.024
1025  223    -11.139     16.046      9.202
  -1  605     -7.147      2.294      6.284
  -1   84     -3.372      4.370     -2.844
  81  961      4.496      4.252     -8.334
  -1  701     27.072      4.453      8.366
 503   -2    -11.938      0.725      2.344
1040   -2     -5.391      7.231     12.146
  -1   -2      0.949      3.542     -9.436
  -1  592     18.528     12.580     -6.071
  -1   -2      4.934      6.014     -7.426
 504  700    -13.569     -3.231     -2.725
  -1   -2     18.902     -6.277     10.414
  -1  224     13.456      7.312     11.246
 790 1125    -17.017     10.892      8.229
 104   -2     11.130      0.909      2.495
 822  326    -13.673      8.678     -4.220
 422  642     15.797     14.649      2.329
  -1  301     18.963      7.234     -0.360
  -1 1120     -0.632      4.291      6.074
1213  361      3.413      2.247      3.377
 205  151      6.205      8.208      1.255
  -1   14      8.507      9.034     -2.299
  -1   -2     10.963      8.855      0.443
 577   -2     -4.732     13.320      5.576
  -1  193     16.756     10.783     -3.497
1211   -2      3.670     11.348      1.665
  -1   -2     23.293      4.536     -0.185
  -1  480      3.310      4.914     -7.444
 555   -2     10.578     -4.188      7.359
 180  309     21.823     10.043      5.233
  -1   -2     26.202     -7.426     10.915
 843 1244     -1.240     -0.160      2.796
  32   -2     26.834      9.220     10.799
  -1  294     -8.751     -1.281     -3.021
 671   31      9.234      4.118     10.486
 973   60     22.109     -8.204     -2.268
 830   -2      0.961      5.681     -3.366
 280  198      8.392    -12.530     -7.180
  22   -2    -16.262      0.723     10.007
  -1  828     -4.101      7.993      1.052
 430 1139     22.782     -1.484      6.783
 425  295     21.434      3.792     -6.271
  -1  152     20.846      7.910      2.749
  -1   -2     14.261      2.008     10.010
  -1   -2     11.949     13.269      5.516
  -1   -2    -15.955     12.409     -4.392
 307  957     17.958      6.970     -0.006
 463   62      4.479     14.714      6.084
  -1   -2     17.763      6.430      3.912
 529  238     17.622     -1.596     -7.197
 194   75    -11.651     15.725      6.531
  63  106      4.419      5.019      0.873
 109   -2    -10.003     10.368     -0.242
  37   -2     -4.250     12.243      6.391
 552   -2     10.732     15.586      8.587
 511  639      5.894     13.796      0.987
  -1   -2      6.738     -0.678     -9.349
  -1   -2      5.580      4.536      8.506
 517   -2     18.885      1.762      8.996
  -1   -2     17.846      2.700      7.644
1126 1022     15.247     -4.942     10.230
1011   40      3.769     10.384      6.967
  -1   -2      6.371     10.034     -7.774
 356  213    -17.485      5.560      0.450
  -1 1119     -1.953      0.337      9.772
 604   -2    -13.402      7.290     -1.307
 887  465     -8.919      1.032      8.484
1094   -2     16.094      6.692     10.070
  -1   -2     10.275     -4.401     -6.090
  -1   -2     10.362     -1.726      8.360
  -1  877      1.736     12.335      4.055
  -1  267     -1.771      0.974     12.416
 788   -2    -12.168     -4.018     12.031
  -1  153    -15.735     -5.189      4.629
 138  132    -11.245     10.074      3.251
 146   -2     11.590     -6.725     10.580
1231 1231     -7.839     -6.405      9.852
  -1  288     17.037     13.566      0.222
  66  228     23.395      1.356     11.914
 376   -2    -12.505      8.188    -10.485
 324   -2     15.652     11.972     -3.592
 789  694      6.803      1.330     10.575
  -1   -2    -14.503     12.261     -3.280
 967  243      6.483     -1.225      8.186
  12   -2     22.794     -1.509     10.502
  -1  159      7.307     -6.908     10.371
 315   -2     -6.394     16.245     10.306
 873  580      0.895     -3.537      5.893
 987  376      6.336     -8.846     -0.886
  -1   -2      5.765      6.764     -7.608
 296  362     16.048      6.222      4.180
1096   -2     25.571     -5.823      9.087
  -1  168    -14.827     -1.952      5.442
  99  507     12.627      3.471      2.267
 690  843    -18.797     -8.261      9.901
 781   -2      8.388     14.901      5.979
 147   -2     -4.369     -0.891     10.535
  -1  704      2.922    -12.451     -6.924
 132   -2    -20.403      3.571      9.954
  -1   -2     13.329     -7.894     -0.923
 763   57     -2.351      9.943      3.208
  -1   -2      1.573     12.348     -6.696
 158  163     -9.286      9.068      7.195
 160 1181     17.285     -5.445      4.867
 275   72    -12.199     -2.086      4.244
  -1  144     -3.205     -2.127      1.957
 942  482     17.286     12.962      7.385
 735 1132     -1.092      8.962      3.779
 401  126     18.674     10.378     -5.076
  26  373     -3.660     -0.098      3.948
1024   -2     18.606      9.387      7.718
 722   -2      9.576     -2.480      1.269
 358   -2     -4.537     15.072      5.420
  -1  112     21.393      1.588      1.990
1072  634     14.022      3.987      3.604
  -1   -2     22.293      1.435     -2.943
1218   -2     18.079      5.609      3.575
  -1   -2     -9.172     -0.964      1.834
  -1   -2      2.340      7.702     11.458
 228   -2     14.254     -3.031     -0.489
  54  414      0.028     16.250      7.443
 254 1245      8.772     -1.256      9.572
1158    8      1.356     13.085     10.455
  -1   -2     21.742     -6.161     11.348
  27  661      3.919     -2.540      3.541
 262   -2     -0.035      7.348     11.785
  -1   -2     -2.924      4.021     -6.398
  -1   -2      2.488     -7.548     -2.782
 875  303    -14.784     12.526      4.616
 143  179      5.468      7.051      6.150
 605   -2      8.633    -13.026     -1.846
  55 1140      2.043      0.027      5.286
  60   -2     23.967      5.024      8.632
  65 1225     15.643      5.506     -8.156
  -1  536     -4.152      7.548     -7.638
  -1   -2     -4.309     -4.392     10.170
 615   -2     14.366     -2.998      5.591
  -1   -2     -9.535     -3.074     11.496
  -1  530     23.422     -4.875      5.267
  -1   -2     -0.183      5.500      9.338
 204   -2     20.023     11.719      7.886
  -1   -2     13.409     -0.013    -12.560
  -1   -2     13.319      9.498     -9.152
 974  352     -5.107     12.330      9.087
  93  186    -12.241     -0.244      3.058
  -1   -2      7.032      7.439     -0.587
  -1   -2     18.807    -18.014      9.177
 348   -2     24.395     -1.958      7.306
  -1   -2     -2.727     -6.082      6.532
 219   -2    -15.684    -10.690      8.819
  -1  606      4.227     11.007     -1.583
  -1   -2     20.171     11.605      6.065
  -1  427     14.291     12.339     11.461
1037 1272     -5.880     -3.621     12.088
 566   -2      3.742      0.869     -8.540
 130   -2    -11.928      0.939      8.300
 626  371     10.242     10.179      4.412
  -1   -2      7.149      0.784      4.138
  -1  997     23.573      6.410     11.089
 386  315    -11.467     13.786      1.426
  -1   -2     14.018     -3.827    -12.596
 326  349     -7.491     -7.249     -6.300
1258   -2    -14.270     14.677     10.327
  -1   -2      0.196     -2.676     -6.793
  -1   -2     25.315      9.541      7.478
  -1  859     -7.176     -0.737      5.647
 436   -2    -18.889      6.492      7.218
  -1  433     22.046     11.606     12.473
 688  400     15.423     15.161     11.611
 406   -2     25.961     -7.587      8.968
 272  575     -5.396      6.231     -1.565
 429   -2      9.393     -6.706      9.387
  -1   -2     12.514      6.740      6.232
  -1  490     19.695     -8.022      3.310
1008   -2      2.848      0.613      5.197
 773  914     -1.974     -0.064      8.077
  -1   -2     -6.966     13.493      5.653
1106  608     17.419    -10.675     -3.720
 949   -2     17.077    -16.147      9.741
  -1   -2     14.968      1.651      0.320
 613   -2      7.868      2.320     11.154
 745  739     21.999     10.096     11.142
 203   -2     24.155     -0.751      5.874
 700   -2    -10.451     11.092      5.958
  -1 1019     20.993     -3.387      5.385
  -1  333    -10.979     -3.907      1.305
1015  696     24.880      1.462      9.113
  -1   -2     -9.671     -7.018     -1.153
  -1   -2     17.777      5.950     -3.982
  35   -2    -13.008     11.517     -2.627
  -1 1016      9.027     15.226      9.381
1080 1127      5.139      3.594      8.267
 224 1042     22.276      8.606      9.976
  -1  291     12.828      4.157     12.445
1036   -2      7.982     -8.146      3.603
  -1   -2     10.359      6.695     -7.458
  -1  274      8.177      6.012     -0.427
  -1  765      2.594     -9.538     11.888
  -1  277     -1.604     -5.557     -2.920
 519   -2     16.202      9.490      9.487
 153   -2     20.804      6.155     11.881
  -1  344     13.176     -5.520     11.794
 685  246     21.031     -1.417     -7.702
  -1   -2     25.750     11.926     11.313
  -1  271     -5.324     16.122      6.500
 840   -2    -16.466     13.832      8.071
 281   -2    -14.949      6.019     -4.072
  -1   -2     -7.664     -1.766      4.613
  -1   -2      7.786      2.580     -6.158
 269  287     12.515     11.447      8.883
 594   -2    -15.635      3.917     -7.508
1077  968     26.457     -0.214      8.151
  -1   -2     11.665      3.383      7.617
  -1   -2     11.412      3.161     11.321
  -1   92     15.750      0.540     -4.704
 337   -2     20.708     13.678     -4.817
 701   -2     12.173     -6.565      6.159
  -1  415    -15.048     -0.915     12.287
 325  161    -10.895     -0.052     11.461
  -1   -2     18.666     -0.489     11.663
 686  493     -3.985     -5.902     11.826
 328  484     12.544     -2.666      7.436
  -1   -2      6.509     13.558     -4.355
 411  426    -11.521      0.735     -3.871
  -1  308     -1.397     -9.843      8.775
1173  358     21.261     -4.409     11.601
  -1   -2     12.935     11.575    -11.379
 835 1090    -12.012     12.236      9.286
  -1   -2      2.866     -8.254      2.716
  -1   -2     14.695     -5.277      5.467
 310 1248     -0.184    -10.667      2.057
 963  290     23.915     -8.701      9.855
 836  114    -17.351     10.065     11.660
 136   -2    -15.497     -2.525      8.084
 961   -2    -11.136     -9.549     10.065
 407  272     11.734     -2.460      9.466
 426   -2      9.759    -17.618      9.907
 483  478     -3.024     -8.200      7.188
  -1   95      5.180     -0.054     -3.674
 192  257     16.002     13.576      3.141
  -1  595     19.454     -4.056      6.414
 319   -2    -19.476     -2.098      7.064
 538  910     24.475      6.500     11.651
 834   -2     -7.520    -11.940      2.621
 997  591     11.718     16.442      8.300
  -1 1150     11.279      0.302     10.939
 622   -2    -11.266     -4.323      9.131
  -1   -2      4.973     -2.346     10.320
 295  125     -0.921      4.121      8.441
 413   -2     -3.334      5.864      1.903
  -1  167    -17.702     -2.109     10.887
  46  574     -4.511      8.617      4.507
1056   -2     20.772    -10.291      6.789
 342 1135     26.585     11.795     10.373
  -1  601     26.204     -0.718      5.793
 505  937     -5.069     -6.057     -1.215
  -1  919     17.637      0.918      0.844
 926   -2      5.723      9.778      8.706
 653   -2     -4.557    -10.899     -6.640
 795   -2     -1.426     13.293      7.120
  -1  716     12.873      3.114     12.190
 772   -2    -17.046      0.450      3.581
 226   -2     18.340     -4.345     10.933
1130  569     19.413     -1.020     -1.441
 527  545     22.218     -6.314      6.163
  56   -2     14.502      4.683     -9.542
  -1  292     22.532      0.128      6.550
  -1   -2     10.147     11.915     -3.538
 290  412     -2.709     14.025      9.369
  -1   -2     16.820      6.868     -2.442
 202   -2     20.958     10.211      5.404
  74   -2      5.908     -7.379     -0.587
  -1   -2     25.224      3.119      8.671
  -1   -2     12.026      6.041     12.087
  -1 1151     -5.659     14.520      5.448
  -1  650     10.779     12.877     12.228
1031   -2     -9.702     14.967      2.681
1034  187      3.612     -2.732      8.121
1168   -2     11.014     -9.872      7.294
 759   -2     -6.950      8.288     -0.769
 261   -2     17.827      2.126      2.628
  -1  467     -9.627     -2.307      8.303
  -1  190     22.775      2.327     -2.882
  -1  351     24.413     -3.100      7.834
  -1   -2     15.018      2.468      0.939
  -1  363      7.026     -6.821      4.256
 268   -2     24.141     12.507      9.684
  -1  207     14.828     -6.559      7.280
1200   -2     14.707     18.091      8.862
 766   -2     -4.722     15.837      6.936
 944   -2     -7.826     15.723     10.537
1041   -2     11.810     10.762      4.394
  -1  173      6.799     14.079     -0.260
  -1  623    -12.182     -0.135      1.143
  -1   -2     17.688     -3.940      1.978
 120  959      8.617     -4.199     11.820
  -1   -2     13.221     -9.600      5.842
  -1   -2     -1.220      3.687     -2.698
  -1   -2     24.132      5.138      6.269
  -1  453     14.336      2.244      5.353
  -1   -2      6.200      7.658      9.716
 573 1073     10.903      4.614      5.987
  -1   -2     15.744      7.142      6.169
 576   -2     17.026     -1.795      9.543
 514   -2      0.857      8.239      2.401
1097   -2    -17.750     -5.467      5.638
  -1  319      2.830      5.086      9.086
  62   -2     26.252     -5.567      6.239
 420   -2     23.535      0.401      7.682
  -1  624     22.311     10.511      5.874
  -1  317     13.053     -3.804      8.481
1114   16     -4.243     -3.051      9.786
 713   -2     14.481      8.898     -1.801
  -1  335     -9.324     -7.014      5.750
  -1  505     18.716     11.434      6.730
1001  622      5.512     16.002      6.610
 876   -2    -18.969     -6.261     11.710
  -1   -2      5.213     13.738     11.862
 118   -2     -1.327     -7.383     11.952
 257   -2     14.779      2.906      9.173
 980  129    -16.677      6.174     -0.563
  -1   -2      4.018      1.459     -0.165
  -1  770    -16.125      1.374      9.703
  -1   -2      9.671     10.775     -3.760
 421 1256     21.159      8.333      7.218
 810   -2     20.929     -0.588     10.115
 883  145      7.505      4.198      5.908
  -1  134     19.463      9.409     -1.690
  -1 1240      5.604      1.398     11.955
 791  386     26.226     13.543      7.893
  -1   -2      7.135     -6.881     -7.755
 321 1267    -14.610     -3.266     -6.763
 864  855     -1.705      8.452     10.655
  -1  174    -10.773     -4.661     11.003
 499  618     25.848      3.331     12.494
  -1   -2     19.807      4.844    -11.820
  -1   -2     -6.925     -6.736     10.264
  -1  567     23.334     -9.900      8.605
 373   -2      7.750     14.194     -4.128
 918   -2     -2.561      1.825      9.032
 116   -2     12.865      4.652      6.574
  -1  863     14.684     10.805     10.386
  42  502     19.510      5.061      2.336
1224   42      4.650     -4.997      1.280
 237  370     12.167      3.718     -1.076
 428 1214     13.802     -9.958      8.057
 513   76     12.983      0.434      1.647
1140  909    -11.330     11.576     10.037
 501   -2     -7.112      7.506      2.705
  71  340    -10.118     -0.002      7.437
  -1  138     -3.771     -2.971      0.937
1017 1060      0.244     -6.253     10.721
 850  300      7.202      1.431      5.873
  -1   -2     -6.619     11.384     -7.379
 434  942     -0.921    -11.525     -0.987
  -1  633      4.542     -0.433      9.503
 965  958     -0.413      2.671     -3.877
  -1  332      6.777     -1.276      1.985
 691  325      4.381     -6.844      9.919
  -1    9      5.125      7.157      1.615
 408   -2     -5.094     -4.067     -5.150
1163 1259     24.418     -2.434      8.389
  -1  445      0.976      4.007     11.582
  -1   -2     -8.437      5.049     -4.984
 625   -2      4.308    -12.047      7.924
  73  437     20.080     -5.199     11.807
 395 1251      9.089      6.479      4.399
  -1  405     24.766     10.934      4.611
 251   -2      7.591     13.078      6.847
 844  571    -18.072     -7.110     11.739
 941   -2    -18.361     11.870      8.953
  -1   -2     15.594     -9.415     -1.218
 512   -2    -19.572      7.445     11.737
  -1 1048     23.105      0.576      0.874
 486   21     15.759      5.476      3.152
 238 1185     24.931     13.276     10.605
  -1  566     -8.067     -5.402     10.138
  -1   -2     -7.145     11.395      3.836
  -1   -2     -1.541      2.391     -7.722
 327  402      9.938      7.544      6.043
 247  318    -15.427     -0.877     -3.914
1013   -2      9.500     13.503     11.175
 210  732     22.872      8.332      4.474
 732   -2      7.793     -0.400     -4.130
  -1   -2     11.266     -0.972      7.443
  -1   -2     12.875     -4.993     -7.195
  -1  918     14.181     -6.726      4.823
  -1   -2      2.894     -5.737     11.393
  -1  611     14.722     11.179    -12.553
 972 1088     15.273    -16.188      4.228
1153   -2     19.653     -8.075      7.546
 632  923      9.202     12.382     12.066
1046  113    -19.318     -3.030     10.025
  -1   -2     -1.437     -0.772     10.965
 569   -2    -14.497     -8.113      0.051
  -1  286     -5.772     -2.770     10.644
  -1   -2    -17.021      5.579     -5.043
 957   -2     20.793    -13.967      8.003
  21   -2      9.639      4.178      5.366
 718   -2     -0.189      1.463     11.184
 542   -2      2.147      0.750     -3.445
  -1 1233      4.162      7.213      4.620
 506  713     19.304     13.500      1.759
 666   -2      9.320     17.247     11.102
 546  755     16.300     -6.351      9.973
  -1   -2      5.615     12.180     11.461
1246 1292    -14.231     -7.441     11.754
 989   66     12.987     10.455      6.886
 590  791      5.537    -17.489      3.042
1086  455    -13.843     -3.180      4.037
  -1  810     17.970     -3.071      5.442
 227   -2    -14.577      7.198     -1.559
 439   -2     21.167     15.630      8.522
1044 1086      3.400     -8.017     -1.493
  -1  395      4.348     -1.579      7.784
 404  563     17.396     -8.260      7.424
 479  671     18.525     -6.006      1.411
 185   -2     -4.689     -0.635      5.384
  -1  657     17.207    -12.281      9.849
  -1  695     -7.726     12.418     -6.314
 256  548      2.170      2.349      9.752
 135  180     20.078     11.566      8.852
 170   -2     14.627     -4.678     -1.956
 818  247      4.987     13.792      5.386
 343   -2     14.763     13.733      9.795
  -1   -2      8.018     -0.560     12.218
  -1  100    -18.891      4.663      6.417
 940 1105     -8.335     -9.626     -4.555
  -1   -2      2.554     12.061      9.793
 379   -2      7.182      1.527      9.791
 371   94     17.708      0.976      2.975
 522  587      8.020      8.219      3.605
 721  562     22.659      5.386     10.903
 602  718     13.455     16.863      7.729
  -1   -2      5.189      7.680     10.470
  -1  763     22.369     13.105      5.170
 753   -2    -11.406     15.309      9.787
  -1  259      9.938     14.353      5.391
  -1   -2     12.078      1.335     -5.010
  -1  525     -6.954     15.157      5.038
  -1  408     -1.909      6.556     -1.860
  -1  715      3.102      6.329     10.280
 478   73     21.230     -1.372     12.050
 399   -2     19.020     12.619      8.107
  -1  743    -10.616      1.858     -7.713
 765  557     -2.182      3.756     10.670
 344   -2      7.975     14.741      9.803
  -1   -2      0.241     -6.283      6.570
 809  636     -2.092     -4.742      7.699
 437  304    -13.113     -5.434     12.112
 612   -2    -14.432     -1.604     -2.962
  -1   -2     16.136     -2.568     -3.319
  -1   -2    -13.532     -4.490     -0.367
 853  275     15.663     11.409     10.014
 922   -2      2.800     12.482      7.677
  -1   -2     20.159     15.464      0.452
  36  442     17.979      5.094     -3.524
  -1   -2     -9.041     11.592     10.291
 806   -2     -2.710     -1.602      2.567
  -1   -2     14.667      6.945      1.829
  -1   -2     -1.102     -7.039      8.747
 233  746     13.254     -7.762      5.173
  -1   -2     -4.294     -9.967     -0.812
1141  461     23.681      6.710      1.051
  -1   -2     26.199     -3.110      6.651
 598   91     16.109      0.348     11.046
  -1   -2     -7.587    -10.156      9.771
  -1   -2      1.478     -3.300     10.818
  -1  664     12.446      7.509      7.712
 531  903     -6.604    -12.211      4.303
  -1   -2     18.878    -10.717     -2.956
 767   -2     -2.272     -8.219      7.522
  -1   -2     10.500     11.248      5.156
  -1  643     13.599     17.874      8.454
 113  837      1.867     -8.664      5.784
  -1  565     -5.043     14.392      2.703
  -1 1064     -1.054     -8.412      4.219
 336  952      5.497     -8.524      0.739
  -1  582    -13.194    -11.147      0.161
  -1   -2     20.178    -12.469      3.417
  -1   -2     26.229      4.541      8.455
 621  357     26.198     -4.684     11.168
  91  561     11.179     17.032      8.111
  -1   -2      3.009      6.596      3.198
 976   -2     24.625     11.437      9.178
 450  735     21.657     -5.796     -7.340
 239  305      6.307     14.422      5.198
 681  970      5.077    -10.071      6.050
 635   -2     -5.272     -5.546     11.921
  -1   -2     20.211     14.791      7.911
  -1  685     13.284      7.483      0.483
 711   -2      6.200    -12.705      7.777
  -1   -2      1.719      2.574    -10.341
 165   -2     15.095     -4.735      2.649
 520   -2     -2.960      1.594     10.979
  -1  702     16.610      7.033      4.819
 675   -2     -5.389      4.046     -8.863
  -1   -2     14.098      8.563      3.804
  -1  722     12.168     -4.472      7.360
  -1  823      1.538     15.500      4.020
 259  577      9.516     15.098      2.213
 956  136      8.884     -8.424     11.370
 409   -2      8.845      5.317      2.511
  -1 1141      9.858     -0.437      2.660
  -1  907     -7.689    -12.455      7.333
 320  212     18.823      6.112      7.804
 838   -2    -17.154      4.807     -2.660
  -1   -2     12.707      0.992     -9.346
 493  764      2.495    -11.848      4.120
1145  550      0.256     13.535     11.207
 960   -2     18.893      2.021      2.285
 751   -2     -5.587     11.656      8.373
  -1   -2     10.615    -13.329      2.107
 507   -2     15.364     16.420      7.380
  -1  481     -7.035     11.594     -2.610
 187  284     -1.948     -1.217     10.942
 270  293     -6.677     -1.215      5.156
 209   -2     24.692      0.994      5.886
 544  497     13.898     12.199      6.403
  -1 1123      8.672     -6.693      3.573
  -1  693    -11.782     -8.012      2.259
 423   -2     20.235     -7.185      2.386
 459   -2    -15.716      5.220      4.273
  -1   -2     20.283     -5.574      5.595
 346  385     14.533    -11.275     -7.922
  -1  687     -4.655     10.062     -6.277
  -1  800     -0.169      0.199     -9.524
  -1  311      7.028     -2.065     11.867
1064  590     -9.023     -5.626      3.250
1009  181      9.928     -0.878      6.496
  -1   -2      0.938     -7.783      4.623
  -1  599     13.826      9.715     10.118
 526  680     21.719     -3.831      6.884
  -1   -2      0.897      5.182      1.313
 990 1276     -8.485     -3.291      9.612
  -1  750     -0.388      1.426      7.854
  -1  231      6.568      4.580      7.176
 726   -2      6.130     13.681     -2.470
 919   -2     14.674     15.082      0.750
 549  904     16.472      5.475      7.642
  -1  805      1.543     -2.333      6.586
  -1  321      2.530      0.746      7.872
  -1   -2      6.098     -1.063     12.218
  -1   45     12.601      7.725      1.000
 468  103     13.334     12.385     10.578
  -1   -2     -8.372     -9.510    -10.309
  -1 1083     21.860     15.879      3.103
  -1   -2    -10.454     14.171     -0.168
 586  654      1.806     -5.626     -1.799
 664  544     15.594     -5.337     11.568
  -1  456     13.930    -11.400      6.544
  -1  995     19.393      2.998     10.093
  -1   -2     -7.779      6.487      4.634
 909  388    -18.967     -5.401      4.541
  -1   -2     14.115      6.824      2.124
 350   18      4.600     -4.559     -2.361
  -1  712     -9.634     -6.758     -5.640
 782 1004     27.395      6.419      9.381
  -1   -2      7.989     -0.589      2.811
 744   -2     -7.616     -7.386      0.205
 629  262     23.213     13.545     11.718
  -1   -2     25.276      2.503      7.586
 837  673     -9.411    -12.267      4.756
  -1  217     -4.185     16.836      7.178
 645  339      9.584      5.027     -5.936
 433   -2     19.214      5.319     11.950
 197  248    -14.988     -4.287      2.944
  -1   -2     16.393      2.590     -2.163
  -1 1117     17.250     16.337     10.206
  -1  653    -12.222    -11.468      4.774
  -1  684      7.144      1.207      8.214
 314  348      8.204      5.105     -0.159
  -1  632     13.295     10.345     -0.840
1191  724     23.382     16.074     10.956
 322 1015      0.339      7.742      9.004
  -1 1038    -11.207     -5.603     -3.971
 466  586    -16.694      4.780     -5.599
 291  538     13.158     -6.983      4.375
 129  374     16.122     -3.239      8.466
1255 1115     22.216     14.601      6.311
 230  681     -4.311      7.965     -3.098
 418   63     -0.452      3.086     11.916
 585   -2     15.443     -8.265     -1.350
  -1   -2     18.984     12.411     -2.104
 805 1134     13.687     -0.509      8.040
1156 1166    -14.151    -10.591      9.071
  -1 1068     -4.602     -7.381      7.134
  -1  738     16.146     -3.681     11.172
 410   -2     -8.777      6.234     -0.656
 374  593     22.303      0.284     11.213
 515  124     23.498      0.411      9.152
  -1  517     20.705      5.696      1.216
 611  409     14.767    -11.145      7.450
1057   -2     21.731     12.136      8.880
 564  369     13.469      1.639      9.897
 785   -2      5.076      5.561      6.795
 565  691     10.006     -5.738      3.945
  -1   -2    -15.453      0.922     -7.035
 567   -2      9.405      1.117     10.087
 606   -2    -14.301     -9.506      2.337
  -1   -2      5.595     -3.043     10.395
  -1   -2     20.723     15.616      4.634
  50 1002     19.490      6.858      9.934
  53  170    -13.892      3.616      2.007
 975 1005      8.612    -12.495     10.832
  -1   -2     -1.609     -9.938      5.318
  -1   -2     14.259     16.356     10.252
 458  479     25.365      7.261     12.327
  48   -2     10.584      6.424      9.384
1171  678     19.851     17.287      7.652
  -1   -2     -8.123     -7.137     -3.735
 579  744     15.646    -14.340      3.440
  -1   -2     10.607      7.546      4.002
  -1  528     21.753     10.797     12.336
 338  638     12.291     -4.135      5.514
1055   -2     -1.455     -9.162     11.780
1062   -2     -9.441    -14.015      5.477
  -1   -2      6.787     -2.757     11.869
 441   -2     22.996      7.279      1.043
 554  934     -7.563      3.149     -5.627
1081  703      6.085    -11.367     -0.465
  -1   -2     13.028      9.035     -6.183
  -1  192    -16.448    -10.861      8.060
  -1   -2     -7.212    -12.955     -5.069
  -1  708     -3.607    -15.093      4.341
  -1 1012      6.486     15.130     10.189
  -1   -2     15.868      6.457      5.576
  -1   -2    -13.053    -10.692     11.829
  -1   -2     21.753      5.500      8.269
  -1 1063     13.691     16.430      5.678
  -1  410     -0.042    -12.723      4.047
 485  733     22.549      2.695     -4.786
  -1   -2     -3.202     -5.256      4.062
  -1  742      7.775     -3.503      3.860
  -1   -2     10.104     -4.740    -11.851
 708   -2    -16.038     -6.294     11.019
  68   -2     18.618     -1.559      9.039
 702 1113     -3.974    -11.373     10.954
1148   -2     15.006     -1.692      5.906
  -1   -2     15.582    -11.015    -11.611
1193   -2     19.707    -18.499      8.830
  -1   -2      4.606      9.936      7.270
  -1  454     15.272      8.671     -7.313
 591  670     21.764     14.641     10.864
 496  728      0.070    -12.785      6.994
 553  320    -13.632     -1.206      9.510
  -1   -2     20.492      8.894     -1.291
  -1 1146     15.308     14.444      7.972
  -1   -2    -13.598      3.835     -5.022
1093 1274     24.300      8.294     11.673
  -1  737      1.022     -6.650      2.791
  -1 1137     -3.600     -8.073     10.190
  -1   -2      4.412     -3.264     12.000
  -1  627     20.781     17.161      5.075
  90   -2     11.867     -5.561      3.819
1119   -2      4.737    -11.679      9.392
1124   -2     -2.135    -13.466      3.745
 397 1252    -12.052     -8.966      9.042
  -1   -2     -7.644      5.996     -0.033
  -1   -2    -13.766     11.699      9.550
  -1  165      2.882     13.468      6.053
  -1   -2    -10.970      9.989     -5.604
 442  166      6.533     -4.399      5.894
  -1   -2     25.110      5.233     11.222
  -1  836     -1.176     11.320      8.031
 886 1257      5.975     -4.185      5.838
  -1  241    -19.505      1.930      7.765
 556  220    -15.326     13.421      9.995
  -1  342      0.139     18.072      3.592
  -1  491     15.572      7.380     -4.177
  -1   -2    -17.337     12.475      9.605
  -1  717    -10.485    -14.206      4.702
  -1   -2    -10.349      8.058     -0.680
 742  977     27.937      0.916      8.361
  -1   -2     -3.451    -17.396     10.040
  -1   -2    -11.658     11.089     -6.726
  -1   37     -9.027      3.450      4.116
 367  901    -20.826     -3.455      6.856
 582   -2      1.176     -5.177      9.592
 947   -2     -8.239     13.068      7.527
  -1 1017    -18.392     11.519     -3.825
 190  841    -15.368     10.377      5.569
  -1   -2      5.128     12.906     11.470
 845   -2     26.181     -3.644     10.783
 863   -2     -7.557      8.509      7.466
 895   38    -14.209      9.817      8.745
  -1   -2    -17.384      2.394     -4.229
  -1  830     26.817      2.375      3.807
 172  463      0.723     15.717      7.969
 416  526    -10.718     11.999      1.779
 793  831    -19.738      0.321     11.795
  -1   -2    -11.063      7.765     -6.481
  -1  487     -5.383      9.039      9.478
1003  801     -5.282     12.625     12.077
1059  239    -10.639     11.103     -3.531
 682 1253     16.888    -10.261      7.690
 242  131     23.337      2.517      6.569
  -1  428    -13.716     -7.188      8.324
  -1   -2    -20.591     -1.430      8.380
  -1   -2     -5.576     -6.286     -8.644
 951   -2     -1.398      2.100     12.069
  -1   -2     14.114     14.818     -2.255
  -1   -2     19.692    -16.329     11.984
 352   43      0.613      9.719      3.863
  -1  391     -9.091      6.457      5.897
 900   -2     -3.090      5.241     -3.763
 801  865     23.175     17.644      5.921
  -1   -2    -15.441     12.982      6.737
1007 1046     15.081    -18.690     10.699
  -1  306    -15.149     11.703     -2.470
 813 1008    -20.099     -4.384     10.062
  -1   -2    -10.654     -2.288    -12.292
  -1  709    -15.438    -11.102     12.447
 867   -2     27.746     -7.076      7.401
  -1   -2    -20.253     -4.780      3.647
  -1  777     25.382     -8.956     -0.081
  -1  996    -15.367     12.570      8.627
  -1   -2     -7.884    -10.986    -10.167
  -1   -2     -3.013      4.283     -3.143
 731  474      3.653    -10.104      2.906
  -1   -2    -16.046     -5.036     -8.109
  -1 1169     -1.722     17.718     11.778
  -1  222     11.011     -1.208     -1.220
  -1   -2     -7.405      0.931     10.396
 770   -2     10.990      7.872     11.600
1047   -2     24.093      6.936     -2.435
 703   -2     -4.190    -11.336     -3.940
 368   -2      8.320      0.905      4.297
  -1   -2     -3.507     -5.772     -6.710
 865  888    -13.143     16.154      9.244
  -1   -2     12.362     -9.156      5.139
 966  929    -16.854     -3.426     10.545
 898   -2      4.409     10.054     10.418
  -1  341    -20.570     -5.563      8.153
  -1   -2     21.691     -2.047     -7.579
  -1 1056      3.884     13.952     -3.351
  -1  951     -2.235     12.473     12.159
 695  747    -16.791    -10.588      2.878
 201  451    -19.588      4.349      7.668
 482   -2      0.405    -12.927     -7.380
 492  375     -3.284     -0.531      8.048
 596   -2     13.221    -18.881      8.155
 829   -2     -1.245     14.890      3.383
1070   -2     -1.460     12.560      9.495
 481   -2     26.418     -1.538      8.665
 677   -2    -11.341     17.057      7.704
  -1   -2    -18.889     -1.237     11.057
  -1   -2     -1.129     11.212      1.956
1035   59    -12.020     12.079      1.838
 575  435     20.003    -14.385     -2.110
 754   -2    -16.435     14.719      4.992
 313   -2     24.228     -0.538      9.377
  -1  516     14.167    -11.338     12.100
 971   90    -13.623      1.121      2.810
1123  366      4.625     16.693      8.696
  -1  398     28.118      3.974      9.507
  -1  856     -3.112      0.309      1.693
 821   -2    -17.583      4.611     11.832
  -1  771     18.236     12.116     11.437
 764 1044     -2.392     19.265      7.646
  -1  992    -17.783     -7.791     -7.168
  -1 1047    -18.198      4.577     12.520
1045  720    -14.484     -5.480      9.554
  -1  105     -9.962     -1.075      7.612
  -1  452     15.530      5.463     12.715
  -1   -2    -12.407     10.683      0.114
  -1   -2     12.445     14.996     11.818
  -1   -2    -14.208     -7.551      2.995
 388   -2     -9.651      9.611      8.370
 931   -2     13.963    -15.553      3.081
  -1  372    -15.039      6.720      4.809
  -1   -2    -15.542     -3.487     -6.428
 617   19      5.644     -8.197     11.304
  -1   27     11.131     -8.066     12.287
  -1   -2    -13.973      4.773     -0.072
 752   -2     18.215     -8.942     10.377
  -1  635     25.308    -12.593      7.937
 234   -2    -14.968      2.403      9.772
  -1   -2      0.310      2.106     -5.882
  -1  833    -16.103     13.693     11.595
  -1  269     -3.690      0.793      8.959
  -1   -2      8.561      7.154      5.566
 792   -2     26.356      6.030      2.672
  -1  895     -4.372      6.700    -11.663
 823   -2    -20.416    -14.921      9.336
  -1   -2    -10.864     13.706      7.824
  -1   -2     -0.637     -1.782    -11.465
  -1   -2      1.923     -6.709    -10.659
  -1  471     24.256      5.129      0.360
1199  870     24.897    -16.263      6.661
1089   -2     25.142    -10.947     10.372
  -1   -2      2.608    -12.872     -2.959
1239  551     -5.831      0.301      4.704
  -1  450     25.159     -2.244     11.124
  -1   -2     19.056     -6.923      7.754
  -1   -2      2.120     16.013      7.574
1023   -2    -19.145     -9.757      8.324
  -1  798     -4.610     -1.418     -7.177
  -1   -2    -19.283     13.352      1.458
  -1 1157     -0.429      9.972     11.341
  -1  768    -14.206     12.317      8.793
1051  921    -18.222     19.073      8.577
  -1  941    -11.974     -4.217      7.042
  -1  440     -7.610     13.054     11.963
 467  540     20.000     15.998     10.794
1061   -2     -3.078     -1.049     -3.354
 902   -2     25.854     -9.522      2.514
  -1   -2    -17.768     -2.027      1.658
  -1   -2    -19.669      8.941      8.625
 578 1021     16.056    -17.765     11.476
  -1  216     22.746      3.668      2.795
 912  714      5.323     -8.868     11.715
  -1  758     22.671      8.811     -2.466
 570   -2     26.011      1.966      6.170
  -1   -2     -7.277     16.598      4.452
  -1  879    -18.012     -6.208      7.657
1176 1078     -8.420    -17.619     10.459
  -1   -2     -2.420     -5.333     -6.623
 964   -2    -16.221     13.130      9.915
  -1   -2      1.040      0.795     -9.627
 620   -2     22.498     -0.493      4.889
 998   -2     24.622    -14.743      8.793
 952 1025      9.649     13.169      2.327
  -1   -2     18.826      1.595     11.135
  -1   -2     16.810     14.833     12.358
  -1   -2     -0.356     -7.906     -7.302
  -1   -2     -0.866      6.642     -3.796
 847   -2      3.717     14.535     -5.341
  -1   -2     25.526      6.407      7.203
  -1   -2    -16.393     12.610     11.781
  -1   -2    -17.878     13.155     12.107
 619  976     23.240     14.676      9.966
  -1 1149     -9.486      2.024     11.707
  -1   -2      0.208    -14.107      0.115
 637  367     -2.702      3.352      1.689
 341 1079      7.582    -15.592      1.353
  -1  872     29.141      5.423      8.372
  -1   -2      2.437    -13.745      1.537
 347   -2      8.071      1.665     11.135
 403 1059    -11.514     13.638      7.687
  -1  726     22.881      5.934      7.810
  41  121     13.089     -0.347     -0.689
  -1   -2     -5.122     13.169     12.198
  -1 1057     25.953     -0.580     12.052
 469  852    -12.517     15.672      7.194
1014 1036     -5.723     15.896      9.974
1151  264     -2.578      2.824     -4.456
  -1  302    -14.819     -5.508     -2.243
  -1   -2     11.295     -7.778    -11.338
  -1 1077     29.166     10.646      9.846
 969   -2     25.192     15.484     12.523
 354   -2     -5.733      0.076      5.958
  -1   -2     -0.547     12.525      4.673
  -1 1100     -2.511     13.558      5.822
  -1   -2     18.610      5.379      7.239
1079  932     -4.460    -12.242      9.895
1169  447      7.362    -17.388      3.354
  -1   -2     18.858     -7.341     -2.796
1071 1121      6.472    -14.318      2.421
1010   -2      9.783      2.354     12.714
 154 1269      2.959     12.824      9.573
 851   -2      3.675     14.454     -1.693
 389  446      8.894    -10.998      2.837
 631   -2     -8.936    -14.676      2.310
  -1 1228     26.211     -6.200      6.912
 905  847     -3.270      0.777      8.690
 746   -2    -16.540      7.628      2.906
1012   -2     17.726    -15.888      4.333
 540   -2     -2.507     15.267     10.341
1016   -2      9.225     -9.755     10.672
  -1   -2    -15.465     -8.161     -6.636
 133  169      9.529     -5.944     10.249
  -1  579      7.925      8.023      5.075
  -1   -2     17.091      2.443      0.684
 415  312     11.543     11.289      1.893
  -1  882      8.062     17.869     10.911
1205   -2     26.127     13.674     11.504
  -1 1131     23.754     -6.326     10.600
  -1  503     12.547    -10.782      4.817
1095   -2     16.950     18.024      8.904
  -1  647     19.527    -17.252     11.548
  -1   -2     -2.077     15.485      2.621
 668   -2      3.883    -12.246      3.165
 584 1226     16.706     10.382      5.980
1022  499     21.838    -14.207      8.687
1259   -2     -3.613     16.711     10.342
 916   -2      3.971      0.420      7.257
  -1   -2     19.013     -9.547      6.665
  -1  164     -3.197     11.423      7.130
  -1  824    -11.078      8.698      0.473
  -1   -2      4.416      5.717     10.391
  -1   -2      8.167      6.233     11.443
  -1  625      1.889     10.222      4.809
 699  330    -14.225     -4.337     -7.164
1058  556     -2.618     13.897      7.897
 861   -2     27.701      7.761      6.304
  -1  916     25.623     -9.412     11.198
 888   -2    -11.245      3.220      3.844
  -1   -2     -1.851      9.094      6.339
  -1  249     21.216      3.008      8.021
 551  337     -9.714     13.564      0.718
  -1  646    -14.064      2.098     11.588
  -1   -2     -4.401    -12.976      3.657
1167   -2     -3.671     -9.339     11.093
  -1  757     18.135     -8.857      7.660
  -1   -2      4.493    -13.379     10.174
 694  597     16.804     11.194      8.992
  -1   -2     -8.768      3.421      7.862
  -1   -2    -15.412    -12.995      4.522
  -1   -2    -13.877     -5.358      7.743
 274   -2     -3.423     -0.581      2.371
  25   -2     24.639      9.136      6.764
  -1   -2    -17.947    -10.448      9.296
 757   -2     24.548     17.876      7.205
  -1  886    -19.246      9.848     11.200
  -1 1011     11.892    -18.037      6.968
  -1   -2     15.591     -8.143     -7.547
  -1  825    -19.277     11.626     10.451
  -1  583     -7.236     -2.685     -1.577
  -1  658      3.331     17.406     10.722
  -1  920      2.939     14.310      3.281
  -1   -2     18.807    -10.446      9.673
  -1  793     24.069     11.395     11.215
1083   -2     19.263      5.877    -10.151
 431   -2     20.838      6.635      4.717
  -1 1097     22.621     10.685     10.643
  -1  809     23.384     11.500     -6.539
  -1  866    -10.526    -12.215     10.946
 283   -2     -6.747     -2.848      2.715
  -1   -2    -10.932      8.087     -0.455
  -1   -2     16.931     -6.582     11.858
  -1   -2      3.121      5.868     12.119
 432   -2     25.994     -2.453      7.946
  96  204      9.183     15.166     10.501
 855   -2     -2.334    -11.575     -7.942
  -1  313    -12.918      3.807      9.651
  -1  675     -2.401     13.253     12.055
 884   -2     -0.695    -12.295     -4.039
 363  814      4.066      9.667      2.862
1179   -2      8.605    -19.673      9.837
  -1  935     -4.735      0.538     11.019
1157   -2     -3.549      5.140     11.032
 438   52      8.429      4.426      6.820
 878  314     -8.365     17.660     11.048
 464 1070     13.885     -5.194      7.640
  -1   -2     14.654     -4.544      2.711
  -1   -2     -4.069    -18.713     10.081
  -1   -2      0.845     -0.003      7.676
  -1   -2     14.945     -5.362      8.186
 807  756     -7.648     12.833     10.096
  -1   -2     -9.288     -7.218     12.366
  -1   -2     24.293      2.664      7.479
 737  245     10.032     -0.689      9.273
1038  652     18.968     -2.868      9.008
  -1   -2      2.147     -2.913     11.933
  -1  603     -6.641    -10.710     -7.032
1160  154     12.634      2.285      7.179
 979  731     20.437    -12.478      6.487
  -1   -2     23.575      0.564      5.005
  -1  475      0.354      5.773      5.984
  -1  688    -10.978     -1.928      8.262
  -1  983      3.950    -14.524      3.890
  -1   -2     10.681    -16.102      0.247
 756  666     22.218     -6.383     11.463
  -1  390     26.595     10.265      8.166
  -1 1172     25.642      8.354      9.844
  -1   -2     -8.814     -6.718      3.838
 953 1106    -13.629     -8.247      6.654
1076  954     -3.460      6.783     10.668
1098   -2    -12.023    -18.525      6.292
  -1  835    -16.975     12.853     11.989
 923  191     10.704     -7.741      7.065
 168   -2      0.414      1.200     -2.563
 502  999      6.100     -9.082      6.667
 915  206     -1.371     14.309     11.290
  -1   -2    -20.821    -10.323      8.601
 107   -2     -1.940      7.276     11.623
  -1  137      0.146      8.592     -1.568
1159 1152     12.319     10.818      5.828
  -1  541     14.265     -5.581     12.313
  -1   -2     25.921     -9.870      3.936
  -1   -2     13.450      6.315      2.475
  -1   -2      6.188     11.833     11.426
 402  324    -15.830     10.125      9.094
  -1   -2      6.635    -10.372     -6.408
  -1   -2     -7.646     -8.621     11.183
 229   -2     12.702      6.923     11.546
  -1   -2     27.754    -14.196      5.299
  -1  759      0.823     18.373     11.867
 445  818    -10.749    -10.633     -9.847
 936   -2      9.877      2.269      5.632
  -1  323      4.321      8.461      8.192
1131  790     11.040     15.273      9.993
1150   -2      7.723      7.869     11.143
  -1   -2     10.901     -0.132      2.669
  -1  496      1.915     14.435     12.144
  -1   -2     -4.645     -3.530     -7.368
1164 1186    -14.235    -18.362      2.545
  -1  256     19.716      8.195      7.593
1104 1082     -2.368    -12.870     -0.411
  -1  443     10.280     -1.616      6.335
  -1 1124     -6.170     18.505      7.924
 882   -2     25.193      6.185     11.138
  94   -2    -13.858      0.623      2.040
  -1   -2    -15.273     10.998     12.320
  -1   -2     24.238      6.751      0.868
  -1  488     -7.110     -6.498     11.629
  -1  210     17.528     -5.903      2.565
  -1  250     -8.091    -10.948      3.934
  -1  240    -17.954      6.574     12.572
  -1  602      2.367      0.852     -4.498
 108  464      8.714      6.392     -2.683
 141   -2     -2.093     -2.338      8.697
  -1   -2      0.856     -7.614     -2.732
  -1  692     20.986      0.738      7.909
  -1   -2     10.225    -11.645     -8.473
  -1   -2     15.663     10.355     11.284
 814  552     -4.963     16.980      8.927
 747  612      4.514     -2.348     -5.273
1161 1129     -2.948    -15.622      7.176
1110  553     15.130     15.588      5.658
  -1  120     18.356      7.952      4.532
  -1   -2      1.156     -3.189      7.661
  -1 1165     25.476     10.852      8.675
  -1   -2     25.034     -6.781      7.587
  -1  672     -6.634     -7.768      7.638
 738   -2      4.770    -14.754      3.617
1262  767      6.725     10.657      6.544
  -1   -2     24.155      8.807     -2.428
  -1   -2     -2.511    -10.866      5.039
 440   -2    -14.668     14.777     11.867
  -1  974    -16.361    -19.761      6.269
  -1   -2    -11.397     16.558     11.958
  -1  200    -12.130     16.762     12.041
 928  432     14.891     17.061     11.565
  -1  111     -0.046      9.382      9.088
  -1   -2      0.361      4.075     11.513
 640 1062     22.172    -10.291      7.230
  -1 1197    -14.997    -13.779     11.255
1196 1030      6.150    -18.468      9.960
 243  725    -13.412      3.522      7.561
  -1  727     -0.428     -7.935      3.618
  -1   -2     11.552      1.715      7.453
 743   53     -2.251      9.372     -9.471
1201  754    -16.381    -12.373     11.246
  -1  547     -1.285     15.757      6.561
  -1  439     21.502     12.100      5.997
1060  130     19.166     -0.933      5.084
 340  506     -4.400     14.002     10.849
1087  749    -14.900    -11.026      1.628
 796   -2      0.529    -18.867      6.350
  -1   -2     19.174     11.296      4.799
  20 1180     -6.887     -3.979     -5.010
  -1   -2     21.387      1.894      4.221
 948  950    -14.131    -15.466     -3.283
  -1  394      2.573    -13.904      9.379
 475   -2    -11.375     -8.840      3.736
  -1   -2     -5.086    -14.866      7.611
  -1  356     14.184      7.178     -0.014
  -1  513     24.581     15.056      5.209
 733  299     16.125      1.006      3.119
 323   -2     -0.559     11.995      2.921
 730  619     16.876     -6.776      1.491
 417   -2     24.911     10.594     -3.981
1172   -2    -19.463    -13.279      9.785
 995  662      8.742     12.955     11.366
  -1  421      1.150     -3.687     12.167
  -1   -2     10.537     -2.114     11.976
  -1   -2      6.969     12.379     12.176
  -1   -2     -7.609      2.055     -4.039
  -1   -2     21.468    -12.037      3.638
  -1  776     -3.458    -19.882     12.565
 533   -2     17.119     -7.662      6.440
 945   -2    -17.627    -16.865      9.068
 453   -2      5.780      1.556      4.156
  -1   -2     12.946      5.384      1.638
  -1  254     20.184     12.156     10.443
  -1   -2     -1.184     12.962      6.338
  -1  396      9.764      9.687      8.497
  -1  382    -11.852    -14.156      4.485
  -1 1201    -26.591     -9.931     12.094
1029   -2    -15.199    -19.269     10.302
  -1 1066     28.718    -17.209     10.228
1188 1198     -8.713    -19.952     12.149
  -1   -2     15.248    -27.397     -7.339
  -1  994     26.183     14.402     12.706
1183 1211     18.139     23.521      9.927
1195 1192     -3.169    -25.599      3.238
  -1   -2      2.329    -30.100     -5.670
  -1   -2     26.325    -22.902     11.595
  -1   -2      9.642     36.183    -12.668
  -1   -2     21.985     21.465      8.158
1198 1205     24.849     18.306     12.696
  -1 1209      3.567    -20.361     12.142
  -1 1188    -27.420    -12.148      6.513
 958 1085     -7.570    -19.714     11.011
1204   -2     27.228    -22.570      9.848
  -1 1293    -21.179    -14.331     11.322
1189  667    -23.225    -11.246     11.590
  -1   -2     -3.409    -23.509      6.099
  -1   -2     -4.199    -22.867     -1.457
  -1   -2     16.660    -30.835     -5.703
  -1  651    -18.870    -15.246      8.680
  -1  403     17.957    -17.996      8.698
1192  660     25.833     16.089     11.957
  -1 1183     23.965    -18.967     10.510
  -1 1203     22.364     22.670     12.152
1185   -2    -23.929    -13.013     12.036
  -1   -2    -17.133    -12.802     12.134
  -1   -2    -13.840      1.798     11.768
  -1   -2     -0.739     -0.416      1.934
  -1   -2    -11.245     13.879     10.957
  -1   -2    -12.871     -2.042     -3.424
  -1   -2    -12.871     -2.042     -3.424
  -1   11     15.972     -3.260      4.240
  -1 1298     17.297     -0.896      8.637
  -1 1279      3.458      2.397      3.554
  -1   -2     18.954      2.707      7.037
 117   -2     -3.667      8.547      4.924
1217 1282     -4.117      5.052     -0.142
1269 1299     -9.464     -3.145     11.474
  -1   -2    -14.849     -1.747      5.802
1226 1286     -7.625     -3.485     -5.517
 443  537     15.371     10.141      7.979
  -1  851     -3.768     17.577     11.805
  -1   -2     -3.768     17.577     11.805
  -1   -2     18.864     -6.212     10.530
  92   -2     26.463     -6.425      8.135
 665   -2      0.576      4.652     10.132
 460  868     21.431     10.013      9.283
  86   -2     -6.878     -1.712      0.324
 164  560     -4.843     -3.817      3.582
 162   -2     26.202     -7.426     10.915
 211   -2     12.672     14.037      3.213
  -1   68     22.211      5.120      9.615
  -1   -2     22.923      1.071      9.935
  -1   -2     12.942     -7.327      5.528
 189   -2     10.805      3.989      9.601
1233  504     12.146      9.235      9.542
1242 1291     26.050     -7.667      8.910
   7  297      5.431      4.286     -3.994
1236 1290     16.323      6.508     -9.211
  -1  270     21.175     -1.605     11.007
  -1   -2     18.297     12.099     11.579
  -1   -2     -1.342     -0.922     11.066
 687   -2     15.826     12.733     11.919
 424  598     18.967     16.603      4.149
 260   -2      3.170     -5.854     -0.777
 938   -2     -4.707     16.006      9.069
 293  234    -16.439     -3.077      3.929
  -1   64      5.422      8.840      8.405
 560  524     20.932     10.366      6.021
 828  473     17.823     -2.414     11.138
  -1   -2      8.483    -12.530     -7.587
 799   -2     10.862      3.041      5.656
 474   -2     13.308     12.127     -8.588
  -1 1032     15.246     17.663      7.488
 580 1260     16.329     -6.260      6.801
 176  783    -12.148     -5.468      7.759
  -1   71     24.355     -2.404      8.880
 676   -2     -7.599    -12.455      7.668
 667  628      7.777     -3.368      9.904
 333   -2     -3.232      7.987     -1.838
  -1   -2     22.976      0.296      5.772
  -1   -2    -17.418     12.451      9.416
  -1 1033     11.201      0.273     10.907
 212   -2     -3.780     -0.651      9.812
 255  109     -5.338     13.932      4.466
 871   -2    -15.542     -3.487     -6.428
  -1  794    -18.488      1.599      7.343
  -1 1074      5.118      5.440      7.116
 924   -2     -9.904     -0.973      7.324
 534   -2     24.342     -3.162      7.851
1244   -2      6.737      1.717      7.215
  -1   -2     -5.973      6.645     10.832
 550  533     10.569      0.677     10.874
  -1   -2    -10.539    -14.178      4.629
 595  940     22.030     10.214      4.703
 603  495      8.652     -2.601      0.930
1184 1184     26.325    -22.902     11.595
  -1 1275    -10.411     -2.170     11.598
  -1   -2    -11.246     13.898     11.030
 246   -2     -0.694     -0.392      1.984
1234   -2      3.458      2.397      3.554
  -1   -2    -12.871     -2.042     -3.424
  -1   -2    -12.958     -1.993     -3.339
  -1 1303    -12.871     -2.042     -3.424
  -1   -2    -12.958     -1.993     -3.339
  -1 1224      2.685     10.045      5.134
  -1   -2      4.042     12.172      8.939
  -1   -2     16.468      3.602     -8.099
  -1   26     16.450      3.650     -7.835
  95 1229     18.954      2.707      7.037
 140 1300     18.867     -6.252     10.573
  -1   -2      5.677     -6.150      0.900
 962   -2     12.678    -10.649      4.586
  31   -2     15.867     -3.335      4.176
  -1   -2    -11.246     13.898     11.030
1212   -2     16.471      3.568     -8.010
1276   -2    -12.871     -2.042     -3.424
1271   99     16.321      6.472     -2.194
  -1   -2      6.587      8.346      2.045
  -1   -2    -11.246     13.898     11.030
  -1   -2     17.297     -0.896      8.637
1283 1308     19.127     -0.069     -8.064
 119 1301    -14.867     -1.843      5.542
  -1   -2    -11.246     13.898     11.030
1296 1312     17.297     -0.896      8.637
1292 1313     18.845     12.073     -5.026
  -1   -2    -11.246     13.898     11.030
 750   70      6.587      8.346      2.045
  -1   -2    -11.246     13.898     11.030
  -1   -2    -11.246     13.898     11.030
  -1   -2     10.932      2.433     -8.085
  -1   -2    -11.246     13.898     11.030
  -1   -2    -11.246     13.898     11.030
1298   -2     10.932      2.433     -8.085
  -1   -2    -11.246     13.898     11.030
1304 1322    -11.246     13.898     11.030
  49  993     18.332     11.999    -10.574
 157  510     11.694     -2.221     -5.996
1223   -2     10.239      4.116     -6.800
