1334
  60   78     -1.416     -1.160      4.196
  -1   -2    -11.147      4.489     12.152
 102    4    -11.052     -1.537      7.904
  -1   -2     13.008     -8.933     11.864
   5   -2    -10.905      7.528     10.017
  -1   -2     15.851      1.966     10.356
  -1   20     -9.239      9.073      6.818
   9   13      0.853     10.581     10.642
  -1 1325    -11.222     13.836     11.110
  -1   -2      8.412     -2.511     -5.154
1245 1287     -3.350      1.050      6.659
   4  974    -11.304     14.010      7.857
  77 1225     18.949     -1.542    -11.211
1125  427     -4.821      9.510     11.898
  -1   -2     -7.432      4.920     -6.151
  57 1224     -3.524      3.701     10.997
  12   15      8.843      9.345     -0.376
  -1   -2     16.432      3.627     -8.022
  17   12      7.343     -6.697      5.198
  74  147      5.784      0.282     -3.905
 101   23     -5.207      6.326      4.117
  -1 1310    -10.411     -2.194     11.780
  -1  153     15.157      4.082      4.577
 573   -2     11.770      3.205     12.203
 173  267     25.341      0.868     12.326
  -1   44      5.388      0.241     11.812
 838  398    -14.296     10.535      6.593
1251  266     -5.762     -0.727      4.502
  -1   -2    -13.718     11.352     10.669
  -1   34     16.810      0.978      9.213
1309  692     10.640     -7.801      4.621
  -1  620    -18.496      5.112      2.899
 891 1274     10.256      4.770     10.216
 256   70    -10.577     -0.585     -1.755
  -1  185     23.049     -3.485     11.226
   6   39     -8.885     -2.434     -1.855
  -1   55     -3.442     -1.844      4.718
  -1   80      7.884      6.452      0.339
  -1   -2    -15.378     12.751      3.748
  35 1219     16.241     11.202      4.432
  54  924    -16.811      1.091      8.898
 210    8     -9.123      7.847     -0.667
 193  450    -11.112      9.719     -2.688
1123   -2     18.746     13.617      8.687
  -1   -2      6.985      3.049      1.838
 218  898      2.175      5.139      6.888
  29  512     -2.223     14.993      7.420
 112   -2      1.603     -0.232      6.257
 973   -2    -14.661      2.366     -2.583
 714  157     -1.366      0.228      3.751
  -1  502     13.136     -5.450      8.150
 736  314     21.527      0.527      8.373
  19   -2    -16.546     -0.502      6.015
1280   -2     25.588      3.743      8.208
 368  651     -6.711      0.543     -2.090
 350   -2     24.151     12.355     12.733
  -1   -2     17.676      4.538      4.486
 566  276     26.403     -6.351      8.200
  -1  593     15.621      0.753     -2.893
  41 1221     19.299      3.286     -4.143
  59   35     18.864     -6.281     10.460
 839  592     -2.614      1.626     -0.725
 288   19      4.308      1.484      5.388
1247   -2     -0.690     11.126      3.922
  98   -2     15.091     12.077     -7.336
 512  109      8.548     -1.385      0.140
 423   -2      4.567      8.775     -6.835
  -1  138     -4.704      9.577     -5.209
 203   50     16.120     -2.505      3.155
 136   -2     16.578      0.037      1.914
  -1 1297      9.431     -5.611     11.062
  -1   -2     -3.678     11.057     -3.410
  -1   -2    -14.744     11.346      0.290
  64  540     -3.431     14.645      4.308
1281   -2     22.430      3.861      4.436
 199 1240     12.317     14.868      8.237
 510   -2     -7.994      2.777      0.223
 650   -2     20.216     13.325      5.165
 786  229    -12.458      2.207     10.421
1250  110     16.908      9.747      3.331
  -1   -2      0.902     17.435      9.455
  38  143     10.743      3.237      8.325
1291   -2    -12.109     -4.118     12.057
  -1   -2    -11.250      4.534      1.993
  62  491     -7.090     -0.983      6.751
 779   -2    -13.895      9.232     -1.848
 587   -2    -16.172     12.671     -3.988
  -1   32     17.350     -0.815      8.456
  69   -2     17.757      0.712     -4.836
  -1   -2      5.797      1.369     -9.941
1062  438     11.152      0.898      2.545
1054  782    -16.503     14.460      3.265
1069   -2      9.032      1.823     11.056
 792  718      1.149      1.044      3.936
 995   -2     -8.378      8.510     -2.665
  -1   -2     -0.654      3.652      1.260
 156   -2     -7.205     -2.371      1.702
  -1  195    -10.840      5.924     -1.778
1012   -2      2.819     -0.715     -3.818
 483  511      6.035      5.440      4.077
  -1  131    -20.356      0.801      8.689
1014 1279     -1.447     14.101     12.127
  -1  227    -16.344     -0.885      0.754
  -1   -2      9.436     12.536      0.160
  -1   -2      5.828     12.344     -9.309
 749 1065     -2.951     10.232      7.073
 532  655     14.553     -8.524     11.884
 357   56      7.655      5.071      9.852
 202   -2      5.829      1.769     -1.339
   7  123     14.894     -0.031     -6.033
  66   -2    -15.578      1.166      9.511
  -1  233     12.255     -9.275     -5.519
  -1 1143    -11.739     -2.543      0.675
 107 1300     12.178     -1.650      2.562
  -1   42     17.899      7.214      0.043
1111   -2      5.700      2.928      3.160
  -1   -2     19.261     -4.169      6.371
  92   -2    -12.661     -1.140     -0.948
  46 1222     11.592      5.567      6.743
  -1  355     18.885      4.900      1.829
  -1   -2      2.030     -1.791      7.354
  34  479      0.031     -0.003     12.063
 722  203     15.435      9.869    -11.137
 803  178    -12.105      0.505     10.673
 323   -2     13.203     11.783      8.715
  -1  896     -3.068      9.353     10.160
 821    3    -10.354      7.630      7.414
 380   -2      5.030      7.585     10.555
 188  494      3.811      1.986     -3.913
 473   -2     11.314     11.419     10.292
 149   79     20.178      3.992      4.325
 122   -2    -18.095     -6.193      7.474
 594   -2     17.657      9.864      0.149
  -1  311     18.202     -4.056      5.048
  -1   -2     24.304     -1.817      7.171
  -1   -2     -1.676      6.542     -8.040
 145  713     15.054     10.957      7.469
  -1   -2      1.918      7.079      4.055
  -1  114    -13.029     13.804     11.023
  -1  480     -3.910     -3.434     10.288
 396 1260     10.952     -0.496     -8.789
  20  211     12.938     -6.174      7.526
  -1  130      5.900      9.776      6.677
 667  825     10.198      9.746      4.635
  28   -2     -5.245     12.146      8.957
 201  146    -19.354      3.758     10.160
  -1   -2     13.943      0.458      1.141
  -1  538     -1.179      0.793     11.565
  -1  460     19.319      0.075     -5.413
1068   -2      8.883     13.254     10.598
 932  891      6.974     14.028      9.516
 771   -2     25.355      1.699     11.015
 581  258    -14.300     -7.525     11.735
  -1  672     13.141      9.675     -7.789
 195   -2      1.983     -9.331      5.198
 113  214     21.390     10.601      4.052
1178  489     20.827     -3.292      5.869
 433  623     19.874      9.927     11.841
  -1  935     26.376      7.537     12.705
  -1   84     23.477      3.510      3.464
 130  125     14.917     -0.489      2.436
  -1   -2    -13.395      7.369     -1.314
 608  925     23.134    -15.062     12.362
  96  379      7.553     -2.017      8.937
  -1  358     20.398     -3.355     -6.854
  84   -2     -2.410     15.125     10.514
1167   -2     13.127     -7.831      2.086
  45  210     -7.436     -3.191      1.434
  -1 1105    -17.065      7.795     10.374
 258   -2      1.432    -13.327     -8.080
 874  404     22.776    -11.475      7.581
 999   -2     11.636      2.917     -0.848
  -1   -2     -8.698     12.881     -4.279
 180 1238     19.172      4.311     -3.064
  -1   -2    -12.903     -1.960     -3.332
  -1   -2     24.355     10.629     10.738
 729   -2      2.523     -4.691      5.077
 843 1104     17.981      5.353     -3.535
 363 1014    -18.877      4.875      9.235
 124  206      9.386     -2.552      0.986
 334  796      7.102     12.142     12.001
  -1  270     10.656     -7.320      9.703
 467  335     -4.250      4.639      9.245
  -1  352     16.310      6.745      4.554
 773  834    -16.063      5.621     -2.279
1295  176      8.262      2.001     10.751
  -1   -2      2.735     -3.021     -5.302
 286   -2     24.621      5.853     12.411
 862  483     18.921      9.572      8.105
 100   -2      6.294     13.392      1.018
 207   -2     13.273     -3.137      2.578
  -1   -2     10.248     -2.505      4.646
 163   -2     22.635     14.005      1.721
 774  394      9.959     13.016     10.208
  79  200      3.503     10.367      7.661
  -1   -2      4.254     15.200      1.742
1267 1299     16.775      7.774     -5.403
 118   -2      3.123      9.996      1.080
 384 1076     -2.343     -5.365      0.319
 575  291    -14.800     -1.930      5.397
 501   -2      9.860     16.481      6.155
 632  462    -16.276      3.770     -8.111
  -1 1038     17.905     14.213      1.921
 758   -2     -5.620     -2.310      0.698
  -1   -2      8.193     -3.412    -10.260
 546   -2      0.293     -9.571      2.379
 877   -2     -5.282     14.032      7.997
1107  136     10.368     -1.732      8.380
 271   95    -15.260      0.442      6.124
1287  271     21.394      8.597     10.846
  72  617     13.938      4.739     10.882
 365  624      6.336      5.390      5.911
 200   -2     17.353     -1.400      8.068
 260   -2     -1.095      4.473      7.174
1264  189    -13.417     -1.531      3.721
1170  860    -13.472     14.590      4.359
 151   -2    -14.485     14.390     10.389
 340  996      3.428     13.210      5.905
  -1 1244     13.979     -4.341      2.726
  50  569     -4.289      8.082     -2.965
 747  246     14.876      6.662      0.773
 748  156     12.929     11.304     11.075
  -1  377    -17.239      0.413     12.499
  -1   -2     19.165      0.105     -2.372
  -1  111    -11.422     -1.120      2.213
1108  331     23.047      1.011     10.754
1186   24      4.999     -6.262     12.200
  15   -2    -18.845      4.569      5.943
 251   -2     19.885     -6.950      2.788
 223  250     -4.918     -3.729      3.989
 417   -2     22.407      3.887      8.252
1005   -2      0.411     10.586      7.050
 115   -2     19.544      3.568      9.251
1082  396      6.295     -9.181      1.775
  -1  743     -6.490     -2.892      7.270
 908   -2     -4.504      1.719     12.228
 290   -2     -1.056      5.338      5.858
  -1   -2     11.908      7.922     10.331
 569   -2     22.105     -8.209     -2.294
  -1  582     19.609      1.907     10.468
 347   -2      5.882     -4.203      5.704
1044   -2     -4.674     13.332      3.011
 465   -2     -2.023      6.560     -0.011
 150   -2     24.018     -2.833      9.766
  -1   -2     -6.601      6.951     -5.820
 335   -2      5.567      1.546     12.171
  -1 1265     -4.243      0.323      6.044
 651  636     18.243     12.874     -6.444
 228  260    -19.156      1.038      9.668
 279 1252     12.493      4.106      4.399
 412   -2    -18.911     -0.166     12.154
 654  414      7.735     10.661     -0.033
 170   -2     25.489     -8.596      7.663
 307 1255      3.338      9.111    -10.098
  -1   -2      5.089      6.001     -6.059
 243  570     16.156     -1.107     11.352
 502 1266     -3.728     -7.258     -5.895
 336   -2    -13.260     -8.612      6.118
 254  320     11.879      7.101     -1.946
 289   -2      9.045     15.472      3.797
  -1   -2     -3.726     14.223      2.123
  -1  306     12.439     11.467      9.087
 560   -2      5.878     -0.196      8.086
 659   -2      6.035      4.295      9.578
  -1  334      0.217      7.166      9.676
  -1  704     11.862      4.537     -0.311
  -1  675     19.621     -0.867     10.454
 190   -2     -4.512      7.248     -3.558
  -1   -2      1.124      8.751     -7.678
 451   -2     15.520     -8.891      0.920
  -1  955     -0.041     -9.136     11.102
  -1  543      8.521      9.456      9.892
 754   -2     15.172     12.075      2.431
 828  980    -15.707     -4.922      5.554
 791   -2    -12.062     -7.286     12.529
  94   -2     19.753     13.055     11.226
  -1  613      0.944     11.307    -11.945
 277   -2    -13.014     -6.853      9.628
 470   77     15.041     15.189      1.782
  -1   -2     -6.493      8.497      1.025
 644  408     12.784     -8.807      4.162
 120   -2      2.363      4.429     -2.761
 229 1247     -9.768     -6.874     -1.445
 358   -2     20.875      7.376      7.126
 584  116    -14.226      7.990      2.107
  -1   30    -11.783     10.387     -8.272
1083   -2      1.333     13.173     10.317
  32   -2    -11.058     -5.237      9.259
  -1   -2      0.399      5.508     11.825
 311   -2      5.955     -5.875      9.687
 848  641     23.746     13.138      5.631
  -1  701     20.387     -6.565      8.359
 449   -2      0.878     -2.026      3.499
 811  360     -3.239      5.015      5.311
1097  471    -12.036     13.324      2.653
 370   -2      0.014     -1.372     10.624
 409   -2      3.184      0.495     11.567
  -1   65     -2.666     -5.776    -12.507
 440   -2    -11.923      2.761     -4.312
  -1  120    -16.936     -2.335      8.328
 867   -2     -4.008     17.674     11.504
  -1  274    -13.060      1.303     -3.204
 718  682     19.761     -1.867      6.589
  -1   -2     20.936     -4.923     12.202
  -1  616     12.569     -3.442      6.075
  -1 1026     23.505      5.292     -0.854
 776 1081     11.507      9.058      9.982
 875   -2     13.324     17.341     12.114
 471 1103     -2.518     16.553      9.500
  -1  418      8.890      6.733      1.500
  -1   -2      3.574     11.821      8.265
 553  342     -6.232     -5.177     -4.210
  -1   -2     14.370      3.707      2.101
 161   87     12.751     14.107      3.089
  -1  869     16.485     -4.443     12.412
 247   -2     14.616      2.973      8.562
 452  269     25.984     -0.899      5.649
 224   -2     13.030     -9.835      5.697
  -1   -2     -3.137      3.532     -1.547
 366  805    -17.280     12.190      0.435
 849   -2    -16.718     11.971     12.019
  -1   -2     10.443      8.501     -7.089
  -1  323    -14.486     -3.084     11.181
 333   -2      7.115     -7.607      8.326
 182 1239     16.173     -3.886      9.555
  -1  121     -2.083     13.344      8.282
  -1   -2     -7.901     11.342      3.918
 526   -2    -20.412      4.401     11.699
  65  871      1.802      5.358      0.527
 795   -2    -13.032      0.916     12.124
  -1  251     25.590      1.449      6.461
 208  664     10.073     -5.496      6.170
  -1   -2     18.095      9.729     -5.738
 823   -2    -14.312     -1.312     10.736
 964  141     17.651      7.854      6.757
  -1  765     13.743     14.446     12.550
 382   -2     18.185     13.738     -1.687
  -1  551    -15.743    -10.713      8.784
 375 1084      0.727     -7.288      5.268
 434  378      3.193     -6.097      0.741
1007   -2     13.937     16.106      7.147
  -1   -2     16.694      6.903     -0.437
1184  549     23.303      1.941     10.004
  -1  889     16.274    -10.744    -10.032
1286  501      3.290    -10.190      3.375
  -1  603     18.415     10.391     -4.681
 988  565    -17.436     -4.193     11.968
1114   27      0.653      2.451      8.012
 606   -2     11.975     -2.909     11.571
  13   -2    -17.244      5.486     11.783
1283   -2      5.007     -0.159      9.843
 549   -2     11.553      0.682     11.956
 248   -2    -12.245     14.395     11.915
 957   -2     18.082      1.855      7.084
  52   -2      7.042      3.341      9.660
  -1  327     25.059     -5.161     10.357
 204 1243      0.028      4.689     -7.304
 300   -2     15.220      3.471     11.544
  -1  265     -2.256     -8.856     12.752
  -1   -2     18.548     16.909      4.201
 661   -2     10.864     -8.079     11.025
  -1   -2    -15.123     -7.455     -1.838
 931   -2     -1.687      3.321     -4.826
 119  588     -9.699     -3.005     11.954
  -1  478     -2.900    -11.684      7.877
 678   -2    -13.190     -0.828     10.117
  -1  899      6.033     -7.538      0.938
1282 1301     -6.202     15.559      3.385
  -1   -2     -6.561    -12.480     -6.895
 385  532     -3.883      9.651      1.672
 466  357     22.101     -5.044      8.439
 906   -2     -6.019     -0.685      7.843
 496 1142     -4.553    -10.191     -1.186
  -1   -2     13.484     -3.518      7.628
  -1   -2      0.355     -6.327     -6.307
1159   -2     -2.310      5.438     12.334
  39   -2    -11.108     -2.965      4.872
  -1  644     -9.451     10.787     12.245
  -1   -2     21.801      0.167     -0.263
1030  230     20.863      2.734      8.133
 373  321     17.328      4.618     12.216
  -1 1114     -5.424      0.557      0.653
  -1  428     -0.389      8.277      2.651
  -1  285     20.927      6.433     12.120
  -1  186     12.259     -0.187     -8.443
 834  928      0.875     14.283     11.374
  -1  252     16.339     11.873      7.666
  -1   -2      8.241     10.007      4.333
  -1   -2     11.914      6.630     -8.040
  -1   -2    -13.157      1.270      4.230
  -1   -2     21.733     -3.959     -3.270
 337  174     19.920     -7.928      2.794
 707   -2      7.197     -9.822      7.739
  67  667      2.675     -2.300      7.228
  -1   -2     21.655      8.360      0.000
 387 1254      2.471     11.986     -1.049
 590   -2     -1.966     -5.251      6.343
1028  101     25.460     12.687     12.288
 827   -2    -18.815     -8.314     10.068
  -1  916      5.360    -11.423      6.628
  -1 1148      5.675     -3.325     11.221
  -1  533     16.554     -3.510      0.564
  -1  308     13.447      7.208      1.228
 480  243     25.475      9.999      6.244
 614   -2     18.107      4.814      7.364
  -1   -2     -2.229      4.776      9.984
 214   -2     25.654     -4.550      6.856
 589  262     26.061      2.278     10.906
 301   -2     18.001     -2.704      1.134
1051   -2    -10.543      1.642      8.633
 521   -2     21.155      9.607     -4.973
 899  855      3.219      8.986      9.489
1177   89     16.690      5.906      8.535
 952   -2     21.582      4.132     11.632
  68   -2     -1.638      1.685     11.338
1137   96      9.516     15.064      9.939
 313   -2      4.909      9.296      6.880
 635   -2      2.472     -4.381     11.826
 206   -2    -13.029      9.014      2.999
1086   -2      2.064     16.021      7.765
  -1   -2      5.548      7.170      6.154
1199  900     -2.601    -11.976     -4.429
 613  104      7.824     -5.641     -1.158
1061   -2     12.667     -8.810     11.389
 675   -2     20.599      2.919     -4.885
  -1  447      7.681     16.801      6.253
  -1   -2     -9.576     -5.791      1.989
  -1  453     21.729      2.782     -5.295
 477   -2      9.035    -14.360     -1.258
  -1   75     -4.637     -1.308      1.547
  -1  614      2.042     -2.885     12.320
 802   -2     26.557     -5.817      8.176
 499  746      9.782      9.481      8.648
1208   -2     19.419     17.278      6.524
  -1   -2     22.151      0.304     -4.803
  -1   -2     -2.177      8.530     -9.756
 676  383    -16.901     -3.667      7.647
 611 1283      6.982      0.225     11.875
  -1   -2    -14.605     -1.727     -3.104
  -1   -2     17.191     -2.769     -7.167
 968   -2     21.289    -10.876      4.187
 528  529    -15.309      6.565     -8.079
  -1  594     23.124      8.891      0.114
 533  544      8.718     13.168     -7.067
1164  685      1.192    -13.099      7.343
  -1  934     17.742    -10.270      5.720
1201  638    -11.207     -9.439     10.609
 648  380     -4.420     -2.095      7.253
  -1   -2      1.851     10.515      7.391
  -1  791      8.234     -0.269      6.726
 221   -2    -13.349      9.411     -6.184
 550  115    -18.720     -2.272      7.087
  -1   -2     19.423      7.865      8.182
 975  810    -15.228      2.477     11.949
  -1  493      4.670     14.425      7.123
 169  707     23.314      0.274      7.834
  -1   -2     -0.913      7.631     -4.814
 439  487     -3.890      8.001     -6.435
 950 1140     -4.482      6.985      9.799
 284   58     10.342     -4.960      2.186
 702  289     -1.538     -2.907      4.756
 198   -2     24.848     -4.357      7.583
 756   -2     12.539     -6.299     -2.430
 958 1000    -17.389     10.139     12.321
  -1  173     21.260     -4.088      8.980
  -1   -2     23.283     16.310      5.847
  -1  700     -9.843     -5.472      5.390
1141  567      1.772     -8.245     -3.749
  -1   -2      5.182     -0.203     -3.720
1195 1130      4.652     -0.373      9.014
 519   -2    -11.135     16.751     11.613
 424   -2     22.876     -1.501     10.465
  -1   -2     -1.101      2.966      3.835
 810   -2    -10.668      0.610      6.460
 399  965      7.511     -3.285      3.682
  -1  239    -13.181      7.563    -11.841
  -1 1018    -11.703     -5.529      8.275
 978  621    -16.656    -11.930      2.378
 662 1160     20.305     -0.321      8.072
  -1   -2      9.842      8.379     -0.156
  -1 1045    -20.948      0.271     12.266
 418 1264    -12.119      0.257     -2.841
  -1  550     -1.612     -8.830      6.069
  -1   -2      5.223      3.469      7.775
 194   -2     25.516      2.341      8.255
 609   -2     23.130     -0.108     -0.695
 883  744      8.094     14.530     10.293
 132   -2    -16.788     -0.535     10.550
 743  434      5.463     -3.258     -4.140
 246  275     -4.211      8.363      4.843
 721  766     15.795     -4.460      6.944
 731   -2     16.797     13.235     12.458
  -1   -2     -1.983     -7.542      6.252
1160  561     -7.320      4.065     -5.120
  -1   -2      8.625      5.628     11.452
  -1 1131      6.721     -3.968      6.531
 217  165     23.192     11.419      8.218
1026  481     18.269     16.350     10.340
  -1   -2     21.604      9.755      7.852
  -1   -2     -6.699    -12.291      4.342
   0  426    -10.147      5.767      4.748
 445 1097      7.312     -9.909      0.682
  -1   -2     11.279     -2.387     -1.710
 693   -2      2.773     -8.411      8.769
  -1  392     24.939      7.664      8.102
 296   -2      5.366     -3.925    -11.732
 965  304    -12.862      2.006      0.580
 912  305     26.252     -3.668     10.432
 872  625    -11.216     -8.957     -1.272
1003  126    -19.209      6.570      9.485
 266   -2     -5.125     11.811     -9.519
  -1   -2     19.533      5.423      5.166
  -1   -2     20.104      4.861      9.556
  -1 1270     17.460     12.121      3.615
 615  374    -16.293      0.855     -3.662
 670  608     11.084     16.274      9.913
 346   -2      9.086     -1.224      6.232
1185  279     26.198     -1.022      9.765
  -1   -2     21.985      2.035     12.576
 669  280    -11.627    -11.071      7.170
 488   -2     22.279    -10.389      9.643
  -1  204     19.610     13.963      6.690
  -1  678     11.915     -0.028      6.098
 941 1277      2.790      4.723     -5.939
 328   -2     24.755      1.850      4.647
  -1  602     20.712     -4.121     -3.077
  -1   -2    -16.417    -11.832      9.653
 421   -2    -14.951     -2.754      1.542
  -1  843    -11.213     13.421     -2.785
 146  144     25.581      4.290      6.725
  44  509     20.689     11.080     10.462
 909   -2     -9.490     -6.720      6.671
 297   -2     -7.664     15.701     10.849
 866   -2     15.594     10.176      3.085
  -1   -2     16.755      5.052    -12.099
  -1 1001      1.217      9.899      2.228
 684  411      9.676     14.221     -4.108
  -1   -2     -3.124     -4.926      3.373
 320   -2      7.829     -7.501     11.727
  -1   -2     12.433     -1.045      5.958
  -1  884     14.658     -5.102     12.100
 191   81    -13.876     12.566      9.235
 215  872    -18.724      8.827      9.541
  -1  272     -2.786     -7.267      0.869
 402   -2     14.179      5.961      6.742
 454   -2     10.147     -1.741      6.771
  -1   -2      8.218     10.605      1.227
  -1   -2     -2.170     12.616      4.708
 422  496     -4.243    -11.259     -3.727
1162  286    -11.850     17.420     11.911
 777   -2      7.461      9.665      9.191
  -1   -2     11.447     -4.239     11.546
 623  367     -2.609     -7.711      7.317
 321   -2      4.638     -0.497      5.855
  -1   -2     25.624     11.086      4.833
 739 1101     23.407     10.370     10.640
  -1   -2     21.884     12.074     -2.895
 806  170    -17.834     -0.154      7.181
1117   -2     -1.570      0.132      8.035
 506   -2     13.356      3.595     -2.965
 250   -2     -5.152     14.540      2.673
  -1   -2     -8.814      9.234    -11.956
 369  461      3.553     -0.538      1.396
 746  665      4.900    -10.883     12.363
1084   -2     -4.710     -9.035     12.517
  -1  300     22.807     -8.311      1.175
  -1   -2     -4.284     -9.281     -6.720
 154  647     21.704    -11.276      7.149
 686 1271      6.721     -0.802      9.421
  -1  764     19.781     -9.857     -4.936
  -1  648     20.064      0.548      4.559
 511 1246      9.043    -11.212      7.490
  -1   -2     25.253     -6.534      8.528
 703  590     15.116     -1.427      9.942
 339 1060     23.079     12.687     10.279
  -1  208    -12.177     16.475     12.287
  -1  576     -7.012     -5.670     10.070
  -1   -2     11.283      3.626      3.039
 231  212      0.026      7.149     -3.639
  -1   -2     -0.973     -5.043     -6.586
 453   -2     -8.369      1.694     12.121
  -1  499     -8.418     13.522      9.773
  -1   -2     -1.680     -4.780      3.335
  -1   -2     20.510     -2.085      5.731
  -1  240      0.449     -3.099      2.227
  -1   -2     21.505      4.830     -5.575
 416  192     -9.990     -0.866      3.756
 443  752      2.233     -4.871      8.479
  21   -2     -9.495     10.085     10.970
  -1  310     -9.340    -12.368      5.293
  -1   -2      3.779    -14.403      3.514
  -1   -2      1.669      1.881      9.612
 227   -2     19.270     10.847      2.144
  -1 1113     19.041     -6.690      2.868
 804   -2    -11.442     10.891     12.182
1237  373     20.874     16.320      9.688
1270  474     23.046      0.048      6.408
1022 1162     14.282    -15.834      2.965
  -1   -2      3.313      1.827      9.579
 534   -2     14.006    -11.225      7.076
 677   -2      8.488      9.795     -5.176
  -1  202     -5.233     12.739     12.017
  -1   72      7.895      7.511      5.314
 710   -2      0.719    -10.502      6.209
  -1   -2     19.736      1.471      4.149
  -1  424     18.715     10.624      4.827
 285   -2     -3.763     -9.641      0.138
 755   -2      9.637     -8.292     11.472
  -1  445     22.364     -9.026     10.506
1269  103      6.704     14.088      6.799
  -1   -2     19.183     -7.260     -4.760
  -1   -2     13.353     -9.566     -3.730
  -1   -2    -14.843      2.767      8.861
  -1   -2     18.661    -16.665      6.151
 442  757     16.413      4.130      7.566
 938 1278      5.726     -9.441      4.569
1059 1111      6.081     10.825     11.628
 705  456      4.571     -1.434      7.505
  -1  714     19.998      6.408    -10.764
  -1   -2     -1.170    -12.378     -4.726
 745 1050     21.340     16.887      4.989
  -1   -2     14.673      9.918    -10.362
 356  738    -15.026     -6.066     11.232
  14   -2     17.767      4.834      1.769
 652   -2    -13.708      1.601      1.199
1138  926      5.150    -15.710      3.983
 327  313      4.394     -4.165      9.294
  -1  526     -5.849     -8.026      4.755
 567   -2    -16.171     14.332      5.186
 819   62     22.273     -1.859      6.307
 371   -2    -10.949     13.884      0.329
 881   -2     -6.882      0.600      7.191
 942  199      8.688     12.140      9.665
  -1   -2    -19.455     -4.167     10.349
 974  607     -5.029     15.960      6.194
  -1  527     17.638      3.319      7.295
 310  465     12.077      7.778      0.643
 457  645     14.859     -2.796      6.459
1043 1122     22.362      6.101      6.769
  -1  403      6.661     -9.629      8.212
 817   -2     22.232     -6.432     11.122
  -1  568     -2.490    -16.804     11.876
 724 1051     15.883     18.010      9.701
 493 1237     22.573     14.910     -0.314
1335 1052    -11.035     15.808     10.388
 293  622      3.840     11.199     -5.352
 252   -2     17.784      7.813     -2.407
 482  433      6.481     -4.653     -3.397
 179 1156      9.861     -7.542      9.228
 299   -2    -17.004     -6.495      7.884
  -1   -2    -13.231    -11.851     11.951
  -1 1099      5.520    -11.235     -3.013
  -1   -2     -1.876    -17.869      7.205
1156  105     11.431     10.290      7.724
  -1  253      0.285      7.272     12.181
 517   -2      7.567     10.130     11.290
 752   -2      8.287    -11.386     -1.083
 683  506      3.061    -11.059      5.880
1205 1058     -8.081     -9.704      8.801
 954  737      7.341     18.464     11.064
 816  995     21.883    -12.360     11.618
  -1   -2     -1.921      4.967      0.128
 713   -2     25.247     10.282     10.914
  -1   -2     26.617     10.437      8.920
 355  676     16.598     14.005      4.294
 468  694     19.413     -3.321     -0.241
  -1   -2      7.915     -7.476     -5.291
 681  564     16.504     -7.036      1.126
 695   -2     15.538      3.878      1.108
  -1   -2     21.474      1.265     -0.921
  -1   -2    -12.728      5.105     -8.433
  -1   -2    -11.425      1.437      0.599
1011  155     17.259      7.478      9.103
  88   -2      2.351     -6.684      8.385
 232   -2      3.709      5.681      7.963
 116   -2     10.304      2.787      5.130
 292   -2     15.268    -12.836      6.056
  -1  631     17.321     17.367      6.211
 175   -2     19.663      0.843      9.003
  -1   -2    -11.972     -5.433     -3.463
 392   -2     -7.520    -12.158      2.350
1317   -2     -8.048     -2.867     11.224
  -1  597      1.336     -8.270      8.268
 936 1165      6.286     10.238     12.470
 924   -2     14.010    -12.796     -7.004
1092  630      3.721    -13.083     -4.708
  -1  187     -0.882     12.569     -0.337
 674  729     -7.740     -4.772      8.968
1089  393    -12.422     -3.660      5.183
  -1   -2     26.100     -2.070      3.708
 818  345      1.251     16.152      5.901
 751   -2      3.528    -13.222      6.948
 873   -2     18.516     -7.813     10.342
  -1 1145      8.525      1.378     -0.701
 603   -2      5.384    -12.795      2.411
 525  464     19.542      7.468     12.159
1300   -2     18.473     -1.762     -5.443
 428  876     18.944     -9.068      0.830
 627  224     -4.012     -2.292      8.318
 638   -2     -4.904    -11.354      5.803
 472   -2      6.957     15.161      7.493
 664   -2     -2.114    -15.295      8.960
  -1   -2      8.558    -10.807     -4.378
  -1   -2     -1.632      8.871     -3.735
  -1   -2      3.723     14.397     -1.422
  -1  132    -13.400      0.186     11.956
  -1  733      8.137    -17.059      2.845
  -1   -2    -14.266     -4.771     -4.011
  -1   -2     -4.713     -4.596     11.400
 679  118     21.554     12.160     11.123
 860  336      4.467     12.088     10.450
  -1  365    -15.014     -2.987      9.148
 927   -2     15.995     17.071      6.434
1197   -2      0.679     14.162      9.694
  -1   -2      1.317     -0.582     10.476
 420   -2      5.176    -11.006      9.882
  -1   -2     20.687     -4.074      1.589
1180  432    -11.389    -12.863      8.096
  -1   -2     -3.853      5.159      0.018
 689   -2    -13.744     -9.101     11.656
 338 1262     15.130      5.912      4.972
  76  371     23.460      9.793      8.107
  -1   -2     22.445     10.008      1.968
 622  971     21.162      4.151     -1.042
  -1  363     -8.666     17.396     11.459
   1  668      0.535     -0.839     -0.345
  -1  500     13.035      3.160      8.045
 649   -2     12.099     -3.134     -6.402
  -1   -2     14.147      1.070      1.595
1337  400    -13.556     -8.932     -0.827
  -1   -2     10.574     14.645      8.499
 928   -2    -10.629     -3.441      8.501
 469  341     15.459      4.220     -1.153
  -1   -2     -2.614      6.052     -7.442
 870   -2     12.099     -6.734      9.174
 770  977      8.545     -3.848      9.224
  -1   -2     18.344     -1.097      6.173
  -1   -2      2.553     -5.571      0.249
 262   -2     19.937      6.088      5.330
 143  353     17.731      3.073      5.769
  -1   45      2.408     -1.372     11.041
1018   -2      9.905     -8.404     -0.425
  -1   -2     11.770      1.428      5.225
1161   -2     23.767      5.560      7.858
  -1  680     24.216     -6.160      1.179
1095   -2    -19.414     -8.867      7.423
  -1   -2     19.766      2.053    -10.350
  -1  337      0.861     18.013     12.193
 966   -2     16.376     -2.995     -2.254
 672   -2     12.689     -8.824    -11.980
  -1   -2     15.660     -5.854     -2.411
  -1   -2    -12.667     -2.715    -10.830
1288  615      7.584     -4.719      8.584
 733   -2     20.541     -0.898     -7.482
  -1   -2     27.312      9.679     12.070
 604   -2      8.574    -12.755     -1.180
1004   -2    -10.033    -13.134     -2.339
  -1   -2     15.474     10.565     11.687
  -1   -2    -10.919    -10.782     -6.149
  -1   -2      2.098     -1.091     -4.291
 757   -2    -18.300    -11.062      7.408
  -1   -2      1.116     -6.130     -0.955
 261  183     -3.957     -4.505      8.969
  -1   -2     16.659      4.668     10.198
1129   -2     26.473     -2.581      5.967
1189  542      5.516    -16.863      5.506
 939  451    -12.435    -12.601      3.705
  -1  395      7.937      0.242      4.401
 987   -2     20.668      9.516      7.439
 960   -2     -1.384     -3.719     11.518
 642   -2    -11.098      0.626    -11.366
 919  563    -19.699     -6.757     10.577
  -1   -2      5.597     10.283      8.362
 450   -2     -6.971     -4.766     11.301
  -1   -2     17.863     -9.404     -3.529
  -1   -2     23.562     -0.298      3.921
1193 1068     -6.098     -8.106     10.923
1066  868     -5.101    -18.258     11.886
1290 1023     14.381      9.042      7.515
 530  660    -13.892     -7.005     -9.016
 826  777     26.042    -17.109      6.615
  -1   10    -14.457      6.609      5.321
  -1   -2     -9.005     10.670     -2.654
1017   90    -10.756      9.179      2.535
  -1  598     27.618      4.226     10.354
 127  776    -14.411      4.836      5.583
 847  382    -20.422     -2.646     11.341
1131  775    -16.958     14.532      8.852
 895  619     15.652    -10.474     10.403
1010  697    -18.996     12.253      8.747
 787   -2    -15.701     14.450      7.241
 996   -2     27.164     13.922      6.752
  -1   -2    -12.427     10.037     -2.713
  27   -2    -11.237     -1.160     11.044
  -1  423      6.273     15.391      8.262
 425  740    -19.696     -2.429      8.819
  -1   -2    -20.852      1.129     12.397
  -1  150    -11.773     -2.166     -5.450
  -1   85     20.130     11.773      5.708
  -1  217    -10.933      3.240     11.332
  -1   31     -3.084     13.602     12.294
 278   -2      2.484      6.971      7.984
  -1  715      8.882      7.276     10.457
 809   -2     -1.271     19.430      8.714
 415   -2      3.341      6.460      2.613
1121   -2     -2.121     12.475      8.866
  -1   -2      9.400     14.028     -1.249
  -1  557    -20.753     -0.935      7.273
1048   -2     25.494     14.630     10.381
 539  198     13.447     -6.450      9.863
  -1  317    -12.428     10.079      7.076
  -1  817     23.201     17.726      5.881
 605  492     -6.098     -2.939      9.929
 538  820    -21.227     -0.817     10.187
  -1   -2      1.727      9.163      5.244
  -1   -2    -13.358      8.340      8.711
 287   -2     24.861      5.728      5.266
 362 1123      1.982     -5.791     -1.647
  -1  560     11.189     16.124      6.812
 500  649    -17.114    -10.979     10.497
 832   -2    -16.247     -4.992     -8.020
 126   -2     23.058      3.666      4.624
  -1   -2    -19.476     -0.373      5.916
  -1  846    -20.224      6.351      8.979
  -1   -2     -5.684      3.379     -9.208
  -1   -2     -1.152     17.233      6.156
 788   -2      4.277      9.833     10.827
 882   98      0.496      8.061      6.889
 822  629     -8.804      7.155     -3.185
  -1  209      3.447     10.137      5.458
  -1  626    -20.596    -10.021      7.566
  -1   -2    -13.659      3.542     11.173
 281  343     -5.567     16.542     10.425
 312  369    -14.640      6.367     -3.410
 630  829     -3.679     13.511      7.547
 618    1     -9.667      8.172     11.972
  -1  845     -0.325      4.667      6.885
 360   -2    -18.342      6.616     10.403
  56   -2      0.079      6.758      8.313
 607   -2     -8.724     14.159      9.810
  -1   -2     26.807      2.437      3.985
 905  830    -12.695    -16.657     -2.543
  -1  646    -14.248     -1.460      2.176
  -1   -2    -20.244      1.980      6.128
 536  716      3.078     11.003     -3.867
  -1  821     -8.812      5.468     -1.289
 282  435     15.974     11.564     -4.123
  -1  807     -9.429     14.003      0.244
  -1  946     19.604    -17.265     11.094
  -1  841      2.185      7.476      8.291
1049 1095     28.523      6.112     10.160
  -1 1102     -3.535     16.360     11.798
  -1   60    -13.066      2.080     11.543
  -1  847      1.047     12.954      7.042
  -1  773     -8.298    -10.013     11.689
 397   -2     22.912     15.117      7.601
  -1   -2     -6.461     -2.454      4.097
  -1  882    -20.434     -4.928      6.694
  -1  892     23.908     -8.999     12.773
  -1  859    -21.496     -3.621     11.482
1055 1280     -8.781      3.229      8.437
  -1   -2     -2.048     14.486     12.189
  -1 1006     17.347      8.566      3.619
1275   -2     -4.410     13.068      7.888
 114   -2      0.475      9.993      7.791
  -1  581    -16.920      2.760     11.266
  -1  639     -6.985      1.360     11.507
 800  301     -7.348     12.443      9.893
 992   -2     -3.568     15.343      6.491
  36 1064      7.785      5.312      6.916
  -1  778      0.023     10.379      2.951
  -1  441    -12.128     11.845      9.401
  -1   -2      8.582      5.744     -1.948
  -1   -2     13.324    -12.772     -5.447
  -1   -2    -12.046    -14.918      5.168
1312  656     -4.677     -5.059    -10.634
 903   -2     28.446      7.729      5.644
 971   33    -10.422      2.538      7.439
  -1  749     -1.504      4.549      8.941
 896   -2     12.966    -13.015     -2.575
 805   -2    -21.190     -3.673     10.453
  -1  463    -13.416     -5.866     11.137
  -1  698    -21.171     -6.417      6.948
 696   -2     10.015     12.715     12.393
 209   -2     21.316     -6.226      0.141
  -1   -2    -18.616     11.971     12.547
1101  482      3.583    -12.154     -6.308
  -1 1094     21.766     -0.679     11.101
  -1  866     -8.572     14.442      5.651
  -1   -2     -5.992     -1.996      6.265
1134   -2     17.236     17.058     10.695
  -1 1136    -14.356      9.693      9.204
1213   49     12.500      4.440      4.807
1046  160     -1.078     -7.274     -1.288
  -1   -2     25.745     -9.714      2.154
  -1  721      0.961    -18.670     10.617
  -1  220     28.438     -4.054      9.100
  -1   -2     11.868     -4.701     -1.246
 629   88     -0.355     12.158     11.033
1263  944     26.076     -7.516      9.286
  -1   -2      5.405      8.323     -9.266
1080  162    -18.813     10.086     12.019
  -1   -2      4.971    -14.111      4.583
  -1   -2      1.866      0.853      8.947
  -1 1107     11.339      5.456      9.816
 302  862    -15.601      4.782     11.840
  -1  458     21.287      3.010     12.150
  -1   -2     16.190      6.490    -10.218
  -1  642      6.864      3.222     12.576
  -1   -2     28.415      4.251     10.541
  -1   -2    -14.304      2.614     11.271
  -1 1147    -17.421    -15.912     12.341
  -1  242    -17.642     11.842      8.971
  -1  943     -4.904     15.414     10.158
1299   -2     19.635     16.353      5.810
  -1   -2     -6.413      3.020     -0.364
  -1   -2     16.901     11.870      9.471
 929  284      3.341     -8.526      2.071
  -1  702     24.132     16.461     12.122
  -1   -2     -9.842      9.995     -1.872
 168   43      9.837      4.042     10.250
  -1  686     13.627     11.445      8.758
 863   -2    -11.603     11.548     -1.273
 509 1236     26.023      3.937     11.380
 778   -2    -17.108     13.055      9.410
1110  566     17.212     -7.770      8.042
1099  921     14.980      1.377      7.969
  -1 1281     10.226     -1.270      4.928
 176  901     -1.654     13.417      5.129
  -1   -2     -2.731      9.556    -12.323
  -1   -2     14.935      8.723      1.586
  -1   -2      7.104      8.062     -3.183
  -1  405      5.314     -0.600     11.840
  -1 1010     28.113      1.088      8.512
  -1 1117      8.856      9.063     -6.478
 715  469     13.464     10.005      7.922
  -1   -2     -2.471     10.582     10.753
 205  134      0.461      0.679      4.638
  -1  443     21.754    -13.150      7.224
  -1  780     28.723      5.972      8.368
  -1   -2     13.643      1.646      9.552
 844  988     26.254    -12.063      6.408
  -1   -2     -6.319      8.264     10.949
1008  604     20.080    -12.853     -0.039
  -1   -2      5.508      7.804     -0.213
 868  848    -12.614     11.678     -0.586
  -1   -2     -2.158    -14.187     -6.993
1106 1146     26.385      5.542      9.590
  -1   -2     12.421     -0.936     -2.033
 389   -2     -3.194     12.575     11.346
 381   -2     -2.636      8.075      7.396
  -1  911     26.642      8.244     12.476
 990 1158     11.860    -16.050      0.615
 414  349    -18.900     11.100     12.638
  -1   -2      3.828     -0.446     -1.454
1063  578    -14.909    -15.069      8.204
  -1  248    -13.773     -4.402      2.247
1235  909    -11.792    -17.880     11.429
  -1   -2      7.798     13.851      6.075
  -1   -2      5.151    -15.768     12.616
 508   -2     20.033     -1.585      9.725
  -1  591     -5.499     -9.254      3.737
 625   -2      4.355    -15.745     -2.300
1100   -2    -17.764     14.630     11.008
  -1  244     11.007      2.376      1.920
  -1   -2      9.110     14.251      4.284
  -1   -2     15.802     12.134     11.356
1232   -2     24.317    -15.913      6.729
 841   -2     -4.955     15.638     11.173
 723   -2     23.346      3.039     -6.188
  -1   -2     10.344     12.673      5.213
 128  241      5.349     12.993      9.488
  -1  278      9.567      0.572     -7.413
  -1   -2     18.843     12.451      8.149
  -1   -2     13.180    -18.855      8.186
 814   -2     -9.318     15.543      7.798
  -1  657     -7.317     10.254     -9.018
  -1   -2     26.585     -9.329     11.905
 830   -2      6.454     16.789     11.512
1198 1261     24.112     16.298      2.654
 769   -2      2.828      0.965      8.635
  -1  222      6.743      0.351     10.369
1098   -2     27.652      0.427      6.646
1116  774     -6.810    -11.852      9.272
  -1   -2      7.785    -14.752     -6.755
 904  949    -14.524    -18.142      8.621
  -1  610      1.106      3.940     -0.264
 914 1154     -9.994     -6.788      1.833
  -1   -2      0.086      5.482     -1.624
  -1  562      9.379      9.952     -3.921
1053   -2     27.752      9.875      8.237
  -1   -2     25.949    -13.373     12.672
 930   -2     -2.365    -13.417      5.300
 498  472     -8.470     -1.314      5.321
  -1  370      3.725     -3.570     -1.743
  -1 1182     10.299      8.575      9.950
  -1 1135     17.668    -11.784      9.760
1119  340      4.527     13.378      8.817
  -1  991    -17.015    -13.642      9.206
 555   -2      1.623      4.985     10.049
  -1   -2     -3.110    -14.280     -0.835
  -1   -2    -16.375    -10.301      7.793
  -1  840     -0.658     12.677      7.924
 391   -2      0.839     -9.284     -0.074
  -1  950     -8.950     -7.311     12.065
 807 1168     11.747      6.670      8.827
  -1   -2     -7.724      5.636      0.973
  -1   -2     20.910     -9.259      8.738
 687  760     19.412    -17.122      7.996
 837 1048      3.389     12.782     12.294
  -1   -2     -5.978     -5.383     10.611
  -1  117    -16.595      2.090     10.515
1191   -2     13.000     13.498     11.959
1168  361     -8.277     11.493      2.131
  -1   -2    -15.631     12.949     10.153
  -1   -2     -8.788      9.356     -5.138
 907  827     -8.817      6.022      4.395
  -1   -2    -13.102     -0.621     -7.566
  -1  169    -18.132     -6.278      3.613
 332   71     14.555     -6.402      8.461
  -1   -2     -3.967    -17.758      7.100
 395   92     -3.550      0.493      4.133
1029   -2    -11.360     12.400     -1.449
1065   28     14.216     10.619     -0.109
 133   -2    -13.368     13.916      3.850
  -1  302     24.701      3.185     12.451
  -1   -2     25.124      4.641      5.408
 781  763     25.906     13.833      8.535
 240   -2      5.863      6.345      2.133
  -1   -2     17.014      7.373      1.866
1166 1043    -16.206     18.011      2.508
1169 1175     17.345      6.063     11.886
 485 1153     25.121      6.034      9.219
  -1   -2     18.688     -5.511      1.044
 580  498     15.147      2.620      7.671
1188   -2      9.026    -12.267    -10.574
 761   -2     23.185      6.133      8.314
  -1  880      3.621    -20.458     11.801
  -1   -2      8.253      7.914    -10.920
  -1 1047      8.234      6.109     11.434
  91   -2      9.648     11.331     10.030
 989  990     27.593      7.491      5.448
  -1   -2      6.796      5.591     11.331
  -1  364     -7.631     10.848     -6.484
  -1   66    -18.000      8.510     11.520
1221  671     -8.158    -17.993      8.822
 561  552      6.602     13.687     10.846
1019   -2     24.178    -11.886     10.677
  -1 1109    -15.453     15.681     11.344
1289   -2     -7.298    -10.568     -5.424
 856   -2     25.343     12.629     -4.368
 253 1249     -7.114     -6.043     12.208
1187   -2      4.796    -13.440      7.569
 527  966     20.855      7.902     11.357
 922  674      1.447    -13.998     10.506
 772  659    -12.264    -10.660     10.707
1149   -2     18.688    -14.188     10.706
  -1   -2     -5.588     19.996     11.594
  -1   -2      5.523     -4.708     -3.849
 946  710      3.322    -12.966      4.024
 645   67      3.341     -2.346      8.898
  -1   -2     20.678    -11.556     -8.021
1056  431     18.529     12.128     12.241
  -1  585      4.703    -18.509      9.811
  -1   -2      5.010     -7.888     -2.815
  -1 1066     24.704     -2.800      8.012
  -1  525     19.115     16.777      3.486
 535 1121     14.665     14.929      6.527
1085   -2     -0.577    -13.130      8.856
 522  687    -16.486     -5.336      1.217
  -1   -2     11.398     -2.382     -8.561
  -1   -2     13.364     -1.528     -1.051
 520   11    -14.698      7.286      5.585
  -1  191    -16.113      3.237      2.593
 353  362    -10.402     12.052     10.884
  -1  497     -8.948     -5.719     11.868
 294   -2      2.257      9.717      9.397
 798  128    -13.477     13.120     11.135
  -1  319     22.235     -5.153     10.832
  -1   -2      2.366     -6.770     12.276
  -1  637     -4.174    -14.939      9.844
1153 1009     -1.713     -9.979      4.790
  -1   -2      3.237     -8.438     -1.077
 997  960     -3.428     19.947      9.828
  -1  816     -9.690     -7.962      8.658
1133   38     19.334     15.512     10.623
  -1  838     -0.504     15.536     11.964
 799 1106    -14.550     -7.001      7.533
  -1  596     20.220     10.120      7.305
  -1  164      0.520      8.449      9.751
  -1  180      3.384      3.548     -7.368
  -1   -2     -5.342    -12.826      6.430
  -1  747     25.808     -9.076      2.616
 871   -2     29.173      7.884     11.482
  -1  932      1.426     -1.716     10.361
 706   -2     21.299      6.783      8.892
  -1   -2      9.586     -3.200     10.797
  -1  696      0.027     -3.109     12.149
  -1   -2     26.355      3.000      4.987
  -1   -2     15.784     -0.641     12.448
  -1  510     14.742      9.438     10.500
 235   -2    -16.163     -3.162     11.633
1015   -2    -16.162     15.767      8.791
 559  712      5.463    -10.969      7.183
 646  945    -10.693    -13.232      4.106
  -1 1080     12.031     -6.782      3.218
 270   -2     25.086      0.296      8.101
1218  745    -19.210    -13.989     10.466
  -1  112     -2.286      6.796      7.540
  -1  837      1.259     11.700      2.501
1130  994     15.667    -18.212     10.341
 225  554     18.989      8.488      7.706
  -1  245     25.200      9.337      9.861
 386  754     15.621     -9.101      7.700
 432  756     20.982      1.373     10.991
 980 1069     16.509     10.869      8.442
  -1   -2     -5.803    -13.533      2.808
 945  736     -1.430    -10.965     -2.459
1154  902    -16.953    -14.861      4.596
  -1   -2      0.869    -11.683      3.089
1207  863      7.123    -13.580      3.667
 189   -2     13.507      1.081      9.225
  -1 1108    -11.291    -15.651      9.108
  43   -2    -13.841     14.086     12.424
 785   -2    -13.296     12.263      8.595
 853   -2      1.834     17.560      7.692
  31   -2      0.326     12.973      3.982
1132   -2     -7.337     19.486     11.591
  -1   -2     11.405     -3.953      5.663
 656  372     -0.264     -6.360      8.563
  -1  858     -1.797     13.007     11.453
  -1   -2     17.255      5.291     -6.076
1016  798      7.264      6.717     10.107
 306   -2    -14.645    -10.447     10.335
  -1  299     -0.104      5.570      9.434
  -1   -2     12.225      7.582      7.854
1200   -2     22.175     17.138      1.506
  78  194     18.167     -3.854      6.970
  -1  485     -9.788     19.191     12.220
  -1   -2      0.174      0.110     -0.317
  -1   -2      7.204     -6.105     -4.911
  -1   -2     -6.418      7.482     -2.246
 222   -2     14.513      6.893     12.092
1077  611    -19.091    -15.701     10.720
  -1   -2    -13.007     15.634     11.181
  -1  983    -17.378     15.445     10.728
  -1  556     24.331      1.686      9.951
 269   -2      7.041     -0.078      9.798
  -1   -2      5.822     -3.859     11.345
1050   -2     -7.282    -13.786     11.008
 766   -2     23.462     -9.349     12.052
 836   -2     -7.777      1.697     10.971
  -1  516      9.679     17.470      8.531
 801   -2    -16.998     10.044     -9.386
  -1  385      4.912      8.193     12.356
 949   -2      0.266     16.269      8.922
  -1  389      6.289      1.429      3.666
  -1   -2     26.471      9.965      1.224
  -1  268     14.423     -5.082      7.469
  -1   -2     12.303     -3.535     -3.686
  -1 1116     17.265    -11.492     12.565
 768  761     -0.589     18.052     10.494
  -1  640     -6.082     13.632     12.326
 448 1172      9.015     -7.415      4.756
  70   -2     10.575      4.765    -10.648
 617   -2      9.456    -18.797     12.107
 447   -2      6.420     -2.679      5.810
 970  999     -3.879     -8.751      8.610
1072 1029    -12.087    -11.670      5.093
  -1  154     16.415    -12.849      1.853
  26   -2     21.537     -2.228     11.259
  -1  338     -2.966      2.943     -2.783
 318  574      0.385     11.491     10.100
1285  711     21.775     -1.471      7.754
1035  606     -6.107    -14.497      2.325
 857   -2     -3.835     16.472      6.804
1157   -2    -10.875     17.005     10.255
 503 1057     18.534     -1.848     11.525
  -1   -2     -4.155     18.398      9.194
1278   -2     -4.423     -8.571     -8.424
 886  708     24.417     -9.424     11.812
 444  887    -18.237    -11.703     10.571
1146   -2     14.829      7.909     11.407
  -1   63    -11.517     -4.533     11.832
 403  612     10.740    -13.755      6.978
  -1   -2     17.347     16.437      9.031
  -1  406     10.293     -9.749     10.486
  -1   -2    -15.469    -15.901      4.627
  -1   -2      8.939    -15.420     -6.567
  -1 1152     22.338     12.170      7.695
1225   -2    -10.713    -14.370      8.987
  -1  329      1.396    -11.473     -0.809
  -1   -2    -12.583    -14.210     11.385
  -1  572     24.260      8.230      9.485
1113   -2    -11.390     11.156     -1.273
  -1  661     -3.433    -17.318     10.081
  -1 1205     19.428    -23.575     12.243
  -1  531     13.134    -18.588     10.780
1236 1195     12.703    -22.161     12.359
  -1   -2     14.246    -16.430     11.680
1234 1206     21.676    -18.538      9.991
  -1  412     26.963     11.137     11.573
1231  939     22.071    -19.883      5.516
  -1  748     20.257     19.881     10.049
  -1   -2      8.675    -28.583     -3.507
  -1 1186      8.146    -25.445      8.304
  -1 1200     16.605     24.725     10.053
  -1  836     18.412    -19.716     12.202
1227 1193     23.692     19.570     12.505
  -1   -2     16.634    -23.111      6.993
  -1 1198    -17.033    -20.323      7.483
  -1   -2     25.264     22.491      9.896
  -1 1041     23.586    -17.185     10.597
1216   -2     19.707     24.040     12.479
1174 1201    -23.375    -12.812     12.239
  -1   -2     11.363    -26.606      7.159
  -1  257     26.751     15.861     11.905
  -1   -2     19.137     22.588     12.633
  -1   -2     15.826    -19.931     11.919
1238 1285     27.305    -22.609      9.903
  -1   -2     -8.880    -30.453     -9.983
1243 1190     19.417     20.671     12.469
  -1   -2    -17.023    -24.040      7.593
  -1   -2     13.008     -8.933     11.864
  -1    5     15.922      1.939     10.410
  -1   -2    -11.222     13.836     11.110
  -1 1293      7.304     -6.749      5.210
 455  137      7.304     -6.749      5.210
  -1   -2     18.542      5.189      1.855
1246 1306     -5.607     -0.557      4.400
  -1   -2     23.082     -3.425     11.122
  -1   -2     23.082     -3.425     11.122
1316   -2    -10.363     -2.244     11.788
1261   -2    -16.638     -0.677      5.825
  -1   -2    -12.854     -2.001     -3.352
  73   -2      6.395      7.940      8.326
 181  589      9.431     -5.611     11.062
  81  264     17.618     -1.081      6.915
  -1   -2     -7.748     -3.569      0.900
  -1   -2     -7.748     -3.569      0.900
  49 1019     -9.088      3.246      8.519
  -1   -2     19.212      3.318     -4.192
1255  895    -18.408      5.097      2.950
 135 1235     19.400      5.098      2.764
  -1   -2      5.168      9.393     -9.933
  -1   -2      5.168      9.393     -9.933
  -1  709     19.559     -0.972     -9.801
1272  381     -9.766     -6.815     -1.555
 342  158     21.922      5.387      0.394
 394   29      7.147     11.402    -10.647
  -1   -2     15.637      2.469     -1.799
  -1   -2    -16.168     -4.747     11.892
  -1  919     13.021     -9.771      5.741
  -1  515    -11.335     -2.994      4.345
  -1   -2     19.360     -2.795     -1.251
 104  618     -5.902     -2.379      7.867
  -1  249     -1.970      0.198      9.960
  -1   -2    -16.101     -1.789     10.691
  -1   91     -4.674     13.309      2.994
  -1   -2     -1.025      4.684      7.606
 137 1028     -1.889      3.190      8.544
  -1 1242     17.227     -1.368      8.351
  -1   -2     18.879     -2.156     -2.563
  -1   -2     13.358     -3.047     -5.779
 364 1258     -6.561    -12.480     -6.895
 325  439     11.794     -2.156      9.096
1274   -2     -6.117     16.134      9.030
 406  658     16.247     14.354     10.542
 720  172     18.298      6.451      9.740
  -1   -2     21.351      8.805     10.839
 636 1161     -5.983     -6.597     -6.386
  -1 1312     15.360      2.760     -0.945
 319 1256      8.465     -1.941     11.772
  -1   -2     16.134     -3.062     -2.984
  -1   -2     -7.322     -5.201     11.601
 474  586     -9.329     -5.287      3.298
 794 1272     -5.884      5.744      0.269
  -1  853    -12.993     -7.663     11.874
 709  316     -4.673     15.270     10.573
1297 1302     -3.411    -17.362     10.056
 859  781     -2.791     14.205      9.277
 892  402      6.058      9.859      7.958
  85  106      9.001     13.659      5.161
 993  218    -19.792     -6.384     10.061
 123   -2     18.921      3.314      4.859
1036   -2     16.994    -20.883      8.941
1223 1284     16.605     24.725     10.053
   3   -2     16.026      1.843     10.137
  -1   -2    -11.222     13.836     11.110
1277   -2     12.197     -1.594      2.489
  -1   94      5.201      9.348     -9.978
1336 1298      5.234      9.310    -10.037
  -1   73     26.476     -6.456      8.198
  -1   -2     -5.484     -5.502    -10.983
1244 1286     13.043     -8.910     11.736
  -1   -2    -11.222     13.836     11.110
  -1   -2     22.962     -3.602     11.481
  -1 1304     23.064     -3.406     11.108
1253 1308     16.472      3.558     -8.061
  -1   -2     16.345      3.707     -7.812
  -1   -2    -11.222     13.836     11.110
  -1   -2     15.624      2.474     -1.756
  -1   -2    -11.222     13.836     11.110
  -1   -2    -11.222     13.836     11.110
1320   -2     15.624      2.474     -1.756
  -1   -2    -11.222     13.836     11.110
1322 1314     24.135      2.707      1.407
  -1   -2    -11.222     13.836     11.110
  -1   -2    -11.222     13.836     11.110
  -1   -2    -11.222     13.836     11.110
  -1   -2    -11.222     13.836     11.110
  -1   -2    -11.222     13.836     11.110
  -1   -2    -11.222     13.836     11.110
  -1   -2    -11.222     13.836     11.110
  -1   -2    -11.222     13.836     11.110
  -1   -2    -11.222     13.836     11.110
  -1   -2    -11.222     13.836     11.110
  -1   -2    -11.222     13.836     11.110
  -1   -2    -11.222     13.836     11.110
  -1   -2    -11.222     13.836     11.110
  -1   -2    -11.222     13.836     11.110
  -1   -2    -11.222     13.836     11.110
  -1   -2    -11.222     13.836     11.110
  -1   -2    -11.222     13.836     11.110
  -1   -2    -11.222     13.836     11.110
  -1   -2    -11.222     13.836     11.110
  -1   -2    -11.222     13.836     11.110
  -1   -2    -11.222     13.836     11.110
  -1   -2    -11.222     13.836     11.110
  -1   -2    -11.222     13.836     11.110
  -1   -2    -11.222     13.836     11.110
  -1   -2    -11.222     13.836     11.110
  -1   -2    -11.222     13.836     11.110
 759   -2    -11.222     13.836     11.110
