1327
  -1  774    -11.142      4.484     12.138
  14   15     -0.124     -0.286      4.353
  -1 1286    -18.047      2.196      6.146
  -1   -2     24.114      3.517      2.012
   1   -2     15.947      1.768     10.241
  69  770      0.882     10.591     10.591
1242 1269      2.533      0.124      3.827
 561   -2    -10.420     -2.280     11.815
  -1   -2    -11.736      6.644     12.334
   3   -2     12.909     -8.880     11.833
  -1    6     -6.105      5.169     -7.960
  11   98    -12.972     -0.016      3.602
  29   -2      0.136     -0.246     12.256
 949  827    -11.999     10.452     -0.144
  36 1224     18.449     -0.346     -3.528
  -1  867     -0.060      5.179      9.070
1272  582     -3.586      3.707     10.922
  -1   -2    -11.219     13.865     11.078
  56   -2     23.411     -3.461     11.645
  39   47      8.947      9.440     -0.067
  -1   -2      7.118      1.281     -1.966
   9   46     16.337      3.810     -8.167
1089   -2     -2.260     14.777      7.075
  32   -2      6.933     -9.377      5.408
  -1  250     -8.107     -1.807     -0.207
1162   -2    -15.930      1.307      9.023
  -1  817     -4.081      1.896      9.272
  -1   -2    -10.496      7.422     10.103
  -1   -2      7.416      1.593     -8.811
  -1   -2     -7.211      0.173    -11.737
  -1   -2     15.772      0.416     -3.749
1238   25    -14.385     10.500      6.254
  -1   -2      7.299      3.122      4.868
1124  409      5.634      5.876      4.860
  21 1220     23.413     -2.191      8.565
  -1 1175     10.313     11.547      2.037
  -1   14    -13.627     -3.849     12.052
 981  408     -3.794     11.225      8.584
1023  159     10.463      5.480      9.447
1161  646     -0.526     -3.716      1.847
 990   -2      3.309      6.531      2.557
 312   -2     -5.824     -0.764      4.461
 242  427     -0.043      1.879    -10.730
  98  659      7.421      5.038     10.263
  53   -2      9.660      3.086      7.862
  -1   -2     18.992     -0.204     -8.123
 823  126    -11.925      0.729      2.319
  -1   -2     17.244     -1.053      8.711
 238   -2     19.302      7.965     -5.258
 654   -2     -9.485     -3.204     11.647
1259   56     21.596     -2.631      3.700
 528 1177      6.607     -8.275     11.065
  -1   -2      3.653     11.206      1.818
 851   33     20.357     -3.369     -6.694
  -1   -2    -12.907     -2.025     -3.359
 253  888     12.941     -6.202      7.834
 200  491     -5.180     14.695      3.660
 266  980      3.395      2.294      3.508
 192   -2    -11.640      6.841      2.123
  -1  378    -16.724     -0.530      7.188
  -1  233      0.130     13.297      7.772
  -1  999      0.159      8.988      9.179
  -1   97      7.152      3.972      6.477
 546   92     19.756     13.039      6.015
  63  219     -5.196      6.594      4.558
 119   -2     -8.880     12.869      1.174
  -1  346     18.990      2.601      6.917
 320  314     -0.176      1.480     11.227
1131   -2      3.651     -2.383      4.426
 270  239     10.724      0.663      5.065
 134   12      4.946     -6.183     12.193
  -1   -2     21.147      2.864      1.868
  -1   -2      2.062     -3.478     11.014
  -1  170     22.102     -8.209     -2.357
  49 1228      5.067      0.439      6.005
  -1  929      9.966      2.367     12.504
 407   -2     15.541      0.974      1.072
  -1 1274     24.004      2.848      1.862
  -1   -2      8.388     11.909     -6.285
  -1   -2     11.264     -2.504     10.381
  -1   -2     15.665      2.419     -1.785
 833   -2     11.318     11.429     10.288
  -1   -2      0.371      4.246     -8.323
 733   -2     10.333      3.373     11.355
 516 1131     15.075      7.799     -5.326
 848   59      1.654      9.190      4.334
  72   72     -5.329     -0.711     -5.707
 723   21      1.327      4.488      8.234
 648   80    -13.472      7.496      3.179
  35   45     18.727      5.831      1.465
 223  173     -6.561     -2.432      0.970
  85   -2     -1.798      9.711      7.384
 157  172     16.712      9.372      2.208
  -1   -2      1.745      2.562    -10.294
  -1   -2     13.202      7.241     -5.228
 195   31     11.164     -4.514      3.227
 684  667      7.586     -4.321     -3.153
  -1   -2     -6.384     10.555    -11.696
 104  121    -14.630     -1.339     10.375
  -1   -2     10.318      4.066     -7.138
  -1   -2      7.129     -0.670      0.191
1009  335     18.186      9.220     12.040
  31 1223     13.401     11.373     -3.073
  -1  166     -3.705      3.898      7.120
 809   -2     -9.003      6.281      4.387
 994   -2     24.075      1.676      4.245
 154  438    -14.825     -1.979      5.550
 250   -2     16.978    -10.116      8.148
 696   -2     10.747     15.472      8.614
  -1   -2      3.906     -4.404      1.019
  42   -2     18.881     -6.120     11.217
  -1   -2    -16.798      4.187      1.626
  -1   -2     17.164      9.329      7.529
  -1  494     18.523     12.551     -6.085
 335 1070     23.156      8.005     11.565
  79   83     12.182     13.553      0.578
1128   -2     23.910     -2.766      9.184
  -1  678    -17.224      5.568      0.178
  -1   81     24.058     10.928     11.624
 267   -2     14.786     -2.216      7.569
  -1  719    -17.442      4.490     -1.271
 864  783    -15.869      1.384     12.498
 231 1142     21.346     -4.062      9.087
  58   -2      3.951      3.041     -4.223
  -1  328     -1.122      3.859      3.264
1261  778    -15.933     13.837      1.265
1010   -2     -4.857    -10.424     -1.537
 500 1218    -12.566      0.458      6.258
  70   -2     15.694     -1.234     -5.026
  -1 1093     10.440      6.493      5.675
  -1  274    -18.339     -2.133      7.344
  -1  237     -0.737     14.367      4.076
1269 1279     -1.796      3.043     -1.436
  -1  225      9.631      0.294     -7.700
  18  537     20.738      3.077     12.258
  -1   -2     -9.380     -3.039     -0.074
  -1   -2     19.048      8.019     10.877
  -1   -2      3.317     12.159     -8.642
  -1   -2     -1.244      8.931     -4.891
  -1  465      0.964      6.199     -6.730
 506   -2     12.562     -7.557      6.154
 124  587     15.851     -4.681     -6.086
 622  281    -16.485     -3.957      8.379
 820  807     21.109    -14.400      8.275
  -1   -2      6.315      4.000      6.169
  52  492     22.083      0.777     -0.086
 371   -2     17.641      4.500      4.795
  -1  135     26.531     -6.220      7.959
 482   26     10.745      2.931      4.759
  -1  309     -4.887     -1.386      7.212
  -1   -2      6.434      7.231     -3.089
 175  812     23.876     10.133      6.739
  46   -2    -11.545      9.073      5.116
  -1   -2     -7.867     -6.422      9.678
 178  123      2.602      0.402     -3.355
 387  449    -11.808     13.717      1.975
  -1  114     -0.603      2.782      8.170
 114  474     12.638      1.535     -5.673
 937   -2     -9.144      8.779     -4.690
 107 1236     14.084      4.046     -7.638
  -1   -2      2.991      1.638     12.757
 563 1159    -12.901      2.286     11.368
  92 1233      5.203     -0.236     -4.041
 454  859     22.354      5.941      3.872
 316   -2    -13.016     13.896     10.779
 525   -2    -19.615     -1.088      8.584
 850   -2    -18.978     -2.710      8.245
  -1  388     17.188     12.076      2.437
  -1   91      8.451      3.285      3.569
 835   -2      7.925     14.934      9.461
  -1 1127      0.590      6.818      9.967
 144  402    -13.956      0.411     -4.411
  -1   -2    -13.248     -3.525     -9.148
 939  380      2.067     11.313      4.723
  -1  160     -3.242     13.669     11.948
  -1  279     16.073      7.905     -2.390
  -1   -2    -13.630     -7.139      4.235
1080 1001     11.649     -3.041      0.915
  -1  333     -8.972     -5.792     -4.056
 507  444     10.231      1.297      0.654
 360   -2     -3.006      0.688      9.680
 845   -2      9.391      6.125      6.730
 799  361    -12.694     -1.463     -0.279
   7   -2    -11.910     14.857     10.691
  -1  148      8.194      2.142      5.941
  94 1234      1.958     -9.401      5.412
  -1  147      9.295      9.395      4.265
 504   -2     18.267     -2.383      7.481
  -1   -2     15.378      9.750     12.362
  -1   -2     -0.752      4.556     -7.423
 780   -2    -18.327     -0.382      9.621
 156   -2     20.035     11.693      7.889
  -1  341     13.236     -7.871     -1.123
 377  345    -10.945      6.436     -4.434
 396   79     13.967     16.389      3.345
  -1 1010     16.263      1.604      4.100
  -1   -2     25.129      4.477      7.670
1183  478      8.067     -6.969      2.896
  -1   -2      8.772     -3.082     -9.309
 870  531     -7.115      2.290      6.370
  90  946     16.971     13.583      0.113
 699   -2    -11.916     10.781     -9.005
  -1   -2      9.258     15.410      1.934
 151  266     22.300      3.690      8.396
  -1 1229     -8.848     -4.152     12.158
 287   -2      6.556     13.865     -4.792
 322   -2     23.058     -0.936     11.216
 531   -2      9.016      8.466     -1.390
 121   -2     10.963     16.155      3.237
 225  665     25.634     -5.625      9.313
 579  198     17.852     -7.233      3.778
  -1  370    -15.663     14.284      7.396
 370   -2     16.930     -1.909      9.528
   4    9    -11.016      5.964      6.312
 757  565     20.455     15.911      5.429
  76   -2     16.441      6.297     -2.740
  -1  171    -10.769     -4.532      7.909
  -1   -2     -7.120     -3.478     -2.293
  -1   -2     24.139     13.368     12.622
 735  516     24.214     -0.215     12.258
 364   -2     -2.599    -16.843      3.861
 257  197     -7.568      6.680      2.000
  -1  251    -19.986      3.496      9.239
  -1   -2     -5.595      1.782      9.740
 326  207      6.972     -7.119      4.299
  -1  560     20.572     -4.331     -2.749
 292  186    -17.678      5.347      8.201
 217  682     16.828      0.930      9.314
 347   70      9.764      9.526      9.393
  -1   -2    -14.342     -3.443     -0.147
  64   -2     -0.710      1.168     -6.677
  -1  857     18.855     -8.301     12.091
 162   -2     11.050     -1.162      8.321
 309  557     17.065     13.105     -2.422
 529  259      8.879     -3.574      1.338
 167   -2    -18.462      5.007      2.643
  -1   -2      4.356    -12.101      8.001
  -1   -2     14.491     -1.680     -9.949
 663   65     -6.210      7.989     -0.769
  -1   -2     -3.280      4.371     -2.929
  -1  190    -17.968     -7.428     12.234
  -1  238    -12.727     10.789     12.145
  -1   -2     20.266      6.437      1.639
  -1  505    -16.783      1.263      8.636
 509  552      1.886      8.972     -0.265
  -1  289     21.746     -6.089     11.616
 275  244    -16.614     -8.115      4.085
 887   -2     16.331     11.783     -3.248
  -1  379      6.475     -0.633      8.459
 863  522    -11.826      7.923      5.027
  19   -2    -14.741      0.481     12.593
  -1   -2     -0.879      4.943      5.827
  -1   95    -10.480     -2.196      7.612
1291   -2    -10.606      4.708    -10.751
  45   -2      4.964     -2.592      5.172
 409   -2      5.305     -3.076     12.107
 698   -2     22.119      6.899      3.745
 972   -2     -4.775     13.273      5.413
 470 1098     17.924      5.667      4.107
  -1   -2    -16.218      5.838     -2.235
1071  502     19.615     -5.227      7.998
  -1 1271    -12.910     -3.345     -1.597
 602  657     15.689     -5.436      8.434
 479   -2      5.675     -4.142      6.172
 241  248    -16.691      8.024      2.946
  -1  216      8.841     -1.874     -0.402
1273  303      4.183      8.516      9.007
1101  128    -11.067     13.222     -3.147
  -1   -2      2.123      4.553      1.977
 452  201     21.605      9.990      5.727
  -1   -2      7.855     13.317      6.338
  -1   -2    -13.827     -0.558     -7.640
 461  214      0.965      2.614      0.825
 476   -2     16.713      2.281      1.669
 256  134    -12.504     13.280      5.443
 902  616    -17.842     11.986     12.425
1041   -2     17.482      2.199      9.843
 904  282      1.956      4.173     -6.795
  -1   -2      3.012     -3.169     -2.807
 118 1238     15.960      8.160     -6.217
 512  158     10.446     -1.639      8.095
1190   -2      7.893    -12.221     -9.187
1141  617     12.445     -2.880      6.842
 483  236    -14.231      0.324      7.543
 609   -2     -3.240      9.185     10.217
1019  543     -0.124     -2.951     11.766
1252  520      4.883      4.172     10.662
  -1 1100    -13.073      5.742      3.391
  -1   -2     19.567      9.246     -2.050
 635  627     -7.096     -1.070      6.419
  -1   -2     11.713      9.905      7.610
 255  792     -8.866      0.615      7.977
1301   34      6.659      8.132      2.331
  -1   -2      2.549     -1.215     -5.659
 196  764    -17.151      2.761     10.360
1073   -2     12.680     -3.699     -8.327
  -1   -2     -4.321     -0.835     10.476
  -1   94     -7.331     12.563      1.354
 204   -2     11.722     16.432      8.282
 974  353      2.550     -8.806     -0.056
 236  873     -3.757      3.173      0.003
 182  570     19.514      4.663      2.107
 777 1148     -7.388      7.217     -6.356
  -1   -2     16.347    -11.168     -9.617
 679  910      6.426     12.320     11.628
  -1  708     17.015     16.942      8.455
  -1   -2     -2.461      4.887      0.806
  -1   64      7.501     -8.893      4.165
 585   -2     -0.566     -0.221      8.565
  -1  369    -12.892     -1.208      4.963
  -1   -2     10.713      3.204      8.582
1034  329     -4.471      6.137      8.989
  -1   -2     13.647      8.082      7.571
 639  371     21.748      4.664      9.984
  -1  421     20.025     12.722     10.581
 659   -2     -1.566     15.183      5.391
  -1   -2     13.473     -9.248     10.680
  -1   -2     11.985      7.520      1.995
 530   -2     18.867      7.786      0.724
1096 1260      3.198      8.440     10.822
 468  777     10.427      1.832     -9.038
  -1   -2      4.431      6.365    -11.179
 385  246     12.969     -9.664      5.463
  -1  723      8.830      1.332     -3.861
 880  261     -6.995     13.806      5.000
 849   51     -7.725      7.711     -3.418
 892  517    -13.947      5.240      7.852
 140   -2      0.620     10.582      7.005
 453   -2      2.583     12.105      8.547
1159  845     23.718      2.700      6.944
  99  367      5.380      7.724      2.648
  -1  229      7.808     12.135      3.080
  -1   -2     -4.315      8.054     -2.819
 843  536     27.235      1.142      9.874
  81  795    -16.067      6.517      3.319
 314  583    -18.243     -8.821     12.039
1277  464     18.000     -1.636      9.891
1043 1259     -0.452      7.314      6.259
  -1  742    -13.617     14.354      2.329
 313   -2     17.048    -16.243      9.753
 249  349      7.975     10.949     12.309
 170  200    -10.773     -2.834      0.820
  -1   -2     16.200      7.389      1.318
 581  440     25.857      6.846      8.793
  -1   -2     12.001     11.365      3.854
 841   -2     -6.274     16.079     10.230
 185  355     -5.825      7.663     -9.416
  24  205    -14.293      0.800      1.582
  -1  254      8.277     -1.126      8.805
 996   -2     -3.427      2.938     -2.186
 859   -2    -15.346     12.090     11.184
 590   -2     -0.242     12.324     -6.374
 272   -2      1.428     -3.693      2.762
1047   -2    -12.797     -3.318      0.974
  -1   -2     14.578     -8.774     11.500
  -1   -2     20.596      4.295     -8.362
  -1   -2     10.992      0.327      6.127
  -1   -2     -2.596     -6.015     -3.274
1125  773    -17.254     12.906      9.089
  -1  452     18.385     -4.958      3.530
 986 1025     13.887      2.959      8.867
 650 1289      5.489     11.725      4.921
  -1  331     20.871      9.174     11.958
 727  376     14.309    -11.624     -7.812
 719   -2     25.079     -3.925      8.358
 562  864     18.819      1.855     10.974
 324   -2     23.158      8.724      5.467
 763   -2     22.284     -6.452      6.100
 458  286     13.866     -8.545      0.379
  -1   -2      8.643      0.399     -8.325
1149  364    -15.688    -10.694      8.833
1104  656     22.400      8.366     -0.407
  -1   -2     23.587     11.918      8.072
  -1  322      8.405      7.110      1.376
 610  752     -7.693     16.134      6.609
 955   -2    -18.593      0.723      9.656
1006  326    -18.387     11.785      9.232
  -1   -2    -19.360      1.554     10.321
  -1  184     19.249      9.892     -6.869
1140   -2      1.214    -10.756      9.272
  -1 1157      6.654     14.967      9.133
  -1   -2      9.844     -1.683     -0.673
1072   -2      4.289      0.933      2.308
  -1  222     11.258     -7.151      9.074
  -1   -2     -7.264     -3.478      6.522
 771   -2     12.903      3.322      6.359
 444  469      9.954     -7.314     10.916
 998  624     23.774     -8.872      9.841
  -1   -2     24.446      6.356     11.527
 812   -2     17.471     12.961      6.752
 172   -2    -19.499      5.559      8.338
 814  168     12.065      6.190      7.538
 827  546     15.594      6.593      7.553
  -1  255     19.326     -1.034     -1.015
  -1   -2     -6.190     -5.101     -4.899
  89   -2     -0.340      2.553      4.612
  -1  146     22.956     -3.167      3.994
  -1   -2     -0.865     14.021      0.480
 866 1117     23.494      6.121     10.632
1304 1291     -5.337     16.137      6.774
1000   99     -1.666     10.478      9.673
  80  267     -1.860     13.096      6.792
 575   -2     11.968      8.746      5.972
  -1  775     18.137      8.465      9.960
  -1  422     -1.378      0.728     -2.321
 545   -2     -0.863      7.743      9.707
 692   -2     -4.091     -3.275      5.854
  -1   -2     18.153      3.475     -8.963
1094   -2     20.531     10.739      9.532
 693  626     -6.348    -10.585      3.183
  -1   -2     -8.579     -3.385      5.262
  -1   -2     13.078      1.869     -2.207
 712   -2     -0.185     -4.952      7.173
 139   -2      7.662     -0.907     11.487
 442   -2      6.632     -9.436     -0.056
  -1  497      5.134     10.828     10.006
1129   -2     10.614     -7.455      9.265
1158  596     23.254     14.817     11.522
  -1  403     16.056      6.314    -12.041
 819 1254     11.904      3.455     11.208
  -1  686     13.328     -7.950      5.787
 106   -2     15.616     11.866     -4.311
 657   -2      9.517     15.064      9.876
  -1   -2     20.531      7.044      9.914
 307  340      8.329      0.434     11.100
 737  127      4.384      1.239     11.902
1175  399     26.622     -1.982      7.297
 391  293     -1.060      1.664     11.167
 369   29      1.546      1.569      5.442
  -1  181      4.190      3.268      4.820
1191   -2     -3.941     -3.553     10.642
 583  793     -8.379     -5.583      2.513
 168  521     -2.307     -7.790      6.518
  -1 1084     -1.606     -0.474      1.006
 789   -2      2.914     16.616      5.138
  -1   -2     -3.010     -5.870     12.291
  -1 1134      3.964     10.948     10.622
 494   -2    -13.051     -2.744      7.036
 760 1247     14.541     -4.326      4.311
  -1   -2      3.939     10.535     -5.880
 456  301    -14.023      3.312     -3.850
 502   -2     -1.855     -0.023      8.522
  47   -2    -15.234     10.581      6.344
  -1   -2     19.507      8.897     -4.970
 746   -2      1.185     -4.019     11.470
 598   -2      6.028     15.090      5.073
  -1   -2     10.466      5.928     -9.281
  -1 1110     -3.188      0.317    -11.883
 430  316     19.909      3.809     -4.948
1240 1267     16.292     -3.789      9.740
1206   -2      4.112     13.591      8.300
  -1 1059    -12.056     11.890      1.697
 673   -2     -7.509    -11.938      2.663
 748   -2     22.189    -10.811      5.600
 637   -2     20.481     13.638     -5.237
  -1   77     -0.067     10.552      7.040
 555  342     20.392     -0.222      3.585
  -1   -2     20.181     -0.549     -6.798
 327   -2    -15.649     12.554      3.553
 987   -2     15.065     14.482      9.435
  -1   -2     -2.248      4.289      8.468
1270 1280     17.972      3.839      6.562
 367   41      6.259      0.373      9.163
 126 1154     18.662     -9.082      6.190
 606   -2     13.644     -3.016     -2.977
  -1   -2     19.392      3.937     -2.407
1115  196      6.262      0.947     12.197
 211   -2      6.332     -4.401      3.682
  -1   87      0.983     -3.823      5.886
  -1  192     13.535     11.347      9.097
  -1 1162     -7.458    -10.067     10.151
  -1  102     17.069      1.947     -4.141
1065   -2     -3.102      8.792      5.171
  -1  161     15.375      3.362      9.871
 979  749     17.953     -9.872      2.687
 707   -2    -12.018      2.399      7.975
 680   -2     17.758      8.133      4.923
  -1   -2     -7.152     10.224     -6.092
 658   -2      9.924     -5.872     12.049
 331  631     21.328     -4.220      6.439
  -1   -2    -11.744      7.438    -12.030
 239   -2      9.175     -1.043      5.750
 940  482     -0.248    -10.590      1.779
  -1   -2     17.724      7.419     -0.451
1243  636     13.681     -6.313     11.029
 537 1080    -19.390     11.488     10.242
  -1   -2    -17.546     -1.290      2.591
  -1   -2     12.452    -12.746     12.199
 332   27     -4.234     14.864      4.456
  -1  563     16.402    -13.536      5.169
 392  555    -18.473     -2.355      3.120
1309  324     25.043     -4.230      2.914
 794  488     23.498     -4.431      9.434
  -1 1140     10.060      9.936      3.964
  -1  642    -11.521     -7.310     -7.681
  -1   -2     20.775      1.504     11.066
  -1   -2     18.786     13.197     -4.409
 510  650    -15.980      4.279     -8.795
 310  401     19.211     12.222    -10.126
1118   -2     14.853     -0.805      7.273
  -1  174     18.219     16.188      1.641
  -1 1124    -11.231     -9.562     10.485
  -1  347     11.070     -1.235      6.490
 664   -2     -5.854      5.902     -3.332
 601  711    -14.642     -4.469      7.423
  -1   -2      1.166     -6.048     -0.630
 567 1016     26.321     13.451      8.199
 786   -2     -2.643     14.802     11.578
 871   -2     11.112     12.042      8.363
 221  457     -5.373      9.658     -2.161
 161  374     17.390     -8.258      7.445
1022   -2     15.887     11.328      9.233
 279   -2    -11.638     -0.316      5.507
  -1   -2    -12.171     12.545      2.514
 357 1246     -9.761     -5.923      1.889
  41  413     26.029      2.163      9.061
 467  100     24.222     -0.249      7.275
 556  756    -19.421     -5.136     10.193
1189  799    -16.142     13.390     12.147
 912   86     24.794     -1.545      4.058
  -1   -2     20.816     11.764      7.284
  -1   -2     17.747      8.501     -4.757
1107  568      1.816    -12.893      3.598
 263  664     -1.715      2.797     12.068
 183  572      3.218     -3.283     12.282
 141   -2     20.723      0.572     12.493
 254  435    -17.125      3.310     -3.951
1274   -2     12.376      6.828    -11.577
 350 1045      6.452    -11.572      6.902
  -1   -2     12.962     -3.025      3.361
 989   42     17.561      9.365     11.666
 112   -2     -5.716     14.023      4.582
 918   -2      4.717     15.085      1.240
1249 1164     12.060      5.408     10.069
 932  696      4.740     -8.898     10.171
  -1   -2      0.283     -4.947     10.401
 127  648     12.281     -4.996      9.004
  -1   -2      3.729     -1.988      0.897
  -1   -2    -14.540     -7.490      4.230
  -1  602     15.903      2.850      2.231
  -1   -2    -14.049     -2.381      7.149
  -1   -2      8.736      5.330     10.344
  -1   -2     25.224     -2.421      5.447
  -1  954     17.837    -15.866      4.015
 591   -2     14.233      0.488     10.321
 128  271      4.884      8.389      9.783
 660   -2      8.472     -0.146     11.350
 552   -2      6.982     14.973      6.514
  -1   -2     16.094     16.291      2.016
 405  125      2.825     11.441      1.198
 433   -2     17.991      3.822     11.848
  -1  455     21.315     -1.657     11.180
 666  556     15.826     13.948     -2.622
  -1   -2     -9.810     13.516     -1.385
1198  512    -11.868    -11.288      7.443
  -1  917    -11.022     -2.966      4.549
 395   -2     -2.064    -11.488     -2.756
  -1  484     11.557      9.732      9.613
 825  606     -9.431     10.949     11.926
 569  881      5.717     -7.549     -4.582
 440   -2     -3.179     14.406      5.853
 273  280    -14.089     -7.592     11.535
 741  104     21.026      2.811      7.279
  -1   -2      1.671      9.582      2.877
 471   -2     17.993      4.847      7.738
 615   -2     -0.321     -1.734      8.717
 933  736     -9.513    -14.225      4.838
 924   -2     20.610     -0.565      9.815
  -1   -2     -7.097     -0.837      5.302
 649   -2     -7.849     -5.473     12.184
 566  360     19.612      3.287     -0.639
 234  710     -3.048      5.245     -3.818
  -1  191     -8.737      2.538      4.299
 235  780     22.714      7.306      3.650
  -1   -2     13.105    -13.688     -1.424
  -1  904     -0.188     12.084     -8.862
   6  129      3.119     -0.680      5.201
 429  495     -2.795    -11.888      7.930
1017  820    -10.277     -7.284     11.466
  -1  717     -4.071      4.875      0.069
 260  808     17.799     12.296      4.390
  -1   -2     -2.737      8.197      6.722
 202   -2     -2.194      2.132     12.353
1076   -2      1.206     -8.965      1.308
 702  441     -9.552    -10.823      3.105
  -1  559      7.677      7.805     -5.397
 816 1255     25.832      3.543      6.723
 576   -2     21.612    -11.664      6.360
  -1  883      8.941     -4.339      9.058
1142   75      9.839      8.503     -8.187
1275   -2    -15.152      2.520      7.190
1151  571     21.972     -9.377      8.921
  -1 1138     23.588     -1.709     10.969
  -1   -2     18.655     16.217      8.290
 800  553      4.164      9.930      5.794
1123  643    -12.351     17.058     12.467
 330   -2    -12.523     -5.851     -4.552
  -1  405    -10.019     -1.287      3.407
 160  978     -2.126      7.686      6.525
  -1   -2     20.061      5.724     -4.759
  -1   -2      9.131      6.952      2.381
 382   -2     14.035      3.125     -1.138
1279   -2     15.156     -3.393     10.529
1130   -2     17.084     -4.406      6.189
1001  529     -5.035     -1.668     10.547
 638  887     12.985    -10.121      9.952
 758  550    -13.318     -5.863     -3.916
 714   -2    -14.164     -5.307      8.290
  -1   -2     25.397      4.173      6.620
  -1  460     19.474    -17.352     11.448
 964   -2     -2.720     -9.503     11.975
 905   -2     -5.947      0.499      8.939
  -1  470     -1.998      2.056     -5.456
  -1  308      8.564      4.191     -0.348
  -1 1023      8.239    -19.004     10.513
  34   -2     -4.877     14.838     12.002
 600  383      9.769      9.989      8.297
  -1  456     -6.268    -10.615     -1.184
 917   -2     22.347      8.222     -2.566
  -1   -2     20.201     -3.563     -3.362
 173  398     16.511      2.985      6.420
  -1   -2     20.447      5.043    -10.876
 554   -2    -10.897      7.685      7.246
 163  221      3.971     -6.226      2.107
  -1 1003      1.171      0.465      2.013
  -1  960      0.448    -12.121      5.070
1068  285     -3.760     15.929      4.385
  -1  713     16.951     -9.375      2.925
 597  477     16.367     13.885     11.067
  -1   -2     16.400      6.748      6.937
 705  704     10.837    -12.678      4.081
 533  590     -1.550     -8.873      1.343
 803  451     -3.770    -10.257     -9.213
1026  194     -6.473     12.676     11.521
  -1   -2    -17.299      5.513     11.866
 765  866    -14.960    -11.451     -0.850
  -1  396     11.894     15.316     11.955
 973  935     21.420     16.299      1.557
 921   -2     14.610      5.308      8.159
 303  393      8.744     -5.524      5.777
  -1   -2      5.149      8.897      4.666
 605  433    -10.650     -3.974     10.267
 722  694      0.802     -7.125      9.928
 670  540     11.495     -9.721      7.834
  -1  597      0.117     -1.028     -0.627
  -1   -2      6.705      3.624      1.476
 914   -2     23.499      5.240      7.271
 960  439     -8.634     15.052     11.898
  -1  886     -0.661     -9.230      9.879
1171   -2     11.762     -7.746     11.327
  -1  592     24.647     12.108      4.255
1090  459      9.024     17.126      9.282
  -1   -2     -1.795     -1.746     10.419
 386 1248     11.810      7.136     -1.452
 408  515     13.580     -4.691     10.225
  -1  726     -5.320     -9.430     10.778
 449  351     26.184     -7.405     11.208
  33  943      6.676      0.163     -4.249
  -1   -2      9.842     -9.798     -1.342
  -1   -2     16.366     -1.476     10.379
 731  892     18.797     12.337     -2.234
1078  178     25.270      3.521      9.625
 198   -2      7.983     -3.751      8.781
1263  111     23.315      0.165      5.825
  -1  668     -6.516     -7.641     -9.743
  -1   50     11.066     16.077      5.054
 898   -2     -2.725     -9.202      5.753
 113   -2    -17.680     -1.329      7.201
 413  688     24.377     12.327     12.332
  -1   -2    -14.021    -10.241     -9.348
 802   -2     -0.321     15.969     11.017
  -1   -2    -14.029     -1.871    -11.532
 564  252     22.980      0.042      1.597
  54  400     -7.258     -0.571      2.563
  -1   -2     12.388     -2.528     12.159
  -1  649      5.802    -15.335     12.029
 764  687     25.405     -1.431      1.909
  -1   -2    -12.276      3.396     -4.171
 732  607      6.361     -8.943      2.511
 215  653     21.123      3.937      0.308
1033  348      5.022     15.935      7.628
  -1  154     -1.139    -17.742      5.806
 451   -2      3.571     11.231      0.047
1163  591      7.333      2.958     11.781
 677 1166      9.055    -11.220      7.528
 621  660      4.738     -9.272      2.777
  -1 1109    -17.509     10.669     11.744
  -1   -2     -4.471     -2.262      6.282
  -1  729     15.272     -0.494     11.530
 656 1179      1.839    -12.689      6.471
 730   -2      1.523     17.732     11.983
  -1   -2     17.027    -12.761     11.024
  -1   -2      1.268     -9.618     -4.585
  -1   -2     -1.125     -9.389      7.300
  -1  718     -4.672      6.911      9.838
 744  524    -15.921     -8.299      0.365
 580   -2     -2.387     -5.959      4.658
 296  431     17.918     -1.030      6.712
  -1  193     17.216     12.589      0.328
 619  652     23.213     -4.713      7.296
 475  461    -18.337     -5.946     12.392
 246   -2    -14.806      6.399     -1.435
 929   -2    -17.704     -2.543      7.410
1054   -2    -14.100     -9.073     10.840
 690   -2     18.964    -17.586      4.969
 518   -2     25.888     10.742     10.926
  -1   -2     19.143      0.911    -12.003
  -1  744     -9.714    -13.188      8.565
  -1   -2      9.046      0.186      5.966
 708   -2      2.004      3.696      7.239
 954  212      4.661    -13.642      9.381
  -1   -2     15.558    -14.525     -0.067
 594 1251     13.158     -3.751      8.886
 736   -2     16.317     15.333      1.290
 801   -2     -6.270     -6.441      9.557
  -1   -2    -13.721      4.890     -2.199
1147   -2      6.980    -12.099      9.810
 947   -2     11.713     -8.972      1.393
 900  615     11.744      3.250      9.221
 346   -2     24.595      1.940      8.158
  -1  974     24.444     16.326     11.515
  -1   62     -1.365     -4.343      2.602
 742  725    -12.071     -8.051      2.971
  -1   -2     17.858     -5.777     -0.305
  -1 1096     -8.690    -10.153      9.879
 412  701     12.688     -0.143     11.529
 726  614      1.400     -5.753      5.034
 950   -2     -9.959     -9.122    -10.675
  -1   -2     -7.792      5.119      0.637
  -1  874     22.442     -4.352     -4.434
  -1  185      0.150     -1.608      9.987
1012   -2     26.619      8.740      9.113
  -1  843     11.266     -2.891     -3.856
 359  187     15.505     -8.942      1.119
 926  182     -1.432     17.201     11.518
  -1  746      5.530     -1.212     11.665
  30 1101      3.313      6.987      4.930
  -1   -2     11.850      0.180     10.653
1209   -2     14.588    -18.439     10.607
  -1   -2     20.982     13.268      5.094
  -1   -2      2.804     -3.123     -8.892
 557   20     -1.276     -0.110     11.935
 229  195     19.549      7.405      6.128
  -1   -2     19.396    -12.462      2.344
1066  832    -16.185     -7.254     11.826
 544  632     19.939      8.313      7.799
  -1  384     -5.848    -11.120     11.545
 890   -2     24.231      8.727      3.306
  -1  638      2.250     -0.821      7.460
1179   -2      3.957    -11.976      5.379
 522   -2     25.787    -10.371     10.532
1232   -2     24.361    -17.972     12.034
 977  228     22.100     15.980      2.262
1100   67     17.321     -6.468     12.191
 642  647     18.220     11.051      8.692
  -1  869     -4.020     -6.861      5.747
  -1  716      7.727     -3.746     11.930
 513   -2      0.572     -8.774      6.372
  -1  654     -0.569     -5.542     -6.033
 438  509    -13.637      7.138     -1.726
 543   -2     22.927     13.649      8.240
1021  693    -18.346    -10.828      8.497
 132   -2      6.379      4.946      4.704
  -1   -2     -7.063     -6.131      0.248
 356   -2     20.408     -6.563     -4.960
 138  220    -18.884     -1.619      6.918
 740  699    -10.069      5.634      3.916
1134   -2     14.724      9.006      6.973
  -1   -2      6.122     -4.847      0.718
  -1   -2     24.277      0.172      0.139
 218   -2      9.766     -5.285      9.480
 978 1256     -7.665     -7.457     10.730
  -1   -2     -7.593    -11.197      9.515
 755 1020    -12.170    -16.711     10.795
 943   -2    -14.806    -13.630      6.745
  -1   -2    -11.454    -13.023      7.634
  -1   -2     -6.521    -11.660     -6.456
1290   -2     17.534     -0.795      9.536
  -1   -2     -0.125      9.709      1.931
 916  860     28.013      3.924      9.309
 873   -2     24.082    -10.569     -3.502
  -1   -2     10.466     -2.651     11.916
1052   84    -10.923     16.405      8.578
 795   -2      0.322     17.886      3.677
 421  513    -13.872     -7.062      8.118
  -1   54    -11.596     10.155      2.654
  -1  306    -21.536     -4.339      9.195
 596   -2     19.579      5.291      9.036
1287  877      1.894     14.068      8.143
1102 1043    -19.774     -6.451     10.179
  -1   -2     -6.209      9.647     -4.561
  -1   -2      0.417      3.638      2.904
  -1  137     10.351     13.358     -4.433
 724  115    -20.282      4.885     12.544
  -1   -2    -16.130      6.066     12.230
  -1   -2    -20.388     -2.754     11.182
  -1   -2    -15.202     13.535     11.285
 492   -2     23.311      1.389     10.641
 426   -2    -18.233      5.363     10.246
  -1 1042     -9.752     13.733      5.300
1015  566      7.858     14.798      4.880
  -1   -2      7.233      4.083     10.868
1003  890     -4.007     13.071     11.479
 469  804     -5.275      4.632      4.091
 842  884    -14.330     12.549      9.577
  -1   -2     -0.260      7.221     11.517
  -1   -2    -19.557      6.806     10.532
  -1  199    -14.675      0.195      5.143
  -1  344     -8.900      7.609     -6.745
  -1  481     10.923     -7.352      5.935
  -1  466     27.048      7.309     10.642
 818  863     -5.292     18.582     10.302
  15 1146     -0.231     -1.915      6.175
  -1   -2    -20.417     -1.981      7.889
  -1  241    -16.321     10.646      8.967
  -1   78     -2.186     10.164      3.867
  97 1167     19.631      3.222      9.787
  -1  901    -12.755     -5.110      9.094
  -1  856     25.769     16.029     11.651
  -1 1034    -11.138      8.011      4.410
 778 1206    -21.158     -8.550     12.293
  -1   -2    -11.621      8.779      1.539
  -1  838      2.921     18.600     10.709
  -1  253    -20.735     -0.056      8.154
1008  467    -17.353      3.597     12.283
  -1   -2    -11.070    -10.935     -1.895
1053  871     19.139    -13.284      4.908
  -1  103     -7.365     -2.661     -1.887
  -1  907     -3.452    -17.376     10.063
  -1   -2     23.447      8.778     -4.602
 410  639     14.014     14.682     12.612
 852   -2    -20.977     -1.081     10.665
  -1   -2      1.388     12.393      7.748
  96   -2     10.783      4.967      7.988
  -1 1064      4.422      6.547      3.937
  -1   -2     -4.180     14.294     -3.460
 372   -2    -20.438      1.308     12.594
  -1 1000     11.783      9.425     -3.870
1139   -2    -19.521     -8.897     11.965
  -1   -2    -18.210     -0.968      0.731
 268  766     -0.059     15.355     11.693
  -1  862     25.333     -8.912     -0.098
1188 1051    -18.036     17.316      6.829
 213   -2     18.303     -5.670      5.994
 284   -2     22.519     -1.153      9.812
1255  498    -12.503     -0.058      8.556
 486  882    -17.098     11.580     11.782
1182   -2     15.583     13.708     12.428
  -1   -2     10.440     13.904      6.762
  -1   -2     -1.706      9.024      0.194
  -1  829    -20.517     -9.786      4.174
  -1  139      7.050    -18.051      3.141
 329  385      9.762     11.289      5.923
  -1   -2     -0.971      8.702      0.111
 931 1074    -16.644    -13.871      1.021
  -1   -2    -11.956      9.002     -4.479
 753   -2    -18.514      4.412     12.043
  -1  175     24.762      6.555      2.137
  -1  426      7.178     11.351      7.831
1276   -2      3.037      0.409     11.459
 903   -2    -10.746      4.000      1.664
 354   -2     12.249      6.363      4.874
 796  809     -1.711     12.941     11.119
  -1   -2     15.740     11.530      5.917
  -1   -2     28.433      6.519      6.703
 603   -2     -3.962     16.192      6.957
  -1   -2     -7.976      9.390     -4.880
  -1   -2     25.921      1.906      6.355
  -1  164     22.860      8.577     12.679
  -1   -2     -0.361     -8.174     -5.619
  -1 1120      7.088    -11.401     10.214
  -1   -2     11.827    -11.154    -11.867
  -1  208     -6.786     12.144      8.130
  -1   -2    -13.226     12.939     -2.174
 895   -2    -15.290      1.608      7.624
  -1   -2     11.487     -8.564     11.370
 147  508     26.079     -4.722     11.857
 675   -2     -9.266     -1.102      2.774
 928   -2    -20.956      0.785     11.231
 343  375     12.569     -4.998     10.419
  -1   -2    -17.573     10.100     -4.788
 783   -2    -10.380      9.529     -1.418
  -1   -2      2.283      9.722      9.643
 881   -2     13.395     12.761      5.671
 632  714     10.093     12.848      3.244
 792  122      6.909      5.896     10.322
 717  975     25.490     12.675      9.176
1168  769      0.108     16.175      7.173
  -1  992     -9.303     12.414     12.747
 515  852     -4.714     -0.101      8.152
  -1  500     -6.975     13.851     10.575
1152  996     24.614    -14.572      9.472
  -1  675    -14.242     -5.185      0.697
 321   -2     11.355     -0.691      1.338
 342  534     11.284      3.201     11.464
 766   -2     -3.286    -13.614     -3.245
  -1   -2     -4.370     16.412      1.018
  -1   -2     -0.416    -13.333      5.242
 899   -2     13.834    -12.448     -1.014
  -1   -2     -9.956     -8.439      8.252
1074   -2    -11.098     -3.836      9.030
  -1   -2     23.929      6.297     -3.733
1042  204    -19.161     -2.483     11.207
  -1   22     -4.086     13.453      4.930
  -1  235    -19.034     10.826      8.110
 953  323     23.875     14.168      9.678
  -1   -2      9.350    -10.867     -8.511
  -1   -2     16.539     -5.079     -1.285
  -1   89     25.734    -12.712     12.445
  -1  510     -8.536     -1.769     12.224
1081   -2    -10.563     12.366     10.242
  -1  963     26.294      9.978      1.633
 280  272      2.827      3.925     -9.745
  -1   -2     26.311     10.742      3.859
 822  951    -18.474      6.722      9.319
  -1  955      3.945     13.546      5.446
  -1   39      9.142      5.749      3.105
 839  109     -2.198     10.390      9.882
 633   -2    -10.610      4.949      3.365
  -1  359    -17.909     -2.254      1.416
  -1 1107    -10.046     16.186     11.228
 697   -2      5.753      9.731      8.579
 865 1243     13.580     16.873      7.518
 811  419    -11.467     11.259      6.844
  -1  227     23.852     -0.995     11.428
 779  861    -19.649      0.506      7.871
  -1 1036      7.574      9.892      4.906
  -1   -2      0.604     -0.048     -7.416
1185  825     20.375     16.786     11.363
 689   -2      2.510     15.382      9.177
  -1   -2     -5.218     14.880      9.119
1137 1103     14.232    -12.955      9.005
  -1   -2     25.511      4.941     10.791
1181  450      4.280     11.996     11.229
  40  734    -13.427     -1.209     10.714
  -1   -2     20.387     -2.269      5.184
  -1   -2     -4.313      7.435     -4.507
  -1  854     26.769      7.132      4.175
  -1   -2     -1.377    -15.062     -5.041
 604   -2      6.836    -13.726      3.933
  -1   -2     13.798     14.322     -1.098
   0  315    -11.767      3.039     11.817
1200 1204    -20.181    -15.022      8.904
 365   -2      5.936     -9.054      6.925
  -1   -2     25.261    -12.755      8.107
 716   -2     13.199      3.603      3.051
1164   -2     10.789     13.027      3.086
  -1  826     -0.920     15.644      6.488
1176  839     -9.398     11.906     11.853
  -1   -2     17.047     11.825      8.805
 455  404    -12.395     12.865     11.509
 704  145     13.544     -6.930      3.693
 489 1180     -4.599    -10.628      9.624
  -1  880     -5.690    -13.153      9.837
  -1 1071     23.727     -7.342     -1.582
  -1  853     12.161    -18.104      7.110
  -1   -2     22.253      2.218     11.939
  -1   -2     23.747     -5.713      0.760
  -1   -2     20.169      8.127     12.455
  -1  523     12.045      6.337      5.492
 856   -2     24.193     16.666      8.189
  -1  585     22.687     15.452      8.416
  -1  595    -19.141     -9.967      8.541
 568   -2    -14.392     -2.121      3.592
  -1   -2    -15.298    -13.498     10.527
  -1   -2      2.671    -18.661      8.043
 187 1242     -6.991     10.782    -10.017
1036  670     -2.795     -0.439      8.363
 930  902    -11.900     12.607      9.824
  -1 1115     13.670     18.000      8.316
 743  507      6.601     -2.807      8.711
  -1  745     20.609    -12.983      4.584
  -1   -2      0.109    -11.467     -1.863
1045  119     -2.669     15.790      9.274
1106   -2    -19.769    -10.841     10.722
  -1   -2     23.815      0.542     10.382
  -1  893     -8.285     16.958     12.576
 858  706     26.119     -3.640     11.133
 893  781    -11.648     17.652     12.083
  -1   -2      0.421      8.760     -4.646
1294 1026     26.096    -16.897     11.144
 258   74     15.418      9.027     10.109
 511   -2     19.082     16.549      4.271
1226 1203    -18.246    -16.536     10.869
 294   -2     25.167      9.080     12.510
 641  530     -4.551    -13.399     -2.472
 756   -2      3.952    -10.280     10.475
  -1   -2     24.153     12.106     -4.064
 651  276     -3.363     -5.669      8.012
 375  278      1.962     12.382     -7.975
 158   -2     -4.514      0.743      8.981
 894   -2     23.142    -12.828     10.382
 910  757     23.864    -16.462      7.524
  -1   -2     14.847      6.341      8.123
  -1   -2     12.144     -3.985      5.779
 806  724    -14.612     -9.778      2.402
  -1  218     26.763      4.693      8.985
  -1   -2      6.448     15.858      5.203
  -1   -2    -11.841      0.436      3.172
1292   -2    -14.343     10.539     -9.629
  -1  796     -0.735     19.691     10.320
  -1   -2     -1.647     16.916      2.019
 288   -2     19.048      5.371     11.964
1256  287     24.133      6.373      6.279
  -1  976     22.581     -7.961      3.072
  -1   -2      5.105    -11.832      1.304
 923  558    -13.068     15.983     10.202
 855  894     -6.320     10.352      9.773
  -1   -2    -16.042     -4.633     -9.039
  -1   -2     16.254     18.172      8.673
1058  700      3.152     -6.651      7.491
  -1  407    -14.796      4.148      0.918
  -1   -2    -18.527     11.659     -3.776
  -1  985      2.987     -3.206      8.879
  -1  480    -19.756      7.451     12.036
1178  313     25.696     14.131      7.619
  -1  914     -7.458     -2.070      5.748
  -1  987     15.090      2.248      7.172
  -1   -2    -11.882     -6.763     11.561
1063   -2      6.894    -14.775     -2.365
  -1  406      3.934      7.905     11.495
  -1 1061     -5.050     17.466      7.918
  -1  915     29.136      5.305     11.859
  -1 1122     19.639     15.112     12.104
  -1   -2      1.313     -1.015      5.839
1083   -2     -4.363     -2.908     10.927
  -1   -2      8.065      4.098     -0.013
 935 1022      7.876      6.485      7.471
1079   -2    -19.117     -3.826      6.752
  -1   -2     10.432     14.667      3.285
  -1   28     23.675     -3.409     12.707
  -1  130    -12.696      0.414     12.001
  -1  703    -11.025    -10.936      0.865
 274   -2     -7.781     -4.541     -2.936
  -1  240      6.227      1.501      4.478
  -1   -2    -13.596     -1.670      2.480
 854   -2    -18.376     13.142     11.470
  -1  785    -11.708     12.489     10.763
1221   -2      7.340    -18.956      9.950
  -1   -2     -5.107    -19.727     11.950
 595   -2     14.547    -14.921     -2.857
  -1  801     12.457      8.892     -6.303
  -1 1049      7.961     12.818      6.480
 826   -2     -8.653      1.832      7.951
 655   -2     21.611      2.540     12.666
  -1   -2     -1.120      4.108      5.353
  -1   40      0.181      3.411     11.931
 832   82     -4.620    -12.194      4.656
 769  217     12.537      2.486      9.061
  -1   -2     -1.934     -5.252     -5.562
 169  526     16.418     12.683      5.352
  -1  763    -13.585     12.376      9.859
  -1   -2      9.059      9.473      2.168
 975  964     -3.506     16.414     10.793
  -1  544     -0.295     -8.104      3.108
 647   -2      8.151     -2.729     10.122
1007  709     21.034     15.482      9.004
1165  630     -4.930    -16.452      2.970
1193   -2      8.139    -14.863      8.556
 922   -2     22.582     10.613     10.185
 608  623      3.706     -7.464     -0.240
  -1  356     -8.783     14.083     10.139
 891 1014    -11.125     19.058     10.905
1086 1047      7.264    -17.591      6.259
 498   -2      2.923      6.784      8.013
1060  973     -8.527     17.835     10.811
  -1   -2     17.537     -2.187     10.052
  -1 1172      4.463     11.536      2.922
  -1   -2      5.999     10.075      3.466
  -1  609      8.718    -18.395      7.390
  -1   -2    -12.794     15.091     10.858
 813  930     -4.190     14.699      9.182
1046  299     -4.270      9.145     -7.570
  -1 1102      7.222    -13.843      5.697
  -1   -2    -15.019      3.005     11.396
  -1   -2     13.137      4.357     -2.802
  -1   -2    -14.995     -7.388      3.327
  -1   -2      1.763      6.638     10.325
  -1   -2     -9.747      1.548      8.420
  43   -2     -2.662      5.998     12.388
1084   -2     -6.938    -16.345     12.225
 784 1085    -14.450     18.620     10.080
  -1   -2     19.058      1.841      3.186
  -1   -2      9.566      8.151     -1.640
  -1  677     -9.515     -9.881      7.458
 834   -2     -0.051     12.930     12.125
  -1   -2     19.748      8.700      4.514
 166 1152     16.710     -6.050     12.010
1029   -2     -0.169     12.685      9.682
  -1   -2     18.344     -0.586     -0.806
1087  728    -10.542    -15.283      9.982
  -1 1011     15.205     -2.189     11.629
 709  740     20.702      0.773      7.235
1282   -2     18.447      8.104      4.117
 946  578     -9.168     -8.991     -7.495
 883   -2     19.466    -18.540      8.773
  -1   -2      1.312     -7.012    -11.672
  -1   -2     24.262    -12.357     12.016
  -1   -2     24.739     11.037     11.393
1180  751      7.844    -16.567     11.882
  -1   -2     -9.330      5.389     -3.164
1110 1075    -12.087    -19.109     11.292
  -1   -2     25.489      6.982      0.851
  -1   -2    -10.540     11.740     11.902
  -1  511    -16.058    -17.281      1.385
 791 1108     25.493     10.950      3.735
1095 1062    -16.912    -20.411      7.090
1166  741     -2.064    -13.182     -2.374
 517  487     18.707     15.117      7.546
1037  986    -17.748     15.201     10.001
 285 1099     10.016      6.765     -2.888
  -1  410     11.646     16.751     11.543
  -1   -2     22.763    -15.447     12.024
 286  899     25.989     -1.414     12.320
  -1   -2      1.466      4.789      0.934
  -1   -2     10.393    -14.632     -3.908
  -1  837     12.526     -2.535      0.497
  -1 1002    -14.979     16.298     10.759
1160   -2     12.914     14.194     11.725
 668   -2     22.553    -14.263     12.035
 203  651     21.882      1.228     12.551
 669   -2      7.769     -2.653      7.253
 578   -2     26.659     11.180     10.299
1075 1156      4.435    -10.624      4.056
 630   -2     -4.163      0.350      0.723
  -1  411     -4.147     -2.359     -0.159
 721  748     13.382    -18.031     10.365
  -1  994      5.379     -3.768      9.502
  -1   -2    -13.811    -14.342     -0.473
  -1  601     18.370     13.897     -1.828
  -1   -2    -16.786     -3.526     -9.198
 627  514     18.646     -9.326      9.136
 676  547     17.225    -14.289     11.107
 646   -2     18.715    -13.824      5.440
 281   60     21.117     13.233     12.052
1122  937     -6.246     12.188     11.019
1105   -2     -0.702    -16.331      3.288
  -1  762     -1.704      7.983      9.515
  -1  621    -19.429    -12.683     10.212
 652   -2    -17.406     13.502     10.941
  -1 1252     -3.226    -11.154     -4.362
  -1   -2     21.268      2.671      7.915
1119  387     17.217     -7.629      7.690
1154   -2     -8.539     -7.771     10.532
  -1   -2     18.585     -0.344     12.361
  -1   -2      4.702     -9.561      1.816
 514   -2      1.354      4.471     -1.606
 352  275      9.414     13.354     10.742
 380 1033     22.659     10.360     -3.896
1092   -2    -11.983    -18.951      5.254
 402  479      7.893     16.900     12.081
1143  320     29.328      1.762     10.104
  -1  676     -1.683      4.305     10.058
 485   -2     18.035      1.089      7.907
 282   -2      7.882      1.954      7.990
1153 1155      1.041     17.165      9.718
 624   -2     -5.374    -10.120     -3.490
  -1  588      4.456     13.457      7.575
 747  476      0.552    -13.821      8.948
  -1  928      7.419     -8.117      7.277
 861  418     -3.168     -8.587      8.449
  -1   -2     17.262     -3.491      0.925
 462  698    -12.795     -8.962     12.558
  -1   -2     -1.321      5.703      1.206
 925  501     16.998      4.841     11.110
  -1 1178     15.979      3.986      0.157
  -1  132    -10.037     -0.266     -6.909
  -1 1245      5.333     11.233      6.667
  -1  434    -15.236      8.149    -11.805
 150  153      6.148      4.235     -2.031
  -1 1086     -7.604    -17.658      4.597
  -1  106      1.866     17.265      7.900
 577   -2     -7.469     12.807      7.107
 691  245     22.982      2.412     11.200
  -1   -2      3.368     -8.607    -12.018
  -1   -2      0.412    -14.790     -5.161
  -1   -2     12.415    -13.590     -6.680
 761 1028      4.935    -15.492      5.152
  -1  655     19.001     18.506     10.649
  -1   -2     23.146    -15.206     10.360
 631  984    -16.886      6.611     12.164
1030  776     27.596    -12.036      6.690
  -1   -2      2.290    -14.823      7.035
  -1  730     24.777     14.696      8.838
  -1   -2     11.464      3.751      4.279
1208   -2     13.436    -16.671      9.442
  -1   -2    -15.365     14.435     -5.779
  -1   -2      9.723      9.037      8.107
  -1 1147     19.968     -4.659      6.511
  -1   71      2.653      5.912      8.553
  -1   -2     22.740    -13.287     12.416
  -1   -2     -7.526     -8.035     -0.397
1082   -2    -14.158    -18.161     10.632
 872   -2     14.492     -5.704      9.373
  -1  136     -2.584      8.544     10.110
1114   -2    -10.495     14.992     10.201
 503   -2     -5.576     -5.618     12.454
 860   -2     -6.708      2.756      9.477
 422   -2     23.751     11.500     11.901
 276  165      4.615     11.124      9.980
 901  789    -16.419     -8.396     -6.787
1281  155      2.815     13.946      5.274
 790   -2     21.159     -5.521     11.645
1219 1200    -25.101    -10.795      9.862
  -1   -2     28.640    -17.271     10.236
  -1 1195     24.920     23.215     11.086
  -1  920     13.154    -21.015      7.801
  -1   -2     -8.220    -20.648     10.134
1215   -2     21.999     17.239     12.135
  -1  991     26.763    -15.720     12.481
  -1   -2     20.319    -16.381     12.422
1211 1262     11.059    -27.979     -6.524
  -1 1197      3.966    -28.762     -1.738
  -1   -2     23.701    -19.336     12.495
  -1   -2     22.325    -22.472     10.796
  -1   -2     17.423    -19.242     12.946
  -1   -2     14.485    -20.788      7.149
  -1 1201     14.516     27.743      0.820
  -1  702     21.540    -18.127     10.522
  -1 1191     23.696     19.496     12.490
1231   -2     11.704    -25.688     10.200
1222   -2    -23.296    -11.289     11.478
  -1   -2    -15.128    -19.433     10.814
  -1   -2     12.855     31.334     -0.926
  -1   -2     18.170     21.393      9.609
 520 1052    -16.294    -10.632     11.245
  -1  953    -20.638    -14.197     11.163
  -1 1181      8.701    -20.162     11.495
  -1   -2      3.176    -20.726     11.592
1192   -2     -0.761    -23.879      8.903
  -1   -2      7.403    -24.111      0.609
1295 1295     16.011      1.884     10.292
1234 1263     12.959     -8.846     11.911
   2   -2    -10.728      7.568      9.314
  16 1281     -4.074      1.839      9.086
  -1  188    -11.219     13.865     11.078
  -1   -2    -17.956      2.199      5.810
  93   -2      1.185      3.985      9.061
  91   -2     10.439     -1.558     -1.434
1246   -2    -12.853     -2.056     -3.397
  68 1230     -9.447     -3.102     11.398
  -1   32     17.314     -0.894      8.574
 227 1091     16.506     -2.681     10.242
  -1 1273     -5.645     -0.547      5.012
  -1   -2     -0.077     -4.163      2.607
  26   -2    -17.420      4.569     -1.362
  37 1225     19.080     -0.141     -8.087
 493 1278     22.302     -1.758      9.279
 414   -2     23.953     10.963     11.803
  -1   -2      3.374     -0.036     -7.032
  -1   -2      3.219      0.112     -7.381
 180   -2     -8.351     -1.712     -0.251
  -1  112     16.545      6.399     -2.221
 259  760     -5.405     16.082      6.835
  -1   -2     16.748      7.632     -5.138
1257 1276     -8.939     12.896      0.956
  -1   -2     23.830      6.529      7.292
  -1  298      3.659     11.150      1.713
 340  850     10.988      0.247      5.997
  -1  167     13.353      9.275     -9.035
 176   -2     13.426      9.383     -8.813
 216   63     -7.867     -6.422      9.678
 265   -2    -15.439     -5.502     -2.791
 233   -2     17.055     13.013     -2.703
 186   -2     -9.384     -4.893      8.623
 674  223      6.911     13.387     -6.283
1268   -2     21.079      5.922      6.265
 491   -2     -8.897    -10.092      5.662
 999 1257      7.890     -6.103      2.090
1027  332     -2.940     -8.642      8.664
 333  925     19.922      8.482      4.384
  -1   -2    -11.367      2.861      6.316
  -1   -2     -2.300     -5.586     -6.238
 423   -2      2.870      1.404      9.851
  -1   -2     -3.877      4.916      0.034
  -1   -2     -3.394    -17.349     10.132
  -1  671      4.275    -10.495      4.013
1050  446      9.450     13.952     10.662
  -1  337     23.630     -5.085      8.909
 966   -2     23.682     10.909     -2.344
  67   -2    -12.026     -1.669      0.141
 232  381     23.046      3.744      4.671
  -1  691     15.779     -5.849     11.764
 896   -2    -19.786    -12.765      9.546
  -1  841     28.640    -17.271     10.236
  -1   -2    -11.219     13.865     11.078
  -1   -2     10.883      2.480     -8.128
  -1   -2    -17.956      2.199      5.810
1251   -2     24.108      3.545      1.973
  -1 1266     17.336     -0.923      8.609
  -1   -2     16.748      7.632     -5.138
  -1   -2      3.374     -0.036     -7.032
1247  141      3.219      0.112     -7.381
  -1   -2      3.659     11.150      1.713
  -1   -2      3.659     11.150      1.713
1244 1270     18.839     12.098     -5.056
1248   -2     -5.729     -0.661      4.682
1319 1299     -3.394    -17.349     10.132
1286  932     13.945     -9.353     -6.521
  -1   -2     28.640    -17.271     10.236
  -1   -2    -11.219     13.865     11.078
 130 1288      6.606      8.328      2.104
  -1   -2     10.883      2.480     -8.128
  -1   -2     17.336     -0.923      8.609
1235   -2    -17.956      2.199      5.810
1300 1287     16.776      7.670     -5.085
  -1   -2      3.659     11.150      1.713
  82   -2      3.659     11.150      1.713
1306  692     19.387     -7.488      3.908
 976  674     20.737     -7.012      2.224
  -1   -2    -11.219     13.865     11.078
1323 1303     10.883      2.480     -8.128
1330 1307     -2.300     -5.586     -6.238
  -1   -2    -11.219     13.865     11.078
  -1   -2     20.371      9.429      7.046
  -1   -2     24.394     -7.902      2.570
  -1   -2    -11.219     13.865     11.078
1328   -2     24.394     -7.902      2.570
1322 1302     16.363      3.705     -7.907
  -1   -2     20.371      9.429      7.046
1332  436     20.371      9.429      7.046
  -1   -2    -11.219     13.865     11.078
  -1   -2    -11.219     13.865     11.078
1331 1308    -11.219     13.865     11.078
  -1  211     18.554      5.315      2.227
 224  661     18.608     10.549     -4.951
1318 1310     -5.660      0.126     -7.631
