1340
1123    0    -11.155      4.490     12.138
  16    1     -1.913     -4.776      3.031
  -1   -2     15.946      1.838     10.366
  -1   10    -10.799      7.583      9.592
  -1 1286    -18.049      2.331      6.115
  -1 1228     -3.328      1.039      6.686
1219   -2     12.884     -8.842     11.725
 882  758      5.577     -3.355     11.208
  -1   35     -3.501      3.593     10.899
 478  590     16.267     11.223      4.480
  19   -2      3.496      2.395      3.601
 169   23     12.779      3.479      7.081
 237  300     17.528      4.175      4.789
  -1   -2    -11.220     13.859     11.036
  39   44      2.014      9.350      6.869
 586   -2     -3.536     11.443      8.752
  27   12     23.066     -3.580     11.315
  -1   38     18.774     -6.087     11.238
  -1   21      7.761     -4.925      4.508
  -1   -2     -9.157      7.796     -0.526
  -1   -2     19.757      4.940    -12.042
  -1 1111      5.933      5.305      3.836
  -1   -2    -11.952      3.996     -5.399
  -1  910     -2.055      8.032      2.126
  -1   -2     12.181      5.245     10.394
  -1  164    -17.730      0.533      7.492
  -1   -2     17.402     -0.880      8.421
  41   30      8.887      9.450      0.002
  -1   -2      6.075      0.596     11.150
 971  620     -8.875     -2.394     -2.154
  -1   -2    -16.958      8.708      0.812
  -1   58     -4.238      7.875      1.586
 165   -2    -12.907     -1.991     -3.374
 554  634     16.366      0.526      5.900
 474   -2    -15.288      2.487     -3.885
 262  307     17.943     -1.581      5.581
  -1   -2    -16.554     15.153      7.681
  -1   -2     22.981     -1.727     10.367
 209   -2      7.328     -7.194      5.259
 302   -2     -3.054      9.351      9.934
  -1 1305     24.112      3.002      2.064
  -1   -2    -10.407     -2.215     11.790
  -1   -2     14.562      8.407     -1.362
 227  222      4.559     -0.433      9.428
  -1   -2     18.332      1.684      6.906
  20  629     -2.476     14.720      8.075
 722   -2      7.115     -7.685      8.439
 101  105     12.252     14.932      8.011
  68   55      4.677     -0.738     11.784
 881   -2      1.426     11.451      9.467
  -1   88    -14.414     -3.353      4.258
  42   33     16.483      3.619     -7.949
 344  103     -9.554     -3.076     11.604
 219 1049     23.612      4.853      7.825
 230   -2      0.852     -1.234      9.154
1286   -2     27.305      7.569     10.181
  -1 1297     16.623      9.393      2.184
  -1  165    -14.821     -1.868      5.600
  -1   20     -5.992     -0.767      4.036
  -1  186     11.610      2.954     -0.546
  88   -2      4.488      9.753      4.441
  -1 1011     14.066     10.978    -11.736
   4  290    -10.283      7.479      7.522
  99  720      2.661      0.835     -4.451
 768   -2    -12.304      9.719     10.653
 781   -2     -1.292      4.018      3.211
  -1   -2      1.939     -3.314     11.970
  -1  152      9.697      5.352      8.434
  -1   24     -5.601     -1.927      5.688
 309 1251      5.240      9.353     -9.966
  -1   64     20.498      3.962      5.385
1272 1014     22.843      9.282      8.089
  84   -2      1.370      4.583      8.426
 170 1244     16.630      1.581     -1.493
  -1   -2    -11.650     15.821      6.279
  -1  256     -1.359      3.840      7.606
 942   -2     16.347      5.908      9.330
 923  229     25.067     -8.714      5.135
  -1  107    -12.360      5.823      5.938
 186 1246     10.673     -7.334      9.747
 110   -2    -16.496     -0.569      6.118
  -1  157     14.686     -5.180      5.074
 815  461      2.315     -4.490     11.480
  -1   -2     12.241     13.583      0.788
 487  378    -19.738      3.338      8.926
 550  624     11.068      1.056      3.515
  -1   -2     -7.673      6.149    -12.367
  79   82     16.806      0.965      9.250
 428  599     10.073      3.711     12.231
 819  806    -16.949     11.090      8.392
  -1   -2      3.276     -2.584      2.049
 418  830    -16.051      1.168      8.806
 141 1271     20.514      4.530      2.450
 122  144     18.068      5.446      4.220
  -1   -2      9.563      3.185      5.732
 136 1242     26.559      2.407     12.210
 920  314     12.525     11.789      7.936
 160  195     -1.784     13.211      7.349
 409 1261     16.750     13.222     -3.526
  -1   -2      9.116      7.628      2.873
 412   -2    -10.379     10.923      6.230
  13  958    -12.609     10.961     12.091
  -1  613     11.589      6.218     -0.066
  -1  240     11.754      9.334     -5.993
 315  278     19.662     -0.607     -1.327
  -1  682      5.822     16.446      5.696
1099  901    -11.019     -5.168      9.086
 546   -2      0.087      7.991    -12.323
1227  491     -1.661      6.412      0.563
  -1  202     23.370      7.761     11.779
 678   -2     -7.812     -6.383      9.795
  26   -2     15.407     -1.346      1.124
 609  972      3.341     16.035      3.112
  64  174    -15.536     -4.939      4.781
 685  952      4.466      6.304      2.662
1040  446     -4.701      8.885      3.378
  -1  506     14.112      0.508      2.115
 340  239     -4.148     14.035      3.235
  -1   -2      2.631      2.991      1.844
 480   -2     13.244     14.437     10.039
  -1 1249    -12.899      8.232      1.050
  -1 1125     13.894      2.006      0.224
 686   -2     13.745      4.101      3.938
 431   -2      4.908     -6.282     12.513
 588 1268     12.774     -7.988     -4.739
  -1   -2     -8.472     10.732     -3.322
  10  433      3.806      8.187     -0.246
  -1  740    -12.795     -1.032      4.911
 140   -2     21.037      8.834     11.197
  81 1238     19.993      2.963      6.338
 368   -2     27.766     -3.364     10.832
  -1  700    -20.002     -3.199     12.517
1058  209    -15.489      9.969     -6.302
  -1   -2     13.256      9.502      0.180
 763   -2    -18.536      5.068      2.703
 218   25     -9.186     -0.854      1.701
  -1   -2    -13.962     10.799      6.366
  -1  744      5.851      0.050      4.312
 232   -2     -1.549      9.289      6.032
1164   -2      2.116     10.794      3.781
 356  650     13.343     -5.835     10.905
 840   -2      4.791      5.810     -7.874
  93   -2     25.552     -9.150      8.057
  34  296     11.194     -4.522      3.247
1282   -2     24.248     -1.807      7.209
  -1   -2    -10.637     -0.921      5.373
  -1  373    -14.924      1.010      8.841
  -1   -2      3.217      6.112     -0.716
  -1  614     19.868     12.922      6.198
 105  345     -8.810      9.744      4.668
 194  285      2.698     -3.128     -5.213
 228   -2     24.359      1.209      8.426
 721   -2      5.354      6.999      6.246
 327  923     -3.586      4.622     -2.596
  -1  534     13.976      5.091      7.801
 317   -2    -11.566     -0.986      2.246
  87  554      4.406      2.638     -7.099
 559   89      6.411      3.036     -7.383
1063  399     19.471     12.889     10.328
  -1   -2      1.421      6.458    -12.460
 598  381      3.433     -3.476     11.026
  -1   -2     -1.395      3.362      9.896
  -1   -2     20.846      3.194      4.679
 249  251     -0.985     11.118      4.291
1084  707      5.056     14.447      3.457
  -1  868     -3.834     -0.228      4.682
1074   -2      0.670     -0.527     11.957
  -1   -2     26.066     -7.665      8.977
 168   -2     20.946      7.348      7.191
  -1   -2    -13.372      0.426     -3.372
  75  544     -5.986     -1.812      1.911
 429  211     15.312     -3.052     10.049
  -1   -2     16.855      6.831     -0.793
  -1   -2      0.076     -2.609     -0.194
1003   -2    -14.730      1.885     -1.287
  -1   -2      5.913      1.365     -6.960
 908   -2    -10.160      9.312     -5.296
  -1   -2     -9.091     -1.888      4.999
 634  141     -9.569     -3.288      0.268
  -1   -2    -16.644      6.213     -0.499
 314   -2      6.353      3.819      5.320
 102   -2     24.778      4.674      6.024
 500   -2     14.884      1.868      5.403
 223   -2      1.601      5.695      9.226
 198   47    -13.371     -2.997     -2.721
  -1  377     20.443     -3.907      7.321
  -1  531     17.009     13.641      0.190
 394   -2     14.071      6.019      6.626
 459   -2     10.091     11.149     10.741
 417  714      9.440     15.064      6.069
1178 1043      1.635     13.126      7.862
 178   -2     -0.891     -6.008     -8.239
  -1   -2     15.817     -4.648     -5.913
  40    5    -15.002      6.405      5.486
 655  226      4.316     11.905     -9.888
  -1  171      3.251      6.244     -2.553
  45  437     10.789      3.205      8.258
1107   -2     10.046      1.014      1.069
  73 1237     17.990      7.036     -0.098
  -1   -2     13.966      8.729    -10.486
  -1   -2      8.209     13.699     -5.175
 159   -2     -5.164      9.591     -4.491
 147   -2    -11.198     -9.409     10.360
  -1   -2      5.491     12.711     -1.234
1004   -2     -6.852     15.556      4.858
  -1   -2    -11.269      7.844     -6.734
1249  556     -5.733     14.503      5.748
  62  362      7.668     16.732      6.351
1134  304     21.796     -2.094      7.261
 361   -2     20.352     10.380     -1.618
  -1  443     12.105     -6.946      5.589
  -1  366     20.501      1.733     -1.316
1263   -2      2.128     16.255      7.235
  -1  100     10.811     -0.204     -1.005
  -1  573     25.435     -4.869      6.029
  -1 1038     -3.416     -2.640      5.229
 926   -2     24.301     13.642     12.313
 424  242     -2.079      2.333     -6.673
1072  841     22.514      0.927     12.283
 267  628      3.020      6.304      9.661
  -1  355     18.888     -5.717      0.680
  -1  118     -5.419     -4.280     -4.100
 285   -2     12.999      6.337     -0.937
 133   -2    -14.667     -0.182      6.258
 580   -2     12.024      9.189      9.121
  -1  137    -13.488      8.782     -7.606
 505  434      7.676      7.609     -4.988
 374  215     17.219      0.831      2.365
1060  933     -2.258     -1.572     10.170
  -1 1072      4.925     -9.074      8.128
  -1  537    -15.778    -10.723      8.664
  -1   17     16.879      5.026      3.771
  44 1234     13.652     14.435     -3.156
 181  907    -12.593     13.228      5.473
 328   -2      3.594     -5.906     -7.100
  -1   -2     15.807     -5.187      9.262
  -1   -2    -13.533      7.133     -1.089
1264   67     -5.333     -2.859      9.900
 366   -2      7.509      5.084      9.627
  -1   -2     -6.141      4.425     -5.548
 184   -2     -2.377      6.167     -1.237
 796   -2    -11.489      2.762     12.374
 452  390    -11.691      8.111      5.299
  -1   46    -17.514      5.677      0.949
 492  444    -16.746      5.227     -3.471
 676   -2     23.417      0.395      8.861
  -1   -2      4.364     14.062      7.539
  -1 1308     12.926     11.294     11.079
  -1  834     -5.601     -1.204     10.333
  -1   -2     11.557     -5.133     12.006
  -1   -2     -7.164      7.638      2.658
 904  156      7.407      4.116      6.338
 318  340     -6.818     10.797      5.414
  -1  640    -19.267     11.080     11.948
 206 1250     26.419     -0.099      8.397
  -1   -2     -1.157     -0.145      2.808
  -1   -2     20.800     11.727      7.388
 805   45    -19.424     -0.338      6.509
 381   -2     10.263      6.115     -3.906
 510   -2     13.056    -10.775     -3.627
  -1   -2     18.475     -4.739      3.832
  -1 1144      7.022     -3.696     -8.382
 236  800     -7.231      8.450     -6.077
1136   -2     20.360     -0.248     12.605
 675  726     24.293     10.648     10.619
 272   -2     26.338     -6.317      8.487
  -1   -2      5.501      3.055      4.325
 856   -2    -15.844      5.864      3.089
  -1   -2     -1.902      1.028     12.287
  -1   -2     15.431     11.258     -5.428
  -1   -2      9.792     -3.631     -3.246
1181   -2     20.129     -5.724      9.717
  -1   -2     -3.063     14.805      1.972
 238   -2     20.164     -1.077     -8.816
  -1  710    -14.758     -1.710     -3.270
 718  962     -2.645     -6.299     10.801
  -1   -2     12.303      5.099      6.561
 479  795    -17.589      3.268     11.606
  -1  347     25.430     -1.796      9.626
 393  237     18.547     12.828     -5.631
 532 1120     22.154     -5.555      9.578
1234   97      9.473     -5.576     11.037
 387   -2    -12.063     -7.314     12.547
  -1   72     23.003      4.956     10.732
  -1  313     15.466      3.271      6.757
  -1   -2     16.261     -9.271      6.294
1287   -2     11.318     -6.920      9.579
 465   -2      8.896      0.346      9.254
 162   -2     19.258     14.795      5.422
 157 1010    -12.356     -0.794     10.775
1290  667     15.062     13.413      9.020
 416  271     15.058     -6.991      9.169
 399   -2     -0.732      3.719     12.494
  -1   -2      8.309    -11.543     -0.836
  80  376     18.877      9.597      8.340
 775  161    -17.414     -4.199     11.953
  -1  166      7.730     -2.414      3.168
  -1  359     19.333      1.934     -6.675
 467   -2     23.976     11.937     10.150
 139   -2     -2.019      0.182     10.178
  -1  306     -3.945      1.930      8.787
  -1   -2    -11.598     -0.541      7.443
1211  843    -19.383     -9.100     11.309
 615  469     -4.914    -10.274     -1.490
  -1   -2    -13.009      2.259     -4.463
 612  264    -18.550     -2.444      6.917
  -1   -2      5.964     11.467     10.578
 174   -2      6.082      7.577     10.461
  -1  615     10.051     -2.133      1.947
  -1 1255     23.955     -2.743      9.681
 981  384      9.102      9.929      5.784
  -1   -2     17.725      5.851     -7.015
  -1   -2     10.709      7.944      1.796
 852  420    -16.033      1.398     12.349
  -1  218    -13.234      0.938      6.500
 375  148    -12.226      1.281      4.718
1274   -2     24.799     -4.380      9.071
  -1   18     -9.137     13.258      2.714
 405  299     -8.206      8.233     -3.606
  -1   -2    -12.189     10.421      0.158
 117   -2      8.110     -5.452     -6.739
  -1   -2      8.801     13.143     -2.051
  -1   -2     11.141      5.201     10.463
 962   -2     18.759    -11.741      2.332
  -1   -2     10.910     12.193      2.522
 396  719     20.067      3.705     10.524
 652   -2     20.830      6.134     11.876
  -1  496      1.191     10.947      5.228
 201  184      7.536     -1.220      2.037
  -1  274     21.003     10.160      5.194
  -1   -2     14.897     -6.526      7.396
  -1   -2     -4.812     -2.635      5.160
1155   -2     18.004    -14.536      8.597
  -1  252      9.425     -1.666     -1.237
 151  181     16.048     -0.805     -1.499
 667  929     16.550     11.031      7.855
 129   -2     24.311     -0.428     10.276
 210   -2    -17.362      2.919      0.649
 898  778      0.222      9.686     -3.404
  -1   -2     24.208     11.390      6.111
 869  750     13.125     -9.765      8.921
 529   -2     -5.141     16.156      6.276
 515 1015     -6.645     15.238     11.577
1153   -2     19.589     -3.442     11.526
  -1 1178     -8.156      2.981      8.352
  -1   -2    -17.655      5.536      8.287
 323   -2      6.588     -9.194      2.277
  -1  334     12.899      7.115      7.142
 892  593     21.461    -11.762      6.234
  -1   -2      4.783     -4.037      1.212
 369  438      1.543      6.789      7.024
1085   -2      7.541      9.596     -2.355
 404   -2     15.615      9.968      3.631
  -1 1035     25.519      5.901      8.511
 754   -2    -14.334      9.467      9.990
  67  122     18.695     -1.221     -2.251
 670   -2    -13.845      9.344     -2.616
  -1   -2     -9.332     -8.409     -7.789
  -1   -2     17.461      9.724     -6.383
  -1   94     14.433     -1.283     -1.965
  -1   -2    -17.667     -1.528     10.952
  -1   -2    -13.746     -4.766      2.118
  -1  546     18.571     -0.611      8.898
 335  662     -9.069     -0.851      3.318
 233   -2    -15.919     -4.289      9.173
  94 1088     16.191     -1.078     11.568
1108 1096      5.924     -0.913     -6.130
 991  542     25.730      2.146      9.334
 436  463     17.085      7.509      6.733
  -1   -2     26.254      2.252      6.110
 376  611     -1.326     -2.828      4.764
  -1   -2     10.901      0.254      6.142
 853  505      9.213      1.628      7.692
 402   71      2.162      9.218      3.908
 415   -2     22.935      4.933      5.745
  -1   -2     24.613      1.558      1.195
  -1   -2     12.074     -5.995     -1.694
  -1   -2      7.876     11.148     12.126
 464  773    -16.623     11.937     11.792
 530   -2     16.886     12.439     11.922
 389   -2     -7.136     -1.070      7.005
  -1  579     -3.139     -4.230     12.186
 114   73      4.453     -2.488      2.191
1090 1115      9.548    -11.335      8.187
  -1   -2     -3.507      6.614     -5.103
  -1  426     24.949      2.865      9.253
  -1   -2      1.636     13.925     -2.867
 192  535    -11.375      0.677     -3.614
  -1  567     -1.366     -7.327     11.939
 275   -2     13.429     -4.131      3.996
 669  987      7.935     -3.347     11.699
 435   -2     10.965     14.454      7.900
 583  825      4.021     10.264      8.235
 495  372     -9.718      2.025     11.539
 842  580     -1.109     14.585      6.747
  98 1157     -7.361     13.502      5.012
  -1 1153     -6.918     16.868      8.206
 116  403     -9.872     15.258      5.079
 668   -2     17.526     12.579      7.274
  -1  430     -2.865     -1.684     12.191
 414  374     -5.532     -9.764     11.779
 863   -2     -4.025     16.673      7.351
 506   -2     19.946     -7.918      2.798
  -1   -2      8.335      5.704      5.410
 606    4      6.452     -5.145     11.343
 519   -2      1.463     -6.567     -5.210
 949  568      5.826     14.756      9.134
  -1  460     -2.585     -7.623      6.868
  -1   -2     23.485      5.512     -0.448
 445   -2      9.255      9.744     -3.107
 167  759     12.992     -4.077     12.203
 725  836      0.782     16.915      8.832
  -1   -2     -3.506     -1.634      4.036
 941   59      8.592      2.986      5.782
  -1 1058     20.005    -16.762      6.496
 226   -2     12.552      2.521     12.323
 458  178     20.029     11.704      7.785
  -1  569      6.807     -9.268      9.230
 542 1265     -1.233     -2.421      9.076
 534   -2     22.547     10.652     10.045
  -1  173     -0.722      6.430     10.445
  -1   -2     -3.286      5.748      2.046
  -1 1175      6.095      3.684      4.486
  -1   -2     -9.899    -12.809     -3.092
 244   -2    -10.927     16.227     10.190
 107   -2    -15.267      0.589     12.287
  -1   -2     14.004      5.568     12.026
1170  488     23.320     -9.356     11.995
 146   -2     11.495     13.964      4.472
  -1  447     17.541      9.537     11.394
 353   -2     21.180     -4.049      8.836
  -1   -2     -1.846     14.569     11.535
 966   -2     10.564      9.787      4.681
  -1   -2     20.374     10.653      9.667
 650  702     19.691      3.075      2.697
  -1   -2     18.597     10.438     -5.247
  -1  421     21.038     15.268      9.594
  -1  126      4.774     15.117      1.201
 919  673     -6.340    -12.402      4.711
  78 1012      9.800      8.349     -0.161
  -1   -2     -3.120     -3.365     12.204
  -1  196      1.093      0.953      8.088
  -1   -2     17.648     -1.169     -5.818
  48   -2     10.770      2.943      0.844
 746  159      8.720      9.775      1.951
 397  746    -10.505     -6.371     12.482
 320   -2     19.092     16.575      4.222
 477 1263      5.025     -8.379      2.603
 549 1300     21.011     16.395      3.730
  -1   -2     13.941     12.106      6.966
 367  472     22.789     -0.040      6.279
1284  361     20.952      9.848      3.626
 539   -2     17.917      7.917      6.279
 626 1162     -0.358    -10.558      1.544
1171  937    -20.026     -4.897      9.028
  -1  724     16.434     -9.684     10.552
 724  689     -8.058     -6.647     -4.571
  -1  339    -14.690     -1.230     10.223
 292   -2      7.045     11.657      4.973
 533   -2     -3.727      5.252      6.234
 172  108      6.091      2.365     10.151
  -1  616     19.662     16.222     11.394
  -1   -2     -1.615     14.608      8.409
  -1  882     13.756      1.901      7.863
 974   -2     15.221     -3.577      3.011
1269   -2      9.918      4.568      7.233
  36  337     16.066      3.730      8.345
  -1  600     15.366     17.787      7.322
  -1   -2    -18.908     -4.953     11.658
1295   -2     24.019      1.810      4.211
 189   -2     20.047      3.712     -2.049
 339  432      9.817     -3.630     10.706
 296 1257    -15.360     -8.630      8.328
  -1   -2    -13.865      9.832    -12.405
  -1   -2     -3.300      3.356      4.593
  -1 1027     -2.578      7.795      7.571
 461   31      6.795      0.387     10.440
  -1 1131      8.841      9.230      5.650
  -1   -2     -1.549     16.961     11.756
  -1   -2     -3.021      3.269     -1.685
  -1   -2    -11.090      8.367    -10.497
  -1  116     22.568      3.886      6.798
  -1  457      0.925     -4.942      4.335
  -1  799    -11.400     -3.057      4.311
  -1   -2    -13.947      0.521     11.659
1103 1165     12.499     15.699     10.827
 173  970     -0.827     14.913      1.729
1052   -2     -8.466     -3.846      2.086
 403  697     -0.573      1.621      7.642
  -1 1045     -1.924     -1.720      5.114
 694   -2      8.365     -3.348      3.108
  -1   -2     -2.555      8.023     10.617
 911  969     20.600     -0.542      9.096
  -1   87    -12.921      1.065     -3.841
 516   -2     -7.628     11.281     11.390
 498   -2      3.234    -11.524      7.015
 494   -2      2.814     -1.090      9.686
 630  749     -3.011     -8.391      4.122
1273 1135     25.830      8.536      9.008
1168   -2      6.206      9.070     10.870
  -1  876      9.304     -8.371     11.031
 593   -2     24.214      8.482     10.782
 161   -2     18.527     -3.421      7.810
 220 1196     20.569      0.622      8.259
 813  310    -18.838      5.000      9.637
  -1   -2     18.748     -0.398     11.595
 748 1037      6.411    -12.609     11.246
 999  168      9.880     16.435      6.116
  -1   -2     22.560      2.281     -2.908
 807  812    -11.715      2.240      6.896
 211   -2     -6.302     13.325     12.354
  -1   -2    -12.269    -11.264      4.342
 263   -2     -7.786      7.775      2.734
  -1   -2     11.966      4.123     -3.250
 719  482     25.945      9.729     11.885
 538  405     19.803     -6.072      5.763
1024   74      1.149     -0.961      6.699
  -1  343      1.661     10.007     -3.138
1125   -2    -18.511     -2.668      3.758
  -1   -2      3.144     -5.550     -1.500
  -1  179     19.066     11.944      1.679
 289   -2      1.689     11.725      1.870
  -1   -2     20.346     -6.345     -5.428
  -1   -2     12.701    -13.236     -2.409
1161   -2     22.385    -12.174      8.597
  -1  756    -16.163     -2.612     10.080
  -1   -2     18.594     -9.964      9.261
  -1  452    -13.981     -7.347      9.159
 603 1081    -10.027      5.556      4.430
1096  849     -5.503    -13.294     -0.701
 560 1266     10.775     -2.262      9.056
1205  550     26.363     13.643      8.031
  -1   -2     21.558     14.928      5.819
 862   -2      7.732     14.019      9.108
 964   92     10.118      5.312      3.474
 726  989     16.014     14.339      4.922
  -1   -2     21.512      0.600     -0.429
 953   -2     18.387     -1.723     11.877
  -1   -2     -7.828      8.224     -5.607
 742  953     -7.717     -6.759     12.136
  -1   -2     10.374      2.772     -8.143
 585   -2     18.033      9.687      9.075
 450  112    -13.540     -4.081      7.205
  46  557      4.874      0.157     10.789
  -1   -2      5.823      6.910      1.853
  24  230     -2.414      3.361      9.380
 254  513      1.514     -0.610      4.835
 934  549      8.951     -9.483     11.246
 386   43     -0.518      0.483      7.346
 144  468     14.099     10.598     -0.957
1106   -2     10.985     -1.097     11.762
 234  916     11.448      2.825      8.511
 695   -2     17.193    -15.991      9.716
  -1  649      5.946     13.018      0.144
  -1  618     18.110     -5.144      8.386
  -1  741     -7.222     -9.934      9.435
 547  586     17.606     14.178     -0.017
 163  149     21.006     -3.408      3.624
  -1  575    -18.086     -6.911     12.051
1080  706      5.554      8.752     10.807
 410   -2    -16.794      2.305     -3.445
  -1   -2      7.260     -3.577     -2.482
  -1   -2     22.478     -9.745      7.057
  -1  429    -19.081     -0.292     11.837
 373   -2      2.169     -3.651      6.867
  -1  525     22.674      8.868     -2.802
  -1   -2     -1.571     -8.681    -10.944
  -1  387     -4.834      7.203     10.097
  -1   -2     -3.705     -7.355     -6.138
 324   36     -0.527      1.788      1.694
  -1   -2     -3.598    -11.336     11.708
 837  489    -15.243      3.161     10.981
  -1   -2     13.916    -11.679      6.479
  -1   -2      9.561    -12.439     -2.501
  -1   -2      7.165     -5.124     -9.069
  -1   -2     20.296      7.376     -2.611
  -1  473     26.348     -6.016      7.268
  -1  766    -17.665     -0.755      8.681
  -1  232     -9.938     -6.848      1.752
  -1   -2     20.101      6.156      2.717
  47   -2      3.916     10.846     10.670
  -1  583      5.908     -9.879      2.714
1142 1283     23.477      6.747     -2.118
  -1  690     -1.457     15.342      2.281
 978 1094     25.730     -2.554      9.481
 828   -2     18.560     -3.021      3.727
  -1  400     15.945      3.698      3.532
 702   -2     -4.057     -4.563      9.436
  -1  221      7.722     -3.289     10.387
 945  416     15.868     17.928      9.418
1010   -2      8.092    -11.132     -4.315
 674  924    -10.243    -13.225      2.331
 128   -2     -8.768      9.116     -4.089
  -1   -2     -4.351     -1.253      9.799
 551   -2     -0.370    -11.338      3.669
1244   -2     10.350     -2.510      4.999
 777   -2     25.313     -5.735      9.407
  -1   -2     13.807     16.681      7.265
1035   -2     20.657     16.172     10.511
1300   -2     -3.713      9.818      2.091
  -1   -2    -12.764     -7.742     -4.948
  -1 1001      4.171      6.316      5.899
  -1  395      5.327     -2.000      5.376
1253   -2     23.642      6.197      0.060
  -1  315     -7.250     -1.695      7.428
  -1  887    -12.157      2.280     -9.694
 316  694     14.692      5.907      3.096
  -1   -2      3.329     -6.074      1.091
  -1  185      6.610     14.540      8.949
  -1   -2     -5.773      3.794     -8.492
  60  419    -15.569     -3.654      5.541
  -1   -2     -1.412     -5.562      9.822
  -1  622     -6.708    -12.135     10.776
 581   -2    -10.544     13.068     -0.709
 243   65     14.146      4.650      9.869
  -1  267     11.567     -4.294     10.067
 432  113     -1.357     -6.784      7.384
  -1 1090    -13.444     -9.535     -2.454
  -1  246    -15.424      0.225     -2.599
  -1  630     14.260    -12.227     -4.405
1174  527      3.813    -11.275      9.397
  -1   -2     -7.422     -8.075     11.602
1062  657     18.096     -3.159      5.495
1098   -2     -3.213     -9.356     10.476
  -1   -2     17.825     -6.128      3.992
 548   -2     21.927     -4.109      3.459
  -1  914     19.059     -8.119     11.545
  -1  350      2.399     -9.529      1.519
 755   -2    -15.463      8.326      3.109
 531   -2     14.340     -0.024      1.264
 430   -2     -6.445     -5.807     10.887
  63   -2      1.219      0.082      6.718
 614  297    -16.492    -11.881     10.156
  -1   -2     -5.010     -9.062    -11.674
1055   -2     17.756     -6.069      0.768
 382  606     17.935    -11.285     -4.244
  -1   -2      7.592     -3.324     -7.611
 521  631      4.103     -8.190      0.128
  51   -2    -17.188      5.733     11.377
  -1  798     12.821     -3.606     -7.939
  -1 1104     -3.764    -16.198      2.353
  -1   -2     -0.517      6.163      0.136
 166   -2     10.605     -5.007     -1.099
 736  331     -2.215      3.342     -5.748
 203   -2    -11.597      4.499     -0.737
1046   -2     -7.462     11.409      3.538
 711   76    -12.344      2.201     -0.705
 573  291     11.684      7.128      9.516
  65  364     20.238      6.474     -1.714
 372  735     10.291      6.900     11.775
  -1   -2    -10.307     -7.150     11.527
 951  150     -9.408     -6.110     -3.368
  -1   -2     18.490     16.317      9.773
  -1   -2      6.180    -10.829      5.075
 727  344     -7.970     -4.926      9.202
  -1  478     12.303     10.868      4.553
 985  198    -18.892     12.615      7.402
  -1  639      0.342     -2.898     12.274
 792  604     20.712      3.360      9.831
  -1   -2     12.315     -5.138     -9.121
  -1   -2     21.014      7.640     -2.899
 119   91      9.424      2.482     -7.564
 936 1041      7.958    -17.301      4.278
 673  783     -4.013    -18.086      8.058
 833  547    -16.512    -10.373      7.506
 831   -2    -20.641     -5.347     11.616
  -1   -2    -17.509      4.267     -3.265
 481  321     25.458      3.415      6.553
  -1   -2     15.058     -5.678      9.444
  -1   -2     20.159      9.250     -0.662
 552  326      9.482     -6.288      9.805
  -1   -2     -8.366     -6.430      6.124
  -1   -2     -9.485     12.541     -5.608
 401  679     -4.969      7.569     -3.503
 520   -2     -5.611     -7.574     10.229
  -1 1063     12.689     -1.993     11.155
 611  439     13.036      8.994    -11.406
  -1   -2     -7.069    -11.956      6.901
  -1   -2     11.027      1.195      8.667
 514   -2     23.360     10.321     10.632
  -1   -2     23.530      7.666      7.603
1132  711      5.214    -15.713      4.082
 646   -2     10.988    -10.585      1.535
  -1   -2     22.955     12.711     11.121
  -1   -2     19.233      7.538      0.082
 449   -2      8.470     13.804     11.756
  -1  705     22.118     -4.920     -6.242
1137   -2     22.417      0.316      2.196
 457  392    -13.304     -8.863     -7.790
  -1   -2     11.086      1.427     -3.497
 625  601     13.546     -7.262     11.524
  -1  696     15.341     14.415      4.849
  -1  582     26.279     -0.674      5.803
1278  418     -2.736      1.054      7.241
1086   -2    -16.940     -6.532      7.739
  -1  913     21.095     13.920     11.106
 391   -2     -5.656     -9.846     10.041
  -1  448      3.991     -1.559     10.035
  -1 1317     12.623      5.150     11.091
 732   -2    -11.368    -13.175      8.691
 870 1124      8.447    -10.601      3.939
  -1   -2      1.286    -10.706      1.280
  -1   -2      0.847     -7.818     11.806
 574   -2      3.681     11.603      8.057
 217  483     11.620      5.139      6.562
 631   -2      8.576     12.319      9.205
 137  675      9.995      7.873      6.878
  22   -2      5.171     -1.691      7.634
1093   -2      7.380     14.051     11.507
  -1   -2     -1.186     -2.050      6.144
 872 1278     -3.968      2.665     -1.856
 491   -2     18.822      2.179      3.592
  -1  658     23.593      1.545      9.056
  -1  189     23.798     -0.695      4.092
 259 1254     24.497      7.031      7.445
 968  878     -9.286     13.777     11.525
  -1   -2     -2.640     11.099     12.031
1157  199    -10.748    -12.082      9.210
 952   -2     -4.519      6.541      8.733
  -1  476     -3.469      2.393     11.986
 460  272      8.787      7.746     11.335
  -1   -2     20.533     10.687     11.748
  -1   -2      0.685     -1.801      6.833
  -1   -2     -4.781     14.296      2.541
 709 1077      8.007    -11.858     11.868
 499   -2     11.610     -7.202     10.932
 370 1155     20.370     16.578      7.275
  -1   -2     20.988     -5.755      2.354
  -1  764    -11.834    -12.446      4.025
 271  180    -11.249     -4.715      0.594
  -1   -2     11.521    -10.166     12.182
  -1   -2    -17.100     10.934      4.979
  -1 1159     19.873     14.511     10.288
  -1  688      4.832      2.812      7.911
 803   -2     25.029     15.342      9.178
 797  819     15.581    -18.430      8.910
  -1  725     19.252     12.868     -2.431
1117  360      5.960    -11.834      6.910
 578   -2      6.428      1.801     -1.499
  -1   -2     18.615      0.024      2.578
 485  500      9.542      5.490      1.572
  -1   -2     -1.893      3.043    -12.159
 303  494     14.853     10.390     10.916
  -1   -2     22.087     -8.015      3.534
  -1   -2    -16.848     -7.760      2.795
1102   -2     16.954     -9.866      3.885
 423  445      2.685    -11.604      3.589
  -1  453     20.062      8.358     12.074
 569  485     12.272    -11.127      5.269
 442  124     -2.124      0.690     10.935
  -1   -2     11.941     -4.140     -2.231
1172 1151     -8.225    -17.952      9.081
  -1   -2    -15.105     -7.535     -5.480
  -1   -2     15.407      7.993     -8.018
  -1   -2     -9.336    -10.072      8.453
  -1 1113     -2.913    -10.502     -0.361
 443   -2      5.549     -4.146      6.631
1291  428     17.041      2.247     -0.640
  17  788    -15.740      9.985      9.586
 834 1276    -14.900     14.896      9.067
 820  874    -21.441     -3.290      9.324
  -1  388    -21.001     -1.246      8.408
  -1   -2    -11.801     14.892     10.891
  -1   -2      3.600      3.816     12.637
 762  286    -16.859      7.557     10.325
  -1   -2     18.887     -9.032      7.711
  -1   -2    -13.475     12.432     -0.283
  -1   -2     24.305    -10.236     12.448
  -1   -2     -2.939      1.306     -0.109
  38  406    -12.501     12.705      3.786
  -1 1089      0.048     16.395     12.086
1088  691      4.510    -15.372      5.585
 298   -2      8.380     14.868     -1.904
 965  755    -15.579     13.079      6.565
1028   -2     25.649     12.597     12.144
 961   -2      1.006    -13.042      9.064
  -1  638    -10.069      2.304      6.881
 832  175    -17.790     12.235     11.960
1216  845     -2.100     20.331     11.560
1061  835    -15.137     -4.817      7.975
 877 1279     26.805      2.440      3.966
  -1  176     -5.481      8.947     -7.042
  -1   32     -1.868      5.812      2.482
 848  769     25.904     -9.725      2.060
 897   -2     -7.589     14.030      8.842
  -1   90     -9.069     10.485      6.258
  -1   -2    -11.371      9.765      3.803
1101   -2     11.680     16.524      8.137
  -1   -2     17.705     -5.316     -2.221
1076   51     -3.030     11.264      7.379
 918 1070    -15.957     -4.075     -4.953
 955  367    -14.206     -7.282     11.533
1070   -2      0.780     15.828      7.635
  -1  561     12.849     17.095     10.799
 972  120     -0.163     15.292     11.679
  -1   -2     -9.415     13.937      0.330
  -1   -2    -16.081     -1.615     -1.184
1251   -2     19.006     -2.452     -4.252
1126   -2      5.654      9.973      6.177
  -1   -2     -7.180      3.627     -1.962
 752  935    -13.850     13.369      6.979
  -1  193      2.832     -9.521      9.950
  -1  852    -16.274     18.056      2.359
  -1   -2     24.793      8.962     -0.329
  -1   -2     -9.337     10.488     -3.690
 229  243      1.232     11.446      5.735
1119   -2      2.720    -13.563      1.918
  -1   -2     -4.004      3.625     -0.766
 751   -2    -11.302     13.364      8.380
 866 1006     27.346     -4.547      9.641
1048  288      2.483     18.012      7.958
 527  875    -12.271      0.606     10.802
1025   -2    -15.633     15.248     12.744
  -1   -2     -4.283     12.314    -11.570
1237  515    -15.853     14.568      6.813
 874   -2    -12.152     14.850     12.644
  -1  855     -3.581     15.741      2.770
  -1   -2      8.235      9.594     -5.859
 693  214     20.628      6.638      6.233
  -1   62     11.569     11.186     10.327
 579   -2     24.975     -7.303     12.471
 322 1259     -5.765      2.972      5.798
  -1   -2     13.348     12.195     -8.277
  -1  258    -15.223     13.564      8.922
 183   -2     -4.297      1.149      7.864
 875  101    -13.444     11.654      6.481
  -1  807     24.765    -17.851     10.362
  -1  951    -20.513      9.616      7.783
  -1   -2      1.295      5.633     10.865
  -1  757     18.417      8.493     -4.576
  -1  680     27.376      2.656     12.512
  -1  804     -1.326      4.930     10.833
 596  603      1.779      2.590     10.295
 930  143     -3.124     15.375     12.498
 333   -2    -14.973     -6.743      8.734
 661  925      4.546      4.174     10.422
  -1   -2     11.720     -3.900     12.563
 246 1185     26.147     16.471     10.537
  15  261    -11.061     11.183      1.850
 959  666     23.170     17.675      5.878
  -1  880     19.886    -14.454     -2.222
 967  886    -12.247     13.367     11.252
  -1  960     14.575     -8.043      1.367
 437   -2    -18.588     -9.417      9.684
  -1   -2     13.689     -4.574      8.775
  -1  563     20.938     -5.893     -0.433
1231   -2     22.517      1.876      8.855
  -1  774     28.194      5.945      6.609
  -1   -2      0.997     -0.117      4.148
  -1 1267      1.882     -6.051     -1.393
  -1  188     12.094     15.827     10.665
1026 1280      6.832     -1.474     -3.315
 111   -2      4.975      3.896      9.993
  -1   -2     -5.392     -0.899      4.655
  -1   -2     22.915     15.077      7.648
 185  417    -11.296     -4.904      8.917
  -1   -2     -8.994     -6.981     12.727
  -1  371     28.942      8.074     12.124
  -1   -2     11.484     -9.060     10.232
  -1   -2    -16.185     14.053      1.640
 864 1140     16.197     -8.495      1.883
  -1  607    -17.691    -12.956      0.175
  -1   -2     -9.985      3.507      8.364
 123  762      9.842    -12.404      4.117
 188 1171    -14.139     -0.113      8.512
 664   -2      6.340    -10.089      9.330
1145 1023     -1.323     11.406      9.366
1027  872     28.952      5.740      8.314
  -1   -2     -6.629      7.491    -11.501
  -1 1105     25.770      8.129     10.260
  -1   -2     -4.547     -3.064     10.974
 680  576     24.450    -13.718     11.142
 845   -2    -17.622     10.028     11.988
  -1   -2      1.419     13.541    -10.446
  -1  934    -15.064     11.640     -1.767
  90   -2      9.934     14.572      7.780
  -1   -2      4.443      6.201     12.020
  -1  885     -0.900      8.170      8.421
  -1   -2     24.573     10.786     -4.991
 731   -2    -10.043     -7.777      3.808
  -1   -2     18.062     -9.775      2.802
  -1   -2      3.283     11.282      8.634
  -1  512    -15.610      6.970     11.090
  -1   81    -19.351      3.763      6.422
1082 1017     20.123      5.407     12.423
 633   -2      9.492      6.061     -0.353
  -1   -2    -10.765      5.498     -1.052
  -1   -2     13.283      0.700     10.082
1021   -2     23.194    -10.471      6.789
  -1  223    -11.232     11.044     10.617
  -1   -2      4.108     12.866      7.603
  -1   -2     -6.185      2.839      8.123
1146   -2     13.846    -12.263     -7.357
 802   86    -10.907      9.497      0.820
  -1   -2     24.124     -0.221      9.110
1006  920     16.863     17.851      9.353
  -1  492      7.316     12.668      0.015
  -1   -2     -1.274     12.425     12.283
  -1   -2     10.968      8.705     -0.521
 600 1059     12.189    -18.252      6.631
 307  358      4.713     14.184     10.548
 268   -2    -19.818     -6.441     10.039
  -1   -2     -4.198     -1.405     12.459
  -1   93      7.419     -8.492      5.677
  -1  257      2.114     14.247      7.642
  -1  957      3.344     14.689     -4.660
 983 1102     16.201    -13.514      5.335
  -1  761     23.480     13.342     12.251
 728 1273     -0.262     12.847     -3.284
 714   -2     20.171      6.323      4.999
1133   -2     27.109    -14.172      9.880
 893   -2     -5.998    -10.528      6.473
1020  780    -13.898     14.953     12.487
  -1  595    -11.662     -1.230      8.156
 880   -2     24.223     17.269      6.645
1118   -2     21.789     -5.964     12.026
  -1   -2    -13.108      3.985     -1.926
  -1  681     -3.747    -10.954     10.125
  -1  717     16.133      7.380     -8.339
  -1   -2     -6.530    -12.453     -6.893
 976   -2     -1.242      9.140     10.302
1186 1021    -22.305    -11.869     12.637
  -1   -2     -5.986     -4.596     -3.389
  -1   -2     -7.490     -0.312      8.319
 473 1230      4.405     -0.038      5.008
  -1   -2     21.364      2.594     -9.349
  -1  653     23.736     -6.905     12.725
  -1  645     11.481      0.668     12.138
  -1  988    -18.040     11.409     11.857
  -1  712     27.930      4.186      9.958
  -1  703     27.139     10.459     11.378
  -1   -2     19.784     -2.030      2.572
  -1   -2    -15.872      0.064     -1.106
 734   -2     -3.493    -13.047      8.911
  -1   -2    -10.364      0.903      7.805
  -1   -2     24.239     -1.780      0.038
 681  902     21.210    -13.727      7.130
  -1   -2     -1.447     13.247     10.173
  -1   -2     -4.108     -7.752      9.640
  -1  470     18.906     -6.192      3.779
  -1   -2      4.475    -10.187      4.729
 944   -2     13.190    -18.864      8.117
  -1  597     20.410    -10.428      7.378
  -1   -2     25.260     12.106      2.189
 808  605    -18.165     -2.740      0.353
  -1   -2     10.320     13.508     -0.040
 988  409    -13.639     -8.875     11.658
 648  501    -18.386     -7.807     10.639
1056   -2     -3.034     15.963      3.767
 784   -2    -16.612     16.588      7.213
  -1   -2     11.707     -2.849     12.144
  -1   -2     25.325    -10.316      4.061
  -1 1213     23.624     19.656     12.286
  -1   -2     19.985      4.801     10.188
  -1   -2     10.845     11.848     11.680
  -1  728     26.983      9.815      9.361
  -1   -2    -18.589     -0.522      0.305
 689  295     -1.529     -7.009      9.933
1042  993     11.584     10.935     12.619
  -1   -2     -8.941    -11.819     -9.540
  -1  131     11.158     -1.214      4.263
1256   -2     17.577     15.937      5.021
 997  678      0.615    -14.767     -1.182
  -1   -2    -18.389      4.710     12.096
  -1  228      6.920     14.698      5.928
 793  317    -18.976      6.779      9.359
  -1  767    -17.335     12.469      0.018
 759   -2     23.381     11.638     -6.178
  -1   -2      0.984    -14.764      4.311
 950  738     13.692     -3.808      8.142
  -1   -2     24.566    -10.840     -2.719
  -1   -2     24.606    -14.619      9.162
 769  520     -3.161      8.197      9.956
 558  775     -0.200    -11.639      9.865
  -1  805     -3.229     13.984     11.328
1185   -2    -17.625    -16.023     11.971
  -1  503     -0.177    -12.897      3.056
1154  760    -15.199    -16.528      7.971
  -1   -2     17.923    -13.394     10.246
 826   -2     13.829      5.524      5.925
1031   -2    -21.041    -11.362      7.903
  -1   -2     13.597      0.096     11.812
  -1  991      7.903      5.677      3.971
  -1   -2     10.761     -1.214     -6.449
  -1   -2      4.082     12.958      1.501
 103  670      9.813      2.792      9.564
  -1  320     14.934      8.191      6.661
1147  151     13.870     -3.458     -1.889
  -1   -2     -8.102     -5.864     12.024
1130   -2     -3.036    -15.929      6.832
 933   -2     16.237     14.185     10.463
1268  862    -15.885     17.764     10.023
 348   -2     13.631     10.583      0.591
  -1   -2     22.083    -12.422      0.235
  -1   -2    -10.573      6.117      1.015
 433   -2      7.622     -4.713      9.030
  -1  863     -6.561     -9.297     -8.131
  -1   -2     15.043    -16.606      5.250
  -1   -2     15.543      6.104      6.047
  -1   -2    -20.261     11.736      8.669
  -1   -2      0.980      5.913     -3.401
 360  739     11.446     -8.158      5.563
 260   -2     16.493     -5.424     -3.008
  -1   -2     -9.722      1.720      6.752
 225   -2     20.730     11.191      8.561
  -1   -2      1.027     -3.288      4.840
  -1   -2     -2.693     14.663      3.945
  -1   -2    -15.415     19.716      9.227
  -1   -2     14.849     16.808      8.699
  -1   -2      6.323    -12.607      8.097
  -1 1029     -5.184      3.787     11.447
  -1   -2     -2.494     -0.118      4.965
 790   -2     28.091      8.303     10.467
 956   -2     22.050     -1.053     -0.430
  -1  411     16.499    -17.261      3.676
  -1  393    -10.713     16.978     11.329
1047 1154     -2.680      6.710     10.244
 708   -2      4.002      5.422     10.023
 440  985     15.640      3.769      1.463
1271  289     10.557     17.881      8.605
  -1   -2      3.526    -20.458     11.710
 342 1080     23.117      9.888      8.571
  -1   53    -15.303     11.884      4.448
  -1   -2     17.610      7.546     -8.120
1260  477     -3.831     11.674     11.988
1204  995     23.843    -15.334      9.562
  -1  522     -8.837      1.793      8.003
  -1   -2     23.858     -3.251     12.483
  -1  516      6.414     11.289     12.574
  -1 1174     12.805     -0.959      6.467
  -1 1163     -6.092     -5.067      7.724
  -1  625     23.921     16.603      3.718
  -1  402     -4.602     -4.532     12.434
  -1  961     22.062     -8.951     11.385
 663 1032    -18.504     -1.501     11.179
1077  336     26.805      2.747      9.212
1165  528     24.190      5.839     11.891
  -1   -2     17.953     12.349      4.904
  18  585      7.741     -6.628      2.002
  -1   -2     17.860      3.256    -12.480
  -1 1067      9.841     17.358     12.031
  -1   -2     17.639     -8.428      8.545
  -1  408     -7.645     19.795     12.394
 749  551      1.953     18.252     11.095
  -1  909     17.422    -12.919     11.161
 766  571    -15.399     -5.600     -7.216
  11   -2     14.554     15.521     11.272
1069 1281     -5.443     16.508     10.005
  -1 1146     21.811    -14.003      9.399
 557  943     -2.632    -12.172     -5.409
  -1   -2     -8.404     10.263     -7.505
 595 1071     -4.021     13.672     11.907
1213   -2     19.671    -17.486     12.072
  -1   -2    -14.680    -11.156      3.057
 884   -2     -4.141     14.332      9.985
1030   85     25.820      0.618     12.554
 906   -2    -11.963     17.504     11.922
  -1   -2      3.973      2.679      9.535
  -1   -2     15.060     -3.645     -0.235
  -1   -2     21.889      6.197      2.417
1087   -2    -20.285    -14.951      8.714
  -1  499     17.886     -8.147      4.607
 917   -2     19.934     -1.101      8.797
  -1   -2     22.854     11.445     -4.185
 996 1068     -9.427     18.634     11.693
  -1  734     16.532      5.759      7.964
1245 1168     -8.094     -4.316     11.362
  -1   -2      8.276      7.556      4.287
  -1 1137      6.584      5.489     11.596
 994  889    -17.900      9.826     -3.324
1014   -2     -1.147     -6.349      0.728
  -1  715     23.936     16.081      3.621
 827   -2    -14.754      1.195      6.447
 156  396     10.909      9.183     10.754
  -1  415     23.888     12.471      5.927
1065   -2     23.533      5.402     -2.900
  -1   -2     -4.761     14.730      5.805
  -1  330    -17.036      9.979     -8.818
  -1  683     20.922     14.226      4.795
 359   -2      9.530     14.518     10.571
  -1  858    -12.930    -11.298      9.177
 836 1277      4.130    -13.279      1.713
 738 1133     25.478     -9.324      8.168
 822  414      7.692     -0.887     11.843
 589  427    -16.042     -8.307      8.924
 422   -2      7.394     -3.408      3.715
 764 1195    -11.965     -4.546      4.384
 290  548      8.462     10.786      5.062
1262   -2    -10.307     14.124     -0.567
 349   -2     -3.808      3.971     10.805
 707   -2     15.864    -13.767     11.237
 684  115     -4.250     -0.687     10.100
  -1   -2      7.504     10.694      9.810
 329   16     -0.272      9.110     10.355
  -1  497     17.681     13.891     12.340
  -1  281     -4.346      9.188      9.052
1257  971    -10.020     13.102      6.647
  -1   -2     -7.270     -3.411     -1.970
1201  733     -0.924    -16.830      5.301
1050 1053     10.274    -16.693     11.056
  -1   -2     -0.993     14.319      5.060
 216   -2      6.553     16.747     11.216
1169   -2      5.316    -15.834      1.174
  33   -2     11.421      4.592     -9.913
 350  368     24.589     10.821      8.219
  -1   -2     10.729      5.205     -4.697
  -1   -2      7.335      9.380      5.181
  -1   -2     11.453     15.003     11.634
 608 1269      3.437     -8.065      7.630
  -1   -2     -6.275    -10.367     -5.337
  -1  669     10.717      9.770      2.442
  -1   -2    -12.511      1.458      5.679
  -1   -2     12.914      0.082      9.172
 692   -2    -18.031    -12.549     12.139
 767  602     25.984     -4.650      8.959
 475 1107     -6.360     -5.717      2.722
  -1   -2    -11.575     -4.062      7.965
 885  747      7.815     -2.473      8.035
  -1  853     18.966      6.669     11.869
  -1  130     25.718     11.995     11.834
 990   -2     -5.482    -15.144      6.875
  -1  867     -8.575    -13.033      6.136
  -1   -2    -17.215     18.422      6.530
1023   -2     15.945      7.981     12.614
 642  110     12.009     -9.012     10.119
 921  391     12.069     11.981      9.631
  -1   -2     -8.435     -4.588     -2.261
  -1   -2      6.859     -5.848     11.359
  61   -2     -8.947     15.526      2.720
  -1   -2      0.232     -3.122      1.809
  -1   -2      7.359     -2.451     -0.563
  -1  227      4.788      7.684     11.284
  -1   -2      8.981    -14.856      3.912
  -1 1047    -21.202    -14.714     10.143
  -1   -2     -3.092      8.728    -10.086
  -1  206     -5.080     -0.236      9.801
 720  451     21.124     -4.257     11.312
  -1   -2     -2.280     -3.673     12.205
  -1  974    -12.551      4.121      3.622
  -1   -2     27.579      8.238      4.256
  85  389     -1.964      0.020      3.130
  -1 1222     18.406    -19.654     12.071
  -1  481      9.337    -11.003     -5.136
 313   -2     17.825    -11.851    -10.309
  -1   -2      2.724      5.526     10.833
 469   -2     -4.895     -5.732     -1.949
  -1  722      9.699    -18.945     11.960
  -1   -2     14.776      9.517     10.125
1175  698     -9.981    -14.869      8.760
 568  926     15.311     13.177      5.480
 602  721     -1.042    -10.466     -4.426
 717   -2     -8.348    -11.433      9.629
1158   63      9.248      4.603     11.855
  -1   -2      9.088     -9.640     -5.397
 913  782    -18.358    -11.887      6.093
 653 1016     10.851     -8.899      1.076
1191  589     -1.592    -19.164      7.865
  -1 1079     24.033     11.769     -7.955
 484  752      8.903     15.785     10.882
 794  936     22.724    -14.566      9.755
 252  328      9.354     -2.289     11.208
  -1  729     16.846     16.762      8.548
 888  820    -16.037     15.867      7.931
  -1   -2      4.966      4.499      7.064
  -1  249     24.524      2.417     10.241
  -1  397     -6.578     12.535     10.208
  -1   -2     -3.997      8.922     12.067
  -1  652     21.549     -9.035      7.504
  -1  748      4.500    -15.866      8.801
  -1  517      4.883      5.792      9.790
  -1   -2      4.594     15.301      8.636
  -1   -2     18.023      2.936      4.875
  -1  565     -8.609     18.194      5.944
  -1  327     -1.131     -1.925     -3.545
1144  619     20.844     12.615      9.993
  -1  511     25.750     10.369      5.317
  -1   -2     19.122     -6.610     -0.683
  -1   -2      5.210    -11.644     -9.372
1105  641     21.357      4.324     -1.744
 706   -2     -9.959     12.132      9.819
  -1  263      9.222      6.366     -0.821
  -1   -2      3.666    -15.131     -3.889
1120 1282     -9.192    -13.932      7.136
  -1  941     16.502     -8.298      8.824
  -1  423     25.715     -9.563     11.736
  -1   -2     15.598      5.446      4.380
  -1  135     20.339      6.763      5.972
  -1   -2     12.430    -14.961     11.893
 456   -2     14.258     -1.628     -1.354
 501   -2     27.622    -20.429      9.509
  -1 1024    -11.554    -17.893     11.240
1115  462     22.181    -18.190     12.311
  -1   -2     19.616    -23.795     12.560
  -1 1103    -17.056    -20.377      7.628
  -1  699     16.004    -19.917     12.165
1184 1284     11.068    -27.882     -6.418
  -1   -2     20.417    -27.096      3.790
  -1 1148     -0.521    -20.809     11.597
  -1   -2     19.400     20.743      7.973
  -1   -2     14.482    -20.777      7.128
1190 1285     16.613     24.725     10.046
  -1   -2     14.211    -24.133     10.664
1212  824     24.270     17.520     11.130
1197   -2    -24.180    -13.804     12.786
1192  955    -23.663    -10.101     12.767
1194 1219     27.395    -23.066     10.601
  -1   -2     21.898    -22.669      8.356
1195 1097    -23.952    -14.310      8.910
  -1 1074      5.998    -18.863     12.664
1200 1220     18.507     25.869      9.546
  -1 1210     13.010    -20.332      5.524
1188 1211     14.963    -19.532      8.730
1199 1218    -23.072    -17.599     11.411
1214   -2     -0.978    -24.005      8.444
  -1 1183     -8.268    -19.023     12.130
1270  856    -17.039    -12.813     12.278
  -1 1202     19.745     22.162     11.780
   1    2     15.862      1.920     10.620
   6    7     12.924     -8.948     11.918
  -1   -2     -3.368      1.053      6.816
  -1 1344    -11.220     13.859     11.036
  -1   19    -14.249     10.554      6.604
1228 1292    -14.306     10.571      6.485
1225 1291     18.781      2.928      7.570
1299 1316     16.307      0.565      5.748
  -1   -2    -10.431     -2.169     11.747
  -1   -2     24.367     -1.995      7.229
  52   -2     -7.848      5.185      0.026
 948 1294     -5.937     -0.774      4.311
  29   -2     -5.854     -0.786      4.301
  -1  224      5.648      0.442     10.389
  58 1235     19.402      5.113      2.719
  -1   -2     26.884      7.948     11.548
  21 1231     -9.217     -2.597     -2.827
  -1 1069     -1.904     14.030      5.110
1238 1296      6.846     -3.600     -7.813
1235  737     20.314     -0.452     11.838
 205   61     22.405     -2.321     11.720
1122  172     19.909     12.755     11.407
1246   -2     17.418      4.783     -1.646
  74   -2      1.431     13.586      9.077
  -1  530     -7.585     -6.478     10.620
  43   -2     22.981     -1.620     10.323
 269 1256     24.025     -2.853     10.012
  -1   -2     -7.224      7.651      2.589
 197 1248      5.097      0.509     -7.788
 310  155     16.489     -6.503     -0.537
 175  329     18.784     -8.846     -0.418
  -1   -2     15.042     13.466      8.908
 255 1253     26.066     -7.665      8.977
 489 1141      1.226     -3.123      8.678
 860   -2    -13.911      0.367      8.501
  -1 1299     23.485      5.512     -0.448
  -1   83    -13.575      7.243     -1.563
  -1   -2    -11.273     -3.074      4.411
  -1   -2     10.271     13.474      0.027
 451   -2    -20.010     -4.876      9.140
 352  467     -9.415     -8.472     -7.825
 200   -2    -13.027      8.420      0.516
  -1   -2    -10.935     16.231      9.999
 584   -2    -11.415     -2.044      7.778
  -1  305     19.578     11.778      9.506
  -1   -2     13.618      9.640     10.348
  -1  369     18.949     16.617      4.201
 629  498     11.007     -3.700      6.142
  -1  495    -12.192    -11.203      4.253
  -1   -2     18.900     -6.053      3.440
1267  276     14.026      9.295     -1.086
  -1   -2     25.750      1.446      6.519
  -1   -2     -2.656      1.502      0.600
  -1   -2    -12.198     14.464     11.930
  -1   -2    -16.554     15.153      7.681
1053   -2    -18.953     -4.866     11.748
  -1   -2     -1.300      3.454      9.888
 651   -2     19.303     11.282      6.674
 890   -2     12.384     11.166      0.603
  -1 1008    -15.304     19.816      8.996
 497   -2      6.004      5.136      3.823
  -1   -2     16.947    -20.899      9.148
   2   -2    -18.027      2.382      5.945
  -1   -2    -11.220     13.859     11.036
  -1   -2     -3.315      1.071      6.894
  -1 1287     -3.468      3.501     11.044
  -1   42     -2.142     14.951      7.224
  -1  102     15.419     -1.463      1.006
  -1  379      1.369      4.683      8.506
 108 1307     11.588     -0.120     -7.589
  -1   -2     12.101      5.205     10.498
  -1   -2     26.884      7.948     11.548
1242   -2    -13.575      7.243     -1.563
  -1   -2     23.185     -3.476     11.357
  -1  241     -6.957     15.467      4.928
1241   -2     16.666      9.520      2.540
  -1   -2    -16.558     15.129      7.738
1259  319     23.502      5.467     -0.532
  -1   -2     -3.170     11.667     10.910
1261 1301     12.723    -13.369     -2.057
  -1 1289     24.422     -0.973      6.452
1183 1098     16.947    -20.899      9.148
 195 1310     15.606      2.437     -1.707
  -1   -2    -11.220     13.859     11.036
  -1 1304    -10.425     -2.090     11.571
  -1   -2     -3.315      1.071      6.894
  -1   -2     -3.468      3.501     11.044
  -1   -2     12.101      5.205     10.498
1281  132      1.369      4.683      8.506
  -1 1313     24.127      2.726      1.394
 343  704     23.905      2.831      1.622
  -1   -2     12.900     11.306     11.135
1285  270     13.000     11.341     10.946
 761 1295    -16.554     15.153      7.681
1292  864     12.101      5.205     10.498
  -1   -2    -11.220     13.859     11.036
  -1   -2    -10.425     -2.090     11.571
1294   -2     -2.142     14.951      7.224
  -1   -2     -3.468      3.501     11.044
  -1   -2    -10.425     -2.090     11.571
  -1   -2     -3.315      1.071      6.894
  -1   -2     -3.315      1.071      6.894
  -1   -2    -11.220     13.859     11.036
1279  383    -10.431     -2.169     11.747
  -1   -2     -3.315      1.071      6.894
  -1   -2     -3.468      3.501     11.044
  -1   -2     -3.468      3.501     11.044
  -1   -2      0.227     -2.645     -0.353
  -1   -2     -3.468      3.501     11.044
  -1   -2     -3.315      1.071      6.894
  -1   -2     -3.345      1.000      6.592
  -1   -2    -11.220     13.859     11.036
1218   -2     -3.464      3.527     11.075
  -1   -2    -11.220     13.859     11.036
  -1   -2    -11.220     13.859     11.036
  -1   -2    -11.220     13.859     11.036
  -1   -2    -11.220     13.859     11.036
  -1   -2    -11.220     13.859     11.036
  -1   -2    -11.220     13.859     11.036
  -1   -2    -11.220     13.859     11.036
  -1   -2    -11.220     13.859     11.036
  -1   -2    -11.220     13.859     11.036
   8   -2    -11.220     13.859     11.036
