1333
   0    2    -11.158      4.477     12.113
  -1   -2     25.279    -15.293      6.985
   7   -2      0.703     -0.450     11.697
  -1   -2    -11.265     13.862     11.037
 910  365     22.899     -3.128     10.698
  -1 1231     12.574      0.286      2.206
  10 1232     12.950     -8.895     11.796
   5    1      4.830     -6.206     12.505
 893  984    -11.904      4.999      4.145
1298   88     15.844      1.935     10.431
  -1    9    -10.687      7.493      9.870
  12  325      7.032      3.318      4.804
 870   20      0.961     -1.160      9.043
  14   -2      8.978      9.435     -0.041
  -1  197     -0.924     12.090      3.767
  17   25     -4.966      2.375     11.247
  -1   -2     12.825      9.545      2.040
 109 1251     16.683      1.808     -1.420
  -1   89      5.247     -1.600    -12.662
  -1   -2     -3.029      1.603     10.297
 117   -2     14.856      5.496    -12.157
 174  377     -8.895      1.029      8.589
  23   18      0.859     10.582     10.672
  -1  126    -16.570     -0.452      5.808
  40  568      9.266      3.122      3.801
 938  141      1.883     10.719     -6.977
  -1   70     -5.225    -12.561      0.088
 569   -2     17.139     -0.681      8.227
  15  160    -15.947     14.819      6.060
 852   55    -13.721      7.206      3.077
  -1   -2      2.176      0.517     -8.054
  47 1241     18.302      1.826      6.187
 389  259     -3.708      3.332      8.759
1250  691      1.788      1.791     11.718
 333   -2      9.822      9.635      5.465
 114  399     18.903     -6.268     10.460
 446   -2     16.692     -8.886      7.566
  -1 1013     -5.086     12.189      8.661
 351  284     25.718      1.248      6.644
 252   -2      9.020      5.155      9.948
 136   -2    -19.763      3.380      8.935
1065   -2     -5.500     13.796      4.552
 974  507    -15.872      6.677     12.460
 699   -2      0.804      5.428     12.661
1167 1161     16.780     16.773      6.309
 751   -2      5.270     12.216     -1.464
1010  232     16.762      1.023      9.157
 127  303     12.597     13.952      3.173
  38   -2     -8.167     -1.735     -0.774
  -1   -2     20.338      3.980      4.247
  -1   77     23.559      6.859      6.368
  -1  825     -8.047     13.796     -1.284
 235   -2    -12.994      2.161     11.438
 429   -2     18.410      5.168      2.285
  -1  395     16.690      7.678     -5.104
  41 1239    -19.173     -0.204      6.269
1089   -2     14.944     12.597      0.960
  -1   -2     19.607     13.015      6.559
  -1   -2     11.086     -4.467      3.233
1239   37    -14.210     10.591      6.477
 472   -2     15.798     -9.734      3.684
 559   -2     20.864     10.400      5.986
1296  136     24.166      8.496     10.637
  -1  256      5.906      5.367      3.894
  69   28     14.437     -2.946     -5.045
 122   -2     11.321     11.473     10.410
1238 1294      3.809      3.047     -4.541
  -1   16     -5.059     -1.081     -6.884
  -1   -2     -5.713      0.391     -7.370
  -1   -2      8.364     10.494     -3.326
  -1   -2     24.427     -1.907      7.281
 116  118    -11.342     -3.332      9.275
  -1   -2     -8.026     -1.129      5.230
 282   33      3.995      1.843     -0.176
  86  102     15.168      3.174    -10.583
 177   81      7.715      2.886      4.132
  -1  206     -3.953      9.435     -7.686
 168   -2     17.549      2.013    -10.484
1186  600      9.050     -0.669     -3.067
 959  335      4.799      3.913      6.486
 186   -2      7.426     13.628      8.222
  -1   -2    -16.408     -0.564      1.731
 792   -2    -17.284     12.784      9.806
  -1   -2     12.574     -0.943     -2.012
  -1  940     18.606     -4.947      8.449
  -1  149      5.457      0.338      9.617
 621  572     18.499     12.147      5.396
  -1 1255      0.552      6.709      9.919
 565  822     -2.141     14.850      7.515
 166   -2      6.803      8.197      8.725
  -1  241     25.365     -4.393      5.539
 733   -2     -3.576     -7.359      5.863
 257 1149    -11.856     14.919     10.699
  -1   -2     19.527     -0.724     -2.240
  -1   -2     -1.175     -0.014      2.581
 301   -2     26.367     -6.251      8.053
 102  602     -6.206     -1.303      6.543
 105   91    -14.924      9.748     11.489
  -1   -2     -5.352     14.021      7.664
  -1  951     27.080      7.104     11.402
  -1   -2      4.906      5.922     -7.551
 474  109     -7.751     15.758     10.528
 108    6     -0.350      0.700     11.344
 975  417      6.331     -8.635      1.238
1013   -2    -17.334      7.545      9.587
 157   -2      5.956      9.721     -6.165
 340   -2     -3.889     -0.499      9.869
 167 1256     -4.075     -3.525      2.914
1096  556     -4.356     -0.876      2.100
  81   -2    -13.481      7.300     -1.760
  -1   -2     19.705     -1.286     -7.931
 881  740     18.090     -3.847      5.363
  -1 1141    -13.508     14.034     11.804
1262   -2      6.677     -1.489     -0.285
  -1  717      2.510     -4.310     11.397
  -1  990    -17.077      0.526     12.318
 134  189    -18.980     -7.934      9.473
  -1  130     12.560     -5.933     10.024
 321   -2     19.131     -1.071      9.563
1264   -2      4.863      0.948     -7.911
  -1   74     13.656     -6.114     11.175
  71  345    -14.658     -0.333      6.256
 562  501    -14.509     -3.008     10.866
 916   -2     -0.761     11.754     -9.639
  -1  103     14.198      4.181      3.271
  -1  190     -7.119      7.658      2.467
  -1   -2     15.259      1.337      8.762
  66 1310     12.269      4.152      8.484
 185   61     15.352     12.396     -2.097
  -1   -2     -3.186     13.622     11.550
 493   84     16.096     14.436     10.365
  18   35     -0.040     10.281      6.284
  -1   -2     16.662      9.613      2.596
  -1  914    -10.301      5.913      4.672
  -1   53      0.864      8.122      6.478
 538  352     10.236      3.803     10.468
 188   -2      8.893     -1.327      1.968
 547  234     -3.914     -0.877      5.615
  -1   -2     -4.408     -2.076      7.168
  -1 1173     -7.812     -6.384      9.895
  -1   -2     12.431      1.512     -5.590
1019  516      1.141     15.307      4.797
 268   -2      6.185      0.626     10.974
1170  195     20.331      2.793     -4.630
  95   -2    -10.770     -0.746      9.308
  -1   -2     11.717      0.237     -6.786
  -1  157    -10.403      9.162     -5.352
 189   -2     -9.057     12.271     -2.703
 126   -2     -7.039     -0.743      5.971
  -1  231     24.638     -0.754     11.947
  -1   -2      5.218      9.422     -9.983
  -1  274     10.848     -1.254     -4.225
  -1 1303     -9.662     -2.895     11.226
 925  162      2.293      5.620     -3.977
 962 1289    -13.018     -0.608     10.018
 244 1262     24.094     10.761     11.149
  -1   -2     13.533      5.438     -4.128
  -1   -2     11.760     15.376      1.276
  -1   -2      7.515     -7.716      5.973
 591  491     -2.570      1.739     -0.270
  37  177     -9.801     -1.079      4.484
 107  348     23.964      2.793      1.591
1256  546     -1.762      9.623      6.664
  -1   -2      0.127      1.459     10.158
  -1   -2     -9.291     -6.442     -2.965
  -1  700      0.292     13.437      7.817
 405   -2      7.544     14.160     11.091
  63   -2     -6.324     -3.510     -1.189
  -1  144    -10.443      7.318      7.723
 253  343    -17.267      5.563     11.750
  -1  362      5.234     -5.815      4.458
  -1   36     -0.194      9.089      5.605
 311  747     16.855      7.339      9.468
  -1   -2    -12.629     -0.309     -2.244
 201   83    -12.096     -0.385      1.969
  -1   -2     10.686      6.007      6.273
1024   -2     16.980      0.889      2.358
 649  236      6.290      7.467     10.322
 273   -2      0.499      2.488      8.438
1252  221     -1.005      6.650     -8.612
 246   96    -11.956     -1.744      9.346
 256  502      2.304     -0.249     -1.940
1062  676     24.603      5.423      9.235
 249   -2    -13.826      9.893    -12.410
  -1   -2     19.994     11.730      7.779
 106  472     -1.079     -1.082      4.033
 181   -2    -12.165     11.370     10.824
  -1 1043      4.906     11.181      5.007
  59   -2     13.497     -6.600     10.834
 460  327     -7.390      4.893     -6.444
 396  737     13.220      2.760      9.168
  -1  420    -13.922     -7.535      7.392
 225  426     18.402     10.485     -4.725
  -1  959    -18.352     10.753      9.871
 515   -2    -16.426     14.557      3.073
 392   -2     -5.490      7.189      7.429
  -1   -2     -7.564      1.041     10.426
 121   -2     -1.364      0.958     11.930
 162   62    -13.903     -0.277     -1.611
  21  783      5.403      0.559      7.053
 232 1261     11.698      2.941     -0.864
  -1   80     19.811     12.811     11.014
 438 1056      4.227      7.262      4.780
  -1   -2     12.655     11.597    -10.632
 724  427     13.228     -5.117     -4.333
  -1  468    -16.026     -3.584      9.907
  88  297      3.727     -0.619     10.958
1042  250     12.202      3.514     -5.127
 308   93    -16.391      0.645     -4.061
  -1   -2    -13.382      1.473      4.617
  -1   -2      3.195      0.514     11.599
 824   -2    -11.664      8.083      5.330
  -1   -2    -11.706     12.879     10.021
  -1   24      9.382     -5.594     11.070
  13   -2     10.523      4.349      8.971
 135  145     15.071     12.124      2.166
  68  188     -8.123     11.578      3.546
  -1 1107     -6.550     10.762     11.774
 386  531    -15.770     -5.969      5.699
 142   -2      7.613      9.804     11.246
  52   -2    -10.121      8.220     -0.052
  -1   85     25.478      0.806     12.395
  -1  193      8.601     -8.191     11.914
  -1  285     22.886      2.974      7.113
 309   -2     11.639     16.394      5.035
 750 1275      3.378    -10.049      3.284
  -1 1305     19.449     -7.149     -0.852
 368   -2    -14.410      3.113     11.928
  -1  223      9.061     13.705      4.989
  -1  820    -18.198     -6.648     12.556
  -1   -2     -9.718     -1.972      2.386
 739   -2     17.205     13.648      0.548
  -1   -2    -13.218      1.094     11.857
 992  748      1.944     -2.404     10.196
 609   -2     12.203     -0.135      5.219
 382   -2     14.310    -10.828     -0.508
  -1   -2     20.664     -6.633     10.971
 248  464     21.206      6.312      6.403
  65  824     10.903     -8.033     10.508
 221   -2     -2.437     15.128     10.497
 175   -2    -14.611      4.758     -3.479
 988  561      2.988     12.487      7.421
 133  721     12.619      7.757      3.082
 263  756     11.898     13.411      0.473
 312  374     17.823      3.697     10.616
 416   -2     14.459     -8.622     11.820
  -1   -2     -9.610      1.128      8.827
 637   -2     15.908     -3.292      6.228
  22  744      0.926      1.300      6.294
 431 1012     25.819     -3.899     11.821
1279  401     13.066     -6.165      7.742
 434   -2    -16.302     -8.160      4.492
  -1  142     27.195     -6.916      8.484
 299 1124     -9.585     -6.937     10.127
 657  203     13.043      6.395     -0.831
 849   -2      5.926     -1.572     10.026
  -1   -2      1.807      2.855    -10.187
 580   -2      6.915     12.090     12.635
 717   -2      5.456     13.168      9.737
1291   -2    -15.500     13.362      8.109
  -1   -2     25.994      2.824      7.784
1245   15      8.971      8.353     -1.213
 279   95      7.067     13.026     -2.756
  -1   86    -12.253     -3.990      1.810
 187  202     20.729      6.073     12.015
  -1   -2     21.741     -6.160     11.549
  -1   -2     18.899     10.756      2.269
 815 1277      2.523     10.162      4.801
 362  305    -19.926     -3.470     11.964
  -1 1028      7.164      0.336      3.797
  -1   -2     -9.311      5.970      0.819
  -1   -2     18.772      6.890      1.934
 240  171     18.762     -2.063      7.088
  -1  200     10.608     -4.723     11.854
  48  108     20.995     10.201      5.040
 397  333      1.599     17.967     11.297
 291  222    -16.100     -2.619      2.409
 530  765     18.515      7.792      0.133
  -1  294    -12.953      7.891    -11.120
  -1   -2     -0.258      6.485      1.323
1292  581     10.373     -1.753      8.323
  -1   -2     -1.093     -3.357      4.876
 595  921     -1.085      6.251      6.037
  -1  230     11.507     -3.753     12.205
  -1  315     20.002     11.294      3.854
 571   -2      6.249     10.137     11.738
1121   -2     -2.893     11.608     11.103
 548   -2     19.744     13.215      7.713
  -1  520      7.716      5.612      1.288
 533   -2     15.147     15.566      0.043
  -1   -2     -9.286      6.794      4.573
1263  173     17.706      9.907      0.878
 899  408     -8.339     -3.678      1.327
 835 1037    -17.114      2.538     11.262
 197  887     16.069    -10.566     -9.276
 190 1047      8.481      4.368      5.341
  -1  658     -9.595      9.613      0.216
  -1   -2    -18.477      8.028      4.353
 209   -2     13.771     11.355    -11.028
 401  672     -1.532     -2.223      6.197
 101  503     12.207     11.113      4.879
  -1 1077      5.373     10.949     -1.421
1137   -2     18.453      4.174     12.586
 211  619     -6.008      3.426     -4.524
  -1   -2     13.261     10.819     -3.743
  -1   -2     13.001     10.751     11.768
  -1   -2     13.338      3.820     -3.543
 944   -2      0.039     12.021      9.466
 719   -2    -13.929      7.003      6.755
1079 1292     -9.540     11.723     11.810
 826  891    -19.169     -0.164     10.930
 236   -2      1.284     -6.460     -5.284
 216  372     19.236     -4.409      1.423
  -1   -2     19.511      8.977     -5.059
 445  321      6.621     -4.293      5.718
  -1  159      9.567      4.264      5.416
1302   -2     -5.537      8.683      1.943
 498  307      5.552      9.029      8.011
  -1   -2     -6.971     13.504      5.500
  -1   -2      0.375    -10.142      3.355
 159  134     14.818      9.681     -6.675
 625   -2      2.960     -8.686      1.800
  -1  758     25.199     -5.369      6.712
  -1   -2     -6.912     -1.373      5.725
 940   -2     -6.382     -8.382     11.778
  -1  176    -14.012      9.301     -5.617
1161  383     20.559      8.501     10.970
1050   -2     26.653     -7.498     12.708
 304   -2      9.280     16.263      4.349
 814   -2     21.721      0.213     12.403
  -1  128     23.271     -6.995      6.001
  -1   -2     10.958      3.684     12.416
  -1  707     14.901     -0.618      2.896
 601  612    -15.741      7.029     -7.142
 138   43     -4.359      8.258     -2.451
  -1   -2      3.879     -5.325     -6.509
1124  811      6.781     11.915      9.525
  -1  438     21.954     10.696     11.270
 702  650     16.378     12.045      7.047
 989  110      3.753     -2.674     11.408
  -1  551     12.045      3.528     10.959
1231  938     23.978     16.896      7.567
 608   -2    -15.822     -5.861     11.149
  -1   -2     15.487     -9.250     -1.209
1044  421     -1.744      5.251     11.120
  -1  316     19.508     14.545      5.425
1270  925      7.254     -7.552      8.991
  -1 1155     16.154     -6.297     -3.928
  -1   -2    -11.740     -6.765     -4.881
  -1  198     20.560     -6.328      7.761
  -1   -2     -4.704     -1.213      6.164
 630   -2     20.353     15.752      7.881
 963 1186     21.508     -3.417      4.406
  -1  393      4.682     14.599      6.564
 331   -2    -17.366     -2.590     12.068
 470  196     -5.158     15.062      3.673
  -1  334     24.826      3.080     11.962
 513   -2     23.499      0.398      7.530
 325  258      4.181      5.282    -11.098
1285  591    -16.425     -3.145      5.166
  -1  487     15.206     14.522      4.654
  -1   -2    -10.663     10.238     -2.918
 294  584     22.349      7.642      1.287
  -1   -2     13.048    -10.658     -3.925
 508   -2      3.308     -2.798     -3.367
 272   -2     11.220      3.503      9.584
  -1   -2     22.449      5.864     -3.505
 551   -2     27.097      2.069      9.394
 772   -2    -10.094     -4.581     -6.961
  -1  373     23.517      5.326     -0.868
  -1   -2    -14.648     -4.865     10.571
 495  906      0.281    -10.496    -10.748
 353   -2      5.457     -6.843     -0.262
1253  210     -8.071      7.021      1.456
 374   -2      8.580      0.135     11.669
1328   -2      7.281    -10.017      0.360
  55   -2      0.735     14.166     11.512
  -1   -2     -8.840     17.623     11.745
 905   -2    -14.223     -7.431     11.632
  82  299     -2.600      6.483     -0.189
  -1   -2     -3.748     -6.382      4.028
  -1   10    -11.105      6.343     -4.949
  -1  406     20.558      2.561      8.201
  -1   -2     10.976     -2.472     -1.900
  -1   -2      7.398     14.025     -0.599
  -1   -2    -12.593     -2.508      4.687
 557  580     15.955      6.894     10.186
  -1  152     13.604     -4.238      2.191
 451   -2     19.261     -1.491    -11.800
  -1  969      6.890      4.832     11.928
1158  121     -1.273     -5.782     -1.684
 783   -2     13.453      7.366     11.300
  -1  586      1.036     -5.525     12.262
  -1  240     14.733      6.163     -0.371
1276  205     -2.082      1.847      9.599
  -1 1235     23.920     -3.360     12.468
 882   69    -18.903      4.917      9.720
1122  111     14.619      2.857      7.749
 128   -2     -1.223     -2.609      9.309
 144  514     -0.883     -1.748     11.971
  -1  350      9.042     10.840      7.753
  -1   -2      6.658     -9.503      8.551
1007  869    -13.839     11.517      9.871
  -1   -2      3.707     -7.409     -0.104
 853  201     -7.596     -6.463     11.585
1035  713     17.307      2.204      3.423
 635   -2     22.660      9.164      6.814
  -1  989     25.736     -5.438      9.249
  -1  527     13.480     -6.542      4.551
  -1 1120     27.431      4.312     10.799
  -1   -2      3.993     -1.322      0.782
  -1  268    -12.865      0.495      6.350
  -1   -2      6.987     -0.578      0.562
1232  626     25.097     14.466     10.256
  -1  456     -6.033    -12.592     11.758
  -1  214     22.987      1.098     -1.907
 791  392    -17.469      5.483      0.248
  -1   -2     -1.026      3.796      7.531
1109   22     10.001      9.923      7.704
  -1  342      4.678     -7.455     10.683
 552  442    -10.606     -6.835     11.228
 195   -2     -2.152      3.936      8.199
  -1  749      6.782      0.614      0.270
 803  235     25.300      1.204      2.990
 410  522      8.661      0.230      7.721
  -1  437     17.502      5.850      1.724
 619 1071    -19.572      2.188     10.057
 349 1266     18.001     -5.218      3.684
  -1  133     -4.428     13.556      2.659
1144   -2      9.312     -8.346     11.009
  -1   -2     -5.766      5.966     -9.203
 424   -2     16.610      3.608      3.485
  -1   -2     -6.787      7.232     -2.441
 112   -2    -13.474      8.806      0.613
 315  583     25.561     -1.258      5.200
 477 1269     19.443      5.905    -10.431
1084   -2     -9.573     -6.766      6.211
  -1  433     -5.459     -9.675      1.460
  -1  179    -17.156      0.736      4.012
 947   -2     26.690     10.992      8.898
 158   -2     19.827      6.532     -1.419
 828   -2      5.005      4.333      3.244
  62  718     -0.376      2.573     -2.308
  -1  508      3.826    -11.462      8.014
  -1  515    -18.532      4.607      1.638
 215   -2     -4.761      1.142      8.288
  -1  403     21.295     -6.058     -0.175
 298  532     10.800     13.186      7.237
1027   -2     21.998      8.503     10.023
  -1   -2     17.707     -7.366      5.495
 785   -2    -17.579      1.959      9.350
 754   -2      5.763     14.097     10.995
1192  728     18.144    -12.517      9.857
  -1   -2     14.785     12.766      4.486
  -1  541     22.328     14.697      8.887
 512 1088     22.232     11.806      7.134
  -1  430     22.055    -10.355      5.181
 355  592     16.886     14.290      0.584
 578   -2     -3.653     -8.492      8.491
 199  477      3.306      4.376      6.508
 712  506    -16.636     -8.032     10.077
 323   -2     -4.085      1.971      9.239
1246   23     -2.728      3.300     12.191
 795  632      6.615     -2.381      9.447
 371  552      2.383     -3.305      0.457
1066   -2     20.200     14.776     11.522
1179  125      4.324      5.608     10.592
  -1   -2     20.625     -0.637      3.472
  99  328     15.964     -6.440     11.432
 900 1288     -0.434     -7.958      1.164
  -1   -2      7.181     12.611     -8.527
  -1   -2     21.812      9.025      4.872
 641   -2      6.210     -1.036      8.013
 149   -2    -13.891     -6.312      3.276
  19   -2      1.421     -3.164      9.467
 419 1129     16.218      4.340      7.833
  -1   -2     -7.196      2.270      6.161
  -1   40      8.830     -9.867      6.488
 522   -2      6.401     -0.902      9.475
 466  218     20.754    -10.276      6.763
 714  874     22.301      6.850      1.096
  -1  695     -5.731     -8.017      4.769
  -1   -2    -15.503    -10.722      8.455
 758   -2     26.277      0.674     11.891
 469  356     27.622     -3.932      8.150
  -1   -2     18.822      7.555     -8.057
 399  800    -14.907      5.300     -0.821
  51   -2     27.572      2.861     12.385
  -1   -2    -10.281      8.964    -10.164
1201   -2     23.015     -4.554     10.470
 668   -2     -2.581      3.635     -5.225
  -1 1025     20.073      4.538      9.490
 851  239     -7.847     -4.146      7.951
1090   -2     25.526      3.895      8.139
 874  985     -3.734     17.658     11.877
  -1   -2     14.225    -11.250     11.752
1277   -2      3.988    -10.151      5.234
 956   -2     -6.904     16.923      8.581
  -1  129     -4.224     -3.354      5.247
 485   -2     13.784     -3.385      6.788
  -1  449    -14.538     -2.316    -12.445
  -1  839     -5.163     -5.830     -1.789
  -1   -2     13.885      8.614      3.671
1033  322     18.989      5.700      7.730
 781   -2     18.048     -2.599      1.103
  -1   -2     -2.299     -1.672      2.751
  -1   -2    -16.035     -8.646     -0.306
 986  493     -4.590      7.529      9.237
 387 1050    -10.291     -3.135      8.275
 934   -2     13.549     11.882     10.368
 540 1272     21.845     -3.833     -3.317
 281  413     -8.878     -4.758      7.638
  -1    4     13.731      0.258      1.351
1082   -2     11.267     17.370      7.228
 680 1148     -9.751    -11.319      4.392
 743  419     14.365     -9.224      9.685
 664  529     -9.330     -2.924      8.779
  -1   -2     18.963      3.434      6.177
 417  629      1.045     -9.530     -1.301
1012  446     -4.027     -3.649     -4.890
 685   -2     -5.218     -9.543     -4.904
1009 1140     -6.390    -10.193      6.860
  -1  225     12.217     13.766      4.401
  -1  663     10.735      4.121      3.486
 502   -2     19.171      1.367      9.532
  -1   -2     19.310      2.723     -5.166
1293  513     10.565      5.629     11.852
 208  271     -0.431     -4.201      6.974
  -1   -2    -16.139      5.059     -7.067
   3   -2     -0.620     12.815      0.500
  -1  132     19.085     16.632      4.329
1119  483     -4.197     16.214      6.201
1026  212      0.892      3.241     10.874
  -1  480      9.071     12.941     -0.295
  -1   -2     -1.553     -5.675     -6.277
  -1   -2    -16.628      9.135      0.265
  -1   -2     18.786     -2.211      1.140
1227  937     25.295    -15.346     11.125
  -1  753      6.996      8.659     -2.709
 270  463      6.186     10.299      8.072
 911  478     25.390     11.973     11.155
1110   -2     -4.460    -10.211     -0.948
1196  830    -18.924      6.387     10.239
 829 1280      8.864     13.209     10.530
1101  382     16.041     -3.551     -4.759
  -1   -2     18.925     -0.133     11.777
 887 1287     10.888     -8.761      6.108
1272   -2     16.492      5.183      6.891
  -1  997    -10.273      5.277      4.560
 995   -2     21.251     -4.092      9.045
 342  155    -14.012     12.826      8.629
  -1   -2     11.905     -0.779     -6.719
 449  648     24.788     10.791      4.229
  -1   -2     -2.917      3.271     -1.519
 969  227     16.417    -10.984     -9.693
 523  391    -11.958     -9.957      9.411
 687  807    -13.466     15.739      8.440
  -1   -2      3.045    -13.903     -6.964
 456   -2     -4.321     -4.596      6.112
  39   -2      5.894     15.499      0.585
  -1  791     14.690    -17.935     12.156
 489  498      6.430     -0.278     10.734
 372   -2     14.932     -6.382      2.443
1162   -2      8.240     -9.979      3.455
  -1 1103     -8.991    -14.249     -1.025
  -1   -2      5.226     -4.858    -11.771
  -1   -2      9.521      1.472     -6.943
 151   76      9.788     -5.360      4.379
  75  678     13.152     -0.489     11.082
 742  573     18.844    -13.667      4.570
  -1  411     11.892     -0.338      7.350
 820 1278     25.291     -6.742      7.700
 579  339      6.990     -8.640      8.636
1111 1164     14.454      1.910      3.433
 667   -2      0.754      3.233     -9.351
 347  312     20.530     -3.440      9.076
  -1   -2     -5.158     -4.639      9.035
 412   -2     25.241     -2.442      6.312
  -1   -2      3.027     -6.267      1.781
1210   -2    -17.190    -11.086      9.197
  36  245     13.621     -5.602     10.812
  -1  607     -2.867     -3.739      7.319
  -1   -2     16.576      7.924      5.675
  -1  435     -4.178    -10.111     12.397
1100  767     22.035     -0.538      8.373
  -1   -2     -0.130      0.003     -1.274
  -1   -2      3.216      9.857      6.985
  -1  358     13.081     -2.460     -0.049
 747   -2      9.982      2.428     -5.194
 496  471      7.382     -5.778     -4.086
  -1  288     16.873     -3.295      1.054
  -1   -2    -13.087     -1.012      1.322
  -1   27      7.062     14.716      7.087
 813   -2    -11.161     15.427      9.729
 864  575     15.794     -4.305      6.676
 503   -2     18.887     -8.637     -0.493
 632   -2      6.683      3.650     11.220
  -1   -2     -7.446     -5.075     -1.937
1202  735     -9.210     14.026     11.206
  -1  385     -1.670      3.011     -6.121
 230   -2     20.351    -11.971      4.730
 884   49     -0.867     13.871      9.135
  -1 1041     17.404      8.642     10.007
 755 1040    -14.909    -11.656      2.602
  -1  652     12.518     -1.141      6.301
  92 1319     18.133     13.151     -5.606
 356  745     -2.197      3.657      9.886
  -1  895      4.413     10.605     10.101
 467   -2      2.523     11.390     12.221
  -1   -2     21.181     14.135      5.441
 624  774     20.308      0.603     10.923
 383  628     13.506     -1.033      8.708
  -1   -2     16.642     12.265     -3.891
 453   -2    -15.417     -9.646      8.102
 403  295     22.540      5.287      4.170
  -1  371     15.103      4.678      0.017
 204   -2     21.339     11.668      9.922
  -1   -2    -13.272      8.907      7.508
 423  329    -19.451     -1.532      6.523
 771   -2     -2.875     -3.914     11.781
  -1   -2     -4.007      3.934      6.929
 854  300     17.915     12.641      7.041
  -1  818     -8.107    -11.407     -1.761
 284  363     12.487      2.093     -5.810
 544 1181      2.638     -9.247      0.657
  -1   -2    -12.483    -12.610      3.420
  -1  696     13.527      4.603     -0.420
  -1  558     23.405      3.151     11.531
  -1   -2      1.343      9.698      6.647
 193  244     -4.415      9.143     -9.730
 766   -2     -5.405      6.502     -1.290
 650 1118      0.521    -11.065     12.207
 200   47     -0.584      8.875     -1.514
 982  861     13.566    -13.530      1.271
1309  655     -7.205     -7.620      9.064
 400   -2      0.571    -10.215      7.874
  -1 1000    -11.970    -12.957      3.008
 575   -2      7.763     10.430      6.631
1028  565     22.363     -6.575     11.747
 678   -2    -18.325      6.951     11.623
 140 1184      7.193     -2.117     -0.704
  -1  624     -4.838      5.993     -6.664
  -1   -2     17.622      4.629     -7.246
 784  604     -0.336     15.713     10.887
1313   72      9.382      9.872     -3.921
 526  445      9.011     -1.796      9.296
  -1  447     -6.989     11.558     -9.932
1040  630      0.244    -12.107      4.883
1031  653      6.849     16.728     11.870
 418  865     -2.885     14.416      4.515
 588  123     11.875     -4.147     11.805
 425   -2     -9.168     14.187      0.184
 319   -2     -4.423     13.447      7.567
1199   -2     19.986     14.349     -2.876
  -1  610    -19.110     -6.785     10.996
1108  644     24.858     12.228      8.763
 892   -2     18.543     16.759      4.180
  -1 1045    -17.475    -12.055      1.856
 220   -2      1.724      6.795     -6.541
 258  578    -15.360     -0.009     11.856
  -1  347      9.915     -7.860      4.017
  -1  467     21.825     15.625      5.229
 709  837     23.145      4.730     10.358
 296  638      7.079      6.992     11.014
 478 1291     18.859     16.332      8.813
  93   -2      6.863     15.138     10.221
 730  671      6.601    -12.555      4.328
 339  104     -1.690     -5.355      8.985
  -1  571     15.356     15.322     11.979
 968   -2    -19.118     -9.266     10.361
  -1  458     18.089      3.728      6.837
  -1   -2     11.711     -3.765      5.007
1063  828     11.347      0.715      5.497
   4 1183     16.942      0.272     10.364
  -1  761    -10.766    -12.941      4.413
  -1 1167     -5.338     17.780     10.952
  -1  751      9.763     -5.271      5.934
  -1  760      8.290    -13.024      8.935
 130  257     19.445     -6.597      2.205
 459   -2     -6.975      6.733      1.114
 300   -2      4.586     -0.315      9.698
  -1   -2     25.989     -1.119      9.094
 237   -2      8.462     -4.168     11.905
  -1 1104     -4.199    -14.872      9.695
 748  923     23.277     -9.000      4.381
  -1   -2     -8.120      3.632     -3.963
  -1   -2      6.144      2.385     10.105
 810  164      1.672      9.228     11.461
 639   -2      9.504    -14.937     -3.184
1228  752     14.786     18.855     11.086
 370   -2     22.170     11.079     -4.780
  -1   -2    -17.340     -5.596     -0.218
  24  369     19.744     -2.652     -8.874
1200   -2      9.389    -13.774     -5.101
1148   -2     20.319      2.560      0.504
  -1   -2    -13.964     -2.979      1.763
1057   -2     19.736    -17.220     10.710
 599   71     18.631     16.776      6.054
  -1  620     10.132      7.653      5.612
  -1   -2     13.291     -3.943      4.330
 395 1032      0.657     -2.311      5.888
 350   -2    -17.751     -7.553     10.264
 433   -2     -2.723     -5.611      5.400
  -1   -2      5.218     13.024      4.254
  -1   -2     -9.726    -12.295      4.271
 726  423     22.542      9.048      2.607
  -1   -2     14.191     -9.897     11.206
  -1 1038     24.554      9.322      4.704
 346   -2     21.485      1.081      9.459
 491  589     24.532     -4.235      9.489
1169  349     13.068    -10.100     -1.881
 524  727    -13.322     -6.979      9.739
1261   -2     20.488      0.031      3.453
 546 1072     26.767      8.550     12.356
 779   -2     -2.731      3.201      1.064
 415   -2     10.534      7.881     10.883
  -1   -2      5.603     -7.991     -5.697
 352   -2     -7.152    -12.864     -5.052
1295  681     14.431      9.337      9.220
  -1   -2     15.437     -5.731     -3.399
  -1  526     22.673      6.060      6.144
  -1   -2     13.590      5.736     -5.013
 720  810     -1.890     11.205    -11.499
 497   -2     13.898     16.196      4.936
  -1   -2     19.805      0.661    -11.036
  -1 1192     15.449     -0.380     10.740
  -1   -2     -0.974      3.626      9.405
  -1   -2     15.842      0.410     11.767
  -1  569     17.633     14.083     10.930
 769   -2      2.705    -12.809      7.398
  -1 1018    -17.191     12.155      0.430
 696  763    -17.438    -10.720     10.601
  -1  338     -1.255    -12.178     -4.545
1000   -2    -15.078    -13.528      6.589
 504  216     22.741     12.592     12.034
 727  635     -0.353     -8.521      8.240
  -1 1119      2.755     -5.537      8.331
 286  588     -8.497     -7.830      2.170
 722  490     17.417     -9.420      4.120
  -1   -2     11.981     -6.314      5.722
  -1  667      6.429     -2.015     -6.713
 787   97     23.340      3.350      2.280
  -1  912    -14.091     -2.712      4.317
1016   -2     24.301     16.551     12.151
  -1   -2      3.920    -11.350     -4.133
1074   -2    -19.197    -10.963     10.556
 732   -2    -14.991     -0.673     -5.285
  -1   48      5.031      2.264     11.796
  -1 1052      0.210     13.062     -0.168
  -1  313     10.828     14.462      7.815
 977  485     -9.859    -14.763      2.776
1155   -2     23.149     -7.166      0.361
  -1   -2      9.062     12.232    -10.687
 960 1029     19.124    -11.172      8.690
 675   -2     -8.346    -12.921      5.706
 487   -2      8.721     15.883      8.308
 329   -2    -16.053     -7.678     10.402
 987  712     16.293     -0.941     11.153
 797   -2     -8.823      8.007     -3.949
  44   -2     -6.988      0.631      7.557
 666 1188     16.019     -2.645     11.321
  -1 1283     -7.112     -4.112      6.120
1095   -2     26.763     -3.667     12.150
  -1   -2     13.582     -4.353     10.473
  -1  504    -12.351    -11.757      5.865
  -1   -2     17.819     15.094      1.048
 850   -2     20.947     -4.622      9.572
 561   -2     -2.713     -8.698     -5.741
  -1  384     15.612      8.343      8.231
1039 1160      1.271    -15.749      3.367
 322   -2     19.735      6.692     -6.098
 260  533      5.294     -9.768      4.683
 728  734     12.934    -10.484     -8.055
 409   -2     20.202      2.031     10.946
 756   -2     25.525      9.552     11.687
 378   -2     10.226      6.905      8.308
1152   -2    -11.012    -11.597      9.055
  -1  710    -13.832    -13.639     -0.437
 723   -2     14.850     -5.758     11.360
  -1  873     14.006     11.048      7.572
 413   -2     -0.109      7.772      9.302
 638  505    -12.906     -8.310      6.102
  -1   -2     14.041      5.819     10.593
  -1   -2    -16.080    -10.018     -6.487
 890   -2    -11.177     15.987     11.833
  -1  291    -14.790      7.357     -0.323
  -1  809      0.442     16.146      9.968
  -1   -2     -9.913      9.959     -2.581
  -1  582     12.934     17.140     10.572
  -1  337      7.671      5.197      9.404
 500   -2     -0.778     15.066     -1.676
  60   -2     -6.838      2.966     -0.765
 262   -2    -11.407      7.081    -10.191
  -1   -2    -16.522      5.819      1.568
 866   -2    -17.623     -4.172     11.543
  -1   -2      7.523      1.720      6.046
  -1  814    -14.652     15.409      7.381
  -1   -2     25.839      3.586      0.460
  -1   -2      3.773     13.944     12.253
  -1   -2    -16.977      0.854     10.233
  -1   -2    -11.257     -4.847      9.003
  -1  991     -3.057     -7.191      7.977
  -1  823     11.555     14.687     12.094
  -1   -2      8.091      9.602      8.702
  -1  484    -19.109     10.558      7.826
  -1   -2    -18.564      1.325     -0.422
  -1   -2     -7.638      3.501      3.888
  -1   -2     -1.371      9.612     -8.824
  -1   78      2.447      3.474     11.894
1083   -2     24.801      0.671      9.672
  -1  122     25.781     -8.196      7.879
   8 1285    -11.924      5.707      3.290
  -1 1105      0.534    -13.443     -5.091
1165  690     19.932    -15.240      8.748
  -1   -2    -17.288      7.443     12.306
 957  673     18.852      3.974      9.735
  -1   -2     -8.224      5.061     -0.814
  -1   -2    -11.357      2.802     12.669
  -1  436      4.891     11.615     12.596
  -1  252    -12.480      1.886      7.901
  -1   -2      5.131    -15.633      4.451
1126   -2     -1.942      9.437      8.167
1081  318    -15.175     12.133     11.024
 924  793      1.489     13.083     10.120
  -1   -2     10.440     12.510      4.793
 818   -2     -3.296      5.016      4.871
 788 1166     25.056     12.610     -2.388
  -1  884    -15.690     17.753      9.624
 839  877    -15.893     -8.440     -7.609
  -1   -2     -0.828     17.375      1.916
 725   -2     13.537     16.844      7.581
  -1   -2     12.628     -6.917      0.266
  -1  901      9.254      6.311     -3.136
  -1  304     -1.876     -3.984     10.426
  -1   -2     13.359      3.832      8.169
  -1  978    -12.131      0.789      9.572
  -1  137     -7.796     -2.730      3.808
  -1  792     25.613     12.433     12.678
1182 1065     -6.212     12.738     11.821
  -1   -2    -15.223      0.623     12.283
  -1  255     22.857     -1.231      9.059
1290  370    -16.381     15.436      8.066
 917 1116    -12.769     16.478     12.278
 334   -2    -16.193      0.146      2.785
  -1   -2    -15.208     16.024     -1.130
  -1   -2      8.864    -13.041     -4.159
  -1 1152     -7.371     19.161     12.373
 153   -2    -10.772     12.296      8.967
  -1  699     -6.350      1.150      4.673
  -1  885      8.105     -1.147      7.977
 280  857    -18.312     -0.226      4.150
1018   -2    -19.055     12.301      8.789
1112  220    -10.194     18.094      8.304
  -1   56     26.887      5.918      7.548
 506   -2     21.178     -4.809      2.851
  -1   -2     10.803     -0.447      3.191
 908  278    -13.718     10.679      7.693
  -1   -2     17.757     16.809     11.187
  -1  674     15.542      2.484     -8.570
  -1  913    -11.247     18.424     10.826
  -1  708     -8.707      5.203      4.170
  -1   -2     -3.312    -17.286     10.182
  -1   -2    -11.549      8.205      3.993
 708   -2    -10.881      2.435      7.012
  -1   -2     20.972      2.799     -4.320
  -1   -2      6.210      5.446     11.325
 855  455     10.524     16.635      7.685
  -1  960     20.686    -16.291      8.611
  -1  964      5.659     -5.885     10.332
  -1  409    -14.845      8.924    -11.967
 203  741      6.183    -11.428      9.005
  -1  290     -3.958     10.824     -1.366
  -1  217     11.368     -7.649     11.453
  -1   -2    -16.753     16.519     10.274
1274  716     -0.690     -9.974      3.405
  -1  907     24.833     -0.676     10.081
 833  247    -12.871      2.959     -4.935
  -1  353      0.678      4.386     -0.463
  -1  286    -11.442     10.194      0.908
1113  593      6.344     16.669      8.836
  -1  651     -9.333      1.685     -4.374
  -1   -2      5.697      1.352     11.781
  -1  518     11.619     10.961     12.577
  -1  802    -12.310     10.554      0.204
  -1   -2    -18.569     -5.185     -3.197
  -1  779     12.399     11.937     12.256
  -1  645     22.585     -0.788     11.800
  -1  389     -6.356     10.043     -5.376
1078   -2     22.084    -16.546      8.529
 172  821     20.698     -5.906     -0.339
 219   -2     -2.742     13.228     12.734
 574   -2    -19.743      6.699      9.363
 902  424     25.022     -6.549     12.210
  32   -2    -16.457      9.993     12.848
 607   -2     -1.876     15.174     10.636
1138 1095     14.040    -16.246     11.594
1139  768    -11.576     11.539      3.074
 688  412      1.815     -5.976      7.169
 729  675     -7.371    -11.533      5.448
1177   -2     -6.327    -16.610     12.694
  -1   -2     -9.967      6.948      1.949
  -1  929     -3.947    -13.922     -1.452
  -1 1214     21.234     18.352     12.718
 602   -2     19.803      3.093    -10.367
 437  407    -13.463      1.174     -0.451
  -1   -2     -6.852      2.542     10.606
  -1  317     12.349      9.109      9.178
1271   -2     25.411      0.917     11.045
 932  615     15.749    -18.029     10.411
 534   -2    -16.235     -4.967     -8.104
  -1   -2     16.317     13.883      4.112
 394   -2     20.978     -8.051      4.577
  -1   -2    -20.042      9.141      4.948
  -1 1089     15.142     11.469      2.893
 939   -2    -18.095     -6.245      3.722
  -1   -2     -9.286     14.879     12.208
  -1   -2      9.286    -11.071     -6.086
 658  838    -19.184      2.012      8.532
 933   -2     11.389     -9.701      6.573
  -1   -2    -19.620      6.771      4.197
 276   -2    -13.094     12.718      3.082
  -1 1010      0.292    -11.981     -9.431
  -1  665     21.131      2.414     12.379
 529  596      2.982      0.750      9.622
  -1   -2      4.770     11.234      2.747
  -1   -2     16.908     15.439      5.181
 721  879     -3.514     -7.979      5.806
  -1   -2      0.777     -5.795     -2.444
  -1   -2      7.270      6.860      8.853
  -1  199     16.787     -7.979      8.986
  -1  344     -4.672     17.000      2.446
 822   -2     26.698      5.861      3.361
  -1  366    -11.933      5.721     -7.690
1048   -2     -4.533    -14.618      8.853
 318   -2      0.583      0.624     10.335
  -1   -2     -7.214     -5.446    -11.842
 335   -2      0.915     13.503     10.083
  -1   -2      3.557      1.604     -2.056
 531   -2     16.453     10.343     -2.704
  -1  443    -18.980     -2.713     11.845
 858   -2     22.557     10.678      9.963
 390  528     -4.496     -7.081     11.428
  -1 1084     18.058    -19.337     11.110
1130  778      0.666     10.772     -0.812
  -1   -2     24.056    -13.826     12.599
  -1   -2     18.122    -19.853     12.667
  -1   -2      6.588     13.621     11.468
  -1   -2    -12.211     -2.683     -9.916
  -1   -2     11.288     -9.134      8.779
  -1  789      2.457      4.761     -3.699
  -1   -2    -13.094     -7.781     11.676
 883   -2      5.261    -12.584      1.872
 584 1015     -1.241      3.272     10.924
  -1   -2      0.741     -9.660      3.118
 428  293     13.344     12.897     -6.343
1157   -2    -16.338     11.589      2.858
  -1   -2     -1.405     10.654     -5.859
 354   -2     -7.888     -0.068      9.080
  -1   -2     -5.288     12.426     12.467
 516  608     24.558      2.968     10.188
  -1  283     29.028      2.295     11.563
  -1   -2    -13.494      4.387     -3.898
1002   -2     -5.632     16.466     10.087
  42  228      6.146     -0.476    -11.175
1127  319     21.221      6.081     10.783
 954   -2      8.322     14.411      8.706
  -1 1268      1.763     -4.952      3.200
  -1   -2     23.969     12.042     11.748
 684   -2     -3.208    -11.702      3.724
  -1  796     -9.570      4.043      9.920
  -1  367      6.601    -10.421      2.389
 480  543     14.985     17.979      9.205
1037  657     26.752     13.718      6.528
  -1   -2     -9.932      7.949     11.930
  -1  380     -3.305      8.938      6.775
 936  226     -7.940     13.427      6.254
  -1   -2     22.710     15.489      6.735
 590   -2     23.517     -1.438     12.060
 314   -2     20.119      7.202      6.321
1123   -2     17.359    -15.167      9.959
  -1  470     22.089     -3.936     12.664
 494   -2     25.530     -5.839      8.998
 447  451     -4.509    -12.611      4.449
  -1   -2     25.949     -8.502      4.450
  -1   -2     18.994      0.401     10.672
 744   -2     -0.110     -3.025      6.993
  -1   -2     22.122     12.736      4.505
 542   -2      2.920      6.535      2.727
  -1   -2     12.344      7.393     -7.842
  -1   -2      3.953      9.385     -1.531
 976 1131     26.041      3.942     11.162
  -1   -2     -6.903     16.438      3.176
 366  902     -9.262      8.866      7.025
  -1  983    -19.162     -3.347     -0.700
  -1  204     19.287     -4.121      9.594
  -1  625     -2.824      4.859     12.326
 990  509      0.439      9.210      2.971
  -1   -2      2.123     -2.825      4.780
  -1   -2     -0.780      4.723      8.753
  -1  429     24.151     16.254      6.777
 155  566      7.582      6.645     -2.525
 971  439     -3.528     -9.182     11.121
  -1 1030     -6.918     -5.417     11.386
1205 1139    -20.049    -14.395      9.401
 857  846     11.935     15.877     10.588
  -1   -2    -20.568      3.635     10.427
  -1   -2      9.326      9.026      5.341
 909   -2     24.056    -15.738      6.388
 525 1109     -9.985     -6.722      1.790
 213  253      4.350     -3.749      6.932
  -1  156     -1.704      1.620     11.480
 549   -2     -6.393     -5.983      9.330
  -1  260     18.390     12.084    -10.470
1076   -2     24.755     -8.506     12.587
 692  540     -2.546     -9.079     11.649
  -1  585     -1.779    -11.191     11.870
 357   -2    -15.737      8.348    -11.299
 950   -2     26.695    -13.119      8.903
 888   90    -10.476     17.088     11.840
 180  576     24.593      1.156      8.155
  -1   -2      3.261      3.845     10.440
 972  577     18.327    -10.975      5.033
 793  530     -0.900      9.846     -6.037
 612  330      2.898      5.798      6.645
1054  563     14.326    -12.957      9.190
  -1   -2      7.983     -2.481     10.408
 847   -2    -21.316    -13.258      4.607
1214 1225    -13.672    -17.388      5.668
 770   -2     20.877     16.095      4.947
  -1   -2      1.231     -4.692      7.378
 214  151     22.438     -2.163      6.489
  -1   -2     18.737     -2.701     -2.298
  -1   -2     12.267     -2.169      5.148
  -1   -2    -18.816      8.722     10.230
  -1  302     26.748     -2.177      7.683
  -1  465      4.536      9.963     10.307
1259 1033    -14.760     13.089     10.766
1102   -2     -0.059    -13.614      8.071
1073  166      1.277     -3.875     11.319
  -1   -2     -0.823     17.621     12.176
  -1   45     18.319     -7.768      9.402
1235   -2     17.847      3.492     -0.831
  -1   -2     20.563      2.113      0.096
  -1   -2     -2.223     -7.283     -1.858
 823  977     25.315     -9.341      1.330
  -1   -2      1.003     13.819     -5.218
 929   -2    -14.496     17.070      7.613
  -1  548    -13.966     14.058      2.088
 570   -2    -12.970     -5.583     10.634
 935  661    -15.755    -12.023      8.383
 541   -2     25.620    -11.499      7.593
  -1   -2      1.356     12.165     12.067
 671  379     16.165     12.009     11.850
  -1 1113      1.859    -10.270     11.688
  -1   -2     16.008      5.213     11.374
  -1   -2      1.283      2.057     -0.032
  -1   -2    -14.185      0.946      8.245
 103   -2    -11.300     10.965     -0.315
  -1   -2      9.566     -6.594      5.564
  -1 1110     28.176     10.904      3.888
1168   -2      5.926    -15.230     12.119
  -1   -2      5.941      3.578     12.503
 388   -2    -12.029    -11.909     -4.275
1208 1073    -11.425    -17.779     10.783
  -1  416    -11.765     12.657      0.119
  -1  375      8.860     14.462     -2.043
  -1   -2     23.915      4.877      7.524
  -1  952    -18.775     -4.614     12.286
 802   -2     10.664     17.600      9.389
 408   -2    -13.500      0.138     11.385
 763  841    -19.073     10.023     11.334
  -1   -2      9.068    -15.506     -6.083
 306  320     19.023      9.373      5.210
  -1  454      0.778     16.150     11.178
  -1  703     -2.516     11.995      9.113
  -1   -2    -15.536     -2.718     10.406
 455 1318     14.608     -8.650      3.311
  -1  524    -16.837     13.750      4.314
 693  398    -14.985     -9.840     11.170
  -1   -2     10.964      8.208     -4.439
1092 1035     25.141    -11.615     -0.026
  -1 1003     29.572      4.387      9.525
  -1  452     23.933     18.488      6.979
  -1 1053     -1.450    -17.184      1.468
  -1  677     10.402     -1.033      5.224
  -1  743     -3.312      4.715     -2.656
  -1 1021     15.384    -10.984      4.166
 921   -2    -12.336      8.112     -4.142
  -1  208    -15.255      0.218      9.577
 930   -2     25.170     -4.090      7.098
 942 1064     -1.230      9.959     10.920
1221 1218     10.403    -18.579     10.559
 869 1106      5.006    -13.902      4.905
 846   -2      8.079     -6.624     11.302
  -1  549     -3.725      4.545      6.902
1055  272     26.054      4.420      7.915
1059   -2     15.008     13.983      7.559
  -1   -2     12.438     -0.299     12.162
 765   92      7.670     -2.526     10.722
 946 1054     24.003     19.463     11.372
 483 1048     28.848      5.004     10.814
1156  627    -11.183     -5.930      3.632
  -1   -2     21.909     12.681      9.738
 626   -2    -18.518     -7.735     11.043
  -1  689     -4.751     -0.182     12.123
  -1   -2    -19.666    -10.274     11.079
  -1  946     15.450      6.212     12.343
  -1  631     22.624      4.269     -2.958
  -1   -2     29.285      1.001     11.785
 528 1174     23.595      7.325     10.337
  -1   -2     23.468      7.389     -3.101
  -1 1137     10.171    -12.686      3.484
 587  474    -11.902     12.024     11.546
1011   -2     -4.879     17.079      7.404
 799 1293     26.707      2.920      5.400
1047  309     16.407     10.696      8.814
  -1  898     -2.178      6.757     10.420
1236  219    -10.587     11.945     11.274
  -1  351     16.516     -9.904      3.733
  -1  495      5.635    -10.553     -1.997
 178   -2    -17.766     10.187     11.814
  -1   -2     20.185      5.149      0.631
 553   -2      9.772      7.899      7.876
 605  476     21.859     12.723      0.173
 796  812    -16.670     15.672      9.582
 999   -2     -7.156     17.142     11.424
 845   -2     18.731    -17.634      5.464
 510   -2     14.161      5.123      4.708
1064   -2     -7.508    -14.450     -0.337
  -1  831    -15.680      2.163     11.313
 682  523      3.276     -9.260     -4.537
1203  733      8.819    -19.718     10.657
  -1   -2     26.290     11.916      6.445
 385  701     14.766      2.019      8.587
1106 1044     -9.602     16.316     10.831
1184 1026    -12.479    -14.006     10.339
  -1 1267      0.488     17.836     11.864
 808   -2    -16.389      0.846     12.444
  -1 1080    -17.657    -13.813      7.116
1021   -2    -13.110    -10.364      6.743
  -1  854     -7.415      2.670     10.106
  -1   -2     -2.607     -1.466     10.226
 577   -2     11.821      4.915     11.178
  -1  603     -1.072     -6.618     10.256
1097 1093     16.639     12.873      5.045
  -1   -2     20.303    -13.447      6.939
1136   -2     -9.157     -9.736      8.073
  -1  590     16.641     -2.556      5.712
 629  494      6.827      2.529     11.884
  -1  908      3.991     15.968      5.787
 918   -2      4.359    -13.603     11.193
  -1  955     12.662    -16.269     -3.044
  -1 1092    -14.418    -11.333      0.494
  -1  115    -16.349      3.092     11.239
  -1  656     10.579    -16.044      0.729
 994  688      2.342    -13.688      2.796
 663   -2     10.603      7.325      6.960
  -1 1128     -6.381     15.642     11.285
1173  847     27.510      9.228      6.068
1195   -2    -17.057     14.190     11.485
  -1   -2     -1.044     -6.007      8.084
  -1   -2      0.982     11.180     11.457
  -1  704     21.449     15.405     10.999
 812   -2    -12.828     -0.031     -5.636
  -1   -2     19.264    -11.987     -3.052
 519 1271     11.582     -6.693      2.137
  -1  405     21.600     11.603      7.738
  -1  724     -3.919    -11.363     10.861
  -1   -2     14.378      0.963      2.464
  -1   -2    -17.309     16.730      1.630
  -1   -2      2.820     -2.157      9.956
  -1  150     -3.179     16.198     11.989
  -1   -2      2.834      3.875      4.103
 886   -2      0.923     17.219      9.821
 440  759     -6.674     -6.655     10.630
 634  971     23.297    -10.164     11.100
 558  815     -8.444     13.801      8.621
1220   -2      5.884    -17.839     10.392
  -1   -2     25.060    -13.414      8.101
  -1   -2     -3.644    -14.892      3.918
 861 1205     23.045    -11.746     11.918
  -1   -2      8.918      2.163     11.001
  -1   -2     27.378      0.114      5.039
  -1  246    -14.374     -6.770      8.149
 703   -2     13.877     -5.255      4.113
 435   -2     17.434      7.063      8.537
  -1   -2      2.947      8.521     11.325
  -1  618      7.306     10.752     10.594
  -1  459      3.101     15.581     11.444
  -1 1201     26.067      9.957     11.927
  -1  639     19.517      8.610      7.122
  -1   42     11.816     -1.048     -0.158
  -1   -2     -3.853    -12.532      2.986
  -1   -2      8.159      9.222      7.531
1283  275     20.934      1.371     11.520
1154   -2     26.557     13.065      3.861
 777   -2      5.182     -6.705      7.483
1004  359    -17.427      5.877      9.501
  -1 1069      8.900     -7.730      4.352
  -1 1210    -24.993    -13.751      9.073
1118   -2     13.159    -18.502     11.141
  -1 1178     -9.155    -19.696      9.602
  -1   -2     -5.122    -23.487     -3.661
  -1 1145    -15.686    -21.828      3.133
  -1 1215     25.202    -24.369     10.640
  -1   -2      7.013    -21.554     12.659
  -1   -2     26.001    -17.173     11.070
  -1 1200      3.571    -18.037      6.011
  -1 1217    -26.434    -11.059     12.648
  -1   -2    -15.041    -26.461     -0.538
  -1 1091     17.985    -26.668      4.171
1213  562    -24.849     -9.636     11.854
1230 1207     15.450     27.674      1.259
1207 1212      5.402    -27.519      1.667
  -1   -2     17.894     24.117     11.520
  -1   -2     10.968    -18.492     12.787
1204   -2    -22.832    -12.136     12.411
  -1  702     -5.947    -21.275     11.973
  -1   -2     17.321    -29.454     -5.993
  -1  777     27.478    -16.266     12.970
  -1  993    -13.623    -16.716     11.815
  -1 1213     13.291     31.983     -3.513
  -1 1138     24.177    -17.839      9.366
1217   -2     27.312    -22.560      9.714
  -1   -2     25.080    -17.486     11.758
  -1  890     19.431    -19.297     10.357
  -1   -2     -0.995    -24.030      8.362
  -1   -2    -20.931    -10.234     10.296
  -1 1180    -17.276    -21.542     11.502
  -1  981    -22.171    -14.363      6.679
  -1  944     26.277     15.083     12.652
  -1    0     25.331    -15.338      6.956
  -1   -2    -11.242     13.860     11.092
  -1   -2     12.559      0.226      2.405
  -1   -2     12.601      0.214      2.401
 768   -2      5.876      5.397      4.056
1304   -2     12.201      4.025      8.286
  -1   -2     16.377     -9.913      2.011
  -1   -2    -14.180     10.514      6.659
  -1 1309     -7.093      7.657      2.642
  -1  457     -4.956      2.400     11.118
 131  192      9.726     -1.399     -2.275
  -1   -2     -2.133     15.056      7.353
  30 1296     -2.177     15.005      7.223
  -1   -2     20.362      5.519     -1.992
1326  191     24.398     -1.953      7.228
  46 1240     -3.523      3.770     10.823
  -1   -2    -16.485     -0.492      5.773
  -1  224     -7.931     -1.054      4.949
  -1   -2     16.735      7.711     -5.273
  -1   31     20.340     -3.203     -6.886
  -1   -2     -5.255    -12.556      0.011
  50   -2     -9.652     -2.971     11.478
  61 1245     -5.383     14.049      7.744
1300 1308     13.678     -5.935     11.523
 379   -2     13.135     12.116     10.854
 110  265    -15.530      2.006     -7.031
  77  146    -12.904     -1.940     -3.138
 124   82     15.509      2.678      5.413
 176 1320     10.044      0.704     -2.665
 154  720    -10.770     16.616      8.566
  -1   63     -6.834     -0.966      6.370
 677  277    -10.746     -2.918     -0.090
1266   -2     24.036      1.684      4.232
 202   -2     -7.812     -6.384      9.895
 137   -2     -1.627     10.940     -6.536
   2  323     -9.295      4.033     10.509
 520  936     10.686      6.007      6.273
  -1   -2     17.072     -0.598      8.348
  -1   -2     -2.498      0.184      8.622
  -1   -2     17.990      3.874     -1.182
 239   -2     26.971      7.144     11.168
  -1   -2     21.874     10.749     11.237
 293 1204     23.703     -3.572     11.739
  -1  368     22.920      8.271      1.523
 610 1058    -18.268     -9.883      8.294
 229 1321     12.667     -6.796      0.571
  84   -2     23.731     -1.901      8.060
 402   -2      7.205      7.390      1.869
 377  685      7.285      5.174     10.361
  -1   -2      5.978     16.248     10.131
1257  120     18.924      3.723      0.979
 464  860      0.287    -10.234      3.276
 689  962      9.676     16.954      7.328
 973   -2    -18.759    -10.770     11.101
 631   -2     23.477      0.422      7.865
 737   -2      1.338     -3.507      0.543
 586   -2     -8.918      4.626     -0.463
  -1   -2     21.126     -4.292      8.541
 501   -2     13.500     -3.781      3.975
  -1   67    -19.257     -0.136      6.378
 337   -2     15.474     -9.223     -1.255
 165   -2      0.624      6.824     10.250
  -1   -2     -3.287    -17.272     10.261
  -1 1156     -4.877    -14.820      8.238
  98   41    -11.891      0.486      9.924
  57   -2     20.861      0.038      2.320
  -1  773    -15.638    -10.908      8.132
  -1   -2     -4.653      2.899      8.333
 572   -2      8.723     -9.932      6.608
 801   -2     25.254    -15.286      7.087
  -1   -2     12.559      0.226      2.405
   6   -2     12.601      0.214      2.401
  11 1233    -11.242     13.860     11.092
  -1   -2     16.735      7.711     -5.273
  -1 1163      0.227     -2.658     -0.313
1243   -2     -2.143     15.060      7.340
 966  475      9.243     -4.808      7.874
1306 1312      9.581     -5.097      3.213
  80   -2     -5.184    -12.598      0.068
  -1 1295     20.480      5.501     -2.204
  27  361     13.127     -1.557     -0.556
1260   -2     18.424     -6.523      1.862
1093  314     -4.877    -14.820      8.238
1310   -2     19.255     15.646      6.472
1312 1313     -3.287    -17.272     10.261
  -1   -2    -11.247     18.424     10.826
  -1   -2    -16.485     -0.492      5.773
  53   -2    -16.525     -0.488      5.808
1317 1315     20.362      5.519     -1.992
  -1   -2     16.735      7.711     -5.273
  -1   -2     -7.093      7.657      2.642
 842 1314    -11.247     18.424     10.826
  -1   38     -8.102     -1.670     -0.343
  -1   -2     16.735      7.711     -5.273
  -1   -2     16.735      7.711     -5.273
  -1   -2     16.735      7.711     -5.273
  -1   -2    -14.456     13.393      9.835
  -1   -2     16.735      7.711     -5.273
1254   -2     16.735      7.711     -5.273
 837  858    -14.456     13.393      9.835
 115   66     -2.498      0.184      8.622
1240   -2      0.227     -2.658     -0.313
