1332
   1  824    -11.142      4.489     12.137
  -1   -2      3.485      2.440      3.695
  -1   -2    -10.903      7.457     10.035
  76   -2      1.595      4.463      7.587
  -1   -2    -11.233     13.833     11.156
 347   -2     23.169     -3.345     11.226
  -1   -2     19.473      6.729      0.032
  -1   -2     15.850      1.948     10.368
  20   13      4.925     -6.178     12.383
  -1  724     12.942     -8.886     11.811
 954 1004      5.098     -0.064     -3.813
  -1   11     -2.201     14.945      7.195
  -1   -2      6.979      2.258      3.566
  -1   -2     -4.532      0.152      6.828
  -1    9      0.847     10.593     10.641
  -1   43     -4.613     -1.954      7.633
 417  535     16.579      6.343      2.609
  -1   -2    -11.937      8.575      6.742
  -1   -2      8.922      9.422     -0.072
1095  427      7.254      1.494     -1.312
  28 1236    -11.143     -0.952      8.015
  -1   -2     -7.246      0.159    -11.790
  -1   56    -15.224      2.601     -3.568
  -1  237     21.482      5.108      9.267
 933   44     18.303      9.067      9.054
 344  593     18.291     -0.541      4.888
 802   39     -3.452      3.593     10.855
  61   -2    -17.334      7.925      9.212
  -1   -2     -0.417      3.031     -1.027
  15 1320    -10.407     -2.172     11.778
  17 1233     -8.775     -2.346     -2.151
  21   -2     -4.647      9.682     11.689
 623  109     10.728     -7.226     10.072
 181 1253     -3.364     -3.298      6.062
  -1   -2      4.121      3.058     -5.597
  -1  681      0.715     11.789      9.446
   3   35      7.337     -6.146      5.096
  44    0     -9.849      4.224     10.565
  -1  749     13.127     10.813     12.645
  -1   -2      1.553      0.563     -4.677
 753  375    -17.248     -0.076      8.118
 527   -2     -1.941     -0.042      2.284
  -1   29     18.314      1.636      6.270
  -1  389    -10.432     10.113     -3.382
 264   -2     20.769     -2.033      6.417
  -1   -2      5.033      4.238     -5.006
  -1   -2      6.433     15.418      7.898
  -1   -2     16.428      9.338      2.503
  11   -2     -2.216      2.731     -5.019
  63 1035     12.336      6.037     -2.194
 512   -2      9.694      9.368      3.458
  35   -2    -15.486     12.579      3.353
 451   -2     -3.609      8.156     -0.596
 616   -2     -9.555     -2.887     11.391
  -1   -2      8.316     14.965      5.906
 104   99     -8.773     12.036     -4.513
  46 1239     18.867     -6.149     11.054
  -1  803    -12.254      2.276     10.481
  30  830      9.609      5.383      8.316
  -1   -2     16.785      7.232     -4.095
  33  864    -14.376     10.546      6.409
 943   -2     12.953     -6.232      7.620
  -1  175     14.878      1.822      5.357
  -1   -2     11.350     11.437     10.194
  -1   68     18.730     -1.552    -11.313
  -1 1045      0.106     -0.137     12.198
 544   -2      5.037    -10.916      5.051
  39 1237     18.704      4.997      2.001
  -1   18     16.362      3.687     -7.998
   8   -2     -9.359     10.132     -1.381
 876  238     -3.550     -3.790     11.038
  -1  927      8.594     15.953     10.482
  -1   76     -1.347      1.223      7.708
  -1   -2      4.869      2.788     12.561
  -1   -2     18.325     11.712      0.406
 325 1180    -14.870      9.734     11.376
  -1  268     18.506     -0.186     -3.768
  -1   88     17.314     -0.745      8.625
  42 1238      0.386      5.920     -1.370
  -1   -2     -2.011      2.008      0.607
 141  466     13.932     -1.273     -5.231
 111   -2     -6.900     -1.029      6.422
1212   92      7.211      4.575      7.772
 481 1114     13.290     -3.080      2.644
  -1  974      6.067      0.004      8.844
  -1   -2    -13.885      1.603      9.826
 443   77     -4.735     13.249      5.343
  -1  123      9.429      2.250     10.272
  -1   -2     22.059     -0.702      4.811
  -1  567      7.188     10.773     -6.119
1216  483     24.764      4.859      6.251
  49   73     10.554     -7.773      4.438
 318  417     27.045      7.203     10.714
 445   -2     11.269     10.434      4.370
  92  227    -16.505     10.985     10.986
 348  209     25.825     -5.037      6.753
 403   -2     24.057     10.932     11.866
 317 1260    -16.972      4.970     -0.385
  -1   -2      8.172      6.034     -0.464
1238   -2     15.314      3.386     11.639
  -1   32     -1.292      9.756     11.174
 154  805      5.470      1.975     11.210
  99  187     20.326     -0.326     12.381
  -1   -2     -4.064      2.979     10.128
 910    7      9.316      1.571     12.518
 106 1314     16.766      7.776     -5.442
 400  127     19.750     13.007      6.082
  -1   -2      0.646     10.318      7.306
 162   34    -14.452     -0.119      6.440
1222  502     26.403     -6.265      7.963
 758  371     22.420      4.060      5.077
  -1   -2     -4.937      2.128    -10.170
  -1  169     19.044     10.941      5.686
  -1  344     -2.397      0.096      7.841
 854   -2      5.760      9.597      7.527
  -1   -2     -7.074     -5.453     -7.944
  -1   -2      6.131      0.896     12.038
 818   -2    -14.239      3.955      3.350
 889  135      5.782     -0.127      0.574
 759  471     12.057     13.277      0.018
  -1 1245      7.766     -8.160      6.413
 740   -2    -17.858      5.639      8.212
  60  150     17.476      1.369     10.421
 551 1248     -0.717     11.123      3.952
  -1  243     14.513     -6.501     10.888
 669   -2     -2.802     -7.391      7.571
 864   -2      0.261     13.398      7.970
  -1   -2    -15.854     -0.070     -1.397
 269 1256     19.432      3.294     -4.103
  -1  270     19.811     12.788     10.973
 472   -2    -15.944     13.694      1.269
 998  190      6.774     -0.904      7.471
  -1   -2     26.265     13.266      8.187
  -1   -2     11.259     -3.593      5.413
  -1  148     -7.839     -6.390      9.832
  -1   -2     11.884     10.859      4.472
 156 1249      3.007     -9.786      2.651
 388  762     11.118      2.948      7.627
  -1   -2      2.695     10.403     -2.254
 284   -2    -12.792     -1.974     -3.739
  -1   -2     -9.996      8.660     -4.123
  -1   -2     -2.066      3.012    -10.327
 184  281     -2.424     10.012      3.501
 508  804    -12.263     14.249     12.271
 556  147     -0.911     14.879      2.070
  48   -2      7.373     -2.071      9.263
  -1  627      7.795     -1.271     12.415
  -1   -2     20.152     -5.696      9.755
 185 1254    -18.245     -6.226      7.324
  -1   -2     11.527      3.020     -1.032
  66   -2     13.486      2.801      4.715
 298   -2    -12.512      9.140      1.713
 179  206      0.680     -1.124      9.787
  -1  354     -5.161     12.241      8.777
  -1  504     18.101     14.138      2.297
 233 1255     -4.766     -2.632      5.448
 389   -2      0.401      5.498      8.136
 365  557    -18.519      5.122      3.273
 646  186      8.460      5.794     -8.646
 249  178     -0.310      2.710      6.873
 408  241     15.416     -1.180      1.209
  -1   -2     10.211      0.236      0.031
  -1   33      8.398      5.584      8.064
1009  338    -12.089     -4.097     12.041
 684  314     11.817     -2.112      9.070
  -1  751     -5.705      0.417     -7.344
  -1   -2     22.114      2.278      9.027
  -1   -2     -8.691     13.879      9.874
 795   -2     12.453      3.020     10.008
 807  107      1.559      1.421     -0.835
 617  305     13.512     -6.296     10.762
  75   41     17.214     11.142      4.409
1138 1103     15.359     15.109      1.856
  -1  475     19.373     -4.079      6.093
1047   -2     15.183      9.368     -3.894
  -1   -2    -19.957     -1.086      9.333
 373   53      0.572      2.448      7.977
 234  138     -9.294      9.105      7.188
  -1   -2     11.352     -2.316      0.287
 967  808     -2.664     10.791      9.295
  -1  801     27.834      5.567     11.875
 145   -2      5.533     -5.656      3.249
 288   58     21.290     10.264      5.060
 960  874     24.710     10.967      4.742
 839  845    -18.136      0.290      8.097
  -1  430     -2.925     -2.291      8.450
 281   -2    -11.921     -2.124      2.559
  -1  534    -11.961     10.513     -0.076
  -1   -2      5.036     13.303     -5.360
  -1  195     14.864     -0.389      2.313
 247  462     13.260     -7.873      2.291
 583  860     -0.227      7.329      3.214
1092  181      3.654     -2.471      4.448
 820   -2      2.837     -2.312     -2.069
 578 1148     15.960     -1.281     11.383
  -1  850    -16.533     15.311      7.822
 464   -2    -14.770     -2.041      5.721
  -1   -2     11.136      9.901     -4.052
 722   -2     -3.163      4.957      5.200
  -1  251    -17.438     -4.137     12.118
  -1  128      5.097      6.042     -5.967
  -1   55     17.946      1.466     -1.491
 309  196     11.135      7.055      8.212
  -1  119    -10.804     -4.479     10.821
 286  694     -8.175     13.723     -1.146
  -1   -2     17.663     -3.873     -1.603
 336  695      7.914     -5.380     -1.562
 636    8    -12.490     -1.025     10.044
 366  329    -20.337      1.235      9.785
  -1  269     10.918     14.362      7.617
1247   46      3.403     11.804      6.975
 430 1024     11.651     16.477      8.332
 487  610     12.626      7.576      3.094
 275   -2      4.988     14.242      7.303
 495  901     18.132      4.639      7.149
  32   -2    -14.806     -1.327      0.156
  -1  191     -2.807      6.570      0.442
 116  970     25.169     -0.790      3.750
  -1 1105      7.693      4.868      2.826
  -1   23     10.251      2.709      3.948
 950   25      2.015     -9.344      5.480
 516  659     14.741     -5.302      5.500
1156   -2     25.454      3.751      9.262
 568   -2      4.079     10.104      8.927
1096  245    -14.410     -2.410     -4.966
 513  242     16.071     11.255      4.614
1220   -2      9.059     13.735      5.270
 144   -2     12.312     -6.364     11.818
 407  951     -6.821     17.436     10.828
  -1   -2      6.517     11.407     10.390
 736  438     16.921      6.826     -1.151
 861  446     25.881      2.479      4.860
  -1   -2     -2.425    -11.073      5.543
 484   -2    -17.162     13.030      9.361
 351   -2    -14.148     -7.429     11.856
  -1   -2     -5.710      9.034     -3.315
1133   -2     21.232      5.636     12.162
  -1   -2     -5.991     16.174      9.379
 216   47    -12.636     13.170     12.464
  -1  264      3.015      8.106     -5.177
  -1  943      8.949     -5.072      3.779
1213   82      5.969      5.480      3.767
1229  254      0.038      4.626     -7.640
  -1   -2     13.846      5.492      6.283
1151   -2     -6.960     -2.064      6.206
 517   -2     13.343     12.398      9.873
  -1   -2      8.868     -3.595      1.484
 255   -2     24.696     11.324      9.218
  -1   -2      4.342     10.250     -7.031
1017   -2      0.436     -8.484      9.469
 971  919     14.053     -9.990      8.048
  -1  756      2.406     -5.010      5.377
 604  448      0.052      2.458     -6.817
  -1  665    -13.508     -5.981     11.104
 172 1152     15.978     -6.393     11.469
  -1   -2     -2.117     -5.336    -11.184
  89   -2    -10.984     -0.238      0.994
 660   -2     15.350      2.754     -0.873
 380  536      7.760    -10.215      3.420
  -1   -2     14.312    -12.283     -4.489
  -1   -2     -6.758      5.412    -12.256
  -1   75    -14.090      8.241     -2.649
  98  623     18.138      2.571      5.590
 561  356      4.920     13.600      5.741
  -1   -2     -5.449     -3.997     -8.343
  -1   -2      7.822      4.270      7.743
1079   -2      2.335      5.283     10.265
 237   26     18.126      7.320     -0.247
  -1   -2     13.905     12.490     -7.475
1019   -2     22.971      7.887     11.584
1068  285      1.316     13.710      9.260
 280   -2     25.597      1.311      6.890
   9  278     17.549      7.052      8.109
 214    2    -18.109      7.666     10.522
  -1  388    -14.800     -2.911     11.554
 329 1174      9.147     -1.584      6.711
1207  212    -10.593     -0.625      8.970
  -1   57     -1.457      1.221     12.429
  -1   -2     10.256     -6.143     12.546
 937  204     24.764      5.219      9.335
  -1   -2      1.207      8.595     -5.014
 486   -2      4.369     -6.404    -11.020
1037  706     21.444     -0.015      9.322
  -1   -2    -11.060      6.347     -4.830
1042   -2     -0.208      0.536      4.980
  -1   -2     20.489     15.717      5.902
 239  796     -6.938      8.309     -0.648
  -1   -2      7.482     -4.492      2.298
 591  387     20.365      3.027      8.486
 152   14    -15.534      7.070      4.009
 499   -2     18.469     -5.180     -0.869
  -1   -2     -9.672     -2.685     -7.795
  -1   84     -3.282     -8.179      6.849
 745 1104      8.066     -4.897      4.087
 531   90     -6.821     -0.260      6.604
  -1   -2    -12.540      8.034    -10.300
  -1   -2      9.870     -6.270    -11.008
  70   -2     20.675      4.045      3.489
 483  341     23.725     -1.235      8.916
 384   -2    -17.404     -1.148      6.747
1031  575     24.353     -6.008     10.828
 236   50     -3.326      9.244     10.014
 291   -2     14.578      6.682      0.346
 479   -2     -7.408     13.485      4.627
  -1  324     -0.343      3.047     -7.324
 744   63      4.467     -2.944     11.784
 122   -2    -19.939      3.364      8.480
  -1  645      6.782      3.129     12.123
 705   -2      6.766    -14.202      5.601
 515   -2     17.328     -1.366      8.073
  -1   -2      5.229      8.354     11.251
 492   -2     -1.090     -4.204      9.421
1025  499     13.988     12.144      6.681
1124  193     14.260     13.818     10.799
 914  789    -17.792      7.576      3.528
 597   -2    -15.587     -3.842      4.516
1102   -2     -1.438     -7.251     12.277
 764  680     23.202     15.193      8.993
1237   -2     -1.461     14.004      5.607
 258  484     18.450     -6.471      1.868
 375   -2     12.999     11.673     10.265
1110   -2     10.963     13.301     10.646
  -1   -2      3.163      0.526     11.554
 328   -2     12.187      7.538      9.136
1030  179     -9.331      4.865      0.817
 306 1259     14.520     -8.740     11.573
 642   -2     26.205     10.454     11.239
  -1   -2     19.227     -7.496      5.278
 437  511     -5.181     -5.814     -1.682
  -1   -2     18.965     -8.680     -0.736
 143 1056     -7.290     -2.422      1.960
  -1  986     20.368     15.425     -0.001
 730  553      7.069      0.690     10.098
 270  100     11.629     -1.042      0.423
  -1   -2      5.954      0.744     10.335
 819  791     -9.912      8.222      5.541
 439  861     -2.349     15.214     10.407
  -1   -2     12.738      2.946     -0.817
 936 1061    -13.702     16.390      9.239
 991   15     -4.012      5.074     -0.087
 689   16      9.576      9.220     -3.705
  -1   -2     18.064      6.406     -4.701
 203  365     11.263      3.284     11.460
 647   -2     -6.181      6.587      9.305
1148 1282     -2.135      8.004     10.579
 310  576     17.098     -3.829      1.856
  -1   -2     26.155     12.664     10.893
  -1   -2     19.773     -5.952      6.612
 880  968      7.118      9.140      6.286
 219  215    -15.363      7.635     -9.147
  -1  167      6.351     -7.932      0.877
  -1   -2     20.964      7.732      2.112
1131  960    -15.871     12.934      9.399
  -1   -2      4.908      5.408     10.225
 837   -2     10.841     15.503      7.830
 182  938    -17.523     -1.349      8.772
1170   -2      2.690     10.252     11.914
 438   -2    -11.554      0.532     -4.434
1065   36      7.222     14.138      9.889
  -1   -2      6.585     -4.303     -4.266
  -1   -2     20.727      6.892     12.128
  -1   -2     20.305      2.867     -4.854
1003   -2     -1.810     -0.389      9.448
 353  141      0.047     -2.587      9.239
 212   -2    -19.176     11.299     12.033
 323   -2    -11.113     11.512      0.987
  -1  792     23.803      4.783      6.739
  -1   -2     15.778      7.028     -1.840
  -1  213     26.002      3.500      5.699
  -1   -2     -4.988      5.524      7.382
 648   -2     -9.104     -6.625      3.334
  -1   -2    -15.852      4.388     -8.828
  -1   -2      4.580     -0.447      9.482
  -1   -2     -9.225      1.783     10.813
 300   42    -16.585      1.039      9.133
 661  479     -4.186      8.742     -5.229
 822   81     -3.091     17.493     12.108
 927   -2    -15.303     -1.408     10.874
  -1  832    -12.889     11.732      4.956
  -1   -2      9.353     -8.419     10.738
  -1   -2     -0.612      8.198      8.772
 374 1262      5.260      5.051    -10.751
  -1   -2     26.972     -0.870      6.834
 691  415     11.001      5.546      1.654
  78  122     14.283      2.705     -3.422
1018  216     11.135      3.608     10.203
 973   -2     -7.840     15.668     10.588
 221   -2     10.543     -8.803      9.663
 101  246      4.868      0.816      5.887
  -1   -2     -8.112     10.947      9.665
  -1   -2    -20.366      6.169     11.122
 466  646     -9.524      5.128      2.035
  -1   -2     22.799      2.241     -4.621
 898  755     19.434      5.015     11.459
 195  799    -12.135     -6.431     11.025
 478  250      8.493     11.921     10.779
 303  546      5.301     -3.142     10.777
1214  565     -1.952      8.280     -5.005
 970   -2     -0.193      7.700     11.371
 473  452     16.393      6.953      5.397
  -1   -2     -2.054      4.383      2.868
 635   -2     -6.244    -12.306      4.809
1145  300     26.440      1.557     11.050
  -1   -2      7.726     16.726      6.387
 993 1274    -12.475     13.307      5.479
 476  382     25.039     -1.210     11.097
 142  394      4.982      9.276      7.086
  -1   -2      4.423     11.468    -12.255
 321  578     26.008     -7.612      8.922
  -1   -2    -10.071     -5.300     -4.772
 831 1154     -0.165     -6.426      9.226
 285 1107      9.410      9.411      6.831
  -1 1299     -7.353     -9.025     10.237
 609   -2     19.709     14.055      6.757
 346  429     -3.014     -7.874      0.922
  -1   -2     -5.765     14.467      5.426
 994  418     24.573     -4.254      9.789
  -1   -2     16.633      9.347    -11.411
  -1  651     12.253     -5.907      9.825
1044   -2     12.212     14.960      7.882
  -1  496     25.674     -6.019      8.050
  -1   -2     16.457     -4.341     -8.216
 192   -2    -17.009     -3.576     10.127
 622  396     16.005     17.105      6.353
  -1   -2     16.925      1.273     -2.233
  -1   -2     -1.310      0.555     11.204
 308   -2      1.416     -2.700     10.138
  -1   71    -11.569     15.962      6.013
 224  923    -18.504      3.981     10.062
 272  106     14.633      2.472     11.634
  -1   -2     19.636      2.492     -9.895
 966  476     -0.600     -3.728      1.778
1006  841     -1.056      4.948      7.888
1099  385     22.514      4.292     11.517
1014  587     -8.705     -6.299     11.051
 925  817     -4.028     12.174     11.305
 411   -2      3.059     -0.040      6.043
  -1   86     24.490     11.554     12.605
 826  370     -3.794     15.461      4.524
  -1  503     26.926     -0.893     10.074
1233  363     20.400     16.050      7.922
 205   -2     21.847      8.491     10.054
 657   -2     18.143      3.775     -0.678
  -1  372      0.159      4.718     -2.798
  -1  431    -15.205      7.207     -0.415
  -1  783     -4.675      4.748    -12.631
  -1   20     10.294     11.111     10.560
 720 1198     19.698     18.243      9.695
 474   -2     21.710     12.438     10.052
 630   -2     18.563     11.752     -7.356
 968   -2     25.956     -7.408      9.947
 809   -2    -12.759     10.722     12.291
 188   -2      5.779     13.786     -4.427
 169 1251     16.123     -8.420      2.134
 131  465      7.516     14.199     -3.708
  -1  523     -7.246      1.460     10.961
 857   -2    -10.283     -7.855     10.228
 628  916     12.488    -13.444     -3.160
  -1 1143     21.511     15.325     12.307
 723  297     -9.989     -6.241      7.487
  -1   -2     18.816     -7.048     -3.599
 917 1277      0.831      9.922      2.009
 350  673    -14.614      7.448      4.706
  -1   -2     12.954     -2.852     -9.965
  -1   -2      9.641      4.112      1.583
 606  221    -19.995     -2.600      9.080
 649   -2     -6.652     -0.401      9.276
 541   -2    -15.784    -10.615      9.131
  -1  983     21.731     -6.093     11.758
  -1   -2    -12.782      8.412     -0.352
 491   -2     16.779     13.376      1.744
 262  384    -13.929     -1.617      2.706
 277   -2     23.859     -1.583     11.651
 418   -2      0.290     11.046     -0.424
 235   -2    -10.829     16.387     10.286
 490  345     13.015      5.381    -10.791
 105  197      1.063     -0.731     10.520
 220   -2     13.773     13.323      5.980
  -1  814      3.373     17.160     10.607
  -1  892     24.925     -4.518      3.192
 719   -2     -4.846    -13.099      0.865
  -1  313     -9.238     -6.701     -6.325
 357  493     11.044     -4.428     10.835
   5   65    -11.065      5.924      6.578
  -1   -2     10.865      5.795     -8.845
  -1   -2     13.329      8.804     -5.856
  -1 1145     16.791     12.204     -4.310
  -1   95     21.927     -3.866      5.870
 548  157      0.246     -5.490     -5.021
  -1   -2     12.128     -6.575      2.157
 442   -2      7.776     13.784      6.198
 524   -2     12.877     -9.884      5.533
  -1  577     19.843     14.852      5.714
  -1   -2      4.466     -3.071    -12.018
  -1 1000     -8.633      4.637     -8.930
 390  770     15.688     10.168      4.722
  -1   -2    -14.332      0.619     -0.129
 907   -2     20.963     -2.002     12.279
  -1   -2    -20.347     -6.760     11.263
  -1  883      6.423     -4.394      5.649
  -1  398     13.758     11.082    -10.770
 905   -2    -17.621     -7.440     10.069
  -1  142      3.524     15.337      2.058
  -1  160     -4.755      1.226      8.463
 367  492     -2.610     13.970      3.303
  -1   -2     -5.424     -5.676     10.973
 170  747      6.149      7.945      3.963
  -1   -2     21.796     11.640      7.855
  29   -2     11.944     -3.769      5.157
 398  402      1.288     -9.506     -1.205
1152  978      9.556     -0.511      2.455
  -1   -2      4.855     -3.587     -5.622
 199  540     24.804     12.956     11.309
  -1  433     21.702      2.308     -6.256
1051   -2     -9.873     -2.531      6.715
  -1  716    -14.637      5.877    -10.810
 643  377     13.076     10.360     -0.700
  81   59      5.073      4.333      2.866
  -1  256     23.648     -2.600      5.250
 715  481     21.403    -11.156      3.143
  -1   -2    -16.053     -1.314      7.534
1053  532      9.839     -5.426      3.314
  -1  559      6.416     13.253      8.129
  -1  453    -13.532      0.776      1.443
 128  477     20.155      6.628     -3.078
1129   -2      0.284     15.796      9.682
1067  457      4.803     14.890      3.440
 376   61     22.907      5.229      1.198
 567  612     22.482     -7.396      3.467
  -1   -2    -19.390      3.737      6.358
 600  322      9.925     -5.335      6.204
  -1   -2    -12.680     -7.671     -4.994
 431  990     16.541      7.200      9.170
 709  773      1.515     -2.699      8.451
  -1   21     17.231      4.243      8.399
1054  696      7.710     -4.784      8.938
  -1   -2     10.902      4.898      8.333
 256  848    -14.319     -3.475      5.275
 982 1279     19.273      9.063     10.487
 996  772    -12.377    -11.798      5.342
  -1   -2      0.538     -8.726    -10.378
1174 1052      9.848      0.194     -5.930
 448  441     25.999      3.056     12.081
  -1  315     25.440     -0.983      5.492
 506  507      3.712     -3.844     -6.731
 757   -2     21.799      6.966      4.798
1024  825      5.388     -0.815      8.730
1191   -2     23.319     14.690     12.116
 136   -2     -6.289     -5.241     11.560
 952  549     -0.268    -10.567      1.733
  -1   -2     18.326      1.587     -7.680
  -1   -2     18.051      9.069     12.193
 956  744      4.490     -5.100      2.107
  -1  638     17.747     15.960      2.828
 320   -2     25.602      8.419     10.338
  -1  528     13.060    -10.005      9.797
  -1 1313      9.888     -6.104      9.801
 399   -2    -12.292     -7.570      8.102
 432   -2      7.897      4.636     12.212
 781   -2     -8.828      0.382      2.264
 311  868     20.103     14.771     11.567
  94  721     19.859      1.230     -4.903
1060 1281      8.863     -1.456      6.162
1164  527    -18.687    -10.554      9.555
  -1   -2    -10.521     -8.929      6.258
  -1  653     16.570     15.275     12.727
 978   -2      0.937     17.504      9.319
  -1   -2     -3.915     -6.016      3.473
 210  786      8.887      6.358      1.681
  -1  757     20.755      0.229      6.794
  -1   -2     16.074     -7.097     -5.210
 688  743     22.864      0.130      5.369
1023  572     15.487     17.384     10.832
 211   -2     15.944     -4.546      6.613
  -1   -2     13.569     -6.722      4.014
  -1   -2     24.273      1.576      4.205
  -1  332     20.000     -3.618     -1.348
  -1   -2      3.516     -0.562      5.818
 703  682     18.801      4.510     11.246
  -1   -2      3.971     -0.268      1.887
  -1  480     -2.516      8.425      6.910
  -1   -2     20.806     -3.618     10.261
 469  816    -19.053      1.479      9.700
  -1 1055     -9.285    -13.786      3.451
  -1   -2     -1.289     -5.340     -1.751
 333   -2    -17.241      4.961     -4.791
 155  698     13.018     -6.045      8.850
 670 1003      2.167      7.892      7.057
1091  255      5.260    -11.118      6.514
  -1   -2      5.872     -9.677     -8.345
  -1   -2      4.813     15.494      8.019
 543   -2      5.035     -8.966      3.435
  -1  588     17.610     -9.508     -2.630
 471 1001    -19.778      5.608     11.935
  -1   -2     17.970     -0.975      7.622
  -1  403      6.097     -9.054      7.131
1016   -2     13.047      3.820     11.933
  -1   -2      4.498     11.547    -10.895
 102   -2     21.364      9.496      6.679
 765   -2    -10.616    -13.177      4.468
  -1  214     20.453     -6.588      7.000
  -1   -2     15.679      4.647      2.997
 550 1054     -5.942      6.708     -0.962
 332  340     17.117     10.982     -4.632
 620 1161     -7.964     -5.305      9.795
  -1   -2     22.625     10.763      7.693
 186   -2     -0.945     -8.407     -0.505
  -1  521     14.837    -11.836     10.859
  -1  353     13.714      0.216     -2.809
  -1   -2     15.945     -9.837    -12.085
  -1   -2     25.724      4.875     11.234
 588   17     -2.926      1.892      9.927
1085  302     23.539      6.837      9.797
  -1  769     16.911     -4.389      6.656
  -1 1082     12.464     -6.870     -3.536
 862   -2    -18.368     11.807      9.189
 867  737    -11.375      5.491     -0.874
 183  851     13.519      9.505     10.194
  -1  117      3.796      1.077      8.551
 710 1301      6.278     -8.697      9.013
  -1  460     -8.871     12.681     12.026
 769  422    -17.088     -3.591      5.774
  -1   -2      6.998     -0.328      4.041
 895   -2     -8.994      6.474      4.729
 791  854      7.378    -12.934      2.108
  -1   -2     19.595     10.394     10.709
  -1   -2    -14.815     -7.429      4.853
 497 1170    -11.331     -5.170     10.194
  -1  159     21.970      0.615     12.264
  -1   -2     14.552      6.996     -7.856
  -1  399    -14.660      4.221     -5.033
 988  501     10.155     -9.163      0.707
  -1   -2     13.259     10.381      2.139
  -1   -2     -5.806     -8.035      4.702
  -1  522    -15.647      4.317      5.444
 345   -2     13.468     -1.510      9.270
  -1  473      7.859     12.532      2.493
  -1  904     -9.080    -13.249     -0.521
  -1   -2     20.913     -4.910     -9.165
  -1  705      0.998    -12.954      7.799
 419  487     15.849    -10.063     11.682
 682  239      7.950      8.573      6.857
 835  620      6.141    -10.829      5.052
  -1   -2     -9.011     10.706    -10.973
 147  108     19.541      7.226      5.691
1034  296     18.074      1.519      7.351
 692  275     -4.457     14.147      1.933
  -1   -2     10.861    -11.364     -6.205
1176  985     -4.083    -10.146      2.024
 878 1091     19.690      0.699      5.151
  -1   -2     25.324      7.429      8.909
1223  517     21.202     10.298      1.872
1020   -2     -4.055    -18.067      8.176
  -1   -2    -11.805     13.128     -3.467
1265 1025     -4.229      0.257      8.791
 368  806     11.333      8.916      6.600
 711  562     20.036     -7.336      1.492
 897   -2     -6.168     -9.576     -7.702
  -1   -2     -3.574     -3.238     -3.837
 307 1193     15.469     14.990     11.995
  -1  424    -16.680     -8.025      3.476
 948 1278      8.686      1.234     -4.113
 176 1136     -4.153     16.287      6.043
 650   -2     18.999     -0.986      9.002
 518   -2     10.107     -1.926      7.863
  -1  664    -15.900     -7.676     11.196
  -1   -2      3.743     -9.533      6.059
 699  173     21.800     -6.430     -5.032
 584  309     -4.627     11.635    -10.026
  -1   -2     16.226      3.214      7.713
  -1   -2      9.965     -8.173     -1.089
  -1   -2     14.128     13.663      0.480
 665   -2      8.686     -8.856     -2.819
 667  713     -1.783     -4.924      3.458
1036   -2      8.977    -18.357      7.620
1144   -2     17.324     16.902     11.108
 575 1171      8.533     -3.844      9.303
  -1   -2    -10.599     -3.660      7.276
 618  199     15.955     13.248      3.340
  43   -2     20.508     10.849     11.567
 379   -2     19.593     -1.842      2.515
 614   -2      2.891    -11.128      5.719
  -1   -2      5.518      8.196      8.460
 148   -2      7.913     -0.871     10.628
  -1   -2     14.646      7.770     -6.660
1139  635     24.988     14.986     11.105
 664   -2     23.941      9.225      7.259
 974  660     19.566    -17.222     11.195
  -1   -2      8.843      6.891      8.058
 253   -2      5.648     10.510      5.662
1143  827      0.404     14.708      8.075
  -1  145     14.032      2.296      6.201
  -1  164     10.379     -0.506      9.270
 631 1110     23.325     -9.269     12.139
 421  339     23.136     -0.040     -0.560
 724   -2      9.153     -0.298     10.726
 725  663     11.873      7.615     -0.452
 462   -2      0.795      2.892     -9.493
1061   -2     -0.993     -7.094      8.765
  -1   -2     -5.870    -10.370      3.395
  -1   -2      8.824     10.167     -2.653
  86   -2      7.444     13.141     11.238
  -1  158     16.092     14.245      5.024
 801  228    -13.288     -2.478      6.919
 413   -2     20.087     -4.626      3.004
 598  328    -14.784      5.211     -0.423
 576   -2    -19.733     -3.431     11.189
  -1   -2    -14.613    -13.514     11.995
  84  727     24.317     -2.789     11.015
 840 1094     15.947    -17.860      7.415
  -1  760      8.293    -10.640      9.425
  -1   -2     21.286     -1.272     12.106
  -1  564     -1.591      3.130     10.195
 460   -2     20.415     10.740      2.003
 749   -2    -14.100    -11.991     11.514
  -1  379     -2.206     -0.932      6.925
  -1  977    -14.235    -13.910      2.802
 908   -2     -8.042      0.753      9.968
  -1   -2     -0.704      9.486      7.940
  -1   37     11.351      5.320     10.433
 545  871     24.733      3.540      6.039
1045  508     21.347     13.639     11.479
  -1   -2     20.476      5.919     -7.885
  -1   -2      0.544      2.100     -6.666
1005   -2     12.742     -0.555      5.986
1086  711     -1.616     -9.976     -0.902
 934   -2     21.563    -11.579      6.625
 752   -2     23.080     15.266      1.464
1253   -2     18.120     11.252      5.258
 202   -2    -19.661     -2.067      9.666
 701   -2     21.440     10.319      8.711
1097  392     18.919      8.939      3.693
  -1  955    -20.374     -4.765     10.046
 863  551     21.984      1.599     -1.348
  -1  531      2.372     10.755    -11.809
  -1   -2     -2.561     -9.231     11.526
1162  602     -5.100     -8.299     10.345
1077  702     15.326     18.821     11.920
  -1  568     22.167     15.039      6.236
  -1   -2      2.691     -2.503     10.821
  -1  103     10.074      7.372      7.565
 540   -2      9.949     -1.890      6.043
  -1   -2      3.004    -10.094     10.985
  -1   -2     15.000      0.543      3.486
  -1  154     -0.492     -3.813     -1.945
  -1  271     15.114      3.709      4.792
 770   -2     -2.362    -15.467      7.965
  -1   -2     -5.035     -9.879     -9.812
 983   -2      0.270    -14.226      1.102
  -1  548     14.065     -9.450      2.860
 326  182      4.186      1.960      8.660
1259   -2      1.996     -4.883      9.501
 296  718     20.913      0.853     11.204
 833  458     25.071     -1.431      7.361
 463   -2      1.161     -8.742      1.118
 695  834    -11.354     -2.874      7.968
  -1  321     20.007     11.951      0.863
  -1   -2     20.498      5.594     -1.496
 312 1078     19.837     14.168     -0.364
  -1   -2      4.626     -0.173      1.473
  -1  469     13.987      6.512     10.715
1022  404     -5.503    -12.867      6.763
 654   -2     20.197     -0.136     11.606
 975   -2     15.715    -13.536     11.672
 712   -2    -12.839    -15.866      8.683
 708  691     -2.472    -13.257      4.931
  -1   -2      2.916     -6.228      6.693
  -1   -2      5.567     -3.312     -5.980
  -1  595    -11.778    -12.334      3.871
  -1   -2     25.011      8.256      5.592
  -1 1177      9.355     11.275     10.846
1112  781    -18.973     12.189      8.862
  27   19     -8.595     10.926      4.564
  -1  844    -18.213     -2.612      0.496
  -1  779     18.323     -9.699      9.407
  -1  958    -11.653     17.552     12.607
  -1 1142      0.443     17.917      3.626
 782 1271     24.149     16.964      7.601
 569  146    -18.036     10.185      7.108
  -1   30      3.196      9.559      6.069
  -1   -2    -18.931     -1.678      2.947
 813 1273    -16.104     13.885      7.571
  -1 1006     -9.927      9.046     -3.062
1236   -2     -7.187    -10.319      7.064
  -1   -2      6.253      7.002      1.086
  -1   -2     -4.579      9.536      0.180
 871   -2    -20.587      1.291     11.358
  -1  406    -17.763     10.118     11.588
 302  550    -15.279      4.059      3.331
 859  556     -8.945     14.255      5.437
 787  520    -14.077     12.927     10.831
 337   -2     26.043     -8.914     10.154
 849   -2      2.454     10.111      8.461
  -1   -2     -9.401      1.257      7.498
 783  628    -20.961     -3.075      9.970
  -1   -2     -9.396     14.020      0.253
  -1 1164    -17.176    -11.222      0.943
 959   -2     23.842     -6.995     -2.222
  -1   -2     25.396    -11.956      5.731
 509   -2     15.073     12.788      0.605
  -1   -2      2.327     11.921      9.627
  -1 1029     25.782    -16.701      6.484
  -1   -2     -7.604    -10.491     -9.445
 440    3     23.147     -6.784      9.331
1120   -2      5.063    -15.682      4.296
  90   -2    -15.587     -2.340      6.300
  -1  823     28.519      3.863      8.677
 841  609     23.760    -16.426      7.776
  -1   -2      9.494     -5.618     -1.089
  -1   -2    -15.363     -5.352     -6.760
 881   -2    -21.126    -10.846      7.084
 845 1276     -8.737      7.165     -5.247
 794  902    -11.987      1.062      8.130
  -1   -2     -4.885      0.287      2.169
  -1   -2     -3.625      5.044     10.635
  -1  248     -1.914     14.084     11.687
  -1 1066     -7.336     13.116     12.634
 605  497    -18.213     -4.394      1.654
  -1  777     -4.640     -7.322     11.190
  -1  295      1.166     -2.408      4.899
  -1   -2     -3.401    -16.053     12.372
  -1  303     23.949     -7.760     10.494
 416 1044    -15.517      2.896     11.204
 814 1013     29.308      5.351      9.736
  -1   -2     -2.660     -0.147     -2.571
  -1 1179     22.277      3.804      8.356
  -1   -2      0.311      9.193     -2.420
  -1  807    -15.074     14.843      7.146
  -1   24    -15.123     10.067      5.007
  -1  352     -0.576     -1.112      9.225
  -1   -2     26.625     12.824      2.204
  91   -2     -7.326     11.941      9.132
 768 1165    -10.812    -15.365     10.403
  -1   -2      4.379     14.293      6.826
  -1   -2     -2.290      6.328      9.139
  -1   -2      3.675      5.171      3.345
 986  882    -11.382     13.570      8.234
  -1   -2      2.882    -14.081      2.525
  -1   -2     -7.450      9.158     -6.110
  -1 1111     11.903    -18.204      6.088
  -1  589    -10.090      2.277      6.862
  -1   -2     -4.965     13.197     10.626
  -1   -2     20.546     -2.535     -7.903
1188   -2      4.571    -18.090      9.605
 932   -2    -19.447     -4.268      6.136
 906 1128    -15.299     12.236     -2.956
 243  489     22.093     10.216     11.081
 530  582      4.757     15.443      1.316
 292  351     19.073      2.627    -11.829
 560 1267     10.896     10.956      6.166
  -1   -2      8.946      1.880     -5.155
  -1  133     -8.736      7.116     -3.051
  -1 1217    -12.687    -16.646     -2.546
  -1  870     -4.299      1.791      0.422
 853  202    -17.966      5.851     11.220
1107  386     14.212      8.203      4.365
 930   -2     -0.323     -5.694      0.498
  -1   -2     -3.165      6.037     11.170
  -1   -2     -3.658      8.086      9.565
 625  265    -13.423     -6.532     -1.702
  -1  865    -17.773      9.158     12.257
 987   -2     23.635      8.222     -2.764
  -1   -2     -1.292     -2.738     11.358
  -1   -2     -8.956     10.297     11.697
  -1  581      0.159      8.663      0.106
  -1  495     18.026    -14.483      8.285
  -1 1093     14.713     -7.230     10.308
 566   -2     16.910     -2.713      8.822
  -1   -2    -12.757      1.355      8.505
  -1   -2    -17.891     -4.421      9.216
  -1  257    -13.417     13.717      5.675
 761 1176     14.712     10.379     11.145
  -1   -2    -15.140     -3.574    -12.429
  -1   -2     -7.184      6.812     -9.336
 482   85      6.340     -3.302      2.030
 885   -2     -0.221    -14.219      7.815
  -1  950     -7.949     20.147     10.592
  -1  207    -16.001     18.817     10.996
1234   -2     16.384     13.781     11.255
  -1  436     21.021     16.259      4.911
  -1   -2     19.116      8.445     -0.947
  -1   -2    -12.062      9.715     -8.661
  -1   -2    -12.831    -10.118     10.826
  -1  115    -13.647      2.124     11.809
  -1  162     -6.507     -3.500      7.870
  -1  933     29.253      7.807     11.324
1073   -2      9.445     15.193      7.946
 916  342     -4.204     13.341      8.183
 653  873     11.871    -16.026      0.591
  -1   -2      2.498     -8.906     -0.037
  -1   -2      7.616      9.551      9.339
1040  373    -19.081      2.516      8.581
 947   -2    -16.915      2.767     11.133
  -1   -2      1.675      6.664     -5.593
1160  863    -11.960    -19.035     11.443
 848   -2     14.436     -0.437     -1.324
 888   -2    -14.039      9.331      8.525
1093   -2     20.600    -17.213      5.510
 969  925     19.455     16.787      4.466
 240  401     22.562     12.256     11.353
 500  603     -2.263      3.655     -3.098
  -1   -2      7.678     17.561      9.977
 378  843     -9.693     13.797      5.213
 422   -2     -0.391      5.657     12.728
 805  320     -4.082     -0.145      0.436
  -1   -2     24.042      6.817     -5.530
  -1   -2     -4.053      0.269      2.960
1157  746     15.571    -18.114      9.964
  -1  869    -17.409     10.355     -4.258
 951  316    -14.814     13.062      8.546
  -1   -2     -6.373    -10.215     11.735
  -1   -2     -4.828      9.752     -9.248
  -1  999     21.948    -12.348     10.227
  -1   -2     19.392     12.835     10.833
1070   -2     21.849     -9.542      5.377
 363   -2     -2.977      0.733      9.155
 909   -2     -4.151     17.361     12.765
 899  151     24.718      5.547     12.066
  -1   -2    -15.711     -6.060     11.417
 582  411     24.489      9.719      2.669
  -1   -2     23.528     -6.739     11.179
  -1  298      4.015     10.897     10.603
  -1  397     16.792      5.940      8.036
  -1  810     -1.773     12.969     11.137
  -1   -2     -5.859     -6.727      2.791
  -1  510     -9.322     15.189      3.543
1172  571      8.362     -6.339      8.267
 693 1011     15.236     17.549      8.712
  -1  633    -10.184     -7.718     12.530
1013  888      1.756      9.103      4.680
  -1  993     27.975    -11.016      9.533
  -1  910    -17.827     14.704     10.827
 811   -2    -15.667     13.420     11.974
 594 1032     17.835    -11.880      4.912
 929   -2    -18.481     13.399      7.188
  -1   -2      3.932      4.368     -4.227
  -1   -2      4.605     10.899      1.497
  -1  836     -5.891     14.373     12.361
  -1 1131    -10.954      9.860     -7.905
  -1   -2    -16.268     -4.360     -6.934
  -1   -2     16.083    -13.775      5.417
  -1   -2     29.244      6.402     12.220
  -1   -2     16.065     11.369    -12.786
1154   -2      2.504     15.438      9.048
  -1  233     -4.156      3.639     -0.522
  -1 1192     21.033    -10.740     12.039
 652  161     14.140     -5.228      4.497
  -1  897     28.565    -10.725     12.426
  -1   -2     18.190     -1.646     -0.967
  -1   -2     25.641      2.086     10.284
  58   -2     -0.626     -3.087      6.126
1026   79    -15.651     14.153      3.137
  -1  140     -5.478     12.415      1.749
  -1   -2     18.323    -11.835     -8.158
 546   -2    -19.700    -10.395     10.832
  -1   -2    -14.059      0.115      8.339
 942  656     -7.930     -6.726     11.625
  -1  554     14.210     -9.270     -4.077
 886  785      5.600    -13.477      5.803
 918   -2     -8.986    -11.812     -9.600
 808  895      4.288    -13.860      5.140
1010 1057    -14.009     -9.145     10.659
 254   -2     17.627    -15.857      8.574
  -1   -2     25.035     -8.312      8.286
  -1   -2     -5.537      2.241      2.662
  -1  472     10.036     16.108      8.036
  -1  966    -10.149     -0.127     -3.529
 741 1166     -5.891     16.144     11.276
  -1  490    -19.122     -3.249      9.028
  -1   -2     -9.882      6.383      2.944
  71   -2    -12.345      0.019      1.721
 756  771     10.147     12.683      3.596
  -1 1033     -3.727     13.480      7.524
 847  319     26.602      5.541      8.698
  -1  809      4.983     12.819      9.178
  -1  533     15.053     -2.939     10.294
  -1   -2    -15.292     15.819     11.511
  -1  432     -5.875     15.125      9.007
 656 1191     -4.658     -9.396     -5.880
  -1   -2     11.595     10.937     12.625
  80   -2    -12.823      3.031     12.160
  -1  526    -15.241     -1.087     12.468
1159   -2     -6.774     19.574     12.660
  -1   -2     -5.136     -1.180      9.886
 891  820    -14.399      2.391     12.468
  -1   -2     19.366      2.229      5.975
  -1   -2     -7.040      2.620     -9.755
  -1  703      7.041     14.266      6.965
  -1  252    -12.899     -0.129      7.074
1050   52     -7.268      8.812     -2.661
 687  412      6.247     17.458     10.844
  -1   -2     16.196     12.598    -10.929
 751  750     -3.491    -10.762     10.664
 246  359    -14.111     -7.341      8.891
  -1   -2     -7.711      6.324     -1.810
 716 1014    -10.441     -6.661     10.470
1137   -2    -19.310     10.133     10.795
 267 1106     18.751     15.221      7.994
  -1   -2     -9.554      0.973      9.955
  96   -2     -6.931     -3.630     -5.588
  -1   -2      2.804     -9.397      3.813
 197  183     11.534      0.310     -2.966
  -1   -2    -11.129     16.367      8.582
1263  853     -9.412     -2.049      8.576
  -1   -2     13.017     -8.000      7.329
 958  678      2.874     13.135     10.420
  -1   -2     27.282    -12.728     10.109
  -1  748     -4.164      7.288      2.665
  -1 1258     26.775      1.096      6.065
 450   -2    -15.449     11.653      7.128
  -1   -2     15.120    -14.287      0.302
1080 1215     26.195     16.627     10.434
 608  699     26.223     -4.413     10.897
  -1  569    -14.588     -3.387      9.285
1104  470     26.746      9.247     10.676
  -1   -2     17.473     -7.315      7.008
  -1   -2     14.856     -2.875      6.764
  -1   -2     23.298     11.030     -7.574
  38  120      5.702     10.979     10.726
 655 1051    -17.924     -8.877     12.266
  -1   -2     12.194      0.597     -6.178
 231  112    -12.040      7.628      3.534
 167  485      9.633     15.544     11.862
 939  778     19.577      5.167      8.437
 785   -2      2.288    -13.352      7.169
  -1  907    -21.841      4.836     12.280
1032   -2      0.417      4.429      6.295
  -1   -2     14.933     15.521     -0.009
  -1   -2     11.424      8.937     -6.482
1121   -2    -18.714      4.107     11.482
 114 1126     14.350     -0.913      4.295
  -1  881      1.608    -13.832      1.622
1196  934     13.201    -18.706      8.413
 573  700     20.213      6.257      4.505
1062   -2     15.200    -10.632      8.135
  -1  259     20.434      7.306     10.664
  -1   -2      8.566     11.330      2.381
1165 1141     -3.566    -16.091      1.982
  -1  585      2.030    -15.180     -3.815
  -1  973     -3.856     18.983      7.103
  -1  847     28.913      1.221      9.432
1198 1086    -12.903    -19.193      4.312
  -1  687     23.339      4.309     -1.696
1094  935    -14.752     -9.017     -1.211
 563 1080     24.482      0.838     10.773
 103 1038     -7.973      6.056      1.152
  -1 1178      0.482    -16.400      4.779
 283   -2     11.324      9.370      9.782
  -1   -2     10.169      1.272     11.966
  -1  428     21.879     -3.531      8.628
  -1   -2     25.614      7.701      0.972
  -1   -2    -16.907    -13.646      6.225
 799  524      5.326     19.135      9.571
1038  592      6.443     16.452      9.229
1275   -2     -9.998     12.794      0.545
  -1   -2      8.470     12.669      8.919
  -1   -2     14.625     17.100      8.742
  -1  516      0.905     11.266    -12.466
  -1   -2    -13.745     -1.251    -11.752
  -1 1184      4.478    -14.055      8.999
 865   -2     10.970      3.467     11.864
 981  619     25.301     14.737      9.721
  -1   -2     19.726      8.881      0.241
 590   -2     -1.496     17.331      5.581
1147   -2      9.374      5.730     12.086
  -1 1127     -4.670     -3.572     -5.862
  -1 1081      7.565    -18.184      5.350
  -1   -2     10.432    -15.900      0.564
  -1  437     16.119    -13.960     -4.048
  -1  952    -17.860     18.902      8.981
  -1  130     10.005      6.388     -1.453
1122   -2     -3.699      8.937    -10.923
 931   38     -2.540     11.779     12.311
  -1  260      4.154      3.873     10.956
1200   -2     -6.784    -15.227     11.340
  -1  742     23.561      8.937     -4.165
 729   -2     23.891    -14.181     11.479
1204   -2    -19.224    -13.280     10.369
 739   -2     21.083     -3.714      8.367
 941  884     -8.188    -10.685      7.997
1134  765     18.157     -3.672     11.208
 662   -2     22.679     15.089     -0.083
  -1  959    -14.499     -6.052      4.504
1066  855    -11.148      7.505      3.145
 268   -2      5.062     10.633      3.789
 589   -2     24.946     -0.212     12.608
  -1   -2      3.188     -5.159      9.818
  -1  208     13.581     15.143      3.153
  -1   -2      6.937      5.007     -8.467
  -1   -2     24.574     12.282     -6.451
  -1   -2     13.610      4.377      8.660
  -1 1069     17.879    -12.842      9.940
1076  862    -12.707     15.870      8.881
  -1 1116      9.772      0.509     10.697
  -1 1073      3.095    -20.748     11.587
 803   -2     21.410    -13.658      6.644
 355  539     18.666     -2.907      1.928
 989  992     -2.759    -16.059      6.602
  -1  766     -0.481     -3.770     12.226
  -1   -2     -5.104     -9.423      1.737
  -1   -2      3.735     11.853     11.073
 717   -2     22.035     -6.435     -0.550
  -1   -2    -11.900     -5.517     -2.063
 349   -2    -18.884      5.635     12.358
  -1   -2      5.845      1.691     -6.503
  -1  759     -6.499      0.940      8.081
 883   -2      9.164      9.162     12.253
  -1  840     -5.000    -13.317      6.975
1199 1098     -8.153    -17.975      8.849
1048  738     -2.728    -13.668     -0.051
  -1  735     -0.151     19.155     11.431
 913 1095     -0.326     18.505      7.937
  87  652     10.540     16.272      2.297
  -1  395    -16.803    -14.950      3.992
  -1   -2     -3.273    -19.848     12.774
  -1   -2     -8.194    -20.606     10.965
  -1  676      4.158     -3.047      7.308
1123   -2    -15.206    -15.733      9.782
 372   -2     -1.250      3.442      6.597
  -1  323     15.669     11.100     -0.530
  -1   -2      8.422     -4.231     12.162
 997   -2    -15.581     19.554      5.961
  -1   -2      5.527     -7.101      0.403
  -1   -2     24.166    -14.947      8.362
  14 1261     21.880     -2.964     10.731
  -1   -2      6.614      4.938     10.848
  -1   -2     -4.392      2.196      7.472
 599   -2     22.921     -6.290     11.234
 412  114      6.729     13.443     10.308
1057  906     18.990     -1.025     12.523
  -1   -2      1.612    -13.625     -8.396
  -1  597    -18.306     -7.484     11.496
 341   -2     21.522     -1.841      9.951
  -1  284     12.709     11.705      8.030
 873 1158     27.834      7.459      5.492
  -1   -2      1.536    -15.223     10.520
1193  763     -9.178    -18.772      9.730
  -1 1159    -10.018     18.587      7.944
 166  380     -0.451      2.419     11.155
  -1  347     13.218    -15.153     10.596
 698   -2      5.998     -8.892      3.433
 263   -2     -0.828     -8.688     10.094
 766 1065      0.621     -8.219      6.077
 536  249     -2.710     -8.163      8.887
  -1 1005     17.087      4.847      9.607
 827 1194     22.328     16.919      2.620
  -1  674     -6.599     -8.369     12.559
  -1   -2     -4.468      8.755     10.886
  -1  613     -8.728      5.261     -5.671
  -1 1138     18.037     -9.415     11.227
  65  630     -3.050     16.289     11.479
1287  463     -5.032      5.377      1.784
  51   -2     17.188      1.682      4.118
  -1   -2     12.959      0.404      7.101
  -1   -2      3.570      8.657     12.134
 457 1185      5.381      6.674      4.475
  -1   -2     -4.365      1.379      7.682
1106   -2     -6.912     19.548     10.303
  -1   -2     -3.150     15.122     11.603
 690   -2     15.632     -0.032     10.329
 893   -2     21.563     -6.729     10.686
 251   -2     -2.589     -6.114     10.778
1116  761     10.852    -15.129      9.203
  -1   -2    -10.304      4.216    -11.815
 130   28     -5.051     11.279     10.184
  -1   -2      4.352      0.736      6.352
  -1  414      5.998      1.506     -4.604
  -1   -2     -5.906    -15.501      5.880
 521 1049      4.414      5.807      8.429
  -1   -2    -12.705      0.225     -5.236
 139  420     -3.678     -4.435      9.359
 434  692      7.562    -11.879      4.061
  -1  126    -12.292     -0.012     -2.346
  -1  599    -12.688     -9.171     10.547
  -1  729     -5.923    -12.728     11.188
1081 1090     25.804     11.261      5.359
 245  449     -1.899      7.147      2.528
 504 1266     15.772      5.072     10.762
  -1   -2     18.254     -3.230      5.816
  -1   -2      5.576    -15.417     -1.050
1173  878     -6.052     18.046     10.203
  -1  704     19.819     -3.909     11.381
1136   -2    -13.162    -19.645      9.660
  -1  732     -9.972    -11.243      5.032
  -1   -2    -20.221    -14.845      8.701
  -1  288      8.542    -14.474      4.050
  -1   -2    -14.412    -14.082      8.162
 830  815     -0.352     16.422      8.569
  -1  346      0.764     11.423      4.299
 534  552     18.505     10.816      9.391
  -1   -2     17.884    -18.696     11.449
1205 1062     -1.289    -20.037      9.165
  -1   -2     16.499      8.824     11.383
 123  408      1.827      5.666      7.990
  -1  276     11.267     -2.115      1.891
1056  591      2.265    -12.474     11.967
  -1   -2     16.940      6.955     -0.663
 962   -2     -2.339    -11.795      3.667
  -1  753     -2.546    -12.122     10.341
  -1   -2     19.665      3.970     11.401
 222  811     23.591      2.109     10.136
  -1  348     14.659      5.994      3.367
1169 1182      6.134    -16.007      7.465
  -1   -2     -3.592      7.540     -3.356
1195 1101     20.649    -19.006     12.001
  -1   -2      0.908     -6.680     -1.461
1033   -2    -17.319    -12.439      7.680
 985  683      6.926     -9.007      0.251
 775   -2     24.490     16.562     11.175
  -1   -2     20.654      7.899      9.835
  -1  454      0.929     -9.871      1.011
  -1   -2     22.366      9.899      1.690
  -1  247     11.686     -0.251     -6.615
  -1  419      6.032    -10.632     10.283
 537   -2      6.156    -10.438      4.375
 391   -2     -5.225     -6.875     -7.316
  10   -2     -3.115      6.968     12.159
  -1  991     -5.341     -4.831      5.049
  -1  350      7.030      9.323     -4.504
  -1  876     22.063    -19.881      5.526
  -1   -2     15.990     28.389     -0.170
  -1   -2    -16.992    -15.828     12.979
  -1   -2     17.764     24.290      6.007
  -1 1208      6.324    -26.836      3.946
  -1   -2     26.805    -22.262      8.849
  -1   -2     12.709    -24.741      5.680
  -1 1200     20.914    -22.759      9.988
1192 1216     22.805     20.570     10.249
  -1 1213     14.689    -22.691      3.045
  -1  987     -6.976    -21.332     12.260
  -1   -2     17.540     23.636     12.516
  -1   -2     15.421    -17.818     12.070
  -1   -2     12.573    -25.870     10.164
1155 1058      3.994    -20.392     11.279
  -1   -2     20.289    -16.682     11.792
1181   -2     25.665    -16.555      8.885
  -1 1225    -26.389     -8.254     12.642
  -1   -2     25.837    -18.995     12.858
  -1  545    -17.795    -12.749     11.600
 940   -2    -10.578    -15.051      9.415
  -1   -2     20.038     19.823      9.393
1182 1097      8.199    -20.878     10.053
  -1 1209     14.444    -24.481     11.975
1071 1226    -20.718    -14.284     10.752
1201  856    -23.555    -11.798     11.351
  -1   -2     12.141     33.439     -6.368
1125 1072     17.317    -17.717      9.967
  -1 1202     -1.202    -20.900     11.947
  -1   -2    -16.961    -16.256     10.172
  -1   -2    -17.319    -18.281     11.005
  -1   -2     12.956     -8.801     11.564
1264 1296     16.093      1.773      9.971
  -1  936     -9.681     13.664      1.027
1243   -2     -3.294      1.045      6.525
1211 1285      3.485      2.440      3.695
  -1   -2      4.341     -3.249     11.404
  -1   -2     13.177     -5.357      8.439
  -1   -2     13.177     -5.357      8.439
  47 1240      7.053      4.731      8.013
1289   -2      9.442     -5.577     11.023
  -1  529     19.487     12.926      9.968
1219   -2      6.082      0.019      8.886
  -1   -2      5.139      9.392     -9.831
1228   -2     23.341      1.333      6.063
1255   -2     -0.858      6.888      2.063
  -1   -2      8.624      9.054     -2.233
 632  366      9.093     -3.019      0.142
  55   -2     21.886      4.702      3.569
  -1   -2    -11.436      7.091      2.255
 100 1242     20.202     -5.623      9.821
  -1   -2     -4.837     -3.487     11.793
  -1 1318     12.199     -1.571      2.425
  -1   -2     12.199     -1.571      2.425
 248   -2    -15.235      7.228     -0.676
 107   -2      7.766     -8.160      6.413
  -1   -2     14.579     -8.665     11.754
  -1  677      3.055      0.456     11.602
 449   -2     27.082     -0.794      6.759
 146   -2     -7.880     -6.407      9.770
 187   -2     21.041      7.684      1.661
  -1   -2    -16.394     13.565      6.599
  -1 1173      9.110     13.594      4.894
1059  156      9.986      7.062     10.868
 836   -2     -6.085     16.221      9.275
 314   -2     18.086    -14.448      8.100
  -1   -2     10.964     -2.120      6.256
 976   -2     -1.632     12.884     11.407
1244 1293      8.394     -4.110     11.875
 461   -2      0.218     12.131     -9.627
 624 1121     -9.212    -13.757      3.674
 763  745     15.307     -7.761     -7.540
 780 1295    -18.857    -13.979      8.703
 816  205    -11.629     13.911      7.625
 161 1250    -10.241     -2.254      9.807
 963   -2     10.588    -12.142     -5.729
 812 1272     11.903    -18.204      6.088
 743  244     22.203     11.162      7.180
 507   -2      7.892     -1.453     10.468
1098   -2      5.093      4.663      8.920
  -1   -2     -1.511     -4.600      9.962
  -1   -2     12.956     -8.801     11.564
1266 1297      9.057      9.493      0.044
  -1 1284     13.391     -5.211      8.855
  -1   -2     13.177     -5.357      8.439
  -1   -2     12.199     -1.571      2.425
  -1   -2     12.199     -1.571      2.425
1274   -2      1.582      1.551      2.884
  -1   -2     16.996      7.444     -4.742
1271   -2     -5.199     12.210      8.652
 227   -2     17.733      1.571     -6.166
 458   -2     -7.305     -9.057     10.280
1272  290      5.039     -2.035    -11.512
  -1   -2      6.579     -9.580      8.449
1245 1294     -3.597     -2.794      0.327
  -1   -2     12.956     -8.801     11.564
  -1   -2    -10.514     -2.134     11.949
  -1   -2     13.177     -5.357      8.439
1210   -2     13.177     -5.357      8.439
  -1   -2     12.199     -1.571      2.425
  -1   -2     12.199     -1.571      2.425
  -1   -2     16.996      7.444     -4.742
1256   -2     23.355     16.364      5.625
1273  198      6.543     -9.589      8.560
   2   -2     12.956     -8.801     11.564
  -1   -2    -10.514     -2.134     11.949
  -1 1286      5.174      9.409     -9.918
  -1   -2      5.174      9.409     -9.918
  -1 1312     -5.926      5.738      0.301
1294   -2     12.199     -1.571      2.425
1215   -2      5.139      9.392     -9.831
1276   -2     12.794     -8.966     11.803
1224  152     19.270      0.002     -8.378
