1311
  -1   21     -9.989      6.007      8.596
  -1  672    -10.430     -2.275     11.802
  -1    0     15.938      1.791     10.313
  -1 1286    -18.040      2.204      6.141
  -1    2      2.720      0.258      3.718
  -1   12      0.889     10.587     10.587
  10   20     -5.963      6.121     -7.960
  -1  346     -9.261      3.297      8.298
  -1  654     15.866     -3.192      4.373
 213  633    -10.648      7.793      8.793
  -1    5     16.275     11.030      4.449
  -1   18     18.443     -2.191      7.612
  70   -2      4.679     -6.139     12.535
  -1   -2     12.906     -8.940     11.968
  36   14    -13.715     -3.208     12.215
   1 1257     -0.026     -0.351      4.120
  -1   -2    -11.224     13.862     11.079
  -1  139    -12.922      6.326      8.785
  -1   -2     -3.313      1.033      6.760
  -1 1115     -2.716      5.561      7.638
 741   -2      0.078     -0.180     12.438
  87   -2     -0.069      5.426      8.892
 903   -2     -3.915     12.448      4.876
  -1  196      6.354     -4.558      7.932
  -1   -2     24.094      3.658      1.837
  31  981    -14.394     10.504      6.228
 148   10      9.796      3.205      5.564
 488   -2     -2.221     14.934      7.369
1030  617     23.064     -3.492     11.186
 428   -2      3.381      2.256      3.572
  -1  136     -3.433      3.525     10.891
  95 1181     11.233     -4.625      3.560
1241 1299     17.246     -0.960      8.718
  53  682     20.308     -3.377     -6.594
 292   -2      7.103      7.211      2.345
  -1  465     -4.486      3.190     -7.013
  -1   -2     10.439      5.512      9.226
  -1 1031     11.483     11.526      9.875
  -1   -2    -11.336      7.034      2.479
 916   92     10.515      6.357      5.399
1046  185      0.170      3.019     10.927
 462   -2      5.702      0.615     10.436
 530  469     15.756     10.649     11.185
  -1 1275     -5.979     -0.837      3.984
  -1  119      9.636     -3.393      6.730
  89   62     19.437      6.490     -0.322
  21 1308     16.433      3.617     -7.962
  19   -2      8.968      9.474     -0.030
  -1   -2     20.390      4.254      3.424
  -1  332    -12.900     -2.021     -3.370
 665   35     11.342     16.851      6.892
 325  624     -9.013      7.865     -0.445
  -1   -2     12.538      1.704     -6.048
  -1   74     16.980    -10.095      8.141
 785   84    -11.977     10.465     -0.103
  -1 1300     16.751      7.708     -5.165
  50  585     21.553     -2.630      3.603
  -1   -2     24.010     -2.798      9.931
  -1   -2    -15.989      1.366      9.010
  85   -2      1.639      9.168      4.506
1134   78     19.895     12.750     11.043
  -1  384    -14.095      6.932      6.393
 721  128     -0.541     -3.707      1.839
1261   -2     -7.790     -6.183      9.149
 307  845      7.026     -9.178      5.602
 238   86     -6.386      8.409      0.746
  -1   -2     23.522      4.853      7.906
 753  511     18.890     -6.289     10.417
  -1   -2     17.602      0.519      6.230
  -1  427     11.008     -5.943     11.100
 228   34      8.989     10.486     11.222
1189  782      2.492      6.629      7.034
  86   -2     -5.677     -0.918     -6.437
  -1   -2     13.541      8.234      7.539
 981  641     15.867      7.739      6.361
 589   -2      9.967     10.002    -11.664
  -1   -2     14.097     -0.195     -2.742
 455  760      1.018     10.214      7.829
 815   57     -2.355      9.843      3.189
 194   -2     13.299     16.202      5.055
  88   -2    -13.492      7.628      3.194
 118  245     24.114     10.812     11.300
1047   -2     -6.685    -12.473      4.309
 115   44     12.230     13.332      0.298
 782  387    -11.765     15.710      6.251
  -1   -2      1.745      9.958     -9.160
 519   -2     25.164     -4.247      3.195
 468 1003      0.678     -4.552      8.762
  -1   -2     13.415     11.606     -3.270
 908   -2     26.147    -10.290     10.892
  -1   -2      6.680      3.018     -8.724
 168   -2      7.050      4.659      7.939
  63  438     19.778     13.114      6.083
  -1   -2     -3.285      5.696      1.693
 297  913     -8.886     12.877      1.175
 252  656    -10.320     -2.282      7.202
  -1   87     -9.490     -3.152     11.601
  62  278      7.038      3.909      6.321
  11  373    -13.064      0.089      3.573
 400   64     -3.136     11.620      7.643
 516  267     23.991      2.292      6.906
  -1   81     24.091     -1.532      6.621
 471 1220     17.587      0.817     -4.760
 827   65     -8.520     -2.276     -2.114
 562  202     20.452      3.971      7.212
  -1  120      6.731     -8.077     10.936
1171   -2      2.020     16.213      7.343
  -1   -2    -19.290      2.618      6.449
  -1  256     -9.300      9.056      7.232
 917   -2     -1.266     11.687     11.292
  -1   -2     17.371      0.684     -0.226
 663   -2     24.106      1.677      4.218
1252 1277     16.428      6.430     -2.271
  -1   -2      7.300      1.964    -10.035
 156   -2     -1.365      3.338      9.846
 793  360    -20.226      2.184     12.744
  -1   -2     17.876      3.306     -9.809
  -1  413     10.997     -0.909     -9.398
  -1  152    -17.973      7.571      4.022
 973 1022     -2.386     15.145     10.563
  -1   -2     10.416      2.024     -9.320
  98  783    -14.644     -1.277     10.180
 885   -2      7.333      5.030      9.822
 154  870      2.593      0.450     -3.207
  -1   -2     10.429     -1.626      8.104
 549   -2      1.919     10.989      3.577
  46   45    -12.526      0.416      6.212
 425  230      5.154      0.363     12.221
 267  472    -11.270     13.386     -2.953
 576  739      3.361      0.009      6.077
1031   -2    -13.253      0.411     10.494
  -1   -2     -8.461      5.028      2.828
1166   -2    -12.222      1.304     -1.958
  -1 1168     11.640      2.931     -0.829
 274  837    -12.535     13.263      5.423
 147  784     26.481     -6.251      8.083
1194   -2     -1.858      9.730      7.088
 792  683      9.524     14.958      1.163
  -1   -2      7.360     -2.680      1.768
 851   -2      6.847    -17.655      3.925
  -1  111      0.249     -1.509      7.372
1292   -2      3.461     -0.163     -7.852
  -1   -2     13.591      0.412     11.189
  -1  345     -3.738     -0.240      4.307
  -1   58    -11.555      9.067      5.100
 951   -2     11.373     -6.043      5.074
 396   -2     20.816     -0.600     10.298
 186   -2      9.682      9.665      3.559
 184  288      9.531      1.416      5.530
  -1   -2     18.249     -0.410      5.131
  -1   -2      2.333     -1.839     -0.151
  -1   75     -4.848     -3.819      3.770
  -1  688     11.489      8.427     11.171
1169  541      7.095      1.375     -2.094
 681  693     -2.377    -16.516      3.233
1201  446      4.571     14.417      6.843
  -1  816      9.426      2.004     10.421
  -1   -2     21.834      4.627      9.966
 280   -2      8.724     -0.769      5.545
  38  569      9.177      5.297      9.512
 174   -2     -3.251     13.676     11.951
 473   -2     14.964      2.926      8.795
  -1 1235      1.957     -9.388      5.376
  -1  163    -14.362      2.145     -0.365
 868   -2     22.936      9.836      9.792
1199  182      3.463     10.569      7.392
 103 1229     -3.719      3.865      6.991
1259 1281     13.408      9.406     -8.799
 391  242     12.611      4.967      7.125
  -1   -2      3.968      1.948     -0.301
  73   -2     22.091     -8.181     -2.273
 216 1237    -10.747     -4.380      7.842
  92  658     16.677      9.369      2.181
  90  175     -6.566     -2.365      1.288
 500  489     20.168     15.926      5.103
 857 1043     21.823      8.023      8.690
  -1   -2      3.900     -2.354      4.590
  -1   -2     14.900      3.989     11.696
 661  694     24.491      4.258     10.650
  -1  405     -3.725      1.720      8.129
  -1   -2     -9.641      4.107      5.398
 429   85      4.736      3.948      7.171
 734  852      0.449     15.929     11.286
  -1  145     15.685     -5.423      8.482
 378   -2     19.075     10.070     -6.953
 730   -2     -0.353     -1.618      8.429
 226  105    -17.657      5.377      8.176
 733 1251     15.476    -10.988      4.061
1235  179    -11.900     14.862     10.696
  -1   -2    -14.745      0.633     -4.704
 240 1023    -18.722     -8.128     10.114
 572  466     -7.114      2.304      6.390
 469   -2     13.501     11.932      9.133
 698  127     16.971     13.601      0.079
 633   -2     -3.186      9.181      9.884
 742 1256     17.624      6.101      3.924
 466   -2      5.621     -0.010     12.704
 221   -2     -5.690      6.516      4.978
 210  126     18.454     -6.448      1.885
 807  168    -15.500      0.729      3.949
 341   -2    -12.514     -1.286     -0.715
 269  754     21.402     10.590      3.998
  -1   -2     15.627      5.587     -7.832
  -1   -2    -20.145      7.084      9.750
 902  129    -18.215     -0.453      9.640
 347   -2    -14.920      1.826      4.164
  -1  281     16.286     -3.470      1.120
 224 1238      6.978     -7.111      4.336
 872   -2     -5.314     12.198      9.079
  -1   -2      7.536     -8.863      4.273
  -1   -2      3.862     -1.250     12.252
1324  310     18.063      5.363      3.226
 710  478      4.321    -12.062      7.870
  -1   28     10.027      3.808      7.008
 272  393      2.993      3.945     -1.654
  -1   -2     22.224     -6.290      5.917
 265   -2      8.829     -1.850     -0.452
1048   -2     14.476      5.399      8.410
 996  357     25.421      4.298      6.824
  64  135     -4.600      8.477      4.928
 765  159    -18.008     -2.250      4.229
 623  240      5.457     -6.092      3.486
 383   -2     10.640     -6.775     10.747
1265  101      7.560     13.924     -4.663
  -1   -2      1.111      3.410     -8.997
 133  317      9.657      0.484     -7.872
  -1   -2     25.439     -1.406     10.208
 924   -2     23.088     -0.921     11.146
 752   -2     20.592     13.969     -1.727
 331  134      7.940     13.314      6.469
  -1  106     -2.557     -5.100      9.196
  -1   -2     17.661      2.949      8.203
  -1  975     19.920     -4.756      0.379
  60   42      0.780     14.033      9.262
  -1  467     18.012      3.841     -1.360
 904  433    -18.518     11.827      9.436
 283   -2    -14.963      0.967      8.926
 131  143     -0.822     14.502      2.893
 241  781    -12.745     10.788     12.081
  69   -2     10.736      0.936      4.829
1034  130      6.047      1.501      2.541
 814   -2    -15.984     11.514     10.266
  -1   -2    -12.733     -2.921      0.037
  -1  133    -10.171      9.326     -5.504
 246   -2    -16.620     -8.094      4.027
1173  821     23.146      1.084     11.896
 322   -2     12.945     -9.670      5.607
  -1   -2     -6.274     -2.504      4.386
 264  551    -15.950      6.517      3.172
  -1   -2     24.845      4.573      6.222
  24  210     -8.117     -2.115      0.706
 222  458    -19.706      4.183      7.266
 672  294     22.625      1.780     -2.129
 823  859    -19.647     -1.040      8.609
 348  217      9.112     -1.292      8.682
 393  408     19.445     -1.165     -1.242
  -1   -2    -11.637      0.317      2.399
  -1   -2      2.218      5.170     10.312
  -1 1179      6.109      9.490      8.852
 234  946      8.929     -5.686     -0.541
  -1   -2     19.959      2.624     10.475
 324  396     -5.736     14.401      5.265
  -1 1053     21.298     -5.004     11.291
  -1   -2      5.956      1.418     -6.298
  -1   -2    -13.837     11.098      7.112
  -1   -2      9.953      8.685     -8.075
 203  254     22.323      3.684      8.380
 401   -2     -1.736     13.164      7.167
  -1   -2    -11.303      7.724    -10.465
  -1   -2     15.252     -0.435     -2.148
  -1   -2     13.859      1.532      9.157
 545   98      5.786      7.350      7.013
 912   -2      3.123      4.703     -7.359
  -1   -2      6.595      9.692     -3.721
 130   -2    -17.947     -2.225      7.841
1147  261     10.036     14.078      9.631
 988   -2     -4.653     -4.246     12.661
  -1  339     15.138     -3.936     -3.551
 989  751      1.611     13.009     -6.206
 175  448     14.840      8.817      1.576
 561  470    -10.467     -6.372     11.930
 142  460    -15.667     -5.186      4.646
 277   -2      1.442      3.748     -4.888
  -1   -2      5.494     11.722      4.932
  -1  582     -6.294     16.090     10.288
 626   -2     -5.021     15.816      7.168
 368  187     13.817     -8.589      0.419
1003  599     24.409      7.334      8.149
  -1  554     12.036     -3.878      5.192
 245  461     21.799     -6.123     11.476
  -1  227     17.282      4.291      3.165
  -1  777    -11.479      2.680     12.229
  -1   -2     25.672      4.413     11.949
 427  331      0.061      1.436     11.450
  -1   -2     12.949     11.738     10.578
  -1 1296      6.577      8.253      2.016
  -1   -2     20.049     11.094      4.318
  -1  550      0.552     -2.883     12.543
1257  537      3.620     11.166      1.953
1072 1264     -3.789      7.719     -5.413
  -1  316     15.893     11.979     -3.716
 440   -2    -12.230      3.966     -5.826
  -1  122     -3.919     -1.052      5.272
 266   -2      3.114      6.191      9.789
  -1  392     14.880      8.268     11.693
  -1  118      1.066     12.926     10.523
 786  546    -19.944     -4.950      9.178
  -1  389     18.822      4.973     -7.103
 613   -2      7.611      5.596      2.801
 149  665     -5.286     -1.346      9.615
  -1  283     13.898     -7.390      4.572
  -1   -2      3.579     -2.261     10.850
  -1   -2    -10.896     -4.829      0.069
1015  383     26.303     13.485      8.204
  67   33     -1.072      0.778     11.622
 941   71    -12.387      1.736     12.455
 448   -2     21.527      3.843     -5.982
  -1   -2     15.016      1.597      2.959
  -1   -2    -10.559      3.905    -11.126
  -1   -2      5.393     -7.912     12.016
1151 1094     28.138      1.843     11.866
  -1   -2     13.222      6.227     -1.032
 373  614      8.267      7.258      0.567
 905  637     24.812     13.169     10.677
 491  794     25.661     -5.671      9.180
  -1  189     26.678      9.146     10.511
 376   -2    -17.228     13.009      9.305
  -1   -2      5.973     -0.431      7.691
 124  778     -2.458      4.461      1.692
 311   -2     -3.306      5.414     11.596
  -1  657     23.927     -0.667     10.888
 362   -2     21.074     10.834     10.901
1269  459     -3.941     -8.037      9.737
 178 1234     -8.960     -5.859     -3.980
  -1   -2      6.487     -3.302      0.308
 101   -2     18.235      9.108     11.777
  -1   -2      0.466     -8.420     -6.171
1278   72     23.948     -3.796     10.012
  -1   -2     -1.497     -1.118      5.246
  -1   -2     -5.491     -6.372     -8.270
 424   -2      8.578      0.191     11.879
 192 1005     13.114     -7.687      1.032
 456   -2     18.786      0.786      5.348
  -1   -2    -15.390     14.850      3.504
 808  323     -9.030      8.922     -4.519
 193   -2    -10.302      4.975     -4.500
  66  219     18.491      3.515      5.509
 502   -2     11.081     -1.063      8.367
 680   -2      6.581     14.892      8.885
 340  732      7.976     10.969     12.363
  -1  481    -13.644      1.097      2.740
 656  838     24.214     -8.535     10.862
  -1   -2     23.189      0.451      0.719
 299 1132      2.619     -8.732     -0.145
  -1  410      7.922     12.029      0.803
 346   -2     -5.869      7.684     -9.233
1061   -2     -9.225     13.547     11.135
  -1  315      6.652     10.006     -7.835
  -1   -2     10.210     17.278      7.663
 919   -2    -16.581     -2.639      3.634
 570   -2     20.154      2.605     -4.581
 182  508    -13.788     -5.005      1.604
  -1   26     11.192      4.594      9.505
  -1  385    -15.733    -10.659      9.073
 370   11    -14.269     -7.348     11.523
  -1   -2     -5.847      5.446     -3.516
  -1   -2      3.383     -4.997     11.791
 330  359      5.304      7.807      2.773
  -1  279    -15.577      7.221     -3.278
 309   -2    -14.506      0.735     11.249
 211 1236    -15.585     14.416      6.885
 313  742     21.491      5.184      9.987
  -1   -2     19.970      7.328     -3.033
  -1  440     15.304     13.466     12.405
 510  307     15.572     -7.359      8.553
 879  932     13.663     -6.129     10.659
 363  311     14.317    -11.616     -7.796
  -1  183      4.538     -0.598     12.085
  59   -2    -17.642      0.824     10.362
 248  308      6.562      0.373     10.160
 173  241      1.573     11.945      3.201
1281  674     22.578      5.276      2.414
  -1  863     -4.515     17.678     11.828
 616   -2      9.740     10.649     12.209
 746  757     -6.278    -11.442     12.227
 852  881     11.311     10.488      5.286
  -1   -2     -6.935     -1.077     10.590
1142   15     16.261     -5.257      5.255
 167  341     16.412     12.146      3.950
  -1  272     -7.417      7.290     -6.169
  -1  854    -10.003      8.305      5.075
  -1 1137     21.015     16.170      4.605
  -1  257     14.303      0.755      2.749
 639   -2      8.134     -6.682      4.387
  -1   -2      9.180      2.704     -8.455
  -1   -2    -14.761     11.246     -1.142
 636  287     12.052     16.512     11.509
  -1   -2     -3.722     14.603      1.086
 620   36     17.340      3.234      6.449
 426   -2     26.418     -3.584      7.582
 673  144     -9.463     -0.349      0.702
 498  388     18.911     12.486     -8.984
 171  792    -12.223     -0.013     -6.675
 418  239     16.055      6.325    -12.037
 950  828     -9.634     10.180      7.490
 597   -2    -10.474     -0.993      4.269
1020  237      4.174      8.567      8.948
1011   -2    -16.614      6.320      5.904
  37   -2     -3.568     10.884      8.772
  33 1051      5.518      6.070      7.675
1111   -2     12.748     17.130     11.103
1125  661     -3.552     -2.954      0.362
  -1   -2    -11.687      2.881     -6.294
 515   -2     25.702      4.212      6.411
  -1  211     18.697     11.669    -11.185
  -1 1113      8.141     -2.620     10.090
  -1  184     -0.587      1.573      4.245
  -1   -2     17.005      0.525     -3.802
1160   -2     -2.585     -9.041      5.949
 923   -2     -9.597     13.848      5.350
  -1  767     13.617      2.626      4.425
 314   -2     20.008     12.513     10.245
 404  698     -0.917      1.241     -1.015
  -1  249    -16.890     -4.061      7.062
  -1  705     22.233    -10.821      5.562
  -1   -2      4.647     -2.752     -1.284
 858 1029      7.301     11.002      7.657
  42  526      0.621      1.264     -7.125
  -1   -2     13.158      1.955     -2.156
  -1  397     -5.140     14.679      3.391
  -1   -2      1.773     -5.067     -2.397
 697  860     17.640     -2.191      9.514
  -1   -2     14.516     -0.868      3.152
 641   -2    -10.080     -4.709     12.256
1168  575    -14.860      8.037     -7.619
 526   -2    -16.735      2.351     -3.364
1320  344     21.334      9.641      6.436
  -1   -2      2.720     -3.643     -1.612
 106  878    -14.608     -2.650      5.440
 647  686     -6.397     12.729     11.461
 343   -2     24.766      6.452     10.501
 584 1054     -6.804     -8.295      4.765
  -1   -2    -14.404     -2.227      3.764
  -1   -2     18.921     -9.009      5.593
 179   70     10.672     -0.105     -0.013
  -1  112     11.664     -1.780      4.469
1277   -2     10.064     12.964     10.018
  -1   -2     16.951     10.137     -3.943
  -1  628     -2.131     15.966      6.024
 155  819    -12.758     14.770      4.635
 933 1104      3.614     12.544     12.194
 632  329     -3.762    -10.121     -9.117
 359  714     18.748     -4.814      4.113
  -1  933     -9.632      1.786     11.782
  -1   -2     23.575      0.159      7.506
 551   -2     21.901     -2.886      8.569
 617  687     -6.293    -10.379     -1.105
 509   -2     -5.581     12.341      0.015
  -1  366    -16.457     11.842      2.530
 651  945      8.778     17.609     10.150
 609   -2     18.799    -18.116      9.118
 700  435    -17.637     -4.142     11.664
  -1   -2      0.490     -1.732      1.902
  -1  793     -1.865     12.677     10.968
 336   -2     18.519     -1.670      9.246
 139  514      0.673      5.547     -5.571
 810   -2     27.248      7.711     10.684
 824   -2    -18.666      4.262     11.167
  -1 1002      2.018     -5.080      8.705
 386  232     10.027     -7.320     10.827
 612  201     -3.179      3.014     -1.929
  -1  131     22.174      6.598      3.703
  -1   -2     -0.341     11.242      4.209
  -1   -2     13.324     12.876      9.591
 157   -2     13.345      0.407     -8.782
  -1  324     18.010     15.842      2.702
1158   -2     -2.503    -11.191      5.160
 628  177     17.199     11.870      9.025
 197  579      7.558     -9.807      0.273
1150 1065      6.337     14.510     12.216
1014   73    -19.178      6.728      8.249
 809  517     13.846    -10.137     -2.596
 482  630     -0.128    -10.735      2.239
  -1  497      8.128     -0.926     11.423
 557   -2     11.743      9.904      7.572
  -1  986     20.909    -10.370      7.096
  -1   -2    -17.240     -8.753      4.243
1108  439     19.933     14.519      5.506
 492  671     21.722     -3.857      7.007
  -1  548      1.631      8.027      6.163
  -1 1230    -14.015     -4.400      6.413
  56   -2     -6.485     15.029      2.434
 145  999     21.704      0.269      0.489
  -1   -2     23.815      0.667      3.844
 113   -2     18.418     12.843     -5.702
 577 1252     -2.829    -11.860      7.946
  -1  226     17.228     14.997     -1.248
 415   -2      5.957     10.073      9.104
 845   -2    -12.937     -0.861     10.482
  -1   -2      5.812     12.156    -10.639
 890  545     -7.749     15.500     10.890
1164 1184     17.739      3.971     11.661
 260   -2     20.247     -5.601      9.993
  -1  547     27.405     -8.289     11.205
  -1   -2     -7.634    -13.508     -2.122
 243  319    -16.236      1.455      9.958
  -1  530      4.454     14.970      1.873
 970  621      5.381     -2.615      6.427
 876  543     25.861     -7.617      9.711
 759  580    -14.810      6.076     -4.422
 909 1047     -8.266     -2.527     10.440
1104  741    -16.539    -13.740      1.170
 554   -2    -11.822    -11.232      7.124
 784  679    -11.399     -8.506     10.332
1131   -2     17.387     -8.261      7.458
 654  533     11.765     -2.567      9.445
 219  670     22.565      2.682     11.318
 326    9    -13.997      5.272      7.920
  -1   -2     22.059     13.208      4.841
  -1 1272    -13.385     -2.775     -3.861
 286   -2      3.255      3.503     11.975
 432   -2     -2.324     -7.817      6.471
 249   -2    -11.166      6.058      6.331
 959  632     12.735      4.433      3.208
 695  935    -15.808     -9.146      3.025
  -1   -2     -5.661     18.215     12.068
1050   -2     16.408     12.785      5.129
  -1   -2    -16.951     -5.448     -1.281
  -1   -2      0.231      2.070      3.093
 604   -2     -5.429     -2.493     11.990
 985  745     -4.050    -13.768     -0.980
 199  492     -5.950      0.558      8.830
  -1  982      1.353     -3.833     12.139
  -1  506     12.683    -10.918      5.211
 894   -2     10.246      3.399     11.847
  -1  371      5.683    -10.282     -7.944
 333   -2     26.357     -0.085      8.714
 134  195     20.827      3.323     11.301
  -1   -2    -14.799      2.534     -8.687
  -1   -2    -17.019      3.399     -4.362
 643 1126      9.103     -9.552      4.637
  -1  204     11.673      3.373     11.642
  -1   -2     -6.287    -10.617      3.198
 285   -2     -2.116     -3.652     12.432
1054  718     -1.018     -8.411      4.303
  -1   -2      9.556     15.330      9.547
 392   82     16.124      6.266      8.870
1132   -2     17.061    -16.234      9.778
  -1 1159    -14.693    -11.125     -0.163
  -1  205     -7.070     -1.371      5.478
 606   -2    -12.510     -5.955     -4.326
  -1  304      0.948     -9.318      2.143
 244   -2      1.980      9.991     -3.673
 594  898      4.175     10.317      6.901
  -1   -2     20.659      2.585      5.741
 490  979    -17.773     -1.278      7.134
 552  677     15.133     15.239      1.962
 233   -2     16.193     12.476     -4.582
1006   -2    -13.450     15.566      8.673
 585  681      7.049      8.423     -4.463
 225  457     20.264     -3.477     -3.397
  -1   -2     19.163     -4.159     -4.772
  -1   -2     13.704     10.776      0.117
 489  764     17.229    -15.740      5.977
  -1  532     16.371     13.729     11.391
 214   -2     18.490     16.312      8.112
 800  398      6.896     14.304      6.220
  -1   -2     10.755      7.640      2.878
 522  724      2.130    -11.676      6.612
  -1   -2     -3.337     -1.309     11.189
 301 1097     20.273      3.965      0.195
 591 1063     21.945    -11.569      7.514
 524 1107      4.059     -2.421     11.852
  -1   -2     26.799      4.800     11.935
  -1  612     -0.209     15.255      9.309
  -1   -2     14.741      4.502      7.411
  -1  504      8.740      1.246      8.434
  -1  444     -4.672     10.036     -6.253
1094   -2     -8.033     -7.586     -8.375
  -1  499     -1.474     -9.756     -1.261
  -1  619    -15.113      3.173     11.707
  -1 1110     -6.330    -10.444      6.740
  16 1161     -3.133      2.484     10.763
 335  896    -19.184     -9.424     12.384
  -1  653      5.606     -0.764     -1.688
 961   -2     22.521     15.386      8.129
  -1   -2      1.984     -5.888     -1.805
 141   -2     16.375     -3.728     -5.194
1157   -2      5.292     13.184     10.684
  -1   -2     15.842      5.368      3.357
 631  748     -1.579     -8.830      1.210
 683   -2      7.243      1.523     12.128
 650 1165     24.754     11.970      7.975
  -1 1050      2.801    -10.410     10.617
  -1   -2     16.185     -3.633      9.717
 962   -2    -19.455     -9.464     10.067
 417   -2     22.090     14.482      9.266
 644   -2     -0.045      0.285     -1.415
  -1  406     19.908      4.978     10.011
  -1   -2    -11.378     -3.805      8.624
  -1  531     -0.939     -7.190      6.722
1129   -2     15.306     16.747      7.580
 539   -2     15.837      2.979      2.406
  -1  995     11.902    -16.287      0.577
  -1   -2    -11.875      0.269     12.157
  -1 1102      9.603     -8.151     11.863
 558  151     -9.088     10.475     11.682
 678   -2      6.658     -8.401      1.764
  -1   -2     -6.687     -6.065     12.003
1069 1118      6.717    -17.149      9.122
  -1  356      1.643      9.575      2.842
  -1   -2     16.579     -4.262     -7.548
  -1   -2      6.062     12.828     -2.615
  -1  253     -3.906     -1.541      3.832
 726   -2      3.202     -4.357      7.899
 718  454     10.685      4.687      8.036
 275  910    -19.000     11.262     12.402
 282   -2     13.229     -1.486      8.922
  -1   -2      7.462      9.983      4.760
  -1  712     19.330      7.148      6.099
  -1   -2    -13.799      3.813     -3.009
1138  992    -18.318    -11.506      9.021
  -1   -2     14.858     -4.728     11.743
1060  330      5.543     -8.675      1.023
 387  367     22.147     -6.408     10.241
  -1  639      1.877     -6.624     10.860
 409 1144     -5.579     -8.146      5.229
 289 1243     -6.552     -0.849      7.482
  -1   -2     24.967     12.077     11.318
  -1 1151     13.047      6.455     11.468
1057   -2     -5.300    -14.031     -1.454
 479  991     20.310     -2.120      7.668
 745 1153     19.179      8.694      5.835
  -1   -2     21.665      9.801      8.559
  -1   -2      4.910      9.520     -8.970
  -1  673    -13.743     -0.771     10.232
 484 1125     13.087     -8.166     11.720
  -1   -2    -13.448     -9.619     -2.440
 748   -2      1.352     -0.672      6.506
 830  768     15.361     14.862     11.236
  -1   -2     -8.308     -3.880      3.814
  -1  188     22.286      1.264     11.597
 494   -2    -12.671     -7.295     -5.442
 595 1008    -12.329     17.056     12.480
  -1   -2     16.264    -10.311    -10.508
  -1   -2      1.487      5.131      8.777
  39   -2     -0.619     -5.153     -0.822
 754   -2     16.124      6.991      6.540
 536   -2     12.268     -6.285      6.163
 675 1283      4.709    -13.644      9.360
 497  568    -15.426      3.761    -11.031
1120  401     20.578      2.360     12.416
 699   -2     25.654     -5.575      5.697
 679   -2     19.748      5.421      4.300
 758   -2     -3.451     -3.064      2.763
1178   -2     18.031     17.766      7.272
 371  513     21.031      9.747      3.515
 262  447     17.668     -7.631      6.203
  -1   -2     18.767     -4.344      2.207
  43 1010      8.020      5.257      8.661
 685   -2      3.664     -7.777      1.269
1325  274     18.822     10.748     -5.605
  -1 1138    -16.575    -10.200      8.017
  -1   -2     -4.903      7.523     10.099
 523   -2      0.141      5.114     12.364
 209  528     24.869     -5.600      8.135
  -1  487     14.398     17.358     12.216
  96   -2      6.071     -3.117     -5.018
 664  247     -6.361     -8.800     -9.143
  -1  944      8.392     12.097     10.436
 967   -2     -2.345      0.420     10.390
1276   -2      4.270    -11.301      5.118
  -1 1059     14.299     18.608     10.595
  -1   -2      5.542     -8.372      3.786
1309   -2     21.398     -4.931      2.179
 892   -2    -14.416     -6.848      2.949
1152  445     -1.910      3.341     10.895
1084   -2     -9.288     -9.833      8.034
 117   -2    -18.888      7.319      5.135
  -1  563     26.349      2.654     12.068
  -1   50     14.852      9.199      5.991
  -1   -2     20.356     -6.374     -5.258
 227   -2     18.851     -0.463      7.039
  -1  417     20.171     17.180     12.394
  -1   -2      8.292      3.517     -9.083
  -1   -2      2.277    -15.209     -3.165
 420  474     13.250     -6.659      8.171
 676  664     25.269     -1.064      1.825
 668   -2     22.256     13.643     12.323
  -1   -2     22.202      5.137      1.481
  -1  198     12.872    -10.626      4.445
1282   -2     15.858     -5.431     11.496
1308  314     19.963     -7.336      3.855
 761   -2    -17.632     -8.871      8.186
 642   -2      1.487     -8.301      7.752
  -1  443     23.322      0.109      6.098
 534   -2      3.413     -7.776      9.287
  -1  597     15.283     -0.373     11.362
1162  743    -11.447    -11.337     11.532
 766  110     -9.911      5.715      2.126
1010  519      3.091     -7.218      5.502
 725  235     10.784     -0.914     11.164
1218   -2     19.532    -18.503      8.681
1032  919    -11.911    -11.598     -0.608
 630 1172      7.761    -14.291      2.061
  -1   -2     26.890      6.199     11.917
 977   -2     24.029     -2.175      9.759
  -1   -2     -0.147     12.701      9.750
 305   -2     16.220     16.825      9.285
1056 1263     20.188     11.434      8.576
 571   -2     -2.289      2.627     -2.064
 504   -2    -14.657     -5.079      9.174
  -1   -2      1.467    -12.069     -4.766
 627   -2     18.058     -9.858      2.517
 884   -2     11.260     11.927      7.420
  -1   -2     16.247     12.071     11.414
 756   -2      8.104     -3.649     11.893
 579   -2     -3.884      4.837     -0.186
 694  340     -5.105      6.327      8.782
 120   -2    -17.171      4.746     -4.414
  -1  645     20.016     10.330     11.134
  -1  536     15.674      3.545      6.410
  -1   -2      0.433     -4.312      7.732
 323  750      8.349      1.883     -1.060
 995  571    -13.877    -10.281      3.249
 722   -2    -11.089     -6.886     -0.330
 655   -2     -4.143     -8.514      8.770
  -1   -2     13.999     -4.560      2.132
1090   -2    -10.562    -15.192     10.100
 688 1139     15.429     -0.398      9.544
1183  412     24.021     14.251      9.602
  -1  622     20.545      9.520     -2.162
  -1   -2     10.648     17.644      9.185
  -1   -2      0.218     -2.698      7.940
 934   -2    -10.342     -4.594     10.019
  -1   -2     -0.105      6.040     -4.972
 566   -2    -11.635    -12.776      7.789
  -1 1240      4.192    -12.291      6.189
  -1   -2    -18.642     -4.825      6.373
  -1  939     21.234     12.976      4.719
1092   -2     20.235      1.107     11.233
1107  735     -2.236    -13.073     -1.451
 338  350    -11.596     11.782     -3.203
  -1  723     14.842     13.328      9.673
 707 1176     -8.508    -13.150      5.927
 971  349     20.343    -11.747      5.548
 735  140      5.599     -1.192     11.467
  -1  720     24.210     -5.185     11.069
1126   -2     13.924    -18.138      9.302
 474  421     16.645     -7.739     -0.733
  -1   -2      6.482     -2.113     -1.660
1099   -2      6.814    -12.490     10.348
 374   -2     -6.608     15.775      4.632
  -1   -2     10.346     -5.305    -11.706
  -1  415     -5.115     -2.996     -0.400
  -1  589     21.196      1.428      5.397
 517  776    -21.256     -3.184      9.285
 992  510     20.610    -16.252      8.771
  -1  197    -10.050     -6.642      5.064
  -1  623    -17.256      9.842     12.288
1253   -2     -5.195     15.009      8.751
  -1   -2     -4.099      9.899     -3.909
1137   96     -1.505      8.356      8.128
1051 1024    -14.619     12.138      8.667
 294   -2    -17.052      2.750     10.716
  -1   -2      6.331      9.595     12.125
 840  362      1.146     14.781     10.373
  -1   22      8.167      4.621     12.489
  -1   -2    -14.365      8.453    -11.301
 887   -2      0.282     17.921      3.740
   5  795      2.541     10.067      8.621
  -1  820     28.706      5.805     12.861
  -1  200      7.850     14.385      8.037
 358  773    -15.940     12.930      9.334
   0   -2    -11.057      3.530     10.810
 403  502     17.650      9.411     11.633
1181 1086     28.834    -10.856     11.495
 320  555      9.236      1.466     -8.608
 125   -2    -16.186     13.495      1.653
  -1   -2      9.493     -9.539     -1.199
 573 1152     22.916      8.459     -0.235
 978  967    -13.692     15.261     12.444
  -1   -2      2.069      8.213     10.154
 121 1121    -17.343      3.555     12.313
  -1  603     -9.584      9.961     -0.865
1037  894    -10.680     12.273     10.751
  -1   25     23.731     -3.827     12.343
  -1   -2     24.536      8.453     -0.314
  -1  562    -19.629     10.124     10.630
1200   -2    -17.193     -5.757     -6.343
  -1  414    -10.910     16.471      8.446
  -1  420    -21.174      2.007     11.430
 291    3     -9.343      1.124      7.647
 431   -2     -6.848     -3.818     -0.430
  -1   -2     -4.078     12.042    -12.432
 334  787    -15.474     10.186      5.056
1000  293     -1.482     16.828     11.452
  -1  453      4.497      3.018      9.513
  -1   -2     -8.299     -1.705     12.805
 518  790    -17.278     11.711     11.453
  -1  666     -7.603     13.284      5.822
1041   -2     12.961      9.336     -5.924
  -1   -2    -16.704      3.936      5.429
  -1  901     27.725     -0.534      7.968
 803 1259     -7.204      4.028      6.781
  -1   52      1.240     -2.102      4.241
  -1   -2      7.907      6.946      8.470
 143 1036     20.961    -14.180      7.986
 580   -2     18.703     13.031      6.763
 862   69     -1.503     13.381      9.902
  -1  565      6.287     10.187     12.427
  -1   -2      7.331      9.584     12.415
 151   -2     25.551      8.051      3.094
  -1 1130     26.816      2.362      3.795
  -1  963    -11.604     -4.605     11.160
  -1  500    -13.295     11.019      6.167
  -1  862    -12.921     12.384     12.640
  26  100     -3.691      1.735     10.573
  -1  606     21.650     -0.257     12.284
  -1  855     28.064      0.766     10.184
 578  318     -8.228     -5.924     11.366
  -1  711      0.876      3.993      3.852
  -1  218     -3.673     -3.635     10.774
  -1  334     25.051      5.588     12.196
  -1  326    -15.942     12.403      6.496
 928   -2     22.271     14.585     10.795
 947   -2     -0.907     15.495      6.847
  13   -2    -11.092      9.846     -2.028
  -1  586    -20.275      6.234     10.802
 850   -2    -18.317     -6.816      8.742
  -1   -2    -15.803     -3.563      4.013
  -1  993     27.849    -14.741      6.074
 744  818    -17.207     -2.569     11.758
  -1   -2    -10.635      9.750     -2.387
  -1   -2     11.300     11.243     10.567
  -1   -2    -18.596     -1.144      4.558
  -1   -2     17.319     -4.017     11.446
1116 1255     11.126     -1.290      4.284
 822   -2      0.722     17.110      8.076
 948 1058     -7.637     12.944     12.052
  -1  213    -11.520     11.221      6.859
1284  567     26.199    -16.251      7.515
  -1  186    -13.442     15.885      5.745
 732  422     11.393     -2.756     -4.987
  -1   -2     -0.999      8.548      0.101
 329   -2     25.931      2.124      9.047
  -1  890    -21.296     -4.433      9.748
  -1  651     16.362    -17.475      7.336
  -1  798     23.344     17.756      5.882
  -1   -2    -20.543     -0.111      8.383
1258 1279     10.515      2.450      4.041
  -1  172     13.718     11.452      8.653
 889   -2     -4.416     -0.849     10.283
 955  980     12.772    -18.313      9.813
 937  874     26.176      6.936      7.736
  -1   -2     -5.014     11.749     -9.911
 818 1157     26.204     13.549     11.689
 231  591     18.276     -8.809     10.539
  -1   -2     26.612     -8.064     10.070
 163  370     20.846      5.821      3.133
 779  707     25.870      1.911      6.298
 925   -2    -18.956      0.998      9.695
 841   -2     25.067     -9.388      1.336
 811   -2     -5.813     19.575     12.124
 365  108     18.558      1.737      9.917
  -1  709    -12.165    -11.430      4.382
 635   -2    -15.702    -10.704     -5.806
  15  229     -0.622      4.615      6.487
  -1  801     -3.937      2.982     -4.437
 755   -2     -3.647     -6.346      5.027
  -1  857    -20.193    -15.032      9.017
 826  883     15.536    -11.057      6.888
  -1   -2    -16.602     -0.809     -3.001
 300  400     -4.844      3.108      1.361
 729 1129     20.294     -2.375      1.594
  -1  501      2.430     -7.454     -4.781
  -1  263      6.028     12.001      7.368
 788  584      1.881     13.447      5.615
  -1   -2     -1.629      6.789     11.165
  -1   -2     15.137     15.362      3.149
 953  161     -5.664    -13.092      9.717
 559   -2      6.123     -7.794     -7.111
 846  893    -17.120     12.857     12.017
 588   91      8.019     -3.651      9.195
 804   -2    -14.700     12.738      9.334
  -1  996      9.462      7.366      5.037
 648   -2     -0.644     -8.997      9.495
 605   -2     12.904     -9.921      9.621
  55   -2     13.362     -5.457     11.575
  -1  642     -2.865     15.931     12.286
 802  378     -4.753     12.421      9.989
  -1   -2      9.102      0.443     -2.455
 660  964     19.129     12.213     -1.384
 976   -2    -10.000     16.210     11.209
1007 1149     -7.149     11.676      9.083
  -1 1150     15.605     -5.575      2.578
  -1  607    -19.164     -9.812      8.406
  -1 1200    -14.714    -17.143     10.695
  -1  291     21.913     -0.866      9.075
1113   -2     25.150     -4.082     12.372
  -1  471      8.742     -1.341      4.393
 817   -2    -12.865     -4.921      8.947
 968   -2    -11.270     11.189     10.311
  -1 1158    -10.907     13.531      8.070
 575   -2      0.204     11.219     -5.905
  -1   -2     20.844     -1.159     -1.145
  -1   -2     15.907     14.737     11.888
 828  780     -0.863    -16.938      4.753
  -1   -2    -12.004      0.419      2.818
  -1   95      8.084      5.138      4.176
 304   -2      5.886     11.616     12.044
  -1   -2      5.839      6.375      1.877
  -1  983     -1.857     -8.035     10.781
  -1  812     -3.191     14.292      0.838
1016  376     -7.649     -2.723      6.139
1022  925     28.429      6.049     10.453
  -1  208      5.838     -0.576      4.015
 555   -2    -11.459     -3.590      6.262
  -1   -2     21.410     -3.859      8.816
  -1 1089     -8.305     16.942     12.532
1206   -2     14.491    -20.804      7.169
  -1   -2     -4.337      0.884      0.649
  -1 1033    -12.240     19.153      6.480
  -1   -2    -16.284     -4.627     -8.790
  -1   -2     11.844      0.063     -8.551
1270   27     19.545     10.324      5.691
  -1   -2      9.986      4.098      5.200
  -1   -2      4.870     -8.065     10.511
1159  564      7.784     -7.651      6.203
  75  125     10.050      3.031     11.902
1071  702     -3.952     16.188      6.864
  -1  984     26.065     -9.722      1.714
1298 1164     13.443     -9.842     -6.501
  -1  490     -2.715     -8.581      3.435
  -1   -2     12.013      0.018     10.209
 637  450     20.293     15.281     -2.797
  -1  769     18.928     -9.194     -6.955
1135  251     -5.694     13.052     11.118
  -1   -2     23.142    -16.839      8.805
  -1  286    -16.477     15.659      1.587
  -1  298     18.963    -13.401      5.520
  -1  425     19.845     12.488      6.920
  -1   -2     25.574      5.984      4.477
 657  441      6.591     -1.228     -8.447
  -1  581     -8.016     -6.874     11.803
  -1 1001    -15.320    -13.446     10.382
 200  988     14.782     11.714     -3.121
  -1   -2     -8.444      6.029     -2.148
  -1 1155      2.757    -18.900      6.720
  -1   -2    -16.102     -2.035     -3.843
  -1   -2    -12.725      9.372      8.040
 914   -2    -18.577      6.621     10.126
  -1   -2     -5.807     -8.757     -7.617
1226  215    -19.765    -10.815     10.697
 543  775     18.720    -16.828      6.219
 915 1135      3.374     14.260      4.194
  -1  956     -6.665     15.962      2.244
  -1  914     19.846     17.704      6.312
  -1  488     12.176     13.189      8.091
  -1   -2    -10.907     -3.288     -0.498
 625  949      1.568    -12.861      3.692
  -1   -2      3.356      3.259    -10.613
  -1  943     -1.162     11.189      8.008
 911 1191     25.359     10.691      4.596
1053   -2     -3.912     16.680     11.480
  -1   -2     16.256    -13.609      5.272
  -1   -2      6.823     17.563      3.778
  -1  934    -12.293      1.931      9.050
  -1   -2     16.380      3.139    -10.246
  -1  369      6.523      5.768      9.075
  -1   83    -14.870      1.348     12.203
  -1   -2     -2.638     -9.533     -9.969
  -1  277     13.367     -7.990      5.780
1065  806     -8.317     18.229     10.402
 720  937     23.996     16.531      8.284
 886  877     25.940     11.899     11.001
1004  407     22.775     -9.494      5.895
  -1  805    -19.270      9.527      7.892
 598 1254     -0.790      8.261      8.497
  -1   -2     -0.449      4.648      2.117
  57 1111      1.710      1.645      4.706
  -1  273     24.136     -1.192      8.974
  -1   -2     26.423     10.375      9.065
  -1   -2    -16.692     -0.053      2.046
1180  808    -16.965      5.124     12.662
1013  731      3.490     -2.409      9.120
1109  166    -17.117     11.147      7.431
1017   -2     14.613      2.155      6.282
  -1  246     14.824     -4.939     10.541
  -1  904     13.954    -15.576      3.062
  -1 1049    -17.773      8.985     11.989
1209  716     23.867    -14.153     11.703
 888   -2     -9.676     13.556     12.649
  -1   -2      5.478     10.175      5.994
1127  755      5.293     -3.338     10.573
  -1 1077     29.153     10.595      9.888
 891  652     21.514    -15.984      8.076
  -1  690     26.620     -1.577      8.144
  -1  708     -1.219     -6.111      9.671
  61  802      0.792      8.700      8.823
 837  561     12.167     10.384     -5.163
 177  333     12.270     -4.694      0.452
1117   -2    -15.314     14.771     12.513
 624   -2      1.565      0.668      3.949
  -1  153     -0.606      8.853      8.382
  -1  640     -1.400    -14.377     10.902
  -1   -2      8.615    -13.382     -2.696
  -1  158     -1.482      4.399      9.245
  -1   -2     -4.265     14.690      9.385
  -1  266    -12.687      8.093     -2.081
 195  236     16.485      0.926      2.563
1091  549     14.389     -2.538     10.623
  -1   77     10.366     11.623      2.077
  -1  971    -15.586     13.950     10.365
1062   -2     -8.252     20.043     10.969
  -1   -2     10.401     17.512     11.064
 506  902     26.373     13.651      8.860
  -1  648      0.292      7.676      3.749
  -1  990      0.052     16.308     11.702
  -1   -2     21.500    -14.546      7.046
 773 1044    -11.897    -18.760     10.847
  -1   -2     25.120     10.788      3.847
1027  520      7.694      7.247      7.026
 614  962      8.357    -18.286     10.076
  -1   -2     16.246     18.192      8.702
 360   -2     13.515      3.434      7.649
 980   -2     23.130    -17.337     10.684
  -1   97     -9.037     -5.066     -0.791
1177 1188      3.950    -16.774      7.417
  -1   -2     20.241     10.564      1.492
  -1  625    -14.429     -7.366      8.254
  -1  335      6.115     16.687      8.432
  -1   -2      8.241      2.999      9.912
1148   -2     23.119     10.980     -7.346
 819   -2    -11.379      7.959      3.076
  -1  978     -3.256    -16.375     -1.274
 926   -2      7.749      7.996      7.638
  -1   -2     25.908     12.693     12.055
  -1  697      9.344      4.253      9.268
  -1   -2    -16.222     -2.774    -10.894
  -1   -2     11.698      3.636     -1.896
  -1   -2      1.002      8.740      7.170
 799  477    -10.510     13.266      7.673
 789   -2    -18.488     -5.323     10.211
  -1   -2     -2.776     -5.753     -3.457
 528 1169      7.705    -12.754      3.504
  -1  950     13.768     12.984     12.350
1063   -2      7.822    -17.088      5.028
  -1  437     17.462      6.262      1.756
1042   -2      8.935     13.061      9.919
  -1  358     13.414      7.764      4.409
 842   -2    -18.252     13.235     11.387
1225   -2    -17.613    -10.110     10.585
  -1   -2     -4.753      9.703      8.178
  -1  713     20.452     -5.050      3.241
  -1    8     -1.364     -0.018     -2.505
  -1   -2    -13.964      3.867     -7.412
  -1   -2      8.113      0.711     11.936
  -1  483     26.982     -0.202      5.323
 451  866    -13.099     11.738      0.208
  -1 1045     -4.747    -12.495      5.352
1021 1106     -5.593     16.450     10.018
1106   -2    -15.005    -19.017      9.332
  -1   -2     11.052     -3.724      3.636
 834  347      4.074      6.102      3.996
  -1   -2    -12.683     15.280     11.414
  -1   -2      1.935      8.700      0.415
  -1  696     19.510     -2.938      6.702
  -1   -2     -7.378     -8.989      7.188
  -1  965     23.249    -15.699      5.383
 114 1025     22.253     10.379     11.042
 954   -2     20.522     -4.602      7.371
  -1   -2      5.536     -9.247     11.571
  -1   -2    -12.023    -18.517      6.303
 854  573    -15.647    -12.820      4.754
1101  846     -9.751    -18.510     11.442
  -1  823     26.109     -9.799      3.668
  -1  456     25.657      2.542      3.881
  -1   -2     11.822    -18.184      6.602
  -1   -2    -19.927     -0.709      3.333
 485  162    -18.804     12.474      7.738
  -1   -2     -4.893     -1.465    -11.067
  -1   -2      1.277      4.297    -11.566
  -1   -2    -12.100     -1.935      3.949
 433  174     -2.430     -1.199      3.465
1081 1119    -14.691     16.697     11.579
1170  789     -6.703    -17.251      7.032
  -1   -2     24.183     12.098     12.170
  -1 1035     14.116     10.655     12.139
  -1  824     -4.280     18.575      9.444
  -1 1000     -6.039     11.930     11.208
1242   -2     15.962     -3.143     10.543
  -1   -2     -1.278    -10.292      3.110
 129   -2     10.792      7.193      5.961
  -1   -2      6.613     12.746      0.503
  -1  431     -2.034     13.937      4.984
 724 1028     -9.592    -11.072      8.018
  -1   -2    -16.823     10.001     -9.581
 258   -2     19.411      6.074      3.742
1110   -2     11.618      6.491     -3.746
 287  515    -13.691      5.843      4.439
 736  280      3.629      7.684      7.496
1073   -2      6.456    -14.371      5.401
 931   -2     12.408    -12.998     11.355
  -1   -2     -5.411     15.356     10.957
  -1  336     -4.624     -8.969     -1.918
  -1   -2      7.902      1.323      3.756
 920 1128    -10.695     16.971     11.269
1105   -2     26.370     11.035      3.207
 686  382    -18.155     10.986     11.855
 447  942     -3.307     -1.304    -11.765
  -1  156     -1.318     10.397     10.859
  -1  248      9.314     -7.783      6.022
  -1   -2     23.255      6.368     10.917
  -1   37      2.196      5.414      6.731
 969 1064     14.305     16.743     10.900
  -1   -2     18.610      6.479     10.162
 398  566     20.626      6.857     10.218
  -1  258     24.381     -5.944     12.289
  -1   -2     -7.369     -4.696     11.965
 870 1116      8.782    -11.058      7.672
  -1  216     -0.443     -6.136      8.970
1023 1068     20.110     16.351     11.324
  -1   -2     16.886      9.402     12.251
 501   -2    -11.708    -10.070      8.848
  -1  647     17.396      2.536      3.144
  -1  605     -9.146    -15.720     10.168
 170   -2      0.818      7.682      8.469
  -1   -2     -7.844    -12.418      0.688
  -1   -2     14.816     -5.439      6.385
  -1   -2     -7.592     19.744     12.546
  84   -2     14.973      7.637     -6.003
  -1  577      9.220     13.447     12.236
  -1  206      6.393     -2.194      3.493
 436  888      3.433     12.333      9.331
  -1  840     29.587      7.534      9.910
  -1  303     -4.470      8.476     10.956
  -1   -2      5.956      8.422    -12.448
 592  804     23.113     -0.934      8.767
  -1   -2     21.303     16.546      6.143
 493  911     10.587      9.718      6.273
  -1   -2     22.344      6.511      5.666
 122  559     22.263     -3.946      9.731
  -1   -2      3.583    -17.358     10.955
  -1   -2     13.770     -4.522      6.185
  -1   -2     -7.260     -6.855      4.714
 812  593      0.324     -2.063      7.999
1188  260     19.577     -4.457      7.745
 302   90     -4.756      9.556     -6.701
  -1  104     -4.538      5.544      2.247
  -1   -2      3.716     -4.071      4.909
  -1  704     27.108      2.065     12.516
1087   -2     14.915     -3.636     11.442
  -1   -2    -16.323     -7.389      9.886
 463   -2     19.510     -9.996      8.434
1155 1093      1.465     17.907     11.445
1123  729      5.515     -9.866      5.059
 380  886      7.700     15.081     10.972
  -1 1092      9.462    -18.947     11.832
 161  994    -13.206      2.857     10.036
  -1   -2      3.305     16.618      3.972
  -1   -2     14.785    -14.880     -0.608
 470 1114     -7.413     -9.941      8.297
  -1   -2      6.953     -5.698      4.951
 533   -2     11.948      6.604      9.122
  -1   -2     -5.041    -18.337      6.511
 684   -2     10.337    -10.890      9.971
 816   -2     19.820      3.850     11.081
  -1  618     27.816      9.111     10.253
  -1 1015     22.976     -1.014     12.172
  -1   -2     18.164      1.762      7.828
  -1   -2     -6.257     -1.748    -11.722
1067   -2      4.793     11.814      2.732
  -1   -2     11.041      1.869     -3.592
  -1  884     24.871     17.661      8.722
  35   -2     11.493     12.357      1.826
  -1   -2     15.726     -0.964      4.210
  51 1112      7.030     -9.626      8.638
1165   -2     14.091      5.396      5.154
 689   -2      1.929    -15.398     10.517
 952  524     -2.548     -9.230     11.296
1227 1069      9.038    -18.117      7.981
  -1  223     -0.897      1.772     -3.016
  -1 1293     -4.544    -20.621     10.425
  -1  372     10.473     -2.086     12.229
  -1  544     -4.261     17.163     11.528
  -1   -2      5.595     -2.640     11.047
  -1  728    -16.842     -9.570      7.906
  -1 1030     -3.378    -23.762      6.195
  -1   -2     22.775    -19.414     12.365
  -1   -2    -18.214    -14.898      6.265
1219  730     21.948     17.360     11.894
  -1 1196     23.789     19.119     12.664
  -1   -2     11.051    -27.974     -6.504
  -1   -2     -6.747    -18.215     10.616
1205 1265     24.926     23.206     11.059
  -1 1212    -26.600    -10.793     12.736
1212 1197      3.945    -28.787     -1.774
  -1   -2     22.333    -22.471     10.783
  -1   -2     13.611    -21.008      8.970
1203   -2    -24.640    -11.047     10.569
1217 1207     14.513     27.729      0.826
  -1  552     14.920     22.379      9.727
 983  955    -16.124    -17.566      8.716
 942   -2    -22.451    -12.446      7.136
  -1   -2    -23.292    -11.287     11.494
 820   -2    -21.552    -10.587     11.849
  -1   -2    -17.800    -19.835      8.804
  -1  588      7.631    -15.160      9.817
  -1   -2     -4.220    -19.732     12.866
  -1 1209     20.159    -18.029     12.722
  -1   -2     12.137     33.396     -6.409
  -1   -2    -21.302    -14.827      9.939
  -1 1267     16.015      1.853     10.274
  -1   -2     16.025      1.787     10.108
  -1    6     12.999     -8.892     11.876
  -1   -2     12.895     -8.939     11.799
  -1 1080    -11.224     13.862     11.079
 127  123    -13.072      0.101      3.491
  -1   -2     -4.087      1.806      8.932
  34 1224     23.360     -2.074      8.449
  -1   -2     17.317     -0.892      8.583
  -1   -2      3.286      6.565      2.836
 102   -2     13.633     11.601     -3.181
  14  262     18.450     -0.231     -3.592
1246  142     19.137     -0.101     -8.014
  -1 1222      9.138      9.316      0.438
  -1  539     18.882     -6.203     11.536
  74 1146      5.045      0.520      5.933
 204    7     -9.490     -3.152     11.601
1240   -2     -9.374     -3.014     11.149
  -1   -2     16.766      7.681     -5.080
  -1   -2      3.683     11.084      1.643
 162   55      5.236     -0.126     -3.958
 185 1096      1.947     -9.428      5.475
  -1   -2    -14.670     -1.242     10.065
 159 1233     14.025      4.080     -7.513
  -1  613    -19.014     -2.761      8.264
 279 1242     16.014      8.225     -6.310
  -1   -2     -8.985     12.877      1.076
  -1   -2      6.616      8.357      2.218
  -1  141    -14.863     -1.861      5.570
 966   -2     -5.809     10.479    -10.656
 922   -2     10.964     16.072      4.988
  -1   -2     -5.451     16.101      6.806
1167  761      5.546     11.662      4.939
 514   -2     -9.702     -5.863      1.768
 438   -2     14.936     -3.411      5.347
 653  699     11.931      6.952     -0.231
  -1  327      9.463     -8.112     10.526
  -1 1078    -15.960      1.410      8.846
 712   -2     12.427     -2.883      6.649
1140  961     -2.972    -12.152     -5.132
  -1   -2     -8.864    -10.075      5.618
 419 1249     12.012      3.505     11.008
 586  583     24.720      5.001      9.294
 771  228     -7.565     -6.238     10.647
1268  178      7.735     -3.941      1.271
  -1  803    -17.162     13.605      7.950
 337   -2     -1.299      4.411      9.212
 319   -2      5.093      8.648      9.134
  -1   -2     -3.266     16.920     10.781
1211 1266     11.051    -27.974     -6.504
1232 1268     12.999     -8.892     11.876
  -1   -2    -17.992      2.231      5.939
  -1   -2    -11.224     13.862     11.079
1289 1298     17.331     -0.905      8.586
 449  766     15.939     -5.323      9.411
  -1   -2     16.766      7.681     -5.080
   6   -2      2.730      0.291      3.850
1295   -2     18.820     12.134     -5.120
 261  394    -12.844     -2.053     -3.420
  -1   -2      3.209      0.113     -7.421
1243   -2     -5.742     -0.662      4.696
  77 1287     24.123      3.578      1.937
  -1   -2      3.683     11.084      1.643
1255  212     -8.711     13.239      0.139
  -1   63     21.426     -2.599      3.098
1247   -2     23.087     -1.699      7.771
 132   13     -1.149      3.532      0.035
 461   -2     17.546      4.095      4.779
1234 1269     -4.087      1.806      8.932
  -1   -2     13.971     -9.377     -6.625
  -1   -2     15.845      1.952     10.635
  -1   -2     15.845      1.952     10.635
  -1   -2    -11.224     13.862     11.079
   2   -2    -17.992      2.231      5.939
1305   -2     16.802      7.697     -4.982
1301   -2      6.615      8.329      2.120
 361  244      3.683     11.084      1.643
  -1   -2     -5.156     16.020      7.196
 399   -2     -5.213     15.913      7.358
  -1 1301     19.362     -7.478      3.930
  -1   -2     19.362     -7.478      3.930
  -1  600     -2.395     -5.481     -6.334
1231   -2     16.015      1.853     10.274
  -1   -2    -11.224     13.862     11.079
  -1   -2    -11.224     13.862     11.079
  -1   -2     10.879      2.490     -8.092
1297   -2     -3.429    -17.378     10.041
  -1   -2    -11.224     13.862     11.079
  -1   -2    -11.224     13.862     11.079
1318   -2     16.382      3.706     -7.866
1311 1303     10.879      2.490     -8.092
  -1   -2    -11.224     13.862     11.079
  -1   -2    -11.224     13.862     11.079
  -1   -2     -2.395     -5.481     -6.334
1312   -2     -2.330     -5.455     -6.336
1323 1313    -11.229     13.880     11.052
  -1  403     20.365      9.433      6.961
1326   66     -5.661      0.176     -7.533
