1344
  66   36     -9.866      5.848      8.163
 174   -2    -10.798      7.957      9.790
 580   -2     15.944      1.788     10.367
   6    9    -12.873      6.292      8.796
  -1   15     17.835      1.954      6.221
   2 1221    -10.445     -2.257     11.763
  -1   -2      7.069     -5.818     10.668
1230   -2     -3.386      3.639     11.267
   7    4     12.902     -8.871     11.747
  -1   24     16.326      3.782     -8.145
  -1 1284     -3.347      1.057      6.726
  -1   23     16.382     11.136      4.309
  21   -2      0.721     10.574     11.025
  -1    5    -10.472      7.431     10.151
  -1  103      5.079      7.944      3.138
 279   -2      8.907      9.469     -0.034
 926   -2    -11.155     13.913     11.112
1253 1050     16.338      0.317      5.401
 467   -2     -8.100     -1.739     -0.272
 361  423     -2.391     14.742      7.163
  -1   -2     -6.774     -4.734     -9.428
  54 1136     -5.514     -1.500     -7.364
1270  972      3.587     -0.594     10.802
  -1   19    -10.698     -3.236      7.983
  -1    8      3.655      2.774      2.205
  39   -2    -16.458      0.457      0.021
  46  514     -8.301      5.718    -10.325
  -1   47     18.301      2.173     -0.875
  -1  386     -9.259     11.909      1.109
1274  127     19.732      3.548      4.925
  31   13     17.445     -1.255     -7.056
  38   12     19.803     12.671     10.953
   5 1222     12.004      6.725      5.148
  25  822    -15.124     12.651      3.805
  -1    2    -17.960      1.757      6.944
 587   -2      7.272     -7.734      5.166
  47   52     24.398     -1.997      7.324
  43 1234     -5.825     -0.879      4.052
  -1   -2     10.785     -0.669     -9.261
 106  106     10.032      8.630     -9.524
  -1 1293      5.680      0.573     10.566
 108   -2      3.267      9.793      5.746
  -1   -2      2.138      0.540      3.406
  -1   -2      4.054      2.977     -4.075
 740   -2     15.837     -2.859      3.775
 721   31      4.806     -6.112     12.541
1199  303     12.814      6.359     -1.828
 662  337     -2.249     15.440      9.683
  -1   -2     -7.083      7.953     -9.095
  -1   -2    -12.118     -0.452      3.645
  -1  354     -5.811      0.289      5.986
  32   73    -13.222      1.244     12.057
 903   89      9.338     -7.287     10.680
  68   25    -14.244     10.629      6.384
  35 1231     21.067     -4.826      2.766
  -1   -2     10.118      1.132      0.711
 692  764    -17.620     -2.508     12.640
  -1   -2      1.353     10.626     12.562
 791   -2     13.131     -5.430      8.500
  27  286      6.610      0.973     -3.239
 190  874      7.311     11.417    -10.058
  87   33     -9.089      7.841     -0.505
  -1  393    -16.517     -0.518      5.916
 158  257      6.885     -6.431     -2.425
  -1 1290     24.853     -4.383      7.572
  -1   84     16.780      7.766     -5.443
 452  520     -4.832      6.498      2.946
 116   90     23.720     -6.787      1.643
 148   -2      5.933      5.319      3.753
  -1   -2     -5.538     -0.238     -3.858
 254  542     19.502      4.717      2.114
  -1  261    -17.303      2.669     11.784
1200  212      1.486     -1.288      9.093
  30   -2     20.987      8.755     11.041
  -1   -2     10.779      3.528    -10.154
  -1   20     12.103      5.129     10.411
  65 1240    -11.584      6.896      2.135
  22   -2      3.135     -0.604    -12.232
  85  189     18.589      8.026      2.768
1150 1095     -1.795      9.725      7.277
 663   48      3.434     -3.515     11.137
 411    3     14.508      3.508     10.734
 536   -2      9.571      9.577      0.357
 787   -2     -9.502      0.275     10.714
 330  347     -3.715      3.880      6.940
  -1   50    -13.454      7.256     -1.247
  -1   -2     10.034     -0.738      8.483
  83   -2     13.358     -0.544     -6.405
 272   -2     16.189      0.551     -5.647
 192 1253     12.190     13.558      0.663
  -1   -2     11.465     15.199      2.057
 102    0     -9.522      4.017      5.429
 406   -2     25.674     -5.611      9.207
 571   -2     19.377     12.462      7.817
 569  723     18.266     -4.086      5.187
  -1  113      3.248      0.107     -7.256
  -1   94      9.851      9.719      3.977
  -1   -2     11.154      0.876      8.416
 138   -2     11.988      8.214      1.648
  -1  272      5.193     -0.140     -3.891
 118  590    -11.000     15.995      8.076
  -1   92      0.603     10.863      7.594
  -1  879     11.258      9.507      8.532
 103  714     14.204      3.999      3.132
  -1  191      1.798     11.172     -2.585
  -1   -2     17.151      7.532     -2.761
 597  389    -15.668      4.042      5.031
 421 1133    -12.764     10.939     11.821
  -1 1011     15.056     -8.101     10.311
1301 1317     -9.568     -3.104     11.630
  -1   -2     -1.243      0.779     11.469
  -1   -2      5.807     16.362      5.373
 388  291     18.457      1.528      3.760
  -1  515      7.510      5.500      0.617
 785 1273    -18.221      6.531     10.254
 431  179      0.949      3.527     -9.551
  -1   -2    -10.108      5.921      3.604
  -1 1256     10.209     16.361     10.873
  -1   -2     12.123      9.164      9.406
 176   99     -0.763     14.432      0.525
 437 1099    -18.771     -8.170     10.037
  -1   -2      7.742     -3.278     11.224
   4   -2     15.460      6.444      3.508
 645 1269     13.488     -6.658      9.735
1321   -2     12.299      4.182      8.719
  -1   -2     11.912      5.359      6.014
 510  619      3.533     12.190      5.078
  -1  752      7.818      7.736     11.355
  -1   -2     -7.960     -3.486      0.660
  -1  259     -4.517     13.176      4.726
1261  781     24.909      4.569      6.029
  -1   -2      4.448     -2.968     -1.354
 380  628     16.918     -9.861      7.848
 280   -2      9.471     -3.748     -4.059
  73  484     20.088      7.434     -2.880
  -1  459     -4.036     -2.965      4.647
 337   -2     -9.366     11.688     -6.045
 558  582      4.695     -8.829     -2.370
 588   -2      7.146    -10.525     -3.617
 601   -2     -0.946     -0.168      9.041
 538  139      2.208     -3.737      0.343
 134  335     -3.021     -2.277      5.629
  -1  147     10.397     -1.477     -4.559
  -1  246    -17.328      5.491      0.186
 336 1261      3.221     -0.265     -1.533
 393   -2     22.302     -1.843      9.011
 734   -2    -10.334     10.924      6.241
  -1   -2      1.466      8.399      9.201
 180  690     -5.651     -5.892      9.682
  -1   37      7.963      8.180     -1.354
  -1  302     10.267     11.572      1.877
 167   -2     11.470     11.043     12.350
 166  758     -2.260      0.512     10.302
  -1   18     -1.857      5.685      2.910
  -1  715      1.368     17.737     11.736
1136  240     11.422     16.579      6.007
1124  433      0.491      5.079      7.123
  -1   -2      4.564      8.146     -1.901
  -1   -2     15.798     -1.171    -11.002
  -1   -2     23.848     -3.293     12.471
  -1  730     -7.695      7.123      4.255
 256 1259     -1.455      7.695      4.746
  -1   -2    -17.288      0.531     -0.098
 410   -2     20.745      2.687      7.965
  93  641     20.847      6.070     11.955
  -1  413    -14.055      7.103      3.644
  -1   -2      8.698      5.264     -9.536
 369   -2     -0.016     -3.531      5.472
 120 1246     13.675     -4.318      2.646
  -1   -2    -14.277     -1.267      3.893
 286  439     11.308     11.456     10.347
  67  549      7.106      4.654      7.949
 442   -2     11.092     -4.485      3.051
1132   -2     -7.798     -6.375      9.830
 109   -2      0.596     -1.254      9.524
  -1   -2      5.510     -0.216      5.004
 275   -2     10.827     -7.554      9.756
  -1   -2     -4.770     13.275      2.968
  -1   -2     -9.900      9.506     -6.152
 124   -2     -1.304      3.804      7.346
  -1  366    -17.972      9.481      7.265
  -1  166     -4.320     -2.895      9.740
  -1   -2     -9.858      8.473     -3.964
 223  552     16.829      8.308      8.908
 384   -2      6.564     10.567     11.691
1045  737     12.546     10.836     12.541
1193   -2    -13.379      9.604      0.764
  -1   35      4.414     10.828     -5.955
  -1   -2     11.689     16.453      8.274
 910  789     26.421     -6.304      8.051
1078   -2     23.522     -2.179      8.371
 227   -2     -1.815     13.206      7.669
 373  488    -17.988     -0.054     11.986
  -1  644      5.834     12.443     10.908
 255   -2     21.647     -2.613      3.666
  -1  495     14.704     15.625      2.007
  80  702    -10.293     -4.472      2.638
 858  244     -8.705     12.909     -3.988
 664 1138     19.904      1.159      9.760
  -1  798    -19.740      4.257      7.489
  89   91     12.132      6.425    -12.429
 902   -2    -16.723      2.933     10.962
1015  372    -13.473     10.561     -0.042
1288  461     17.672     -1.797      8.836
1186   -2      9.951    -11.139     11.215
  -1   -2     18.922     -6.267     10.387
  -1   -2     16.593      5.489      3.746
  94 1243     16.740     10.877     -3.311
 754   -2      2.616     -1.182      2.041
  -1 1144     26.685      3.207      6.989
 963   -2      1.633     -7.685     11.806
  -1  324     -2.316      4.424     12.602
 651   -2     21.480     -3.602      4.388
1039  407     11.527     -1.204      6.136
1256  527    -15.170     -4.126      2.440
1246  130      2.484     -7.530     -2.834
  -1  420     16.521      0.039      1.763
  23   -2     17.759      5.972      2.255
 135   -2     14.017      5.168      8.032
 907  997     -9.364    -10.681      2.708
  -1  118     -7.539      3.854    -10.507
  -1  108     13.063      0.731     12.742
 455   -2      7.995      5.390      9.005
  -1   -2    -16.661     -0.649      1.097
  -1   87      9.607      3.601     10.803
  -1   -2     21.780      6.069     -3.920
  -1  826      7.139     13.506      7.837
  -1   -2      7.881    -10.721      5.854
 268   -2     23.917      2.824      1.388
  -1  770      0.208     -2.648     -0.395
1249  896     -0.103      9.222      5.700
  -1  241    -14.268     -1.304     11.150
  -1   -2     -0.260     10.079    -11.232
  -1 1073     23.643      1.085     12.420
  -1   -2      7.120      1.833     10.088
  -1  421     22.713     11.003      9.325
1089  161    -10.934     -1.398     10.289
  -1   -2     18.222     10.304     -0.256
 101   68     11.621      2.888     -0.767
1196   58     -3.663     -0.227      4.161
  -1 1312     16.796      5.924    -11.036
  -1   -2     26.093     13.443      7.843
 265  908     -7.189      7.227     -7.048
 780   -2    -13.444     11.240     -6.189
  -1   -2      0.358     -6.769     -5.159
  -1  985    -14.215     -2.057      1.752
 204   -2     20.741    -10.312      6.867
 543   -2     24.822      2.965     11.673
 160   -2     10.028      3.631     12.283
1265  953     -2.494     13.539     11.049
  -1   -2     13.041      9.305     -9.488
  -1  526    -15.413      7.440     -9.071
 500  544     13.314     -1.532      9.316
 251   -2     -4.053      8.507     -4.678
  -1  917     14.832      4.745      8.285
 676   -2      8.542      0.201     11.789
  -1 1189    -11.026     -2.918      4.637
 808 1103     22.018     -5.524     10.046
  55  363      9.055      2.898      3.350
  53  216    -11.111     -9.460     10.019
1178  671    -15.701    -10.605      9.056
 724  186     -1.191     -0.107      2.886
 291  331    -15.357      0.923      9.728
  -1  219    -11.842     10.061     -8.613
 761  678    -12.168     -4.021     11.770
  -1   -2     16.674     14.807     -0.564
1053   -2     -5.238     12.133      8.924
 141   -2      5.976     13.125      7.138
  -1   -2      2.464     -3.045     -3.981
  -1  469    -12.348      8.114     -9.976
 150   -2      1.085     10.149      5.992
 748  320     -6.122     14.294      6.440
1154  211      4.925      7.671     -4.074
  -1  321    -13.003      2.455     -4.710
  -1  904     24.093      2.353      7.183
 196  905     12.810     -7.543      1.507
  -1  201      1.954      9.083      4.650
  77 1241     -0.136     -3.773      3.388
  -1  438     10.758     -5.637      9.876
  -1   -2      6.669     -6.280     -7.614
 307  394     22.451      2.269     -3.112
  -1  640     16.277     -8.855      1.916
  -1   -2      0.201     10.427     -4.144
 171   -2      5.433     -0.322      7.254
 172   -2     10.253      4.995      7.350
  -1   -2     19.790      3.784     -2.152
  -1   -2      1.511      0.626    -10.996
 273  306    -18.439      5.230      3.252
  -1   -2    -12.497      5.369      1.592
1188   -2      4.661     -0.379      9.524
 693   -2     25.956     -7.580      8.929
 760  984      7.915     14.905      9.429
  -1  762      1.956      5.487      7.380
 163 1084     24.114      7.162     11.201
 213   -2     23.563      0.391      7.762
1158   -2     20.676    -13.670      8.131
   0  774     -9.983      8.263      5.395
 165   -2    -15.584     14.507      7.343
  -1   -2     26.743      7.912     11.652
 851   -2     -2.343     -7.735      6.419
  -1   -2     15.083      6.752     -3.097
 182 1248     17.222      0.830     -3.573
 945   -2      5.624      2.894      2.916
1290   -2      1.854      7.275      4.362
  -1   -2     19.907     -1.233      3.805
 468   21    -18.183     -2.136      7.627
 976   -2      1.755      8.368      0.805
 430   -2     12.115     11.052      4.788
  -1   -2      8.200      1.867      4.834
 226   -2     10.552     13.957      4.736
  -1   -2    -15.520     10.266      4.893
1250  721      5.740      9.855      7.598
 152  553    -12.496      8.008     -6.615
  -1   -2     13.112     12.630     10.739
  -1   -2     22.612      2.901     11.792
 228  891     -3.591     10.947      8.716
  98  249    -18.788      0.103      6.255
  -1   -2      3.294     11.143     -9.985
  -1   -2      5.433      1.845     11.452
1137   -2     -8.309     -2.538     10.146
  -1  283     18.187     -9.701      2.489
  -1 1054      1.688     13.470      8.652
1049   -2      8.677     -1.177      9.106
 589  809     -3.058      5.305     -3.603
 441   86    -17.533     -0.945      6.614
 529 1066     11.637     13.769      5.278
 892   -2    -16.528     12.086     11.107
 487  312     12.704    -13.207     -2.793
 349 1262     17.389      5.523      5.587
  -1  656     14.599     -4.931     11.282
 946  504     17.252     -0.831      8.936
 267  325    -15.839     -4.582      9.496
 264   -2    -12.305      0.028     -6.190
1073  558     26.811      9.289     10.581
  -1   -2      9.706     -6.061    -12.369
  -1   -2     13.374      4.202     -3.978
 680  368     -0.683     -8.045      3.009
 466   81     23.832     -0.389      8.957
  -1 1110     -8.434     -4.981     -5.959
  -1   -2     -1.340     -7.324     12.054
 288 1260    -17.600      9.119      0.811
  -1  442     16.156     -3.775      9.665
1034  654     23.237      1.814     10.101
 695  332     21.252     -2.754     12.179
 653   -2     17.240      1.598      4.021
 439   -2      1.167     -3.110      9.031
 402  580     18.652     14.113      2.974
  -1   -2     18.204      5.869     -3.304
1242  217     17.391      8.611      4.469
  -1   -2      7.498      7.165     -4.521
 333  197      0.271      0.296      9.766
  -1   -2     -5.768     -2.593     -2.728
 320   -2     -5.819      0.855     11.349
 348  913     -3.533      7.349      4.119
  -1   -2      9.693     -8.212     -8.779
  -1   -2     16.234    -10.756    -10.011
1036   -2    -11.921     10.820     -0.181
  -1   -2     -6.039     -2.097      1.899
  -1   -2     24.822      1.269      8.321
 796   -2    -11.022      3.824      9.169
  -1  205      4.388     -2.443      2.782
 429 1249     20.785      9.919     -0.592
 408  151      5.162     15.116      2.036
 673   -2     17.358     -6.642      4.593
  -1   -2     11.605      0.464      1.108
  -1  923      0.876      4.145      0.142
 457  209     13.913     -7.510      4.496
 342   -2      6.907     13.635      0.366
 234   -2     17.706     -3.937      1.957
  -1   -2     15.594     -8.321     -1.556
 652   -2     14.705     16.924      9.213
  -1   -2     11.428      2.174     12.485
 640  647      1.219     -9.525     -1.382
 161  554     11.205     -1.102      8.798
 958   -2    -12.953      2.233      6.933
 451  686     -2.586     -1.860      9.077
 685   -2     10.045     -5.955     -2.476
1117   -2    -10.218     -4.535     12.366
 735   -2     18.907      5.768     11.796
 616   -2     23.210     -1.096      2.977
 657   -2      6.944     -1.793     12.362
 768  636    -15.050     -8.447      5.105
  -1   61      1.859     -0.375     11.251
  -1  193      4.198      1.407      0.153
 541   -2      5.478      1.043      2.413
  -1  165     -9.443    -12.371      4.753
1214  692     19.384     18.795     10.861
  -1  402     14.952     12.333     -1.904
  -1   -2     13.464     -1.998      1.630
 944  218     -3.481      8.925      9.769
  91  404      4.977      8.615     -7.840
 357  357     -7.837     15.747     10.533
1129  506     20.195     12.493      3.882
 728   -2    -16.545     -2.821      3.365
1123   -2     18.734      4.180     10.038
 482   -2     17.778     12.624     -2.033
 483   -2    -12.351     -1.677     -6.483
  -1  799     -3.737      4.259      3.099
 714  295     15.194      3.282      6.656
  -1   -2    -16.186     -1.447     11.908
  -1   -2      1.398      6.421    -12.659
  -1   -2     13.754     10.143     -1.584
 258  214     -7.793     -4.461     12.246
1190 1280     18.057      4.331     -0.420
  -1 1002     24.274      4.245      6.118
1260   -2     -0.249      1.689      3.225
  -1   -2     14.101      1.875      6.254
  58  859     -1.313     14.710      3.028
  -1  935     12.404     13.248      4.882
 304   57      8.541      2.208      8.185
  -1  899     14.201     -5.903      9.533
 137  587     -4.384     -2.455      2.497
 332   -2      7.185     -7.812      8.721
 173   -2    -19.914      2.949     10.568
 699   -2     12.482      4.033     11.376
 512  676     10.384     -1.318      5.256
  -1   -2     -4.741    -10.370     -1.161
 639  922     -6.760     -1.793      7.332
  -1   -2     19.424      5.839    -10.388
  -1   -2     16.954     13.136     12.420
  -1  600    -13.576      0.374     -5.155
  -1   -2     10.621      4.706     11.502
  -1   -2      5.774      7.302     10.502
 624  125    -13.543     -8.161     10.312
 710  975      4.892     14.383      7.622
 730   -2     20.810     16.416      9.748
 318   -2     14.462     13.245     -6.839
1282   -2     -8.745      9.495      7.882
  -1   -2     14.125     -6.767     12.449
 253   -2     -3.754      3.194     -0.024
  -1   -2     15.146     -1.193     -5.735
  -1   -2    -13.282     -1.534    -10.378
  92   43     -1.388     10.606     10.148
  -1   -2     -2.563     -2.603     -9.876
  -1  502      0.165      1.834      7.653
1146  779     -6.809    -10.941     -1.652
  -1   -2     11.288     13.497     -3.233
 311   -2     20.507     -0.341     12.204
 130   -2     20.502     -6.972      2.806
1050   -2      1.434     11.974      7.222
  -1  116     -7.621     -2.296      4.962
 504  613     22.489      6.961      2.533
 816  181      9.106     10.206      7.946
 803   -2      7.100     10.652      6.337
  -1 1043     19.906     10.882      4.696
 371  350     -8.789     13.078      2.145
  -1   -2    -19.541      5.419      7.832
 814   -2    -14.711     12.956      8.921
  -1  292     -4.750      6.842     10.359
  -1   -2     21.586    -11.674      6.352
1285  183     -3.586     15.082      6.202
1083  555     11.398     -4.833     10.156
 568   -2      1.827     -9.321      5.710
 649  857      4.894     -2.701     12.638
 677   -2      0.760     -3.820     12.502
1116   -2     17.701     -5.734      9.132
  -1   -2    -13.067      1.213      4.255
 202  117      8.029     13.815     -5.009
 599  725     12.682    -10.184      6.898
 977 1141     -7.082     -9.114      7.988
 480  666     24.572     -7.708     11.503
 900  716    -14.884     -0.328     10.337
1100  773     -9.054     11.654     10.215
1271   -2     -7.248     -6.611     11.162
 827  334     25.768      1.945      7.443
  -1  336      9.013      1.804     -5.181
 778   -2     23.149     14.609     10.155
  -1   -2     14.347      2.171     10.560
1187  761     24.082     16.797      7.710
  -1   -2     -9.666      9.465      8.054
  -1  588     -6.545     12.616     11.669
  -1  927     14.664     13.325     12.194
1247  422     -5.367     16.043      6.777
 537  507     -5.177     -5.082     11.946
 220   -2      2.790      1.333     -6.558
  -1  248     11.021      3.338     12.000
 896  360     22.093     -9.282      8.628
1035  849     24.930     12.022      7.824
 957  870    -10.871     -7.225      5.067
  -1   82     -9.663     15.330      3.146
 952  509     25.266     -2.229     10.903
 378  653     19.359     -0.997     -1.465
  -1   32    -14.967     -5.937      0.286
  -1  270     16.302      6.080     11.635
  -1   -2      0.588      4.158     -8.972
  -1  674      5.777    -10.136      2.652
  -1  362      6.709     -5.102      7.488
  -1  405     -1.784      2.730     11.764
1257 1070    -16.696      4.133     -6.475
 399   -2     18.384     -0.747      4.984
 436 1263     -0.300    -10.513      0.839
  -1  713      7.942     12.208      0.786
 609   -2     16.522     -6.483     -0.416
 551 1267     21.880      0.517     11.530
  20  643      3.460     -5.817     12.401
  -1   -2      1.634      9.551      3.319
  -1 1129     15.193    -10.038      2.539
1281   11      6.889     -6.806      7.584
 716 1096     26.411     -1.085      9.854
  -1   -2     15.546     -6.165      3.639
 938  673      7.624     14.327      8.005
 427 1013     12.405    -10.779      4.657
1069 1077    -17.707    -16.303     11.596
 296  670     24.581      5.936     12.260
1172   -2     -4.369     -8.238      9.858
 219 1106    -18.497     11.820      9.570
 309  503     16.361     -8.173      5.427
 426   -2      4.046      5.159     10.409
  -1   -2    -11.450      2.567     -5.508
 239   -2      8.169     13.868     12.097
  -1   -2      9.443      8.827      3.523
  -1   -2     24.407      7.618      3.161
 521   45     -1.415     14.490      5.421
  90  533    -15.531      6.932      0.054
  -1   -2      6.549      8.482    -10.099
 244   -2     11.405     -8.810      1.081
  -1   -2     20.475      8.432      8.963
 508 1265     17.571      4.396      5.066
 324   -2    -13.241     -8.539      6.617
  -1 1014     24.470     12.169     12.521
1057   -2     13.377     10.666     -1.480
1092   -2     10.663     -6.248      5.958
 694   -2      9.941     -9.773     11.923
1168  785      9.160      7.897      8.747
  -1   -2     18.071      1.242     -8.051
 948  887      9.935      6.396     -0.887
 940  955    -11.033     15.987     10.126
 739  345     21.051     -0.372      2.718
1263   -2     14.573      6.498      0.645
 232   -2     -6.347     -5.235      7.159
 988   -2    -17.385     10.423     11.586
 491  251    -19.294     -0.713     12.397
 370  135     19.044      5.867      7.693
  -1  491     -8.694    -14.070     -0.426
 873 1276      6.521     10.526      6.843
  -1   -2     21.463     -4.108      6.833
  -1  448     15.155     14.735      0.703
1066   -2    -17.824     -5.414      5.479
1058  717     -0.692     -3.730     12.248
  -1   -2     19.836     -1.136      8.298
 444   -2     20.970     10.363      5.214
  -1  227      4.816     14.533     -2.544
  -1   -2     -6.391     14.755      2.786
  -1  466      1.224      6.306      8.368
 779 1018     22.433      3.929      8.141
1028   -2     14.462     15.748     10.171
  -1  539     17.825      3.449     10.553
  10  190     -3.177      1.185      9.266
 418  609     27.201      3.858     11.134
  -1   -2     -2.155      8.569     -9.893
  -1  824     -4.254     -1.452      4.683
 920  487     22.705      2.785      8.012
  -1   -2    -16.078      3.393     -0.651
 113  778      3.293      6.038      9.891
 584  256    -15.891     -0.711      8.886
1064  453    -12.260    -11.360      4.509
 774   -2     24.107      8.957      5.843
  -1   -2     -6.941      4.781     -7.147
  -1  568     25.237     -1.577      1.458
 517   -2      0.019     -9.395     11.108
  -1   -2     15.834     -7.547     -6.104
 552  417     13.185     -6.485      9.835
  -1  853      0.175     16.695     11.500
 990   -2    -18.431      8.924      9.416
  -1  519      3.939     -0.066     10.953
  -1  391    -12.667      3.061     -2.949
 759  594     -8.954     14.604      9.079
 628 1168     24.292      8.561     10.545
 391 1075     20.687     -8.976      1.008
  -1  599      5.100     -9.955     11.651
 595 1117     11.270    -15.528      1.487
 136  254     21.144     10.335      2.348
 423   -2      6.782     -3.176      6.576
 474   96     22.929     11.000     10.333
1042  468      0.838     14.266     -2.055
1017   -2     15.778    -17.179      6.873
  -1   -2     14.268     11.268    -11.685
 207  204     12.792     -2.653      0.629
 365  262      6.137     -3.267     -6.123
  -1 1049     -0.443     -0.076      1.792
  -1  996    -13.401    -10.620      2.829
  -1   -2     23.714      1.501      4.871
  -1   -2     11.136     -2.577     10.547
 736   -2     18.549     -2.227      9.442
 935   -2     10.807      7.389      2.690
 969  228     16.046      7.073      9.724
 834  157     18.817     10.853     -4.749
 869   -2     18.779      8.555     10.960
 666  327      2.696     -5.688     -0.337
 807  268     -3.644     -0.160     11.307
  -1  525    -19.556     -4.887     11.217
 403  860      4.194     13.961      8.196
 901  300      8.169     -0.838     11.116
 532   -2     19.598    -17.247     11.400
  -1   -2     -1.684      2.404      1.762
  15  980    -10.788     -4.734     10.378
 544 1127     23.705      4.792     -0.295
  -1  105     21.809      1.391     -3.802
  -1  936     25.900     -1.754      3.745
 325   -2    -19.182      6.020      8.196
 713  188    -12.498     -4.985     -1.911
  -1   -2     22.057      4.259     -5.265
  -1 1135     24.819     -1.591      3.986
 542  258     24.917     10.241     10.028
 424   -2    -16.714    -10.300      8.310
  -1   -2     -1.579      4.280     12.346
1224  846      8.465    -19.778      9.963
  -1  340     20.468    -17.333      6.046
 494 1264     -6.181     -0.800      7.714
 559   -2     25.875     -0.810     12.381
 322  160     11.728     10.786      2.742
1248   -2    -12.861      2.099      0.406
  -1   -2     13.376     10.000      7.967
1114   -2     17.999    -16.077      4.627
  -1  129     13.489     16.444      3.656
  -1   -2     18.095     11.141     -3.243
  -1  142     18.392     14.181      0.279
1002  213     19.074     -1.248      8.636
 898   -2     -5.168     13.032     11.984
 203   -2      0.770      6.346     11.232
 949   -2     21.326     12.507     10.729
  -1   -2    -17.361     -3.457      0.733
  -1   -2    -13.035      4.175     -1.618
1269   -2     -3.081     14.495      5.557
  -1  379     22.666      0.088      6.406
 271  916     12.828     -3.386      8.893
  -1   85    -11.001     -2.283     10.991
  -1   -2      0.145     -0.621      5.451
 145   -2     15.173     -8.256      7.076
 743 1115     21.975     14.670     10.399
1148  625     17.628     -7.222      6.416
 303  573    -16.615      5.286     -6.202
  -1   -2      1.455      1.797      9.482
 570   -2     20.285     -8.078      3.773
 218  668     -0.881      7.169      0.344
  69   -2     21.861     -6.508     10.842
 756  200     -2.910      3.297     -3.757
  -1 1126      5.996     12.797     -0.435
  -1  398     20.087      0.760    -10.525
 688   -2     -3.658     -5.295     10.928
 669   -2     16.735     13.265     10.327
 407   -2     -3.404    -10.233      0.258
  34  712     16.611     -1.539     10.545
  -1  159      7.066      8.253      5.570
 358   -2     -7.358    -11.816      2.564
 237   75      8.896      4.853      2.256
 321  152     15.459     11.782    -11.213
 697 1085      1.853     -9.911      3.002
1075  419     -1.551     -8.008     12.226
  -1  701     20.793     -2.690      8.726
 179  136     25.066      3.176      4.375
  -1   -2     13.671      9.551     10.692
  -1 1033     16.788     14.027      9.687
  -1  486    -18.535     -6.054     12.209
 123   -2    -12.942     -4.006      2.196
1052  437      1.293     -6.583      3.240
  -1   -2    -11.794     -8.073      1.948
  -1   -2     12.642     15.174     11.323
  -1 1025      9.701    -17.821      9.986
 927   -2     -0.188     -1.701      6.461
 187  611     24.652     -4.909      5.620
1181  976     15.179     13.707     11.795
1026   -2      2.309     12.102     -0.901
 217   -2     10.337     14.638      8.180
 454   -2     15.702     10.366      1.509
  -1   -2     -1.060     12.835      6.868
  44   -2     -2.853    -11.715      7.750
  -1   -2     -3.977     -4.648      8.864
1143   -2      6.218      0.498     11.178
1077  317    -13.037     -3.878     -1.573
 405   28     16.434      3.495     -4.726
  -1   -2      6.808     -4.643      0.016
 772   -2     20.752     -0.991     -0.944
  -1   88    -11.826     -0.603      2.168
  -1  742      3.641     -9.573      4.115
 911  862     -4.567     -8.012     -3.771
 240  745     -2.847     -8.290      7.305
  -1   -2     16.912    -14.686     -2.782
  -1  224     17.466     14.733      0.691
 767   -2    -12.765     14.646      1.843
 198   -2     24.912     -3.651      8.401
  -1  229      3.132      7.014      2.380
 259  269     -1.804      8.056     11.541
  -1   -2    -16.479     -2.867      8.487
  -1  556      9.028      3.416     11.866
  -1   -2     -4.201     16.367      5.509
  -1  319     15.245     -3.953      1.036
1020  569     13.618     16.737     11.802
 396   -2      6.383     -7.952      2.555
 852 1094     24.246    -14.230     11.201
  -1   -2     17.667     10.393     11.400
 125  624     19.213      4.951      7.128
  -1   -2     14.805     16.683     10.668
 489  777     24.908      4.021      9.043
 602  182      6.263     17.627     10.637
 199  410    -15.867      6.135      3.003
  -1  278     -8.814      4.439    -10.990
1070  584     -4.351     14.862      9.136
 515  722     13.694      3.368      9.270
1127   -2     14.939    -18.841      8.238
 867   -2    -15.329    -12.891      4.882
 855  477     -2.473    -11.880     -5.637
 880  660     11.376      6.804     10.455
 702   -2     12.913     10.585      6.631
1173  851     -7.854     -5.559      9.999
 726 1188     -9.047    -13.874      6.264
  -1   -2     18.976     -6.579      2.797
 641   -2     -1.521     -1.143      7.822
  -1  755     21.632     14.315     -3.617
1060  727     15.638    -14.166      3.486
1090  457    -17.606     -7.414     11.293
 712   -2     12.027     -8.318      8.503
 549  266     -1.970      7.594     -5.918
  -1   -2     -1.936     -7.564     -5.512
 447  645      5.853    -10.536      5.552
  -1   -2     -6.988     -4.660     -5.409
 925  358     22.007     15.983      2.483
1276   -2     -3.076      1.534     10.565
  -1   -2      7.355    -11.347     -5.334
 643   -2     17.253     17.105      6.817
  -1  733     21.597     -4.643     -8.473
  -1   -2     19.893     13.257     -5.992
  -1  652     17.944     -2.917      5.922
  49   83     16.659      4.233      0.329
  -1   -2      1.156      5.624      1.074
  -1   -2     14.061     -4.527      9.390
 707  564     21.033     -5.835      5.748
 667  471     -2.106    -13.267      1.764
 623   -2      4.950    -13.757      9.646
 720   -2    -16.403    -12.028     10.397
1144  835     12.090     18.030     11.046
  -1  747      0.545     15.821      3.818
 665  706      7.939    -10.288     10.273
  75 1275      5.422     14.202      3.575
  -1   -2      1.357     11.622      4.593
1160   -2     20.204     -2.392      1.705
  -1   -2     13.624     -6.028    -11.136
 758   -2      5.952    -12.599      7.556
  -1   -2     -4.880      8.990     -8.799
 530  385     21.038     14.754      9.973
  -1  395     24.954      7.407     11.735
  -1   -2     -3.522      5.626      2.783
  -1   -2      3.913    -15.495     -3.717
 648 1270      2.486    -13.175      8.464
  -1   -2      6.238     -7.919     -2.500
  -1   -2     20.829      0.965    -11.569
  -1   -2     17.666     -2.232      0.135
  -1   -2     -8.712     -5.884      3.891
 683   -2     20.080     14.840      5.490
  -1  546     -4.427     -7.075      7.932
  -1   -2     19.930     -2.516      5.426
  -1  767     14.626    -17.514     11.804
1163  784      2.863     12.675      9.349
 404  425     17.316     11.442      6.659
 786   -2     25.767    -12.194     11.143
  -1 1140      4.989     16.384     11.096
 766  929      3.649    -10.950      7.329
  -1   -2     -1.882      6.282    -10.006
 319   -2     20.965     10.467      9.203
 718  445    -14.605      1.691     -8.544
  -1   -2      6.241    -10.644      4.259
 395   -2     26.225      9.279      2.813
  -1   -2     26.194     -7.412     10.784
 635   -2     21.781     13.067      4.211
  -1  711     -9.913      1.732      7.566
  -1   -2     -2.819     12.069      8.897
 660 1005     28.495      6.136     10.180
 513   -2      8.364    -10.089      5.311
  -1   -2    -16.422     17.308      3.071
  -1  834     -4.628     18.794     10.100
  -1  581    -14.267     15.632      5.882
  -1  806    -11.398      4.187      6.305
  -1   -2      4.483     -4.034     12.335
1088  793    -16.086     -4.802     -8.565
  -1  684     15.441     10.582     -0.887
  -1  794     28.178      5.920      7.002
  -1   -2     -2.702     11.877    -11.392
  -1  378      6.029      8.100      9.096
  -1   -2     26.837     13.657      6.796
 960   -2     24.796     -8.519      5.478
  -1   -2     -7.509     -4.001      8.125
 210   -2    -11.385     14.030      0.859
 379   51    -15.728      1.495      9.836
  -1 1021     -4.310    -17.212      6.048
  -1  119     12.081     -6.434      9.307
 979   -2     -3.435    -17.383     10.047
 789   -2    -21.572     -4.402      9.359
  -1   -2    -15.799      2.046      6.482
 266 1163    -13.370     -5.752     11.541
 105   -2     -5.327      6.391     -1.427
  -1   -2    -16.346     -1.450      0.790
  -1  810      2.508     15.403      9.066
  -1   -2    -11.245     10.906     10.882
1162  945    -16.278     14.362      7.964
1222   -2      7.027    -17.005      9.301
 833   64    -12.259      6.825      5.471
  -1   -2     28.618      3.737      8.411
  -1   -2     -2.492      3.102     12.264
  -1   -2     17.443     13.735     -8.086
 545   -2     -6.593    -10.010      7.744
  -1   -2     -4.037     16.890      6.444
  -1  772    -15.346     12.091     -2.791
  -1  563      0.889     -0.077     12.268
 344   -2    -10.287     -0.898      5.656
 647   -2     19.706     13.023      1.406
  -1   -2     -5.552      8.755     -2.568
 519   -2     25.978     -9.722      1.885
 287  481      4.114     10.935     10.854
  -1   66     -8.936     -0.609      0.630
 941  883    -17.045     10.250     -8.060
  -1   -2     23.207      3.637     -5.213
  -1  247    -14.836     10.686     12.510
  -1  505    -14.165     -7.254     11.519
 828  847    -19.529      1.520     10.889
 119  158      4.989      3.793      9.975
 905 1277     -3.291     19.563      9.018
  -1  667     26.868     -3.008      5.920
 805   -2    -10.307     12.258     10.424
  -1  740      7.567      5.915     11.285
  -1  122    -19.801      0.478      7.094
  -1 1308     24.899     -8.517     12.611
  -1  314     -1.354    -10.833      0.033
  -1   -2     15.182      6.093      9.505
 684  387     -6.740     12.638      7.527
 915  939     -1.770     12.779      9.896
  -1 1164      0.225     16.578      9.373
  -1 1076     17.938      2.206     12.626
  -1   -2      0.794      7.319     -8.588
1115   -2     16.083    -18.866      9.297
  -1   -2      8.460     -4.344     12.222
  -1  172     27.825     -7.373     11.464
 890 1191      1.443     13.044     10.711
  -1   -2     -6.949      4.317      1.145
  -1  465     11.358     -7.003      9.446
  -1  630     -8.452     -7.574     11.071
  -1   -2      1.568      8.864     -8.701
 794   -2     -1.796    -17.939      7.080
  -1   -2     -5.054      0.939     -9.817
 856   -2    -17.683     -1.269      2.649
  -1  829    -11.353      1.446      4.152
1096   -2     -0.445     -8.644      5.874
 625  942     -9.010      2.468     10.454
 572   34      2.975     -5.058      9.676
 776   -2     10.254     -0.547      1.591
 104   -2     -7.875      7.033      2.022
  -1   -2     15.777     -7.458     -9.739
  -1 1247     19.543      5.186      3.229
  -1   -2      7.249      3.729      9.748
 214   -2     -8.273     -1.615      5.264
  -1  154    -18.178      8.908     11.095
  -1 1187    -12.837    -10.165     10.837
1005  375     15.162    -10.824      7.722
 999 1001     27.318      7.488      4.815
  -1   -2     -3.176     -1.393    -11.627
  -1   -2    -14.055     10.573    -10.583
  -1  585     24.169    -10.691      4.793
 522   -2      9.249     11.284     11.245
  -1   -2     16.511    -12.182      1.117
  -1   -2      1.348     -1.516    -12.168
  -1   -2     23.463     -9.666     -5.569
 386   -2     15.077    -18.668     10.759
  -1   -2     -1.827      4.960      3.923
1207 1206     24.215     19.077     10.941
 783  273      8.649      7.458      5.574
  -1  578     -4.784     17.769      5.210
  -1  176     -6.786      8.658     -1.342
  -1  175    -11.186      3.143      3.432
 947  699    -16.981     17.486      8.667
  -1  472     22.144     -6.202     -6.110
  -1   -2    -17.691     -6.501      0.962
  -1   -2    -11.985     -7.257     12.549
 469  757     -9.679     -8.587     -7.274
  33  100      1.468     11.083     11.380
 956  983    -13.327     13.510     12.520
 703   -2     -8.988     -3.997     12.488
 261  797    -18.218      7.488     11.129
  -1  496     -8.978     -1.319    -10.655
 822  540      0.152     11.662      7.739
  -1   -2     28.841    -10.811     11.549
  -1  796     23.928     -9.063     12.343
 553   -2    -13.138     15.893      9.786
  -1   -2    -10.259      6.493      0.856
1278 1298      4.970      9.218     10.553
  -1   71     23.815     -0.324     11.933
  -1   -2     12.284    -18.075      7.194
  -1  612     21.487     13.827     10.536
 809 1012      4.997      7.449     11.856
  -1 1205    -17.787    -15.553      4.505
 719   -2     -6.438    -13.817      3.758
  -1  871    -21.557     -3.947     12.588
1245   -2     19.012     -6.612     -1.223
  -1   -2     21.085      4.934     11.429
  -1 1036      2.607    -13.620      1.619
  -1  669     12.580     10.031     -1.684
  -1  807    -19.678      1.772     11.470
  -1  802    -15.965      1.466     12.668
  -1  845     -4.801     -2.273     12.589
  -1   -2     21.846     -0.570     -9.176
 950   -2    -13.266     -3.499     -9.210
  -1   -2     26.346     14.387      5.149
 872  964    -20.097     -4.842      3.423
1101   -2     26.553      9.417     -0.441
  -1   -2     10.215      0.925    -10.673
  -1 1132     -1.300      7.969      7.193
 686  518     21.030    -13.398      0.716
  -1   -2      9.621      4.009     -1.820
 539  865    -11.909     -0.745      9.943
  -1  570     -8.077    -11.075      9.943
  -1   -2      8.792     -3.973      9.577
  -1  298    -19.917      5.359     12.571
  -1   -2     -2.907     -6.193      6.637
1157   -2     -4.442     15.794      7.832
 603   -2     -4.087    -13.811     -1.399
 359   -2      1.141      8.953      7.050
 937 1105      3.509      2.215      7.598
 605   -2    -19.628    -10.495     10.867
 722  614     -4.180     11.577     11.525
  -1   -2      2.406      8.989     10.268
 930  816    -18.115     11.334     12.069
  -1   -2     -3.423     -9.214      1.681
  -1   -2     12.790     -1.592      0.511
  -1   -2    -13.185     11.283      5.580
1169 1042    -10.491     17.256     10.338
  -1  592     23.034     14.912     -2.607
 302   -2      5.792     -4.336      6.818
  -1  237    -15.534     -3.659     -9.365
  -1   -2     -4.707     13.909      7.027
  -1   -2     28.062      8.510      5.265
  -1   -2     -1.667     16.381      0.029
  -1   -2     -9.805      2.151     10.949
1091  855      7.456    -12.623      2.238
  -1  933    -17.615     12.136     12.142
  -1  245     -0.336     -7.635     -7.456
 962   -2    -17.191     13.945      9.873
  -1   -2     19.537      4.527     -5.674
  -1  915     23.761      1.471     12.830
1086   -2     18.796    -13.258      4.699
1139  367     25.512     11.064     11.647
 229  948    -12.130      9.879      7.239
 954  999    -16.746     -1.850     -5.101
  -1 1119    -12.493      9.563     11.439
 197   -2      7.190     10.724      9.652
1018  396      9.181    -16.105      7.847
  -1   -2     -3.439     -3.145    -12.491
  -1  571    -18.863     -9.755      8.869
  -1   -2     13.306      9.947      3.867
  -1   -2    -16.581     -9.443      5.237
 933  479      7.642     -4.688      5.311
  -1   -2     11.169    -10.662    -10.414
  -1  198      5.210      7.311      1.062
 535   79     19.532     11.055      8.994
  -1   -2     -3.294     -2.407    -10.413
  -1   -2     16.244      3.247      2.361
 971 1278     -2.906    -16.014      1.567
  -1 1128    -14.077      2.746     12.111
  -1  562     19.070     10.990     12.604
  -1  297    -14.940      7.575      3.341
1024  780    -10.726    -15.918     -3.818
 871   -2     13.777     -9.979     10.626
1195   -2     -3.484      7.620     12.025
 338   -2     24.303     16.138      8.715
 848  949    -13.843    -10.014     11.553
  -1   -2      1.407    -12.586      0.488
 863  878    -15.694     12.448     10.043
1093  672      1.771      4.988     10.711
  -1   -2     -7.137      0.759    -10.421
  -1   -2     11.827     12.507      9.600
  -1  872     -0.032    -17.526      2.649
1128  906      0.537     15.830      9.323
 801  786    -20.579     -1.145      5.024
  -1 1112     -7.570     19.583     11.646
 865  199     -8.050     -4.965     -1.853
  -1  574     28.585    -11.734     11.763
 936   -2    -15.299     13.374     10.914
  -1 1015      9.899     -3.804      1.541
  -1   -2     -2.146     10.175     11.263
 412 1088     19.088    -15.565      3.708
1272   -2      1.099      3.070     11.388
  -1  682     24.273      0.062      4.991
  -1  184     -4.627      1.734      7.776
  -1  535    -19.291     -3.277      6.449
 294   -2     -4.970     17.296      8.519
1232 1285     -3.056      1.963      5.492
 821   -2     -0.610     17.747     10.955
  -1   -2     22.871     -9.498     -5.978
  -1  458     21.589     14.799      5.114
  -1   -2      5.969    -10.448     12.166
  -1   -2     13.244     12.461     12.260
  -1   -2     23.351     11.682     -6.171
  -1   -2     11.511     -1.717      0.189
  -1  210     -7.177     12.729     -1.793
  -1   -2     -0.823      4.063      5.015
1041   -2    -14.411     14.805     10.880
 876  545     18.250     15.389      8.250
1179 1102     11.636     -9.787      7.664
 854  952      0.522     15.837     11.560
 953   -2     15.006     -5.054      9.860
  -1  902     -5.622    -10.030     12.247
  -1   -2      5.332      9.923      5.230
  -1   -2      5.022    -10.034      5.926
  -1  121     14.941     -0.451      2.759
  -1   -2      1.025      2.654      0.687
  -1   -2     -6.743      4.006     10.880
  -1  464    -11.597      5.258      0.408
 132   -2     -7.387      7.295    -11.592
  -1  150     18.803      4.071     12.554
 874   -2      7.077      2.366      2.970
  -1  610     15.978      2.466      5.785
1040  792     -0.285     18.320      7.465
 838  220    -13.544     12.197      6.860
 784 1125     -8.534    -11.314    -11.098
  -1  434      9.988     13.510      8.903
  -1  550     -3.964     -2.078     -5.724
  -1   -2    -15.835     13.116      6.376
  -1   63    -10.678      7.075      2.119
  -1   -2     -3.126     -1.655      2.517
  -1   -2    -16.045      9.854     -2.731
  -1  675      3.066     -0.450      9.164
 481  741      5.938      2.598     10.924
  57  346      9.922     12.424      5.110
 861   -2     23.959    -15.244      8.277
  -1   -2     -9.054     -3.820      8.017
  -1  998    -10.641     20.074     10.096
  -1   -2      2.461     10.106      8.704
 614  215    -11.855     -0.043     -3.801
  -1   -2      7.253     -0.209     10.422
  -1   -2     19.627    -15.394     11.835
  -1   -2     22.259      6.240     -7.411
 893 1092     -8.204     15.253      0.757
  96  943      0.658      4.683     10.006
  12   77     -3.531      4.430      9.605
  -1  299      5.177      1.789     12.609
  -1  698     13.718      1.470      9.985
1072 1017      7.204    -15.187      5.864
  -1   -2      7.630      8.032      0.916
  -1  274     -7.327     15.162      6.050
1201  930     27.779    -14.584     11.457
 967   -2     26.410    -17.050     10.683
 313   -2    -12.085      7.581    -11.779
  -1  919    -13.643      9.809      9.976
  -1  342      9.828     16.640      7.686
 317   -2     -8.854      7.279     -2.608
  -1   -2    -10.523     -6.682     10.702
 698  498      6.335     -9.114      6.846
  -1  333    -13.381    -13.863      9.119
  -1  296      8.545     -0.536     11.967
1022   -2    -16.355     10.687     -3.270
 931   -2    -15.620     15.732     10.045
1067   -2    -11.121     13.364      4.100
 964   -2    -11.905     11.936     10.314
  -1   -2    -16.583     -6.707      5.597
 636  977     14.304     15.867      6.733
  -1  538     22.970      9.377      5.281
  -1   -2     16.852    -13.039      3.476
  -1   -2    -11.280    -11.541     11.086
  -1  326     27.801      8.175     11.551
  -1   -2      4.894      8.629      3.349
  82 1113     14.497     13.505      8.113
  -1   -2      3.157      0.331      9.758
  -1  893     -2.875      8.604     11.678
  -1   -2     -6.061     12.845     12.053
 306  485     26.145     -4.106     11.427
  -1  436      9.086      1.472      7.729
 773  390    -19.307     11.385     11.173
  -1   -2      1.751     11.917      9.965
  -1   55     25.205     13.312      9.942
  -1  843      9.662      4.872      2.745
  70   -2      7.039     11.972     12.288
  -1   -2     12.940     18.931     11.459
 620   -2     13.849     -1.866      4.427
  -1   -2     27.861      7.357      4.609
  -1   -2     22.983     -1.736     12.088
 409  467     11.176      3.696      9.813
  -1   -2     11.642      1.166      9.341
 633 1268      9.903     -4.173      9.028
 804  301    -13.024     12.858     11.948
1215  759    -12.129    -19.156     11.366
  -1  316     10.684     -6.854      7.799
  -1   -2    -11.525      8.887     -3.812
  -1   -2      7.571     15.964      4.644
  -1  897     21.264    -13.256      8.686
 607 1336    -11.402     15.438     10.546
  -1   -2    -16.157     20.590     11.629
  -1  447      9.769     -4.031     -0.056
  -1  961    -17.288    -11.790      0.443
  -1   -2      8.599     14.517     12.304
1251  934     13.488      6.316      7.877
  -1   -2    -17.320    -12.715      9.424
  -1   -2    -13.885     -7.056      8.722
 277 1100     -3.396     -2.701      0.381
  -1   -2    -15.405    -18.289      7.726
1044   -2      7.653    -18.078      4.483
  -1  313      8.258     -2.596     10.978
  -1  236     10.948      9.704     -5.438
  -1  522      9.246     -5.933     -0.084
1149   -2     10.780    -16.703     -1.895
 631  281     20.890     -4.808     11.486
  -1   -2     -8.067    -13.413     -0.234
  -1   -2      4.051     10.075      7.681
  -1   -2    -13.018     -9.303      1.638
  -1 1200    -16.941    -20.439      7.118
 459 1181    -17.033    -13.952      9.277
 619   -2    -10.506     -3.161      8.212
 576  982     15.883     -1.415     12.412
  -1 1044     -0.006     18.271      4.184
  -1   -2      1.120    -10.590     -2.034
  -1   -2     17.908      9.154      9.194
1166  255     18.108     -1.378      5.037
 492 1170      9.363      4.636     10.915
1171  787     -5.465    -13.476     -0.656
  -1   -2      0.000     12.460     11.307
  -1  903      3.518    -20.442     11.880
 574  776     -3.743     -9.062     11.948
  -1   -2      5.693     15.197      8.178
  -1   -2     -3.427     -4.250    -12.188
  -1  383     10.305      6.090     10.123
  -1   -2      4.086     -3.864     -6.591
1220 1032    -10.088    -17.253     10.118
 392  126      5.978      3.677     -3.605
  -1   -2     -1.618     -5.373      7.163
  -1  683      5.076    -14.336      4.341
  -1  756     16.259      9.743     12.258
 434  140     15.777      8.544     -4.069
1152   -2      5.173    -15.821      3.910
1133  604     -4.642    -11.733      6.153
1094   -2     -5.954    -15.393      6.114
1122   -2    -16.658    -11.525      4.168
  -1   -2     14.080     -5.747      8.336
1014  285     -8.419     17.786     10.959
  -1  322    -14.638     13.852     11.274
1095   -2     16.259      9.217      6.824
  -1   -2     15.930     15.068      2.621
 679  910    -10.108     14.012      0.689
  -1  788     12.082      2.676      8.913
  -1   -2      5.188     -0.227     12.581
 511   -2      0.301      3.450     -4.896
1156   -2     25.725     -4.531     11.321
 560  689     10.191     17.645      9.325
1013  572      5.255     15.843      9.015
 802 1080     -6.507    -11.708      9.635
 185  164     22.387     -2.651      6.586
  -1   -2    -11.409    -15.706      8.942
  -1   -2     22.466     -1.191      8.880
  -1  856      8.049     12.143     10.508
  -1  663     19.863      7.552     12.582
  -1  677     21.400     11.411      9.240
 711   -2     18.667     -9.355      6.154
  -1  163    -10.129     10.137     -3.762
  -1 1020    -13.664     16.580     11.366
 188   -2    -14.932     -1.023      7.341
  -1  924     14.066     -3.298      6.685
  -1   -2    -17.784     -4.496     -4.893
  -1 1151     -7.705    -16.329     11.182
  -1   -2     21.347      7.022      1.159
 630  848     -6.162     11.476     10.224
1079   -2      1.701     17.287      9.616
 292  607     20.289      9.780      3.237
  -1  415     -7.454     -7.358     10.409
  -1 1087      9.132      3.668      7.995
 618   -2     18.213     -0.991      0.978
  -1   -2     22.615     12.496      0.931
  -1   -2     -2.772      1.245      0.452
  -1   -2    -10.412     -0.325      3.155
  -1   -2      8.499      4.718     -0.784
  -1  965      1.518    -10.932     10.390
 155   -2     17.998      0.451      1.798
 425   -2     12.224     17.293      8.749
  -1   -2    -11.671     -6.814     -7.649
  -1   -2     -5.958    -16.415     12.394
 849 1196     22.671     18.739      8.078
  -1  921     22.932     -2.119     12.447
 689  589     16.029      4.792     11.184
  -1   -2    -15.635     -7.721     -9.137
1051   -2    -11.064     16.927      9.768
  -1   -2      0.018     10.537     -0.517
  -1  886      9.669      9.807      7.457
  -1  808    -17.955    -14.312      4.848
  -1  497     20.486     -7.810     11.835
 449  226     17.575     -3.581      9.500
  -1  750     14.390      7.308      4.155
  -1   76      0.935    -10.116      7.029
 690  233      4.576    -15.719      9.241
  -1  827     23.461    -13.261     12.258
  -1 1061     26.671     11.620      7.040
1164 1029    -20.802    -14.854      7.510
  -1   -2     23.141    -19.084      7.204
 918  134     -0.180      7.482      9.650
  -1 1161      7.553     -2.816      5.721
  -1   -2      7.398     -4.274     10.296
  -1   -2     11.195     29.387      4.388
1225  293     26.321     13.289     12.485
  -1  517     22.099    -18.303     12.382
1204  743     16.868    -20.926      9.450
1210   -2      8.103    -22.776      9.195
  -1  801     -3.703    -19.894      8.519
  -1   -2     19.784    -26.556     -2.896
  -1 1057     29.168    -16.707      8.671
1206   -2      2.357    -19.457      9.474
  -1 1193     25.725    -22.917      5.769
  -1   -2      4.826    -28.329      0.409
  -1   -2     -1.195    -20.295      5.519
  -1 1195     12.181    -25.316     11.470
  -1   -2    -26.751    -10.578     12.637
  -1  665      9.593    -20.022     12.432
1213 1281     27.450    -23.226     10.891
  -1  566     12.846    -19.101     11.925
  -1  926     21.503    -18.094     10.551
1219  769     23.700     19.528     12.507
1226  635     -8.228    -19.425     10.410
  -1  651      1.114    -16.551     10.813
  -1 1068     22.362     22.732     12.206
  -1 1147     -6.642    -21.370     12.294
  -1  680    -10.572    -15.123      9.480
1218  602    -23.169    -11.214     11.667
  -1   -2     -5.946    -18.866      8.834
1010   -2     25.273    -17.073     10.181
1202 1218     -0.846    -23.936      8.726
1212 1219    -23.530    -17.414     12.066
  -1   -2     21.313    -16.547     12.882
  -1 1217    -26.632    -11.970     11.268
1221 1212     15.728     22.467      9.966
   1   -2     15.851      1.951     10.689
  -1  892    -10.373     -2.236     11.710
  -1   -2      6.940     -5.830     10.688
  -1 1301     -3.390      3.543     11.258
1235 1288     -1.823      5.585      2.903
  -1 1052    -11.207     13.899     11.152
  -1   -2    -11.207     13.899     11.152
  -1   -2     -3.398      1.053      6.836
  18   -2     16.352      3.687     -7.911
  13 1228     18.279      2.149     -0.518
  -1   -2    -10.952      1.963      3.096
  -1  373     17.437      8.703      4.420
  -1   -2     26.194     -7.412     10.784
1244  339     16.551      1.199     -2.646
  -1 1235     24.535     -1.964      7.571
  52 1236     16.780      7.766     -5.443
  48   -2      3.749     -0.504     11.107
  42 1233    -12.068     -0.487      3.669
1061   39     18.884     -6.302     10.343
1068  101      0.586     -1.438      6.861
  86 1242     16.897      1.149      8.886
  -1  361      5.856      5.319      4.237
  -1   -2     13.978      5.248      8.047
  -1   -2     24.853     -4.383      7.572
 252   -2     10.718      3.177     10.780
1074   -2      8.601      3.094     10.090
 205 1111     19.450      8.558      1.262
  -1   -2    -12.102      1.244      9.012
  -1   -2     10.751     15.692      8.871
  -1  681     20.806    -10.350      6.995
  -1   -2     15.531      6.386      3.408
  -1   -2     -1.233      0.830     11.332
1019   -2     -0.011     10.046      6.030
 446   -2     -2.648     -1.112      6.055
  -1   -2      4.507     -8.835     -2.524
1291 1305     18.485      3.274      8.657
 164   78     -6.043      8.485    -10.158
  -1 1255     22.819      0.870     10.358
 659   -2     21.933      1.121      3.663
 831   -2      0.044     -8.907      7.681
  36 1232      6.515      6.373      3.539
 496   -2     -6.663     12.635     11.593
 140   -2     17.364     -1.563      8.227
 566   -2     24.261      7.650      9.609
 798   -2      3.116     14.252      3.711
 366  280     15.624     -5.644     -4.904
  -1  153      1.128     -2.967      9.451
 326  775    -20.143      3.591      9.557
 980  720    -12.347    -10.798     11.296
 498   -2     -1.398      5.533     -1.913
 250   -2      5.995      4.176      9.947
 691  500     22.315      0.029      9.083
  -1   -2    -12.736      1.758     -1.510
  -1   -2    -17.193      8.624     -0.168
 825   -2     -1.518      4.975      5.166
  -1   -2    -17.204      2.685     11.871
  -1   -2    -16.422     17.308      3.071
  -1  658     12.544     17.267      9.422
 470  131     -3.606     14.451      9.422
 996 1169     -7.533     19.654     11.621
  56   -2    -15.748     -0.073      7.639
1104   -2     18.391      9.502      9.605
  -1   -2     23.608      9.594      8.109
  -1   -2    -11.245     13.838     11.004
  -1   -2    -11.232     13.866     11.080
 790 1041     24.853     -4.383      7.572
  -1   -2     17.263     -0.963      8.654
  -1   -2      7.045     -5.839     10.462
  -1   -2     26.194     -7.412     10.784
  -1   -2     17.437      8.703      4.420
1252  576      5.602      0.496     10.556
  -1   -2     -6.650      7.332    -10.719
1280   -2     -6.757      7.370    -10.493
1277 1252      9.141      0.815     -5.523
  -1   -2     15.570     -3.893      8.164
1266 1294    -16.422     17.308      3.071
  -1   -2    -11.245     13.838     11.004
  -1   -2    -11.232     13.866     11.080
1286   -2     -3.390      3.543     11.258
1284   -2    -10.373     -2.236     11.710
  -1   -2     -3.398      1.053      6.836
 248  370     -3.398      1.053      6.836
  -1   -2     17.263     -0.963      8.654
  -1   -2     17.263     -0.963      8.654
 782   -2     26.194     -7.412     10.784
 884  478      7.045     -5.839     10.462
 401   -2    -14.772     -2.034      5.334
  -1 1039     -9.533     -3.193     11.533
  -1   -2    -11.245     13.838     11.004
  -1   -2    -11.232     13.866     11.080
  -1 1031    -12.980     -2.003     -3.436
  -1   -2    -12.980     -2.003     -3.436
  -1   -2     17.263     -0.963      8.654
1297   -2     16.312      6.496     -9.284
  -1   -2    -11.245     13.838     11.004
  -1   -2    -11.232     13.866     11.080
  -1   -2    -12.980     -2.003     -3.436
  -1   -2    -12.980     -2.003     -3.436
  -1   -2    -12.980     -2.003     -3.436
  -1   -2    -12.980     -2.003     -3.436
  -1   -2    -11.245     13.838     11.004
  -1   -2    -11.232     13.866     11.080
1233 1319    -12.980     -2.003     -3.436
  -1   -2    -11.245     13.838     11.004
  -1   -2    -11.232     13.866     11.080
  -1   -2     17.263     -0.963      8.654
1240  128     19.241      0.057     -8.398
  -1   -2    -11.245     13.838     11.004
  -1   -2    -11.232     13.866     11.080
1236 1330     17.263     -0.963      8.654
  -1   -2    -11.245     13.838     11.004
  -1   -2    -11.232     13.866     11.080
  -1   -2    -11.245     13.838     11.004
  -1   -2    -11.232     13.866     11.080
  -1   -2    -11.245     13.838     11.004
  -1   -2    -11.232     13.866     11.080
  -1   -2    -11.245     13.838     11.004
  -1   -2    -11.232     13.866     11.080
  -1   -2    -11.245     13.838     11.004
  -1   -2    -11.232     13.866     11.080
  -1   -2    -11.245     13.838     11.004
1320   -2    -11.232     13.866     11.080
 289   -2     13.329     11.780      8.923
