1363
  -1   -2    -10.042      5.827      8.233
  -1    1      6.457      1.848      4.807
 835 1209     25.342    -15.534      7.022
  -1    3     -0.922     11.319      3.900
1257  239     15.940      1.953     10.338
  -1   -2    -10.925      7.489     10.002
  22 1258    -11.219     13.826     11.159
   5 1252     12.545      0.192      2.299
   3   14      0.769     -0.435     11.825
 998   -2     18.505      5.203      1.855
  13  490     17.163     -8.914      8.239
  -1   24      3.856      3.087     -4.445
  -1  315     20.011     -3.601     -1.316
 245   -2    -12.927      6.319      8.722
   8   15      4.880     -6.191     12.546
  -1   -2     12.949     -8.907     11.782
1260  401    -16.616     -0.447      5.799
  -1   21     14.836     -0.990     -2.535
  -1   18    -14.387     10.547      6.300
 475  576     20.195     -5.470      3.913
  -1   -2    -16.751      7.500     -2.023
 992   -2      0.853     10.575     10.700
 115  753     13.975      4.531     10.241
  -1   -2      0.057      7.404     12.309
  37 1265      0.189     -2.646     -0.335
1262   22      8.939      9.399     -0.136
1279 1347     18.863     -6.195     10.284
  -1   -2     20.381      5.431     -2.029
1337   -2     16.271      3.751     -7.939
  23 1259      7.596     -6.350      4.389
  42 1298      9.517      3.416      5.014
   0   -2    -10.558      3.952     10.476
1296  973     16.674      9.610      2.571
  -1  151     -4.724     -1.207     -7.062
  -1   -2     16.741     -9.925      5.330
  -1   -2     -0.860      1.691     10.695
  30   -2     -5.888     -0.689      4.086
 997   13    -15.901     14.728      5.908
  -1   -2    -15.106      0.392      4.826
  61 1268     -2.091     15.112      7.056
  -1 1172     13.550     -6.027     11.300
1322 1346     -8.087     -1.683     -0.513
 450  251      8.616      2.481      9.551
 457  932    -15.456     -6.090     -5.323
1162   -2     25.617      1.117      7.007
  -1  198     12.527      3.148     12.074
  -1  208      6.536      8.520     -6.659
  -1   43     -3.567      3.778     10.831
  -1   -2    -14.912     -2.233      5.412
  -1  243     13.002     -6.146      7.764
 505   -2      9.174     -6.413      8.648
  -1   -2     24.409     -1.920      7.277
  -1   -2     15.093      3.804     10.822
  31   -2     12.285      4.188      8.504
 405  179    -20.959      0.593     12.065
  67 1269     19.447      5.123      2.795
 191   73     15.066      7.645     -7.883
  -1  125      3.122      0.406     11.565
  -1   -2     18.921      8.521     -4.267
  -1   -2      3.197     11.297     -3.989
 320   -2      9.447     -5.581     11.044
  41   -2     -1.954      4.900      4.495
  -1   57     12.923      9.436      2.078
  -1 1086      8.975     -5.864      5.771
 110   65     -1.048      6.607     -8.331
1181   81     -8.217      7.297     -3.304
 454  307     19.564     12.942      6.624
  -1   -2      9.123      9.374     -6.034
  -1   -2     -9.664      9.003     -2.949
  -1  588     -7.145      7.631      2.438
 984 1318      6.651      5.544      5.318
  -1  676     10.409      3.832      6.234
 673  463     -3.112      5.226     -3.764
  -1   -2     16.697      7.676     -5.108
  -1   70    -12.690      9.830      2.198
 532   -2      9.759     -0.887      6.938
 352  981      0.997     -4.860      9.846
  52   -2     -9.591     -2.952     11.473
  -1   -2      6.104     -0.063      9.267
 806   -2    -13.863      9.980      0.683
  -1 1349     -0.943     -9.171     10.146
 966  827     13.974     -9.946      8.182
 563  428     24.047     -5.768      7.514
  -1   20      1.977     11.565     11.211
 764  209      4.080      1.780     -0.609
  -1   74     10.833     -1.243     -4.324
 867   -2     13.352     12.411      9.938
 116  124     22.085     -8.191     -2.374
  71  747     17.547      4.546     -8.347
 279   -2      4.286      6.339     -5.285
1146  539      8.451    -10.168      4.844
  68  158     -7.920     -3.422      0.319
 347 1293    -15.719      4.047     -7.172
 220   -2    -13.258      2.975     -8.573
 203 1287     20.237      7.132      9.373
 497   45     25.365     -4.446      5.469
 323   82     23.877      2.845      1.330
 540 1151     20.501     11.514      2.588
  -1   -2     -0.273      1.908     -5.302
 204   -2    -10.159      8.664     -6.382
  -1   -2      7.286      5.018      2.455
 684  332    -13.215     -0.742      6.199
 162 1282      1.014     -1.226      8.737
 216  844     -0.748      4.560      5.524
  -1   -2     18.042      2.867    -11.397
 212   -2     16.399     15.065      1.100
 229  857     24.765      4.877      5.569
 263  177     -5.255     14.728      3.189
 239   -2     11.170      5.401      7.681
  -1   -2    -16.476      0.635      0.221
  -1  113     -9.825      0.394     10.744
 816   -2    -11.871     14.917     10.708
  -1  389     15.183     10.424     -9.853
 192   -2     16.156      1.309     -1.697
  -1 1199     10.067      0.980      1.266
  -1  542     11.293      7.626      3.099
 548  227    -11.257      8.054     -2.275
  -1   -2      5.654     -0.455     10.935
 696  549     -3.386     -4.833      3.422
 978   -2     21.722      6.748      5.046
  -1   -2    -17.182     13.009      9.535
 864  101    -12.056     -0.474      3.512
  28  292    -11.424      9.522      4.042
  -1   -2    -14.477     13.373      9.823
  -1   -2    -12.826     -3.400     -1.709
 413 1296     18.474     -6.526      1.823
1211   -2    -15.360      1.031      9.696
  -1  342     -0.465      0.852     11.776
 277  242     25.920     -7.538      8.895
 121   -2    -11.756     12.877      9.891
 194 1286     12.380     -0.709     -2.383
 907  965    -19.603      6.612      7.374
1011 1260     -6.932     -1.061      6.414
1174   -2    -10.822     16.546      8.467
  -1   -2     12.005      7.545     -3.315
  -1   -2     19.455     12.698     10.371
 149   -2     19.035      5.757      8.501
  -1  951    -15.598     -8.684      3.837
  -1   -2    -14.871     -1.850     -3.377
 525  469    -11.398     -3.454      9.047
 734  907     18.219     -2.093     12.420
1272  216     -7.357     12.738      0.803
  51   -2      5.935      0.636     10.919
  -1   -2      3.443      5.080     -7.305
1079  658     17.790     13.045     -7.251
  -1   -2     13.845     -3.379      0.993
 123   -2     26.390     -6.215      8.103
  -1 1024     -1.115      4.594      7.198
 429   -2     12.234      9.254      9.471
  99 1365     -9.788      1.916     11.715
  50  230     18.580     -0.602      3.866
  -1 1046     -4.738     13.267      5.445
  15   -2     -0.360     10.705      7.610
  -1  942     -5.246     12.117      8.973
  -1   -2     17.273      0.896     -3.989
 278   -2    -17.462      0.230      4.280
  -1  902     16.542      3.452     12.043
  -1  618     21.209     12.505     10.661
 727   -2      3.438     -0.553     10.681
  -1   -2      5.666      0.476     -9.325
 333 1211     12.089    -14.720     -1.964
  -1   -2     -8.083      2.813      0.300
  -1   -2      5.850      9.672     -5.497
 152   -2     11.343      9.678     -4.723
  -1   -2     18.107     10.505     -0.369
 127  660     16.449      1.842      6.852
 943   -2     -7.835      5.151     -0.275
  -1 1357     16.053      4.673     -7.072
  -1   -2      5.440     -3.476    -11.689
 593   -2     -3.919     -3.753      2.754
  -1   -2      9.071     13.651      5.033
  -1   -2    -15.360      9.788      5.425
 799   -2     20.400      9.419      6.987
 774   -2     16.502    -10.411      5.788
 108  117     16.389      6.112      8.917
 209  142    -17.732      5.525      8.348
  -1   12      8.091     -2.759     -4.687
1298  632    -18.931      4.790      9.250
 461  238      1.551     -3.226      9.708
 805   -2    -20.693     -2.308     11.813
1268 1277     17.290      8.695      3.460
  -1   -2      1.696     -3.467    -11.356
 919   -2     -4.196     -3.026      4.361
 757  359      7.116     13.384      1.895
  -1   84     -3.814     -3.289     -4.617
 780  183     -7.826     -6.385      9.861
 100   -2    -12.680     -1.756     11.036
 217  123    -16.430     14.537      3.094
 304   -2     -8.382     -7.897      2.127
 558   89     19.064      2.826      7.276
 258   -2     20.107     -5.590      9.749
  -1  765     -5.720     -4.301      4.879
  -1  553    -15.444     13.098      2.817
 721  552    -14.829     -1.149     -0.181
1072   -2      3.350     12.894     10.807
 122  486     -9.461      8.939      6.772
 545  219     12.672     11.586    -10.458
  -1   50      0.551     -1.354      8.729
  -1   -2    -10.672     -7.747     -2.748
 738 1294     15.090     -4.745      6.541
 275  267     11.651     11.461      9.196
  -1   -2     -7.359      7.727    -11.379
  -1   -2     11.978     13.292      5.429
 897  369     15.212      6.946      4.875
  -1   -2     11.644      2.881     -0.531
 129   -2     16.385     -4.136     -8.468
  49   -2     -9.834      1.099      9.706
1267 1364     11.314     -4.575      3.307
 419  360     19.413     -1.511      7.475
 477   97      9.475      6.781     10.144
  -1  258     19.873     -4.803      0.108
  -1  248     -7.683     15.787     10.685
 226  728     21.737     -6.154     11.499
1293  452     -3.818      3.978      7.365
 494   -2     25.422      9.427      7.101
1213  454     -1.649     10.795     -7.200
  -1  181     14.956     11.525      1.319
  -1  144     20.953      8.742     11.050
 287  289    -16.648     -1.036     11.420
 342   -2    -16.831     -0.058     -1.710
1084   -2      6.829     12.949     -2.151
1166 1060      4.362      4.492     -4.378
  -1   -2     16.088      0.492      5.608
  -1   -2     15.273      5.913     10.945
 156   -2    -14.063      8.384     -3.008
 103  337      7.567     14.130     11.167
1315  126     15.289     11.268     -5.363
  -1   -2      0.739     -0.421    -10.881
  -1   -2     12.099     -5.973     -1.742
  -1  424     -6.817     -2.075      0.966
 725  220     -0.818     14.288      0.342
 983  587     18.763      8.546     10.433
 786    0    -10.206      5.823      4.857
  -1  376     24.529      5.422      9.254
  -1  247    -11.011     -0.446      0.881
1042  727      7.953      9.960     10.466
  -1  215     -1.847      0.963     12.227
  -1   -2    -10.269     11.828     -7.866
 888  287     24.423      3.871     10.568
  -1   -2    -20.220      0.901      8.272
1291  502      8.986      4.903      6.652
 243   -2      3.947     10.340      8.857
 417 1300      6.218      2.296     10.195
 920   75     -4.628     13.259      7.600
  -1   -2     -4.607     -0.580     11.236
1109   -2      6.233      4.969      9.942
1078   37    -10.327      0.342      4.347
 618  288      5.132      2.261     11.097
  -1   -2     16.775      4.083      5.309
 765  565     11.574     -6.729     11.896
 378   -2     14.714      2.763      7.919
  -1   -2     10.241      4.123     -6.765
 264  531     -2.075     -0.027      8.939
  -1  196      2.352      5.200     10.064
 237   54     -2.114     -1.929      6.988
  -1  321    -14.651      2.370     12.217
  -1  305     -4.413      7.315     -3.254
 466   -2      1.005     10.592      1.779
1328  330     19.264      3.358     -4.213
  -1   83      6.137     -9.313      1.939
  -1  541     15.507     -1.565      0.757
1177  779     -2.047      8.306      6.160
 520  950      3.691     -3.075      7.917
1304 1078    -11.128     -4.822      9.269
  -1 1335    -20.785      1.483     11.252
  -1   -2     16.996      4.107     -0.102
 539   -2     17.689     12.159     -0.466
  -1   96     14.582     -3.513     -0.703
  -1  232    -19.929      3.527      5.901
1185   -2     11.674      4.517      8.185
 415   -2      5.508     13.083      9.663
 329  416     -2.900    -11.537      8.028
  -1  161     24.234      1.568      4.262
 646 1299     -0.927      3.355     -3.931
 458   -2     26.673      4.483      9.253
  -1   -2     23.351      1.253     -0.836
1010 1150      8.949     12.269     10.159
  -1   -2     16.930      9.056     -2.963
  -1   -2     -9.508    -12.851     -3.913
 228  170    -13.927     -0.252     -1.637
 336  647     24.862     -3.610     12.216
  -1   -2    -11.935    -10.002      9.434
 366 1133     -5.640     13.467      9.957
 468   -2    -14.180     -5.599      9.325
 120  566     16.583      7.231      9.320
 736  119    -11.760      0.460      6.735
  -1   -2     14.569     -6.849     -8.590
  -1 1132     17.872     14.277      1.911
1118  317      0.185      0.178      8.885
   4   -2      5.607      0.023      6.274
  -1  491     10.761      3.929    -10.188
  -1  627     15.456     13.775     12.163
 425   -2     10.374      2.955     -9.162
 327  574      8.754     -8.483     11.680
 565 1101     22.090      9.984     -0.499
  -1  355    -13.002      5.964    -10.423
  17   -2    -15.995      8.464      1.933
 422   -2     14.551     16.225      9.805
 660   -2      3.453     11.630     -2.118
  -1  204     12.477      1.559     -5.724
 735  431    -15.942     -4.235      9.344
  -1  260      2.354     -7.642     -2.280
 723  109     12.342     14.738      8.534
1028  995      8.977     16.080      4.290
 201   -2     -7.229      2.078     11.590
  -1   -2     -3.226     14.652     11.792
 219  582     -3.141     -2.406      8.147
  -1  316     13.553     -6.933     10.881
 655  863     11.070     -0.665      6.218
  -1   -2    -10.432      5.152      3.752
  -1  175      5.744     13.308      6.942
  -1  241      7.132     -7.724      8.875
  -1  554     13.123     14.289      3.560
1159  226     19.125     -2.854      8.513
  -1  889     10.408      1.127      7.747
 508 1302    -15.922      1.953      6.944
 934  221      0.405      5.533      4.307
 823   56      2.887     10.319     -2.194
  -1   -2     -6.779      7.323     -3.670
 617   -2      3.468     -3.507     11.039
 771   78     24.127     -0.098     11.516
 622 1131     18.129      4.501     11.518
  -1   -2    -13.170      2.491     -4.020
 868   -2      7.613      9.642      4.577
 830  207    -18.041      7.592      4.039
 223  528    -17.562      4.402     -2.813
 296  386      2.887     -8.768      2.075
 187   -2     25.505      2.091     10.177
  -1   -2     18.038     -2.520     -8.146
 234   -2     10.329     -4.218     -6.513
 386  297     23.540     -3.560     11.786
1335  558     15.392     -4.968      9.945
1263  343    -10.919      9.721     -7.134
 358   -2     23.857     -8.431      9.981
  -1  419     -2.201     -5.587     -6.295
 952 1316     20.741      9.787      3.699
 157   -2      6.549     15.111     10.704
 390 1144     -1.705     13.973      5.272
 262  212     -5.790      4.123     -8.037
 438  969      8.618      6.735      3.866
  83  105     10.211      3.998      9.670
  -1  266     16.186    -10.600    -10.139
  -1   -2     20.292      2.914     -4.966
 166  738      5.722     10.031      9.108
 118   -2      7.669      6.796      0.336
  56  435     -2.918      7.215      1.031
 254  402     16.113     -5.698     10.426
  -1  274     16.125      4.124      8.207
 802   -2     -6.658     15.378      4.728
  -1   -2     17.393     -6.116      1.503
  -1  483     12.233     16.185      2.097
  -1   -2     -3.795    -11.790      9.699
  -1   -2     12.479      7.641     -0.116
 898  860    -12.251     -1.560      8.179
 235   -2      4.425     -2.355      2.545
1032  538     -9.708     -6.848     -1.854
 190   -2     20.935      1.264     12.135
 460   -2     -6.214      7.310      5.855
 612   -2     -9.283      5.762     -2.054
1179  683     25.078     11.511     10.008
  -1   -2     13.803      7.688      0.363
 756   -2     25.013     -1.106     11.908
  27 1195     -9.717     14.952      2.478
 153   -2     22.516     10.818      9.867
1334   -2     -8.381     -4.396      4.822
  -1   -2     13.174     -4.539     -1.575
 474   -2      4.559      5.025    -12.201
  -1  206      6.471     13.876     -4.936
  -1   -2     -1.514     12.422     -6.558
  -1  218     25.227     -4.249     12.218
  -1  659      6.013     12.337     -9.026
  -1   -2     13.992      4.434      1.705
 577   -2     -4.622      4.090     11.698
 850  331      0.379      4.033     -6.473
  -1   77     13.125     11.439     -5.951
  -1   -2    -14.849     -2.451      1.132
1178   -2      2.537      8.943      3.002
  -1   -2    -13.597      1.193     -0.763
1019 1366     19.855      9.911     11.655
  -1   -2     23.441     -6.541      1.198
1104  264     25.344     -2.413      9.554
  -1  758     23.437     -6.571      4.630
  -1 1091     20.345     -0.244     12.387
  -1  573     -8.475      0.627     10.462
  -1   -2     -2.141      2.572     -9.787
  -1   -2     12.307      3.985    -12.567
  -1 1111     10.646     -7.601      5.209
  -1  843      7.406      0.430     11.955
  -1  405    -14.975     -4.028      4.068
  -1  320    -17.257      2.787     10.595
  -1 1125    -10.494     -8.490      7.201
 491  814     19.074     16.666      4.339
  -1  186      9.558     -3.950     -3.776
 426  199     10.199     12.083    -11.942
  -1 1122     -3.575      2.499     10.763
  -1   -2      2.271      1.008     -2.784
  -1   -2    -15.360     10.634      7.329
  -1   -2      5.824     -6.000      9.573
 557   19    -13.597      8.705      8.903
 793  351    -14.258     -1.839    -10.924
 733 1186    -17.845    -11.219     11.645
 480   -2    -15.137     -9.328      6.747
 114  884    -15.004     -1.200     11.055
 392  194     23.697      5.393      3.959
  -1  270     13.761     14.269     -1.017
  -1  704     16.269     -0.163     11.802
 844  954     17.695     -3.325      1.873
  -1  397      5.895     -0.847     -6.137
 843  509      5.527      3.452      3.720
 750 1168     -4.757    -12.929      0.838
  -1   -2      7.784     17.858      9.495
 923 1305      3.572     -2.488     11.031
1277   -2     -9.706     -2.216      2.665
 476   -2     25.409     -5.777      9.367
 136  852      8.391      9.909     10.326
  -1 1283     -1.482    -10.655      1.456
  -1  684     -4.312     -7.882     11.746
 448  696    -15.245    -11.290      9.178
  -1  249      3.429     -1.482      8.963
1004  780     18.952     14.551      1.953
 269   95     18.048      3.103      4.784
1038   -2     15.226      9.962      2.241
  -1   -2      1.707     11.306     -2.485
 878  671     19.024     14.057      9.823
  -1  290      3.395     14.737     10.030
 487  306     -7.795     12.079     -6.735
  -1   -2     21.253     12.014      8.676
 676  406     15.503     17.426     10.508
 901  340     -3.939     -2.850      1.174
 240  225     21.576      4.708     10.231
  -1   -2     -0.632     -3.928     12.338
  -1  705     25.511      7.440      8.775
1101  680     18.315     -4.164      5.284
  -1   -2     22.150      0.956      4.237
  -1 1092      0.290    -10.281      3.322
 797   -2     -2.817     -3.657      6.695
 144  324     -3.662     -1.247      3.707
  -1  716     24.973     -4.287      9.099
 592   -2     24.154     16.447     12.067
 172   -2     21.349      7.363      3.742
  -1   -2     13.403      3.450     -2.688
 371  673     -1.692      4.590      9.705
 921   -2    -11.061     11.996      4.710
 761  896     -7.251     -9.143     10.342
  -1   -2     24.681      7.786      2.439
 705   -2     16.270    -17.467     10.924
 241   -2     12.896     -6.173      9.539
 839  437    -11.355     15.169      9.598
  -1   -2     13.949     -9.611     -7.228
 281   -2     11.021     15.886      3.354
  88   -2     10.446     12.916      7.682
  -1  793     20.525     16.789      3.746
  -1   -2     11.483     -4.352     11.265
  -1   -2     14.561      0.083     -0.106
1160  533     22.124     14.517      9.091
  77  296      2.231     10.823      3.457
1214 1323     16.745      7.258      1.915
 355  269     20.548     11.319      8.511
 664   -2     23.049     11.700      8.168
 298  114      9.297     -3.385      1.442
  -1   -2     -7.764     -3.049     11.202
 265  925      6.239     11.276     -2.576
  -1   -2     -4.617      4.523      3.261
  -1   -2      8.450      0.916     10.295
 382   -2     14.517     -5.638      5.952
1016   -2    -13.003     15.839     10.813
  -1  668     19.060     14.365     -3.379
 420   -2     22.019      4.248     -4.563
  -1  211      4.599     10.828      3.331
 484  180    -13.728     -7.729      7.340
  -1  815    -21.408     -0.009     12.040
 701   -2     -2.409     -8.930     11.034
 536   -2     15.439    -11.028      6.781
 222   -2     20.136     12.670      9.443
 308   -2     14.840     15.185      2.484
1052   -2     -6.048     -3.365     12.297
 499  438    -13.013     12.156      9.670
1183  421      4.931    -10.113      5.768
  -1  263     13.568     16.501      8.373
 906 1124     18.591      1.628      3.417
  -1  569     16.863     -9.019      3.515
 627  721     -8.009     12.583      8.107
  -1  259     22.401      7.644      1.033
1003 1104     26.138     13.583      7.813
 658  591     18.400     -7.977    -10.406
  24 1090     14.829     10.821      7.491
  -1   -2     15.823     -1.185     -3.283
 377  116      9.717     12.478     -0.471
  -1  623      8.360     10.062      3.443
1151  801    -12.802    -10.089     10.743
 387   -2     -5.116     -9.228     10.464
 314  418     -2.216     14.639     10.779
  -1  641      3.830      6.117     11.498
 922   32    -13.195     -2.429      4.082
  -1   -2      9.484      1.292      4.736
  -1  358     -5.061     -0.231      9.232
1002  643     27.941     -3.515     10.329
 929   -2     -0.904      2.351     -7.974
 562   -2     18.374     11.968      5.198
  -1   -2     -9.661      9.427      7.377
 948   -2     13.054     10.878     -3.340
 442  953     14.434     -8.050      0.914
  -1  382     -1.093      8.920      4.104
  97 1291     24.992     -6.211      7.342
 490  149     14.340      3.597      2.094
  -1   -2     -0.767      5.443     -3.620
1172   -2      7.326    -12.127      1.621
  -1   -2      4.617      3.959     10.469
  -1   -2      8.301     11.245     10.221
 424  461     19.480     -8.550      5.967
  -1  756      5.893     -4.089      5.553
 722  524     16.691      3.137      2.909
  -1   -2    -10.805      3.482     -7.693
 224  634     23.509     11.570      8.814
  -1  451     -9.059     -0.802      3.410
  -1  410     22.268     -3.747      5.651
  -1  743     -5.153      7.393     -3.040
  -1  385     11.014      3.440     12.444
  -1   -2      2.774      5.024     -5.238
1208   -2    -14.073     15.158      7.657
 837  250    -14.263      8.967     -7.822
 154   -2    -16.453      1.742     -4.720
  -1   -2     -2.520     -2.550     -9.869
 730   -2      0.314     -7.553      2.673
  -1   -2     -5.720     -8.027      4.721
  -1  202     20.211     -5.169     12.107
 146   -2      9.598     -5.036      5.137
 603   -2     11.386      4.859     -0.728
  -1   -2     16.073     -4.425     -5.823
 218  571    -13.655      8.752     -0.074
  -1   -2     -4.274    -11.194     -3.820
1108  745     -5.597     -9.257     -3.463
  -1   -2     11.921     -8.458      8.573
  -1   -2     23.410     -0.634     12.251
 668  905     22.578      8.480     10.934
  -1   -2     13.156     -5.464      7.997
  -1  476     11.994      7.299      2.599
 649  781      9.587    -12.574     -0.209
 210   64    -12.824      0.712     11.951
  -1  782     13.908     -5.769      5.736
1026  327     -7.760     14.324      8.141
 583  556    -15.356      4.334      5.556
 341  598      1.014     -3.923      6.946
 102   27      8.232      1.015      6.255
1117   -2     14.909      2.188      6.564
  -1  497     22.445      5.421      1.857
1087   -2     15.899     -9.878     10.632
  -1   -2     -5.750      8.999     -3.594
  -1 1210     19.918     -7.236      8.809
  -1   -2      6.085     -2.635     -2.907
 142   -2     19.525      0.731      8.887
  -1   -2      5.744     -9.473     10.908
 885  429    -10.531     -3.410      8.456
  -1   -2    -12.568     -0.126     -2.019
  -1   -2     25.926     -1.537      3.631
  -1   -2      4.343      7.549     11.853
  -1   -2     -8.046     -1.960    -12.030
 318 1292      0.462      4.623     -1.905
  -1   -2     20.711     -1.692      0.136
  80   -2    -12.384     -2.164      0.742
  -1  580      3.415     -9.998      3.256
 712  686      3.293      5.807      8.962
1034  625      9.933      5.347     10.033
 185   -2     17.247      2.219      3.454
  -1   26     -6.012      0.038      4.991
 669   -2     15.297    -10.553    -11.955
  -1   -2      6.615      9.624     -4.363
  -1   -2     16.003      3.731     -3.209
1107 1030    -17.978     10.500     10.816
 543   -2     14.439     13.099      0.389
1100   -2     16.387    -13.482      5.131
  -1  583    -15.561      3.873     -5.184
 903  456     -1.622     -6.920     10.202
 434   55     15.412    -10.140      2.335
  -1   -2      4.228     -7.363      0.894
 909  991    -17.529     -4.171     11.633
1018   -2    -19.342      5.946      9.844
  91   -2     27.479      3.081     12.298
 337  268     -5.956    -10.533      2.781
  -1   -2     14.324      3.490     -6.706
  -1   -2     -6.712     -7.370     -6.582
 956  284     23.631     16.411      8.760
  -1 1303     14.385     -2.724      6.162
 552  229      1.397     12.761     10.831
  81  246      9.653     10.601      4.650
  -1  766      6.503    -12.683      8.328
  -1   -2    -14.803     11.223     -0.892
 432  797     11.338     -2.183     11.163
1198   -2      5.058      1.488     -3.816
1064  210     -6.774     -1.082     10.003
 741   -2     23.394     16.344      5.957
 729 1143     15.403      8.522     11.831
1089   -2     22.036      0.798     -4.824
  -1  362     -5.129     -1.574      8.469
 743   -2     24.827      3.952      4.156
 117  254     18.435      9.101      1.921
  -1  496      5.763     -7.897     -5.648
  -1 1023    -10.020    -14.245      4.075
  -1  823    -12.961     10.822     11.346
1197  393     24.928     13.296     10.501
 941   -2     16.399      7.712     12.121
 810   -2     25.463      1.021     11.282
  82 1367     18.824     12.448      7.983
 711  234     11.521     16.448      8.393
  -1 1204     22.123     -4.812     10.944
  -1  742     -1.381     -5.272      2.455
  -1  326     19.509      6.765     -0.977
 689   -2     -9.473      9.005      9.284
1056  706      6.525      7.943     12.246
 542 1001     22.845      3.097     11.649
  -1   -2     -7.048      2.859     -6.387
 141   -2    -12.285      0.032      1.147
  -1   -2      5.513     -7.057      0.068
1057   -2     17.828      5.849     -4.090
  -1   -2    -10.184     12.565     -5.780
  -1   -2     -9.852     -3.543     11.710
  -1   -2     12.475     -5.744     12.469
 605 1115      1.759      0.221      3.592
 271   -2    -18.132     -9.129     11.244
  -1   34     14.615     10.395     -4.844
1088   -2     -3.114      8.663      5.533
 732  572     13.942     16.351      5.420
 836   -2      3.061     16.517      4.611
 643   -2    -19.471     -5.654      8.818
 990  503      1.266      2.037      6.382
 791  662      7.507     -3.542      4.004
 905   -2      5.993     -9.476      3.819
 492  948    -19.096    -10.311     12.038
  -1   -2    -13.600     -5.035     -6.047
  72 1270      9.771      2.848     11.568
1121  283     23.459      5.784      6.771
1286  318      0.643     -2.260      5.620
  -1 1110     24.971     10.652      4.352
  75   -2     -2.169      6.930     -0.803
  -1   -2      7.740      3.774     10.353
  -1 1146      3.265     -6.043      0.862
 169  763     -2.909     -7.993      3.576
  -1  519     -2.071     -7.985      5.398
 638  535     24.204     -0.273     -0.171
 782  880      2.038     13.600     -4.625
  -1   -2      5.283      2.219     -6.282
 692   -2      2.069     -9.223      4.918
 858   -2     -0.689     10.328      9.245
  66  833     -5.383      1.818     10.188
  -1 1176     -8.420      5.559      3.271
  -1   -2     12.328     -8.887      4.687
1000  688    -18.373     -7.865      8.980
 609   -2     -1.725     10.478      4.490
1156  776     18.000     16.575     11.438
  -1   -2    -17.200     -7.495      9.072
  -1   -2     15.271      6.991     11.888
  -1  555    -18.895     -3.466     11.661
1007  589      3.920     -6.657     -7.528
 933 1128      6.796     14.951      6.514
1212   -2     16.425     13.204      7.487
  -1 1189     22.202     -8.507      2.473
 616   -2     23.929      6.805      9.970
  -1  433    -12.748      8.254    -10.243
  -1   91     -0.839      1.529      6.403
  -1  796     24.891     -2.982     12.369
 707   -2     17.347     11.505     12.619
 211   -2     -2.757      8.476      8.396
  -1  729     -6.397     -8.405     11.690
  -1  672     -1.006     -7.717     -1.035
 266   -2     13.006     -6.986      6.631
  -1  749     21.732     13.802      2.600
 749   -2      4.951    -11.132      0.052
 225   -2     -2.323      1.951     10.877
  -1   -2      0.184     -6.758     -5.294
  -1   -2     23.912      4.869      0.124
  -1 1141     18.876     -0.341      9.551
  -1  390     22.069    -11.648      1.925
1200  399     16.293     11.921      7.538
 687  725     26.076     10.058      9.809
1311  601    -10.893     13.429     -1.037
  -1   85      0.759      7.000     -1.040
1153   -2    -10.919     -4.533      3.382
  -1   -2     11.768     -1.485      0.345
  -1  846      3.338      2.490      8.430
 832   36      1.166      3.269     10.218
  -1   -2     17.288    -13.416     11.114
  -1  231     -2.016     14.162      4.447
 588   -2     -9.408     -9.828      3.982
  -1   -2     13.545     15.011      9.335
 447  228     -2.356      3.833      8.979
  -1  817      1.263      1.961      8.593
  -1  691    -17.533      7.251     10.237
 699  523     14.651     -4.793     10.549
  -1   -2     -7.221     13.199      8.448
 760  505     20.448     -8.510     -1.838
1230   -2     25.241     15.063     11.761
  -1   -2     11.558     -9.084    -11.815
  -1   -2      2.100     12.454     -8.810
 147  754     15.475     -1.379      5.596
 975   -2     25.076      4.123      9.212
 130   -2      3.613     11.264     11.472
  -1  652     22.668    -10.101     10.142
  -1  787     -4.300    -14.930      9.956
  -1  734    -13.322    -13.612     -0.022
 871   -2     -2.323     -0.913      7.056
 891   -2    -15.864     -5.759      7.604
 819  689    -18.148    -10.130      3.409
  -1   -2    -13.069     -7.538     -1.791
  -1   -2     13.553     15.162     -0.128
  -1   -2     -1.071    -12.138     -8.169
  36   -2    -18.759      6.403      9.651
 367   -2     22.792      0.518      4.853
  -1  436     -5.544     -9.239      3.569
 547   -2      5.750      9.480     12.132
  40  783      8.547      6.047     11.461
 854   -2     15.897     -8.544      9.768
1122   -2      5.110    -10.340     11.205
 737  697    -15.295    -15.783     11.660
 596   -2     21.005     14.287      8.263
 584  193     24.145     11.398     11.298
  44  790     24.506      1.022     10.369
  -1   -2     -7.245    -11.893      2.518
1129  778    -11.608     -5.659      7.626
 590  597     22.255     -1.161     10.169
 570  462     13.559     11.321      8.653
 479  650    -10.498     -4.600      0.464
 585 1304     20.358     -2.068      1.634
  -1  603     16.138     13.634      3.400
 155  757     18.360      8.362     12.069
 206  600    -14.875     -8.077      1.961
 388  442     23.875      3.647     12.128
1164   -2     -1.659     -3.743     12.101
  -1  430     12.720    -10.275      4.250
1216  617      5.134     -3.666      0.928
  -1   -2     -1.898     15.619      1.911
1001 1344     11.368    -12.758     11.407
 395  171     13.304      3.435      8.220
 768   -2    -11.883    -15.117      8.312
  -1 1077     -9.880      6.956      1.581
  -1 1152      4.713    -13.066      3.349
 288  710      7.978     -8.224      4.265
 963   -2     19.589    -10.023      1.587
 137   -2      3.654     -6.384      9.567
 659  546      7.406     -4.681      5.589
 900  550     20.714     16.133      9.708
  -1   -2      1.897     -2.658      0.654
1283   52    -14.403      7.270      3.699
  -1   -2     18.263      0.476      5.575
 748   11     17.332     12.987      6.490
  -1  577      6.938     -8.552      8.361
 697   -2     -8.250    -14.607      0.291
 249 1051     22.566      4.057     11.790
 334   -2     17.433      4.553     10.698
  -1   -2     -4.761    -14.749     -0.296
1209  654      5.937    -13.779      9.999
 437 1332     11.896     -6.208      4.808
 306   -2     20.831     15.525      4.174
  -1   -2     12.358      0.037      6.550
  -1 1061    -15.856    -12.729      9.701
 452   -2      4.672      6.659      8.293
 567   -2     -0.355     -3.677      6.459
 752  514    -14.162     -8.513     10.856
  -1  115      2.997     10.416      7.423
 630   -2     19.553     -4.105      5.463
1127  499      4.117      0.223      3.358
  -1   -2     10.878     11.071      4.651
 401  185    -10.391     -1.838      9.365
 672  345     24.570     -2.420      9.460
1073   -2     -6.026      7.065      0.855
1152   -2     -2.351     -9.117     -2.703
 373 1154     -3.806     -4.436     10.101
 581 1013    -17.416    -11.887      2.882
  -1 1170     -7.949     -2.478      4.963
 632  493    -15.330      6.880     -8.431
  -1   -2     21.395      6.941     -0.387
 634   -2     13.434      5.669      1.761
 796  746      8.050     -3.118      8.611
  -1   -2     -8.403     -3.326     -2.741
1203  584     23.035     -0.154     -0.924
 516 1158     10.951      0.315      5.052
 248   -2     13.732      5.061      9.059
  -1   -2     12.482     -9.903      8.763
  -1   -2     -2.500      6.274     -8.794
 502  128     -5.521     -6.071      9.597
1111   -2      4.326      8.771      8.163
1180 1267     -9.759     -2.207     10.216
  -1   -2     19.448     14.863      4.993
  93   -2     -5.293     13.419      4.240
  -1   -2    -14.506     -9.848     11.716
 574  512     10.673     -1.396      6.238
  -1  698     12.160      4.976      5.638
1193  443     26.671     10.489      9.482
 877  530     -8.516     -8.271      5.632
  -1  380      9.036      9.115      3.303
 301  302     19.999    -10.757      5.665
  -1   -2     16.978     15.534     -1.103
 167   -2     24.933     -1.249      4.917
 598   -2     20.411     -4.480      8.737
  -1 1032     19.426     11.019     10.795
  -1  450      0.736     -5.748     10.702
 926  645     -7.614     11.464      9.365
 728  396      3.333     -7.846      4.490
  -1   -2     21.290      4.214      0.438
 113  344     20.544      6.442     12.125
  59  280      0.827     -5.680      8.043
  -1 1174      2.054    -17.364     11.342
  -1   -2      8.098    -12.097     -7.451
  -1   -2     20.694     15.330     -2.230
 569   -2      7.740    -13.514     -6.712
 151   -2     15.283     14.738     10.384
 246  106      3.847     -1.048     -4.576
 595   -2      1.225     14.714      5.207
 775  648      4.107    -14.731     -4.090
  -1  867     25.376    -10.833     11.313
 781 1138     15.881     -0.187      7.639
  -1  695    -14.073    -12.398      6.504
  -1   -2      3.428     -3.955     -3.416
  -1 1065     10.293    -13.240     -8.980
  -1   -2     25.617     -6.623     10.726
 789   -2      9.666    -10.889      4.234
1170   -2     -8.117     -4.631      9.666
  -1   -2     13.229    -11.344     -8.415
  -1  559     -3.728     -9.840      0.243
  -1 1202     -9.542    -15.313      4.334
  -1   -2     24.762     -6.971     10.314
  -1  432     29.123      1.918     11.194
  -1   -2    -13.534     10.153      3.053
  -1   -2      8.736     -9.200    -11.344
  -1  137    -14.364      7.375     -1.290
  -1  715     12.403     11.498      8.985
 171   -2    -14.288      7.993     12.321
 896   -2      0.812      5.464     12.712
  -1 1327     25.398    -15.517      2.726
 938   -2     -5.234     15.965      7.296
  -1   -2    -19.090      0.884      9.685
1099   -2      0.141     16.765      8.822
  -1  271     26.747      6.927     11.600
1023   -2    -15.856     13.005      9.219
  -1   -2    -15.158      7.848    -12.542
  -1  604    -13.398     -5.830     11.286
  -1  802     19.743    -12.845      7.815
1312  837     -1.294     15.581      9.093
 875   -2     -2.209     13.633     10.890
  -1   -2     16.147    -10.788     -6.831
1020   -2     -7.504     -4.917     11.125
  -1   -2     15.983      0.346     -7.883
  -1   -2     -4.539     13.257      3.325
 751   -2    -11.936     -8.607     12.637
 892  869     27.929      3.878      9.139
  -1  155    -19.219      0.372      8.370
  -1   -2     -4.610    -10.283     11.419
 231   -2     10.789      7.271     10.638
  -1  187    -10.118      9.597     -1.529
 959  839    -20.990     -1.754      7.697
1282 1155    -14.840     -0.379      6.041
 935   -2     26.635     -6.789      8.737
 826   -2    -16.448     15.291      8.017
  86   -2     13.516      5.337     -4.387
 916  791     -6.646      2.143      7.636
 842   -2    -19.180      2.467     11.921
1008  894      9.499     17.589     10.453
1096   -2     -5.294     15.480     10.418
 383  165    -18.296      8.990     11.097
  -1  217    -18.591     -7.698     10.425
 653   -2      0.039    -11.636     -2.398
 827  275    -15.774     10.560      3.292
 947 1315     26.023      7.256      7.902
 869   -2    -19.580      1.570     11.666
  -1   -2    -14.238     -4.729     10.425
  -1  578    -19.471     -8.933      2.167
1299  630    -18.327     11.772      9.194
  -1  838    -17.745     10.146     12.348
  -1   -2      6.444      6.780     -0.071
  -1   -2     -4.450     11.334     -1.700
  -1  356     -1.710      4.684      2.223
  -1   -2     -5.535     -3.203     10.216
1005  214    -13.654     11.874      9.716
 311   -2      1.626      5.456      9.544
 374   -2     15.201      0.947     12.199
  -1   -2     -3.346      3.440     12.198
 855 1312      5.037    -15.642      4.368
 876   -2    -19.419     -6.263     11.010
 364   -2     -4.454      8.963     11.638
  -1 1319     -4.455      7.772      9.732
 379 1022    -18.376     -0.780      9.987
  -1   -2     -3.322    -17.298     10.151
  -1   -2    -18.999     10.234     11.466
  -1  970    -11.248     18.413     10.829
  -1   -2    -15.590     10.073     10.721
 965  864     10.077      6.737     -1.681
 325   -2    -12.392      8.023      1.386
 134 1279      0.393     13.466      8.417
1120  883     20.742    -16.437      3.891
  -1   -2      2.413     -3.961     -0.900
 610 1036     10.682     15.050      7.609
 989 1100      2.485    -13.687      3.363
  -1   -2     -5.243     -9.312      2.011
  -1  984     -8.538     17.337     11.908
1245   -2     19.671    -16.503      8.198
 704  901     18.052    -13.035     -3.884
 747 1035     -4.746    -13.230      6.318
 794   -2     25.190     -8.991      0.440
  -1  205      9.981     14.179      5.248
  -1  197      8.266     14.908      5.717
  -1   -2    -13.051      0.186     10.910
  -1   -2      1.740     11.386    -12.490
  -1  364    -20.178     -4.740      3.269
 363   -2     -1.595      0.376      5.778
 470   -2    -17.558      1.991      9.231
  -1  631     21.436     13.950      4.555
  -1   72     20.706     12.341      1.396
  -1  441     -1.237      8.601     12.388
 511   -2     16.021     16.911      7.398
  -1   -2    -15.425      0.806      4.317
  -1  794     -2.448    -14.709     -1.948
  -1 1192     11.707      8.135     10.851
 755  414     19.338     15.581      2.767
1243   -2    -12.016    -18.975     11.422
 614   -2    -19.607      3.228      9.156
  -1  836    -16.324     16.693      6.563
 865   -2     27.997      6.989      7.655
 893  711    -12.776     16.709     11.953
  -1  156    -12.745     -1.188     -0.938
  -1   -2     -8.471     -8.068     -9.773
  -1  750    -10.926    -16.049      7.419
  -1  471      7.530     13.216     11.171
  -1  967    -11.199     15.575     -4.669
 822  392     -1.978     13.386      8.026
1115 1179    -10.469     16.937     11.745
1049  487     -6.226      3.339     12.316
1190  637      9.232     -2.706     11.991
 345  313     11.312     11.097     11.874
  -1 1075      5.669     15.258      9.987
 849  329     27.889      5.579     11.887
  -1   -2     -6.707      7.501      9.255
 489   -2      3.358     -5.344     -2.098
  -1  439     13.654     13.947      8.654
  -1   60     -9.881      8.507      4.804
  -1  500      1.161     16.022      8.493
  -1   -2    -15.168     12.107      4.520
  -1   -2      0.635     13.998     -5.484
  -1   -2      4.004     -0.027      5.171
 708   28     14.565     -5.976      9.407
  -1   -2     -3.735      7.568     -8.242
  -1  646     -0.229      4.590     -0.138
1021  252    -10.997     12.973      9.249
  -1  304    -15.240     11.239     11.746
  -1  319     22.601     -6.343     10.744
  -1  936     29.443      6.229     11.973
 833 1288    -18.441     12.954      7.023
  -1   -2     22.361     12.060    -10.430
  -1  594     -1.368     -1.900     12.023
  -1   -2      1.007      1.998     -7.598
  -1  257    -16.652     -2.940      5.740
1207   -2     20.146    -17.726     11.496
  -1 1118     15.576    -11.854     12.703
  -1   -2    -12.396      0.280     10.851
  -1 1021      2.236     14.862      6.777
 870  467     23.730    -10.742      3.246
 886   -2    -14.206     14.012      2.137
  -1   -2    -11.153      0.386     10.930
  -1   -2     -4.248     16.604      5.352
  -1  855    -13.600     13.836     12.285
 967  873    -18.646      9.178      9.196
 961   -2     -2.974      6.201     10.865
  -1 1194     19.764      7.900     12.772
 133  417    -17.261      2.208     12.141
 652  607     -9.444    -11.889      2.573
  -1  962     -7.653     19.935     12.389
  -1   -2     19.046     -0.856      2.082
  -1   -2      0.685      9.647      1.176
1063  466     12.271     -2.428      6.847
 384 1137     24.981      5.438     11.387
 145   -2     18.658      2.878      5.332
1306  811    -13.087     10.803      5.341
1112  477    -12.497     -9.573     -1.871
  -1  635     -4.259     15.134      4.458
 150   -2    -14.178    -10.480     -0.296
  -1   -2     14.041     10.026     12.584
 507  371      4.053     12.906      7.676
  -1   -2     12.770      2.454      8.493
  -1  848     20.063      3.269     10.020
 945  822     -2.687     16.933      3.776
  -1   -2    -18.978    -10.708     -2.101
 773  795     12.954    -14.549      0.005
 915  871     25.838     -9.429      2.437
  -1 1034    -14.814     12.583      9.055
  -1   -2     20.525     14.153      9.337
1060 1094     -3.136    -15.960      1.422
  -1   -2     25.046    -15.624     11.962
1066  388     27.190      2.078      9.226
  -1   -2      5.735      5.196      1.059
  -1  333    -14.762      1.263     12.387
 710 1050     -2.366      1.996     -2.578
  -1   -2    -18.060    -10.561     -3.486
1094 1166    -20.415    -10.066      7.785
  -1   -2     -8.844      9.385     -7.059
  -1  708    -15.363     -9.860      8.666
 940  281      6.622     16.785      8.503
  -1   41     -0.763      9.528      8.256
 693   -2     21.845     -3.435     10.340
1009   -2     28.634      7.958     11.173
1138   -2    -18.539     13.092     10.599
 236  563      5.877     -5.355     -9.961
  -1   -2     19.376     12.907      2.126
  -1  909     24.316     -4.471      9.830
  -1   -2     11.415      4.336     12.465
  -1  153     17.213     -5.806      4.155
  -1   -2    -12.714     10.661     -0.359
  -1   -2    -14.975     14.493      4.334
  -1   -2     -1.864     -4.286     -3.048
1085   -2     23.332     13.270     -1.426
  -1   -2    -16.308      9.554    -10.909
 818  488      8.015     -0.583     12.419
 746   -2     26.141      5.793     10.646
  -1   -2     -9.233     -0.993     -4.222
1113  866    -20.495    -13.983      7.709
  -1  812    -10.032     -4.081     10.549
  -1  379    -18.232     -9.872      8.478
  -1   -2    -15.069      4.614      8.334
  -1   -2     -3.026      4.601      1.727
  -1  593     -5.707      9.885      1.889
  -1  996      9.334      3.758      1.362
  -1  596     20.509     14.463     10.838
 744  943      7.242     -9.952     12.104
  -1  958    -17.205     -4.809     10.449
1329  122      4.739      6.761      5.220
1142  560     17.993      3.778     10.219
1182  669     18.294     17.273      6.873
 666  767    -15.422     -2.484     11.196
 980  160    -15.841     13.736      7.790
1215  939     23.644    -16.332      7.717
 259  309     16.689     -9.242      0.632
1295   -2    -11.735     -8.524      7.983
 368  526     -5.755     10.199     -6.068
 446 1009     27.358     -2.930      9.660
1225 1149     19.578    -17.225     11.201
  -1  933      9.756     17.504     12.346
  -1   -2     22.636     -1.523     10.444
  -1  731      5.341     -3.452      4.174
  -1  479     -0.231     -3.517      9.668
1124   -2     -5.958    -15.379      6.496
  -1   -2    -10.124     17.703      8.945
  -1   -2      6.771     -2.786      0.489
  -1  717     -2.707    -10.069      8.570
1303   -2      8.032     14.469      8.879
1231   -2     -7.248    -19.068      5.735
  -1  828     27.766      6.693      4.759
 645   -2    -12.407     -6.656      0.680
  -1  956    -12.919     12.713      4.026
1316  448     11.323      5.467      9.771
 841  178      2.838     17.986     11.429
 814   -2     25.587     11.089      4.499
  -1   -2     17.360     -4.899      8.691
  -1   -2     -4.700     -1.511     11.351
  -1   -2      9.033     -9.318     11.608
  -1   -2     15.407    -11.515     11.415
  -1  188      8.710      5.643     -1.771
 739  312     10.612     -9.335      3.307
 397  338    -16.034     -5.384      4.822
  -1  944      4.590    -11.318     -3.895
  76  517     23.748      1.186      3.552
1103   -2      1.002    -18.644     10.600
 173  861     -7.255     16.667      4.255
 418   -2     -6.936     -0.568      2.300
  -1  722      2.165     18.500      5.972
  -1   -2     25.411      2.229      3.518
  -1  614     -5.921     16.223     10.676
 988   -2      0.058     12.571      3.884
 772   -2      5.418      7.498      2.073
1137 1320     23.561    -12.045      4.485
 483   -2    -19.511     -0.949     11.315
 626   -2     -3.685    -10.595     -1.690
  -1 1059     -4.604     16.653      3.184
  -1  605     15.720     -5.360      0.180
  -1   -2     25.132    -11.500     -1.039
  -1   -2      2.785      8.194     11.984
 914   -2    -16.568     14.240     10.375
  -1   -2     12.338      2.730      3.664
  -1  236     -2.453     14.895     11.362
1205  518    -12.418    -11.624      4.855
  -1  788     27.180     -4.742     10.775
1176  303     -1.081      3.277     11.308
  -1   -2     -0.415    -17.820      3.330
 513   -2     14.140     13.582     -6.538
 954 1162     10.468     17.602      9.504
 801  534     -8.241      7.181      5.871
1025   -2     -4.441      2.308      9.213
  -1   -2     12.440    -11.915     -2.371
  -1   -2      1.036      0.374      8.343
  -1   -2     27.046     14.319      1.982
  -1   -2     28.903      8.157     12.791
1128   -2    -11.277    -14.673     -7.657
 787  606     26.299     12.632      9.122
 763 1017     -5.236     17.754     10.192
  -1   -2     23.707      8.627      0.724
  -1   -2      9.857      6.430     -8.148
  -1   -2     -2.478     -9.240    -12.028
  -1  470     11.453     -6.628     11.322
  -1   -2     14.532     -2.899      9.280
  -1  373      5.547     -7.562      1.672
1265   -2     -4.756      0.966      4.144
 410  357     14.777     -7.194      9.310
  -1   -2     -0.764      8.441      8.844
  -1  404     10.562     -4.935      7.184
  -1  449      5.149      9.077      4.551
 621  805    -12.303    -11.733      9.262
 690   -2      6.316     -1.140      7.708
  -1   -2     -0.101      2.211     -2.246
 594   -2     16.077     13.150      1.307
  -1  408     11.701     -0.332     12.588
 317  383     18.914      0.699     10.789
  -1 1102      0.059     13.842      4.430
 467   -2     23.619      5.861      9.968
 282   -2    -11.687      2.955     11.316
  -1   -2      8.067     -4.107     -2.367
  -1  807     11.523    -12.031      3.654
  -1  348     12.932      0.508      7.042
  -1   -2     12.366     13.859      2.515
  -1  395     -0.687      9.596     11.853
  -1   -2      8.354     15.802     12.548
  -1   -2     22.896     -3.789     -2.996
1075  769     14.600     11.506     10.818
  -1   -2     18.888     -8.650    -11.812
  -1  279     18.496     -0.649      1.043
  -1   -2     -2.048    -15.345      8.691
1068 1072      8.094    -13.066      8.582
1186  628     -5.006    -12.855      5.344
  -1  653    -11.116      8.920     -0.164
  -1   -2    -13.932     -1.816      9.429
  -1   -2     10.856     -8.805      6.253
  -1   -2    -16.249     -5.751     11.718
 244   -2     12.299     -5.575     -9.299
  -1  789     -4.234     -9.355     10.638
 644   -2     26.097     -4.379     11.057
  -1   -2      2.919    -11.108      8.053
 792  374     13.700     -0.602      8.043
 821  832     -7.326     16.716     12.305
  -1   -2     13.625      4.453      3.389
  -1   -2    -12.707    -12.185    -10.737
  -1  664      6.479     -2.892     11.589
1046  492     -2.010    -12.122     -4.264
  -1   -2     15.550      9.201     12.510
  -1  415     16.604      7.731     -0.277
  -1   -2    -10.341    -19.486      6.611
  -1   -2     17.273     -3.252      4.072
 795   -2     -4.491    -11.029      8.393
  -1  938     14.623    -18.282     11.089
  -1   -2     15.339     13.411      6.843
 526  453    -13.306      3.074      6.479
  -1 1005    -13.655    -16.973      0.437
 411   -2      1.356      1.825      9.782
 286  537     -0.028      4.938      1.462
 608   -2      3.456     -3.476     10.458
  -1  147     -3.431     12.883     -5.298
  -1   -2      6.924      4.982     -1.622
 702  568     -4.547     -4.163     11.011
  -1   -2    -13.765      9.197     -4.679
1091  293     24.339     13.721     12.475
 534  636     17.709      9.410     11.763
1071  639      4.077     -0.371     12.170
  -1   -2     12.435     -9.484     -6.669
 370 1147      7.024    -16.189      2.704
  -1  120     -2.793      9.488     -9.288
  -1  784      2.629     -5.665      3.793
  -1  310     10.088      9.133      5.426
1238  322    -20.302    -10.175     12.106
 587   -2      7.316     16.344     12.343
  -1   -2     -0.569     -4.677     -7.957
  -1   -2      5.411      8.764      7.447
  -1   -2     25.623      7.223     11.478
  -1   -2    -13.314     13.650     10.313
  -1   -2    -12.432     -0.726     12.376
 193   -2      7.684     12.814      8.117
 647 1042     -2.978     18.849      9.824
  -1 1058     20.852     -0.071      1.933
 939  507      0.196     16.773     12.217
  -1 1096    -15.364     14.639     12.281
  -1  131     13.697     -9.879     -5.551
  -1  423     23.852     -1.482      6.335
  -1   -2    -14.943     15.237     -6.242
 250  547      5.406      6.813      6.221
 993 1112     -8.345    -11.383      9.756
  -1  764    -18.354    -12.507      8.056
  -1   -2     16.871     -5.639      6.385
  -1 1317     -2.728      6.756     11.358
  -1  820      1.616     11.910      2.953
  -1  378     25.207     -6.809      7.308
  -1   -2     -5.662     16.069      9.980
  -1   -2      7.020      0.171     11.079
  -1   -2     23.381      7.100     -8.305
  -1   -2     -7.467     16.978     -0.282
 987   -2    -10.420    -17.432     12.145
  -1   -2     -8.333     -9.033     10.216
  -1   -2      5.615     14.526     10.888
  -1 1278      1.129     17.178      2.200
1305   -2     -0.086     14.621     11.132
  -1 1247     26.210     16.511     10.691
  -1  167      0.741     14.165     10.899
  -1  328      8.199      9.050     11.133
  -1   -2     11.957     12.380     -3.830
 825   -2     -3.515     -9.217     11.697
 165  154      6.489      5.193      3.745
  -1  299     10.265     11.517     11.480
  -1 1064     -3.268     -5.816     12.275
  -1  506     28.322      9.703      8.180
 657  926     18.278     18.284     11.724
 257   -2     10.940     14.646      9.397
 412   -2     19.301     -4.013      1.141
  -1   -2      4.876      3.318     -9.380
  -1   -2     11.943      3.108      8.505
1206 1322    -15.458     15.897     11.412
 884   -2     15.748     -6.728      7.396
  -1   -2    -16.741    -14.903      6.176
1201   -2     15.171    -12.694     10.840
  -1  455    -18.204     13.713     12.119
 180 1120     24.016      7.342     10.070
 546  200     12.580     11.132      3.311
 444  751      4.310    -11.550      2.760
 375   -2     23.982      5.004     -2.399
  -1 1212     26.142     13.749     11.718
  -1 1178      9.438    -18.772     12.024
  -1   -2     10.591      3.454     11.303
1092   -2     10.936    -14.599     12.310
  -1   -2     11.153     -3.001     -2.377
 544   -2     22.768     -3.392      4.552
 517   -2     -5.115     12.859     11.858
  -1   -2      2.501     16.972      9.575
  -1   -2     -6.527     -2.777      8.628
  -1 1084     -7.375    -20.683      9.123
 981   -2     18.669    -17.754      5.221
  -1 1121    -10.397    -12.848      7.865
  -1  166      5.811     -2.657     10.216
1148   -2    -10.166    -15.522     10.085
  -1  409    -11.557      5.017      4.129
1222   -2     16.801    -21.132     10.783
  -1 1097     25.353     -9.872     10.924
  -1   79      2.963     -4.400     10.014
  -1   -2     -6.888    -21.307     12.370
1130   -2    -15.115    -19.099     10.434
  -1  363     27.650    -17.285      8.840
1221 1222     27.429    -16.348     12.596
1134   -2     15.960    -21.024      5.386
  -1   -2    -16.983    -20.314      7.521
  -1 1239     23.176    -22.056      4.064
  -1 1220     -4.328    -20.753     10.755
1236 1341     27.405    -24.177     12.516
1248   -2      7.009    -21.573     12.648
  -1   -2     10.937     34.657     -9.403
  -1  972     14.857    -19.875     12.157
1227 1219      2.321    -30.101     -5.671
  -1  354     23.708     19.665     12.570
  -1 1069     16.178    -22.681     11.430
  -1 1226     11.435    -26.602      7.211
1239 1324    -15.084    -26.495     -0.645
  -1   -2     19.095     25.877      2.549
  -1   -2     -0.107    -18.989     12.209
  -1 1240     19.930    -24.708      8.813
  -1 1218    -25.467    -14.721      9.741
  -1   -2     28.079    -14.464     12.562
  -1   -2     27.342    -22.913     10.181
1223 1043    -22.865    -12.168     12.265
1254 1237     17.880     24.060     11.548
  -1   -2     -1.548    -23.352     10.379
  -1 1229     24.228     17.292     12.531
1067 1180     17.924    -13.082      9.288
  -1 1114    -21.270    -13.556      9.172
  -1  987     -4.104    -19.406      6.882
  -1 1044    -11.487    -19.465      5.907
1250 1235    -27.053     -9.924     10.953
1054 1243     23.607    -18.245      9.313
1251   -2      8.328    -20.051     10.732
1313   -2     25.292    -15.425      7.354
  -1   -2     15.830      1.952     10.673
  -1    7     15.670      2.016     10.385
  -1  367     12.879     -8.936     11.898
 717   -2     19.944      1.983      4.520
  20 1329    -16.559     -0.403      5.696
1274 1334     13.538     -6.000     11.412
 182   -2    -14.236     10.560      6.569
  95 1273    -10.316      9.232     -5.411
  21 1198     14.956      3.228    -10.332
  -1   -2     -7.141      7.733      2.590
  19 1338     -7.108      7.710      2.563
1048 1275     -5.354    -12.597     -0.120
 811   -2    -20.684      1.352     11.324
 253 1290     11.312      4.628      3.998
  -1   -2     24.416     -1.909      7.314
 159   -2      5.567     -0.531     10.689
  -1 1261     12.381      4.215      8.763
  -1   -2     11.160     -4.382      2.916
  -1   -2     16.742      7.713     -5.288
  90 1272      9.593     -5.135      3.370
 473  159     -9.597     -3.023     11.468
  -1   61     18.890     -6.135     10.537
  -1   -2      0.712      3.370     -5.890
  -1 1337    -15.059      0.377      4.901
 555  945     -2.380      2.572      6.981
1284   -2     -4.641     13.290      5.233
  -1   -2      5.657      0.468     10.660
  -1   38      5.414      0.447     10.336
 295  872    -21.431      0.439     11.221
  -1   -2     -2.920     -2.382      5.389
1288   -2     10.850     -0.234     -1.026
  -1   -2     16.420     -4.129     -8.495
   1   -2     -1.779     13.241      7.054
  -1   -2     -8.331     -7.779      2.487
 524   29     16.426     11.634      8.031
  -1  740     -5.361      3.779     -9.574
1195  498    -14.981     13.786     10.479
 406 1295     -7.323     -8.951     10.028
 604  511     -1.429      4.526     -5.588
 433   -2     25.041     -5.052      6.334
 619  495     19.259     15.588      6.483
 455   -2     14.871     -8.604    -10.201
  -1   -2      8.843     12.832      8.126
 300   -2     13.930     12.595     -1.406
1171   -2      8.988      1.629      9.053
 232   -2     -0.859     12.242      3.409
 879  733     18.174    -14.164      2.972
  -1   -2    -12.328      7.849      1.652
  12   -2     -8.971     -5.247    -11.372
  -1   -2    -14.523     13.401      9.649
 809  876    -12.438     10.262      6.695
 834 1310     -3.322    -17.298     10.151
 703 1285      5.662     13.189      7.312
1309 1340    -11.248     18.413     10.829
 713   -2    -15.954    -12.794      9.397
 537  240     12.012      7.207      9.545
1045   -2    -13.415     -3.596      8.944
 678   -2      5.825     15.416     10.036
 389   -2      8.262      5.914      7.792
 936 1185     22.465      5.057      2.299
 662  633     18.827     10.148     -3.140
1226   -2     -4.328    -20.753     10.755
  -1   -2     27.342    -22.913     10.181
  -1   -2     15.670      2.016     10.385
  -1   -2     11.160     -4.382      2.916
  -1   -2     24.416     -1.909      7.314
  -1   -2     -8.267     -1.849     -0.879
 139   -2     20.366      5.524     -1.964
1264 1331     20.437      5.439     -1.993
  -1   -2      5.643      0.502     10.661
 486  127      5.414      0.447     10.336
1326  730     -0.889     -9.229     10.352
  -1   -2    -14.475     13.411      9.746
 170   -2    -15.082      0.415      4.815
  -1   -2     16.742      7.713     -5.288
  -1 1018    -12.710     12.646      4.015
1307   -2    -12.695     12.787      4.003
1317   -2     27.342    -22.913     10.181
  -1   -2     15.670      2.016     10.385
1319  702     12.819     -8.972     11.844
  -1   -2     16.384      3.691     -7.790
  -1   40     24.450     -1.900      7.362
  -1 1266     24.352     -1.958      7.257
  -1  295     -7.492     -4.279      7.812
1333 1361    -14.475     13.411      9.746
 917 1066    -18.772     13.014     11.123
   9   -2     15.670      2.016     10.385
  16 1356     16.384      3.691     -7.790
  -1   -2     24.450     -1.900      7.362
  45   -2     24.352     -1.958      7.257
1342 1360     16.735      7.720     -5.306
  -1   -2     -7.492     -4.279      7.812
  -1   -2     11.160     -4.382      2.916
  -1   -2     -8.267     -1.849     -0.879
  -1   -2     11.160     -4.382      2.916
