1343
   0    0     -9.974      5.921      8.276
  -1    1     25.111    -14.570      7.038
1208    9      0.302     -0.340     11.156
   5   -2    -10.645      7.989     11.060
  -1   82     15.819      1.970     10.439
  -1    2    -11.704      6.632     12.352
1147   -2      1.570     14.015      8.818
  -1   11     -5.915      1.771      4.934
 517  498      4.837     -6.181     12.445
  -1 1240     16.426      3.637     -7.988
  20 1140      6.088     -0.003      9.230
1256 1238     12.929     -8.899     11.833
  -1   29      8.772      9.340      0.164
  -1 1253     12.620      0.241      2.497
  -1   19     -3.298      0.994      6.496
   2   -2      6.281     -0.234      3.718
  -1   35    -12.298     11.573     10.839
  -1   -2     16.722      7.745     -5.277
 222  143      0.862     10.586     10.665
  -1  925    -18.147      1.096     10.774
  27   32    -12.079      8.569      7.048
  10  244     -0.864     -3.483      2.517
  15   18      5.219     -1.595    -12.760
  -1   -2     17.138      3.107     -3.411
  -1   -2      8.609      5.840     -1.697
 191   -2     15.166     -0.444     -2.167
  -1  708      3.451      2.558      3.767
  -1   -2      9.435      4.363     12.037
  -1   -2     -5.747     -0.632      4.301
  -1   -2     15.770     10.707     10.994
1315 1006     11.226      4.612      8.358
  75   -2      6.662     -5.260     11.340
 771   -2      0.787     12.246     12.708
  -1   13      0.842      3.671     -9.652
  -1   -2     -4.385     -1.635     -8.510
  31   10    -10.673      3.906     10.512
 116  294     22.410      0.747     11.557
  -1   42     -8.097     -1.630     -0.396
  -1   -2     -9.580     -2.910     11.438
 389   58     19.863     -3.563    -12.486
  29   -2     16.679      9.630      2.617
1262 1292      9.572     -2.592     -1.068
  -1   -2     -7.789      0.745     -9.193
  22   -2     -8.055     -1.114      5.200
1351   -2      8.100     -2.694     -4.649
  -1   -2     22.977     -2.978     10.629
 253   -2    -16.409      0.658      0.239
  -1   45     -0.045     10.241      6.316
  -1  316     17.203     -6.797      4.958
  47   -2     19.322      5.211      2.557
1345  783     16.352     11.061      4.545
  -1   31    -15.078      0.478      4.822
  -1   -2     17.720      0.840     -4.930
 862  271    -11.311     -0.048      6.018
1328 1177    -11.313     13.937     11.103
 486  142     10.306     -2.463      4.668
  -1   -2    -10.122      0.445     11.465
  90  778     24.011      2.813      1.672
  39  424    -10.973     10.357     -7.425
  -1   61     13.547     14.941      0.582
 678   15      6.213     -5.986      9.650
 492   69     10.875      9.601    -12.380
  -1 1117     15.607     -9.023      3.000
  -1 1159    -14.293     10.653      6.532
 268  842      1.323     -2.784      9.253
  -1   -2      1.699     -1.702     12.634
 109  596     12.137      8.997     -7.605
  -1   50      1.345     -0.995      9.440
 936   -2      5.989      5.330      3.924
 211  204      0.493     13.224      6.789
 310  176     17.815      5.988     -3.653
  -1   -2     25.565      1.363      6.929
  45  129     14.775      3.878     11.398
  -1   -2     13.601     -6.212     11.190
  -1    7    -11.863      9.270     11.971
 154   -2     11.009     14.518      3.347
  -1  103    -14.874     -1.980      5.473
  -1   -2     11.859     -1.840      1.513
  96  152     -3.820      8.171     -0.281
  -1   -2    -15.951     14.896      5.957
  55  168     -9.688     -1.094      4.682
 439 1064     -8.094      0.882      9.941
 163   -2      3.818      3.030     -4.566
  -1  153     20.049      4.758      9.607
 645   -2     13.672      2.668     12.189
 175  763     -1.069      0.860     11.365
 122   -2     24.361     -7.773      3.033
  -1  100     14.003     10.994     -0.519
 106 1100      0.980      8.222      6.479
  -1   24      2.431     10.243      5.004
  -1   -2     14.443     -2.858     -4.777
  -1   -2     17.255      0.158     -5.317
  -1  159     19.762     12.769     10.773
  -1  918     -2.918      5.835      7.737
 323   -2    -15.914     12.064     -5.029
  81   75    -19.864      3.333      8.673
 133   -2     12.335     -0.714     -2.324
  -1   -2      1.762      2.889    -10.272
 849  643     -3.195     13.639     11.509
 286   -2      1.963      1.346      9.771
 228  630     16.515      6.028      8.439
  -1   -2     18.934      0.040     -2.810
  -1  111     25.369     -4.369      5.414
 139   46     25.481      0.869     11.665
  -1 1302    -11.845     14.941     10.710
1187  122     -4.167      4.585      9.111
  -1   -2     14.233      2.584     11.859
 820   -2    -16.063     -1.791     10.667
 230   36     23.041     -0.932     11.129
 355  258      5.552      4.472      8.690
  -1   51     -8.059     13.807     -1.303
  59   -2     19.840     -7.932      4.676
 909  190    -17.365      5.577     11.779
  73   -2     11.303     11.426     10.244
 606  974     12.922     -4.402     -1.889
 915   -2     -5.759     14.278      5.112
  -1   -2    -15.264      0.634     10.198
 117  469     -0.409     12.779      0.776
 983  416      6.731      4.668      7.270
 157   -2     20.382      5.488     -2.075
 181  561      7.626     14.157     11.178
 696   -2     22.145      3.470      9.865
 153   63     18.844     -6.112     10.360
 651   -2     26.859      6.882     11.431
 193   -2     -2.034      1.495     -0.154
 262   76     -4.564     13.602      3.056
  85 1244    -14.077      6.932      6.008
   8  151     14.438     -8.623     11.650
  38   -2     21.407     10.702      3.895
 281  109     -2.082     13.331      7.731
  -1  126     21.042      8.887     11.330
1339 1311     22.327      0.790     -0.883
  -1   -2      3.340      5.073     -7.459
  -1  110     17.853     14.908      1.883
 738   -2     21.763      1.383      4.599
  -1   -2      7.609      5.430      0.855
 155   -2     -3.730     -0.132      4.489
  -1   -2     -0.980      6.762     -8.767
 929   -2      2.257     -1.893      4.234
 203  337     -9.069      9.959     -9.174
 136  170     -0.821     -8.956     10.000
 173  699      8.328     15.066      5.805
 403   -2     14.513     -0.652     -1.101
 765 1047     10.332     10.707      2.874
 115 1248     -4.733     13.344      5.450
  51  673     13.721     -4.131      2.551
  84   -2     20.045     11.265      3.847
 169  781     -7.620     -6.343     10.289
  -1   65     15.519     -1.176      1.489
  -1  292    -13.744     -0.274      8.854
 415   -2     24.230      8.639     11.318
1265   -2      9.141      5.286      9.595
  -1  573      8.403     -6.983      7.952
  -1   -2      6.532      0.421     12.305
  -1   -2      6.122     -6.147      2.728
 221  770     -1.032      8.776      4.365
1314   -2     22.788      2.834     10.424
 867  893    -16.434     14.398      3.426
1096 1054      1.115      4.189      9.057
  -1   -2    -17.400      3.591     12.429
 434   -2    -12.685      2.583     10.538
  -1  752    -14.087     11.421      1.266
 647  268     -3.470     11.604      7.823
 988  820     24.422     -1.868      7.254
  -1  303    -10.001      0.391      3.854
  -1   -2    -12.227      5.921     -6.934
  -1   -2    -14.252      9.863     -4.108
  -1  312     16.913     -2.682      8.735
  -1  487     21.016     -4.848      2.493
  -1   -2     10.369     -7.795      4.526
 285 1263     18.082     13.336     -4.151
  26  200      3.738     11.076     -5.175
  61   -2     -0.530      6.791      0.929
1089  112     -1.778      1.061     12.546
 179   -2      2.103     -0.316     -1.809
1324   -2     11.241      6.475     11.553
  -1   -2     -6.596     -1.774      0.411
  -1  164    -19.775     -2.435      8.703
 351   -2     11.651     16.591      4.513
 180  248    -13.158      1.044     11.830
  -1   -2     11.061      7.552     -5.215
  -1  689      6.597      2.094     10.385
 118   -2    -10.669     -0.617      9.221
 845  183     -9.480      9.969     -1.376
1201  600     10.832      3.136      4.963
  -1   70      7.575      4.441      6.941
1076 1042     16.112     14.379     10.426
1037   -2     -2.473      0.090      8.240
1138  241     -6.061      9.742     -4.514
  -1  709    -18.015     -6.615     11.728
  68   -2     -7.964      9.494     -2.531
 857   -2    -20.001     -0.920      9.076
1094  951    -18.446     11.059      9.788
  -1  612     22.642      4.148      5.436
 317  572    -14.946     -6.907      2.924
 538   -2    -10.143     -2.342      7.517
 137  536     16.938      4.084     -0.335
  -1  672     15.320     15.195     -0.139
 210 1258     20.197     -2.580      9.631
  -1   -2    -13.638      5.407     -8.678
 500   -2     13.341      8.813    -12.451
 602  361     19.736      6.521     12.298
 558  625     17.186     14.989      0.620
 218 1259     14.808     10.829     -6.624
  -1  638      7.645     17.982      9.975
 290  650    -11.784     10.942     -4.147
  -1  245      7.871     -1.272     12.551
1167  549     -3.389     -6.887      4.603
1067   -2     22.773      9.097      6.143
 584   -2     11.777      2.960     -0.768
 422   -2     19.958      3.754     -2.074
  -1  824    -13.016     -4.549      5.668
1306  277     -2.116      3.879      1.148
1317   -2      9.153      3.450      6.210
 235  158     24.526      5.237      7.722
 695  563     -4.810     -2.520      8.309
 258  702     26.113      4.657     10.336
 510  203     22.723     -5.305      8.838
 967  812    -17.176     12.712      9.538
  -1  639     22.012     11.680     11.968
 330   -2      8.600     -8.135     11.577
  65  767     23.674      2.084      9.233
1313   -2      6.010      1.385     -6.721
 416  243     11.597     10.624      4.955
 664  107      4.003     -0.589     11.239
  -1  116    -16.208     -2.489      2.246
  -1  654     -0.426      3.272     -4.449
 731  658     26.004      7.141      8.601
  -1   57     -2.745      2.551     12.585
 591   -2      6.626     13.773     -3.828
  -1   -2     19.161     -1.931     -6.408
  -1   -2     12.403     -1.134     -5.787
 219   -2     15.639      3.315      6.020
 906  139     -2.460     15.155     10.481
 348   -2     11.822     -0.488      6.446
 749  550     -1.290      3.841      7.309
 216  574      5.267      7.758     11.227
 420 1076      6.054    -11.261      8.203
  -1  533    -11.679      0.435      2.306
  -1  154     11.171     13.649      5.811
 140  324     18.975      2.448      7.281
1270   -2     -5.239     12.128      8.893
  -1   -2      2.550      1.462     10.700
  -1  141    -10.243     -5.720      6.138
 309  225    -10.462      9.205     -5.463
 536   -2      7.603     -1.598      2.193
 990  471     19.398     -7.191     -0.465
 879  657      8.370     10.298     11.182
 413   47    -17.902      0.310      3.412
 352  459     13.160      2.430      5.945
  -1  305     -1.271      3.326    -11.622
 641  265     -4.036     -3.138      4.702
  -1   -2      5.724      8.153     -0.542
 542   -2    -14.535      2.355     12.254
 463   -2     23.552     -3.464      2.568
 171  516     -4.795      4.277     11.680
 198   -2    -16.652      4.321      1.560
  -1   -2     11.511      3.057     11.049
 790   -2     -4.600    -13.196      1.195
  -1 1172      9.780     -0.740      6.584
 466   -2      3.391      3.935     -1.119
 242   48      0.462      2.463      9.082
 255   81     17.160     -3.174      1.113
 412  545     25.595     -6.116     10.065
 391 1017     18.074      4.683      7.284
 324 1267     17.496     10.648     -9.345
 991   -2      4.530    -11.458     -3.436
  -1   -2     16.753      4.162     -6.960
  -1   -2     -6.297     10.195     -7.206
 698   97    -12.424     -1.071      0.040
  -1   -2     11.096     -5.407      9.404
 526  507     16.522      7.542      2.498
 944 1166      5.823     15.656     10.004
  -1   -2     19.611     15.034      4.103
 254  583      7.553     -4.140     -3.381
  -1   -2      8.883      7.512      3.106
  -1   -2     18.762     -8.301     12.060
 912  323    -10.081      8.235      5.321
  -1  772      1.482      2.157    -11.728
1323  212    -12.598     12.769      3.999
  -1  527     22.167     10.483     10.864
 494   -2     11.013      1.079      7.854
1145  177      6.209     11.551     11.389
 762   -2     -9.618     -6.818      6.397
  -1   -2     16.146      3.954     12.007
  -1   -2     15.910      9.933      0.678
  46   -2     19.536      5.676     -0.161
1181   -2     15.705     14.753      2.585
 287  281     12.371      9.247      9.220
 264  251    -16.509     -2.588      8.789
  -1   -2     16.611      0.881      9.015
  -1  210    -13.338      7.329     -1.285
  -1   -2     -5.439      1.023     10.331
  -1  815     -7.636     12.767      7.490
 431  696     23.468      0.394      7.569
  -1  924    -14.859      1.940     -0.559
 903  928     -6.953     16.714      8.475
  -1   -2    -13.850      0.392     11.692
  50  531      0.714     10.690      6.835
  -1   -2      7.900      2.687     -6.450
  -1   -2      3.225     -6.822     -5.279
 367   -2    -12.670     -0.293      9.278
 567   -2     -0.595      4.074      4.304
  77 1242     -2.903     -3.365      6.900
  -1 1264     17.691     -1.469     -8.411
 396 1270    -11.695     -3.936     -8.672
1105   -2     11.323     -6.172      5.386
1004 1283     19.634     -0.584     10.276
  -1   -2     19.579      5.172     -9.766
 371  378     16.922     -9.667      1.997
 296  184     10.021     11.987    -11.790
1038   -2     -2.368     -0.676      9.918
  -1   -2    -15.098      4.953    -10.009
  -1   -2     17.644     -0.765      7.161
 947  894    -16.398      6.246      6.572
  -1   -2     25.534     -7.167      7.022
 126  233     -9.647      9.396      7.531
 234   -2     10.126      0.268      1.598
  -1 1004    -11.582     10.158      0.447
  -1   -2      9.333     -6.564      9.001
 223 1137      7.847     11.211      9.934
 271  214     -6.571     -0.898      6.192
  -1  279      4.087      0.794     -5.468
 445   -2     21.182      0.798     11.954
  -1  260      3.230      5.942      9.078
 851  348    -18.418     -0.590     10.614
  -1   -2     21.376      0.437      0.073
  -1  996      7.201     -1.048     10.404
  -1  677     17.472     -0.671      3.941
1259   -2     -6.822     -1.530      5.414
 322   -2     -3.102     -2.203      5.520
  -1  343     -9.070     -5.826     -4.083
 460  254     17.976      5.473      4.234
 757   -2     21.598     15.559     11.023
1296 1303     -3.845     -7.855      9.805
  -1   -2    -18.444     12.295     12.498
  -1   -2     17.794     13.276     -7.878
  -1  119      8.991      8.886      9.940
 452   -2     -0.567     -6.042     -6.031
  -1   -2     14.624     16.018     10.538
  -1   -2      6.096     11.271     -2.584
  -1   -2     12.564      9.986     -6.623
  -1  334     23.122     -1.855      7.966
  70   49     19.831     13.387      7.406
 511  429    -15.932      7.005     -6.862
 564   -2     16.137    -10.342    -10.587
  -1   -2      2.410     -3.508     -8.237
  -1  814     23.752     -3.427     12.455
 419  226     21.560      4.761     10.165
1330  881     10.848     -1.431     -3.884
  -1   -2     11.176      5.468     10.707
  -1   -2      4.822     11.591     11.550
  -1 1119     15.953     -3.012      4.258
 576   -2      0.713      0.492     10.310
 525  892     17.531     -1.299      7.337
1017  501     25.175     -4.419      9.102
  -1  317    -16.739      6.131     -1.762
  44   -2      2.757     -0.600     12.140
1103 1285     -8.687      8.684     -2.732
  -1  678     14.852      8.897     -6.272
  -1  209     22.392      4.360     12.212
 803  613      3.312     12.250      8.141
  -1   -2      2.190      9.005      4.259
  72   -2     -0.499     15.696      5.949
 659  263     -0.124     -4.436      9.766
 470 1273     -3.260     -2.567      9.317
 549   -2      5.091      9.376      7.109
  -1  542    -10.858     11.064      9.726
  -1  526      1.891     -0.720      4.883
  -1   -2     -4.067     10.519     -2.548
 817   -2    -15.712     -4.947     -7.985
  -1 1315     23.332     16.447      5.714
 524  381      1.419     -6.508     -5.050
 718  990      4.893    -10.753      5.008
 839  298      8.395    -10.065      5.214
  -1  393     24.013     12.078     11.704
1003 1282      9.764      7.357     -3.143
 464   -2    -14.837     -1.091     -0.256
  -1   -2    -10.308      5.051     -4.310
 388   -2      8.033      4.965     10.066
  21   -2      5.513     12.148      4.170
 887  344      9.258      5.124      3.527
 729   -2    -14.865      2.770     -8.671
 717   -2     17.585      5.932      1.709
 176  335    -13.074      8.470      0.244
  -1  113    -13.471      5.677     -2.133
 207   -2      0.406     -3.136     -5.377
  -1  133      7.005     11.754      5.304
1087  352     11.822     -4.140     11.938
 756   30     23.892      0.250     12.391
1106  747     -9.467    -12.830     -3.875
 409  256      1.133      6.562      1.393
 882   78     26.445      2.467      5.693
  -1   -2     22.073      4.253     -4.375
  -1  691    -16.327     -4.149      2.795
  -1   -2     -4.799     14.910      3.977
  -1 1153     21.186     -3.075      9.944
 273 1063    -18.305      6.780     11.921
  -1  144     23.646      0.355     10.503
  -1  318     -4.304      3.129      9.848
 568   -2    -10.452     15.780     11.779
  -1   -2      2.494      5.132      9.882
 581 1075     16.690     10.774     -3.598
 418   -2      8.412     -2.103     12.108
 528  405    -11.369     13.433     -3.161
 550   -2      3.206     -4.273      8.703
  -1  444     16.142     -5.719     11.059
 401   -2    -19.341      4.610      7.233
 600  188     12.400     17.062      9.670
 796   44     -1.290     14.664     11.572
 482  481     12.045     -3.068      7.622
1281   -2     18.675      3.688      2.702
 183   -2      2.409      6.874     -2.275
 335   -2      1.306      4.800      8.631
  -1  287     10.734     -7.399      8.973
 980   -2    -13.486      4.867      1.297
 874  314     24.219     -9.474      9.512
  -1   -2      2.301     11.819     -0.937
1139 1288      6.024      0.517     10.603
  -1   -2     14.017     -9.389     -7.042
  -1 1053     -5.592     -9.527      1.175
 311   -2      3.521      6.980      2.315
  -1   -2     19.606     10.362     -8.711
  -1   -2     10.916     -1.009     10.290
  -1   -2     22.099     -8.224     -2.289
 633  383    -13.761     -1.727      2.435
  -1  456     11.113     -1.710     -0.862
  -1  149     -3.587     11.570     11.066
  -1   -2     -5.171      5.621     -9.749
 778   -2     23.770     11.946      7.901
 895 1082     17.677     -2.877     10.087
 800  582     -1.077     -7.575      7.266
  -1 1096    -15.122     -9.202      6.719
 398 1168      8.022     15.181      8.200
 963 1183     20.568     14.388     11.726
 426   -2    -20.259      1.720     10.853
 563   -2     15.692     -4.462      7.565
  -1  923     27.230      0.436      6.736
 697   -2     19.600     15.617      6.446
  -1  451      4.404      0.229      8.429
  -1  885     15.075     -7.918     -8.483
1120  396      5.295     13.496      6.274
  -1  218      5.946     -1.280      6.803
 430 1272     16.555     13.448      2.048
  -1  888     -7.256     -9.137     10.298
  -1  773     11.527     13.107     -0.909
 583  509      6.296     -8.496      1.219
  -1 1201      6.164      8.739     11.104
1155   -2     25.758     -5.482      9.398
  -1   -2     -8.352      3.954     -2.257
1214   -2     13.928     -1.175      6.026
 619 1000     16.153     11.954     11.090
 931   -2     -7.633     -2.458     11.034
 979   -2     25.569     -2.102     10.687
1059   -2     18.863     10.778     -3.366
 704   -2      7.011     -7.370      7.970
1008  540     -0.570      6.710      7.510
 782  941    -14.908     -3.003     11.756
 321   -2      9.407      3.207      8.084
  -1   -2      9.337     -5.686     11.061
  -1  198     21.345     -4.138      9.499
 654   -2    -12.530     -1.731      0.937
 932  623    -10.248     -3.228      8.925
  -1  801      4.680      4.047     10.538
 312  514      4.333     -7.407      0.810
 522  386      7.647      1.324      8.379
  -1   -2      6.544     -0.233    -11.361
 461  425     14.661     -6.215      0.981
 518   79    -12.198     -1.584      8.655
  -1   -2     20.855      7.540      6.973
  -1  729     -6.985      7.845      2.566
 368  391    -16.396     -2.616      6.445
  -1   -2     -2.623      3.852      7.051
  -1  488     -5.967     -4.580      1.481
 308  457     16.334     -1.409     10.841
 237 1260     -2.468      6.850     -0.627
  -1  624     -0.626    -10.738      1.551
  -1   -2     -4.185     -2.480      9.161
  -1  479     -3.542      0.186     10.738
  -1   -2     -6.771     -6.728     -7.496
 785   -2     -4.696     -7.170      6.441
 303  720    -11.150      8.801      4.125
1166   -2     -6.331    -11.480      9.917
1299   -2     13.037     -6.026      8.265
 987   -2     -1.057     -8.391     -0.197
 103  407      7.076      7.082     -1.141
  -1   -2     19.281     12.470      0.320
 635   -2     15.193     14.992     11.313
 841  390    -13.825      5.951      1.398
1077  464    -17.838      2.284      8.786
1080  295     23.498      5.898     11.361
  -1   -2      8.111     11.561     -5.899
  79   -2      2.286      6.805      8.754
  -1 1033    -16.632     -9.207      5.727
 214   95     12.543     11.488     11.915
1019   -2    -12.676      8.569     -3.748
  -1   -2     13.477      3.385     -1.520
1055  899     27.551      9.709     12.411
  -1   -2     -3.950     -3.342      1.717
1142   -2    -16.154     12.000     12.470
 975  462     -2.632     -4.705     -4.655
 277   -2     16.919     13.094      9.996
1150 1170     16.006      7.172      7.541
  -1   -2      1.803     -1.961     -7.936
 338  223     21.817     -5.983     11.965
  -1   -2     11.049    -13.930     -6.711
 382   -2    -15.655      6.889     -0.066
 172  731    -10.474     -6.739     10.808
  -1   -2     -1.793     -7.532     -1.038
1206  712      6.996     -3.032      0.980
1007   -2     -8.427     -7.205     11.714
  -1   -2     -6.324    -12.360      5.120
 497  874     -2.185     13.760      3.036
  -1   -2     20.127    -11.800      0.192
1132   -2     19.314      3.805     11.106
  -1  262    -12.846      0.200      8.882
  -1  384     23.418      5.659      4.210
 714   -2    -11.280    -11.008     -0.403
 453   -2     19.619     10.588      9.403
  -1   -2      6.905     -1.090     -2.522
 294   -2     16.382    -13.505      5.164
  -1   -2     -6.017      7.460      6.413
  -1  166    -12.121     -1.178      1.364
  -1 1132     16.607      9.610      9.162
  -1   -2     20.925     -1.160     -7.248
  -1  743     19.893     -7.895      2.982
  -1   -2      7.428     -0.208      6.573
 864  192     -8.841     -3.836      6.855
1079  634     21.644     -9.400      8.754
  -1 1041    -10.077      4.937      3.551
  -1   -2     10.740     -4.158     11.635
  -1   91      8.340      5.769      5.392
1141   -2     14.958     -1.386      9.441
  -1 1089     -9.817    -10.004      6.160
1136 1271     19.263     16.665      3.951
1300   -2     -8.946     -5.497      4.827
  -1  917     -0.043     14.486     11.672
  -1  161     12.705     -0.931      6.539
 902  491     -9.706      3.333     10.494
  99   -2    -10.878     -1.195     -3.529
 384   -2     17.703      7.241      6.512
  -1  620      5.871     -8.516     -9.095
  -1   -2     19.099     -0.160      4.593
 441  117     10.394      0.385     -6.445
  -1  497    -16.425     11.630      2.716
  -1  676    -17.342     -6.503      5.385
  -1   -2     17.235      6.293    -12.163
 232  585     24.472      3.919      6.214
 410   -2    -15.666    -12.105      4.318
 417  373     13.478     12.097      1.712
1224   -2     21.497     16.839      7.875
  -1 1039      9.796    -11.299     -6.917
 248   -2    -15.102     -5.910     12.127
  -1   -2     -3.985     10.761    -12.278
 190   39     27.211      6.152     10.332
 927   -2     12.527    -10.799      4.943
  -1  517     -1.705      3.869     -4.265
  -1  427     16.334     15.106     -0.954
 752  755      6.014     -9.035      6.887
 582   -2    -10.975     -9.313      9.919
 721   -2     16.773     15.674     11.718
 448   77    -10.616      3.672     -7.318
 775   -2     -2.173      3.744      9.316
 786  762      1.640     -9.878      3.255
  -1  441      8.659     13.172     10.750
  -1  953     -5.218     16.133      6.783
1326   28     -0.340     -4.314      6.453
 911  291    -18.906      6.170      5.963
 247   -2     -5.986     -2.546      5.250
  -1   -2      5.149      5.659     -2.725
 346 1122      0.592     -9.250     -5.639
  -1  733     -2.222     15.264      3.122
1123  597     13.073    -11.865      8.711
  -1  682     24.171     11.240     11.675
 502   -2     25.247      7.475      9.177
  -1 1019      5.255     14.185     -0.884
  -1  234     19.689      8.855     -1.897
  -1   -2     -2.063     -7.949      5.363
1063   -2     22.295    -14.345      8.839
1046  461     20.243     17.702     11.075
  54  616     -9.544     -0.889      9.144
  -1  803     20.631      4.029      1.377
1184   -2    -10.705     17.077     11.395
1238 1018     19.885    -17.995      8.101
 182  121     -5.369      6.570     -1.497
 587  787     26.122     -3.926     11.313
 614   -2     15.409     17.289     10.598
 791  238      0.500     -4.343      8.799
  -1  995      7.710     11.024     -1.211
  -1   -2     17.283      4.875     11.501
  -1   -2     -9.452    -15.282      4.080
  -1  283     -2.969      8.134     11.897
1065  415     14.540      7.398      7.055
  -1   -2     18.772     -0.094      0.305
  -1  543      2.981      6.525     -5.538
1196  436     15.897      6.371      7.047
  -1   -2    -19.673      9.371      9.235
  -1  981    -12.494     -7.842     -4.511
  -1   -2     -2.614      8.947     -6.700
  -1  525     19.917     -5.358     10.587
 709  595     22.025     11.247      8.271
  -1  649    -14.066      6.585     -6.743
 630 1180     17.593      9.626     11.271
 683  310     11.361      3.885     -6.751
  -1   -2     20.500     -2.531     -8.524
 282  422     -6.231     14.354      6.863
 829  831     -9.314    -14.201      4.276
1074  665     21.377     15.315      6.720
1030  604     -5.019    -13.081     -0.451
 548 1115      9.626     13.568      6.352
  -1   -2     13.617     -1.144      9.536
  -1   -2      2.810      4.812     12.402
 408  419      1.135     -1.179      2.063
  -1   -2     25.269      3.492      3.274
 370   89     17.439     10.838      1.783
  -1  637    -16.255      4.147     -8.421
  -1   -2    -10.787    -12.943      4.388
  -1   -2     -5.690      3.601     12.246
  -1  603     -5.708      0.970      6.075
 556  833     -9.401     11.740     11.835
 835   -2    -12.894      0.913      5.930
1193   -2     15.666      9.586     11.778
  -1   -2      4.667      3.813      5.955
1293   -2     22.143      8.260      3.207
 531   66     18.067     -5.288      3.701
1097  202     26.833      8.637     11.969
 532  250      7.059     -7.155      1.132
1153   -2     17.594      2.037      9.974
 213  588     14.648      6.865      5.591
  -1   -2    -10.513     -8.510      5.692
  93 1245     14.732     -0.230     -4.654
 889  771      3.677      1.044      4.200
 733   -2     23.536      7.348      8.707
  -1   -2     -0.476     14.004     -1.025
 822 1173     -0.644     11.367     10.792
 238  138     21.749      9.901      4.876
 189   -2     10.959     17.459      8.074
1195 1228     14.610    -18.286     11.045
1290  473      2.608     -8.242      2.939
  -1   -2      0.560     -6.941      5.430
 539  749      9.763      1.148      6.954
  -1   -2     11.445     15.201      5.285
 907   -2     -4.138     16.324      6.132
  -1  656      1.763    -10.143      0.047
 939  189     25.172     10.854      4.966
 414  178    -17.145      0.399     11.340
  -1  578     -2.990     -3.201     12.030
  -1   -2     10.877     15.588      8.005
 161   -2     25.027     -4.150     12.319
 147   -2      6.495     10.454      4.332
  -1   -2      7.685      6.179     11.074
  -1   -2     14.204     -2.133      2.923
 595  554     25.458     13.446      9.855
 598   -2     20.371     14.072      2.525
1321   -2      4.450     15.397      0.555
  -1 1289     21.366     12.851     11.199
  -1   -2     19.049      2.740      3.092
1104   -2      4.193      5.430     10.246
  -1   -2      9.696    -15.790      8.257
 291   -2     -1.729     -2.957     -2.491
 748  350    -18.781     -7.083     11.885
 327  432    -13.972     -6.993      3.954
  13   -2     15.917     -7.840      7.061
  -1   -2    -15.926     13.495     11.950
 562  273     15.512      3.505      2.706
 690  570     18.858      5.272      7.395
 846 1092     -4.692     -9.447     -4.570
1029   -2     18.037     14.339     11.136
  -1  470    -12.365     -3.068     -3.783
 780  346     26.552      3.710     10.201
  -1  524     14.094     -5.533      7.519
1124   -2      2.111     -5.160     11.607
1131  714     10.917      6.685      0.137
 343 1034     20.499      7.748     11.967
1122   -2    -15.902     -5.499      5.172
1288   -2     15.448     14.958      4.548
 761  674    -13.630     -9.073     11.849
  53   -2     15.893    -10.228     10.301
 913  967     -9.902     13.329      2.482
  -1  811     24.044      1.849     12.080
 640   -2     22.788      4.699      3.335
1280  794      6.201      0.826     -4.364
 240  399     22.601      1.557     10.421
  -1   -2      6.943      7.651      0.687
 279  458     -0.295     -2.553     11.632
 638   -2     -1.475    -11.007      1.825
 432   -2      3.101    -13.619     -7.144
1025  553     -4.481      8.217     -3.118
  -1   -2      6.687     -2.441      8.108
1098   -2      4.460     -2.671      9.141
  -1  165     19.189     -0.541      9.323
1016   -2     18.633    -16.902      6.358
  -1   -2     19.534      4.551     -5.426
  -1  705     26.250     13.565      7.630
 653  547    -19.230     -5.020     10.350
 438   -2    -18.724     -5.127      7.384
  -1   -2     -2.532      5.805     -7.945
1285   -2      2.956      4.271    -10.405
 479  412    -14.942      9.667     -2.011
  49   -2     -6.488     10.623    -12.179
  -1  715      7.994     -2.781      9.581
  -1  605     24.292     16.158     11.151
1032   -2    -14.608     -7.560     -6.146
  -1   -2    -14.082     -6.843     -9.060
 918  675     15.964     -5.065      9.440
  -1  860     -3.536      7.396      3.952
1171   -2    -11.160     15.778     11.360
  28   -2     22.689     -4.424     11.799
1013  651     -5.790     -4.817      8.654
  -1   -2    -19.919     -9.290      9.940
  -1  134    -10.433     -6.036      7.991
 336   -2     11.118     -7.939      9.917
 428  601     13.672     11.865     10.681
 209   -2     11.793     -3.867     11.009
 779   -2     19.503    -17.245     11.361
 187   -2    -11.127     -2.741      8.379
 726  222     13.493      3.567      8.568
1014  965     19.718    -11.177     10.126
  -1  669     17.210     -4.597     -7.818
  -1  215      4.657     10.611     -6.176
 455   -2     13.546     15.064      9.398
  -1  447     -1.216      0.106      7.768
 856  577     -8.785     -9.682      4.873
  -1  799     -5.696     -9.335     -9.218
 339  741     -3.167     -3.844      7.369
 996 1304     11.715     -6.708      9.816
  -1 1005     10.471    -16.039     -0.053
1088  359     24.504     10.949      8.717
1327   -2     20.169     16.908      7.268
1047 1232     -9.287    -16.875     11.912
 114  175      6.400     -2.910     11.052
 869 1193      4.239    -14.802      2.113
 700   -2     21.875     12.109      8.441
  -1  474     18.318     11.169      0.513
1213   -2    -18.599    -10.788      9.506
  -1   -2      0.029     -7.227    -10.168
1322  433    -19.292     -9.129     10.927
1186 1116     -4.395    -14.281      9.278
 554   -2     21.477     14.134     -2.978
  -1   -2      6.518     10.538     12.092
 703  598    -12.300    -11.925      6.179
 462  586     15.552    -11.422      8.084
  -1   -2     18.848     -3.633      3.208
 425 1203     13.745     -4.201      9.772
1177   -2     21.590    -11.306      7.221
 924   -2     11.703      8.157     12.170
 986   -2     27.755      1.471     12.380
1052   -2     -4.252    -11.281     -1.566
1203  211     10.136     14.376     -1.804
1090  798     10.215    -14.283     -2.814
1159   -2    -15.178      7.076    -10.799
  -1  105     -1.545     15.531      2.787
 585  836     12.808     -8.871     -2.775
  -1   -2     -4.795     -2.989     11.707
  -1   -2     13.271      5.726      5.594
1292   -2    -19.927      6.238      8.311
  -1  332      7.034     -8.503      8.100
 833  774     19.490      1.396    -10.117
 956   -2     13.881     12.877      0.910
 957  480      0.780    -12.229      5.629
 821  703     27.852      2.641     10.698
  -1   -2     24.193     -9.656      7.033
1228 1150     25.829     12.146     11.112
1260  580     18.367      9.803     10.272
1289  140     -7.969      6.387     -1.612
1125   -2      4.248     -2.836      4.354
 421  569     -6.230     -2.644      8.339
1176   -2    -17.319     -7.495     10.938
 952 1195      1.155    -18.614     10.910
  -1   -2     -8.794      4.747     -0.282
  -1  495     26.028      8.592     10.195
 736  850     -4.624     -6.457      8.621
1337   -2    -14.731     -4.943     11.067
 917  934     20.396     -3.859     -0.850
 488  663     12.481     -0.179      9.662
  -1  776     -2.099    -13.335      5.527
 342   -2    -11.826    -13.023      1.623
  -1  782      1.526     -2.656      3.065
1050   -2      8.914     -4.493      3.010
 475  503     20.169      5.955     -5.727
 759  579      8.684     -1.267      1.267
  -1 1032      3.481    -12.085      5.936
  -1  538     18.487    -10.699     -3.721
  -1  790      3.948    -11.462     10.365
 686   -2     -9.196     -2.227      9.033
 572  530      9.547      7.653      8.245
  -1   -2      2.081      0.423     -9.509
1343  692      5.675    -11.808      6.039
 204   -2     24.160     -0.474      3.694
 684   -2     -9.890    -13.540     -0.383
 333 1102      8.165     -7.957      7.885
  -1 1134     20.936      7.704      4.925
 742   -2     -7.242     -4.098      2.675
  -1  345    -11.983     13.026      1.490
 972  404    -19.272      5.537      2.344
 993 1037      0.474     16.194     10.123
  -1  529    -12.547      9.821      2.283
  -1  347     -0.741     10.045     -5.993
  -1  903      1.783     13.984     -4.187
 611  891      1.180     14.072     11.755
  -1   -2    -13.376     11.911     10.383
 557   56     -1.394      5.498     -1.535
  17   -2     -4.023      6.166     12.360
  -1   -2     12.936     -7.288     10.509
  -1  594    -10.615      0.832     11.994
  -1   -2      4.150    -16.217     -0.896
  -1  857     -9.201      2.318     10.540
1316 1176    -13.415     -5.829     11.273
1156   -2    -11.246     18.473     10.865
  -1   -2      0.648     -3.523      2.905
 794   -2    -17.554      8.387      8.593
1119  734      3.263    -13.021      5.121
 373   -2    -11.342     14.938      1.160
1045   -2      0.581     12.603     10.988
  -1 1067      1.154     19.960     11.691
  -1   -2     -1.754      8.842     -5.809
  -1  808     -4.221     15.747      5.253
  -1   -2     28.740      7.980     11.381
 202   -2     -8.306     10.642     -7.368
 899  483     -6.259     12.862     11.621
 358 1268     22.639     -6.443     10.512
  -1   -2     24.910     12.213      1.522
  -1   -2      5.658     -0.838     11.649
 493   -2     18.942     -6.819      3.364
  -1 1160     -6.305    -16.643     12.737
 971   -2      6.485    -13.781     -0.373
  -1  484     27.137     -6.728     10.206
 588   -2     -2.779      5.582     11.861
  -1   -2     -3.288    -17.322     10.138
  18  700      2.246     11.614      9.509
  -1   -2     -1.108    -12.452     -4.956
  -1  322     25.687     -7.096     10.032
1301   -2    -18.334     11.986     -4.155
  -1   -2     25.072    -14.613     11.358
  -1   -2      0.990     -0.352      2.036
1072   -2     -3.025      3.834     -2.926
  -1   -2     -2.703      8.810    -11.670
  -1  802     20.725    -13.638      7.414
  -1  196     -3.169     -0.712      8.640
 827  852     -5.711     19.626     12.114
  -1   -2      8.740      2.091      7.854
 954  288    -13.842     14.423     11.403
  -1  756     23.762     -3.176     10.951
  -1   -2    -14.612     12.764     11.695
 506  956    -20.285      0.662     12.490
  -1   -2    -10.570     -5.363     -3.603
 592  764     12.385     15.535     10.770
 313   -2     12.238     12.095      8.971
  -1  591     29.078    -11.132     10.907
  -1   -2      4.178      3.055      5.825
  -1   -2     25.075      5.412     11.557
1068  822    -13.885     16.193      7.898
 199  227    -19.217      1.112      5.711
 208   -2    -12.113     -5.271      6.977
  -1  977      1.787     -5.850      7.234
1109  904    -13.942     12.855      8.654
  -1  610     -5.630     10.981     -8.011
  -1   -2    -14.183      2.379    -10.702
 861   -2     -4.134     17.245     12.664
1140 1013    -16.286     16.678      6.629
 891  868    -12.527      7.787      3.610
1248 1178    -11.981    -18.950     11.422
 626   -2     19.826     -2.766      4.094
  -1   -2     -6.818      2.420     -1.992
  -1   -2    -17.466     -4.308     11.796
 888 1230     25.531    -18.298     12.185
  -1  150     18.533      2.782     11.522
  -1 1121     29.209      5.837      9.384
1018  274     -6.511     16.093      3.692
 555  477     -8.798      9.883      4.909
 801  125    -15.638     13.030      3.201
 981  366    -17.809      8.425      5.319
 812   -2    -16.077     13.031      9.148
  -1   -2     17.266     -7.892      7.565
  -1   -2    -16.860     17.930      4.668
  -1   -2     12.979      7.585      8.514
  -1   -2    -11.420     -0.868      1.865
 890  844     28.804      5.198      9.104
 129   -2      7.838      5.196      8.855
1252  319     25.934    -16.258      8.287
 968   -2     27.371      5.532      6.131
  -1  851     13.760      7.790     -5.467
  -1   -2      2.905     19.421     12.405
 830   -2    -16.346     15.425      8.175
  -1   -2    -13.816     -3.356     -2.054
  -1   -2    -11.483    -10.938     -4.290
  -1  385    -12.539     12.110      8.354
  -1  985     -6.217     -7.868      7.828
1002   -2     -6.765     14.797     12.615
  -1   -2      8.119     16.727      6.283
  -1   -2     -1.812     -2.893      9.296
  -1   -2     -3.575     12.258     -5.447
  -1  511     17.763     -0.065      8.975
  -1  809    -21.117     -4.466     10.029
 347  213     -6.439     14.590      9.443
 480   -2     -3.299     15.379     12.220
 293   -2    -13.871     -2.314      7.907
  -1 1044    -13.619     16.454      9.295
 885   -2     -3.937     19.813     10.291
  58  439     25.699     -3.530      4.981
  -1   -2      9.031     11.570     11.107
  -1  832     10.907     17.468      6.114
  -1  173    -18.329      3.927      7.012
1172   -2     19.545    -10.026      8.297
  -1   -2     14.522     -6.390     -2.932
  -1   -2    -14.213      0.119      5.342
  -1   -2     26.821    -14.853     11.540
  -1   -2     10.179      6.958     11.568
 809   41    -10.494      1.122      8.861
 145  921    -17.772     13.428     12.204
 834   -2     14.430     -6.997     12.156
  -1   -2    -18.880    -11.501     -3.725
  42   -2      2.771     11.435      1.784
 795  942    -10.352     13.822     11.859
  -1  723     -3.467    -10.070     -9.546
  -1   -2     16.522     -8.813      7.882
  -1  919     21.562    -15.196     12.181
  -1   -2      5.926     13.087     -3.182
  -1   -2    -10.004      6.784      0.106
  -1 1171     21.681     12.937     -5.282
  -1   -2      4.366     16.632     10.944
 628   -2      6.929     15.276      6.263
1210  780    -10.703    -13.264     11.946
  -1   -2     21.402     18.545     12.657
1198 1202      9.160    -17.265      7.181
  -1   -2      2.475    -11.201      6.222
 390   -2     -8.488     13.711      6.765
  -1  688    -14.491      0.299      5.654
1295   -2    -13.196     13.944     11.066
1161  806      5.427     15.908      8.460
  -1 1002    -19.625     13.067     10.640
  -1  493    -17.842     14.465      7.038
  -1   -2      0.120      4.733     -0.587
 652  684     -2.464     -9.093     12.494
  -1   -2    -20.326    -10.491      5.161
 244  697    -16.289     -0.314      6.370
  -1  987     23.648    -14.416     12.212
  -1   -2    -11.165    -13.989     -3.311
  -1  609     18.487     -5.704      5.874
  -1  890     28.306      9.754      7.150
 362   -2     -4.483     -9.255      3.343
 802   -2      9.949     15.084     12.431
 873   -2     -3.546     16.815      3.779
 625  478     10.002     -9.683      0.013
  -1  644     10.567     -7.716      0.837
  -1   -2      1.754      0.871     -4.873
 639 1101     -4.855     -6.358     10.366
  -1   -2    -14.213      7.837     -1.479
  -1   -2    -12.008    -14.678      9.012
1012   -2     22.784     -6.826     11.092
1001   -2     18.511      8.767     11.380
  -1   -2     25.868      6.077     -0.755
  -1   -2      5.620     -2.544      5.358
  -1  285    -11.761     12.258     -3.988
  -1   -2     23.060     -9.113     -6.155
  -1  145    -18.364      4.877      6.980
 387   -2      4.662     14.900      5.844
  -1   -2     15.491     -9.204     -1.014
 933   54     -8.453      5.486      5.095
1128 1296     21.524     16.565      3.840
1099   -2     -8.045     10.520      5.493
 840  518      0.206      4.703     10.974
  -1   -2     12.810     13.036     11.896
  -1   -2      5.347     12.305     10.895
  -1  502     16.358     17.947      8.501
  -1  249    -15.116      3.116      8.103
 805   -2    -21.468     -4.315     12.293
  -1   -2     24.396      5.006     10.309
 407  757     -0.007      5.640      0.351
 997   -2     -8.828     -9.549     10.945
 394  558     10.585     10.125     12.207
  -1  841      2.276     14.656      3.990
 720  827     18.082     10.808     11.093
  -1  875      8.370      9.580     -7.341
 178  821     -6.383      0.720     -9.977
  -1 1022    -16.844     15.022     11.766
  -1   -2      9.647     11.834     -0.600
1060   -2     -9.944     13.524      6.617
  -1   -2      2.697     10.696     -5.670
1146   -2     -2.875    -12.919      0.310
 741  304      5.589     14.432     10.640
  -1   -2     25.816     16.405     11.164
  -1   -2      6.429      2.607      9.442
  -1   -2     15.140      8.630      1.304
1189  792     13.821    -12.024     -0.183
  -1   -2     -7.512    -12.165     -3.185
 818    8     -6.841     -1.147    -11.034
 992   -2    -16.902     13.357     11.689
 886  945     16.589    -20.584      6.019
1197   -2     20.318     11.192      8.183
  -1  976     17.755     11.935     12.015
  -1   -2     -5.097    -14.959     -0.567
  -1  683      8.071    -10.864     -3.322
  -1   -2     19.656     -0.607      2.987
1112  789     23.887     12.964     11.655
  -1   -2     22.635     12.360     11.379
1200 1050      0.272     13.280      8.382
  -1  370      7.126      9.339     12.010
1015   -2     22.449      0.439      8.728
  -1   -2      9.836    -13.560     -7.378
  -1  739     -2.779    -14.213     11.535
 451   -2    -15.675     13.080      8.856
  -1   -2     24.437     12.017     -7.193
1043 1284     13.323    -19.771      4.276
 884   -2    -19.612     11.051     10.786
1229  920    -17.759    -12.825     11.135
  -1   -2     11.422     -2.165     11.894
 961  430     11.272     13.319     11.255
 694   -2      0.079    -10.820      4.264
 847   -2      6.510    -17.386     10.683
1081  442      3.820     -2.713     11.532
1009  911    -19.417     -8.449      3.789
 722   80      9.260     -4.192     -3.325
  -1   -2     17.250    -11.674     10.911
  -1   -2     15.488      6.551     -3.364
 471  979     -7.696      5.102     -0.236
 257  968    -17.205     10.386     12.405
  -1  296    -13.549      4.958      8.688
  -1   -2     -3.175     15.575      1.973
  -1 1167     -7.258     16.641      4.347
  -1   -2     -9.489    -13.359      3.972
 306  499     18.781     -3.688     10.634
 712   -2     25.617     14.766      9.367
  -1  753     16.241      4.676      6.717
  -1  388     -3.187     -4.244     10.913
  -1  661      5.480    -15.454      5.598
  -1   -2     22.657    -13.623     12.468
  -1 1046     -6.275     18.986      6.761
  35  587    -13.746     11.872     10.606
  -1   -2     14.709      1.559     -6.270
 457   -2     -2.813     14.582      9.384
 143  358      8.025     -9.015      6.685
1192   -2     -7.061     16.568     10.027
 976  939     -4.771     14.026     10.327
  -1   -2     27.404      9.653      3.487
  -1  559     14.383     -9.799     10.988
  -1  845     18.371    -16.365      3.008
  -1  508    -11.576     -7.977     10.888
 288   -2     22.336     12.779      4.519
  -1  115    -15.355     14.184     -6.541
 959  418     13.779      1.690     -3.559
 156   -2      5.608     10.197    -11.531
1031 1069    -11.504      8.279      1.888
  -1  879    -10.205     20.152      8.606
  -1 1060      2.512    -12.093     10.263
  -1  440     -2.140     -6.850     -0.725
  -1   -2     -9.614     -6.322     -0.025
  -1 1125     20.478     13.255     -8.328
  -1   -2     21.487     10.524      1.563
1039  907     24.642    -14.573      9.111
  -1   -2      7.068     -5.761      7.326
 667   -2     18.849     -7.261     -4.805
 787   -2      8.680    -13.257     -3.025
  -1   -2    -12.048     12.492     10.965
 984  302     17.991     11.562      8.450
  -1   16      2.833     -0.102     -5.641
 381  367     16.514     -1.276      8.698
  -1   -2    -10.749     12.337     10.516
 685  216      3.572      9.376     12.207
 226  108     -1.216      6.864     10.962
  -1  485     21.739     -2.414      7.162
  -1  411     -5.619      4.001      5.507
1062  877     24.250     -9.851      1.508
 231   -2     14.712     -6.140      9.617
  -1  986      3.941      7.536      5.578
  62   -2    -13.621      7.770     -2.792
  -1   53     14.265      9.945     12.484
  -1   -2     18.613     14.903      6.461
  -1  417     -0.449      5.860      6.317
  -1 1186    -10.412    -15.186      9.313
  -1   -2      2.644     -2.790      1.792
1114   -2    -11.636    -10.903      7.213
 605   -2     14.761     16.943      7.582
1023  375      9.360      0.032     10.965
  -1   -2     10.615      9.242     -2.115
 708  355     -6.179     -8.062      6.269
  -1 1074     -0.503    -10.561      8.436
1102   -2     23.802      6.168     -0.666
 507 1257      3.697      8.516      2.894
1040   -2    -11.650     -5.708     -1.706
 298   71     24.023      3.428      5.510
  -1 1103      8.087    -12.716     -8.132
  -1  611    -18.167    -14.802      5.531
1173   -2      1.365    -15.278      2.611
  -1   -2    -17.317     10.020     -5.480
 259  466     17.454     14.113     10.789
  -1  450     13.585     -0.415     11.197
  -1  998     16.743      4.051      6.313
 826   84      7.512      0.528      3.022
1011  174     13.447     -9.500      6.235
  -1   -2     11.973     13.116      4.996
  -1   -2     -4.532      7.840      4.340
 601   -2    -15.464     14.980     11.116
  -1   -2    -18.532     -6.853      5.112
  -1  340     23.608     10.494      9.201
 552   -2    -17.477      2.066      0.596
  -1  413     21.966     -4.279      2.385
  -1  738    -19.579    -10.398     11.417
  -1   -2     27.075     12.190      7.515
  -1  768     -9.140    -12.204      6.135
  -1   -2     -3.128     -1.149    -12.097
1162  448     -5.076    -12.388      6.080
 353  913     25.935     -0.275     10.795
  -1   -2     -0.321      1.208      8.516
  -1 1090     15.424    -10.092     12.286
1234 1312     18.572    -12.685      9.719
1034  401     20.027     16.825     10.256
  -1   -2      1.449      9.709      5.743
1058   -2     29.094    -12.443     10.344
1078  818     -2.076     17.097      1.884
  52 1040    -13.804     11.227      3.799
1107  259     20.307      3.597      7.383
  -1   -2     23.724     13.831     -5.979
1241 1072     -9.042    -18.460     10.577
 746   -2      7.955    -14.763     -0.348
 806  156      7.772     -3.489      9.610
  -1   -2     25.255    -12.751      7.120
1239   -2     -3.293    -19.873     12.606
 675  354      1.050      3.744     -0.318
  -1   -2     -5.097    -13.451      9.983
  -1  446     -5.388     -4.052     11.456
  -1  632     22.172    -11.633     10.462
  -1 1066     -1.074     13.007     10.909
  -1   -2     17.598     -2.204     -4.002
 858  707    -12.199      4.985      2.665
 844  659     18.595     15.702      9.234
 623  520     -1.042      8.714      8.520
1082 1036     23.707    -11.777     -0.107
 706 1011      4.705      5.093      3.251
  -1  504      4.011     -5.515     -1.151
1165   -2    -13.590    -15.974      1.487
1028   -2     12.468     -1.149     10.707
  -1  313     18.722     -2.610     -2.152
  -1   -2      1.606     -7.716     11.473
 677   -2    -14.031    -12.141      6.219
  -1   59      0.094     -3.374     -0.804
1235 1107    -21.194    -13.433      9.343
 896   -2    -13.103      9.192      9.617
  -1 1262     15.951      2.918      8.358
  -1  627     -6.657     -9.445      2.053
1086   -2     -1.447      6.625      4.306
  -1   -2     -9.013      7.842     -0.568
 616 1023      7.238     -7.922     11.184
  -1  915    -15.369     14.736     12.171
  -1   -2     23.390     10.637     -4.885
1069   -2     -2.171      6.390     -4.085
1158   -2    -10.864      2.694     10.697
 831  900      0.204     18.035      7.974
 764   -2     -6.421     -7.321     -6.670
  -1   -2     12.414      5.777     -0.230
  -1   -2    -17.680     19.745      7.487
  -1   -2     -5.863     -0.895    -11.567
1073   -2      9.452    -18.771     12.027
  -1  847      0.581     17.315     12.128
1144   -2     -7.459    -11.779      2.861
  -1 1088     14.896     -4.231      9.944
  -1  721     20.194     11.737      6.616
  -1   -2     19.022      0.966     10.370
 374   -2     13.489     17.202      7.229
  -1  445      5.767     10.361     11.259
 739   -2     -2.884     -5.702     11.712
  -1   -2     27.785     10.710      7.618
  -1   -2     24.608      9.681     11.686
 943  641     17.798     -7.919      7.675
 978  636    -11.454    -17.497      4.498
1093  500     22.094      2.369      8.675
  -1 1087     11.089    -18.155     12.299
  -1  282     22.747      8.925     10.698
  -1  810    -16.490     16.321     -0.885
  -1 1139    -20.385    -15.213      9.381
 265   -2      2.771     14.344      8.967
 315   -2     -5.708     -2.090     11.692
  -1   -2     10.704     10.707     -1.330
 354  284     -0.158     10.452     -2.150
1054 1200     10.964      9.106      7.961
  -1   74     13.317      8.095      0.323
  -1  127     14.816      4.717      2.633
  -1  264      9.316      6.275     11.009
  -1  136     13.246     -0.345     -4.828
 799   -2     10.056      7.854      5.247
  -1 1015     17.322    -11.461     11.982
  -1   -2     10.480     -9.533     11.011
  -1  102     15.712     -0.565      8.828
  -1 1028     11.719     -9.670      8.059
 668   -2    -12.481    -16.466     11.344
 687 1278      5.749    -14.648      2.362
  -1   -2     20.079      8.161     12.398
 444  599      5.526     -4.382      2.379
 325   -2     22.684      5.455     -4.225
1244  823    -17.257    -17.997      4.006
  -1   -2     14.588     -9.776      7.146
  -1 1108    -16.677     -9.469     -4.044
 773  377      7.829     -6.492      2.938
1134   -2     22.558      5.757     10.568
1205  635     27.454     10.092     10.378
  -1  671      2.134    -15.991     11.181
 636   -2     -9.411      4.753      0.593
  -1   -2     12.231     -8.177     -7.938
  -1  523      4.671      3.820      1.129
 767  796     15.380    -11.695     10.701
 534  247     21.161     16.536     10.473
1237   -2    -28.092    -11.918      6.619
  -1   -2     12.506     32.713     -5.554
  -1   -2     13.238    -18.688      7.875
  -1   -2    -14.979    -26.571     -0.621
  -1   -2     24.968     22.572     10.657
1236   -2     12.776    -25.538     10.491
  -1 1059     13.241    -18.650     10.612
  -1 1224     -8.588    -20.626      9.709
1227 1175      7.204    -20.234     12.311
  -1   -2     -4.131    -20.358     10.029
  -1   -2      6.045     26.367      8.219
1216 1014     -7.271    -20.124      8.996
1222 1207     -0.411    -24.112      2.961
  -1   -2    -10.207    -20.740     12.608
  -1 1213      8.127    -25.456      8.264
1217  740     21.558    -18.193     11.009
  -1   -2     17.441    -26.640      2.764
  -1 1215     21.728    -21.929      8.228
1240  825     23.472    -19.317      6.590
1230 1223     27.335    -22.877     10.122
  -1 1187     -3.321    -25.309      3.895
1233   -2     23.242     18.332     12.285
1246  615    -16.336    -15.235     11.295
1163   -2    -15.543    -14.022      9.977
  -1  940     27.557    -16.398     12.538
  -1 1136     17.796    -19.265     11.824
1250   -2     16.836    -20.744      9.443
  -1 1208     21.575     21.044      9.378
  -1   -2     26.969    -17.902     12.110
  -1 1210     23.469     20.893     12.472
  -1   -2     -7.457    -20.904      7.575
  -1 1220    -28.536     -7.912     10.240
  -1   -2    -18.142    -16.058     11.640
  -1   -2     25.070    -14.564      7.183
 437  428     15.675      2.030     10.363
  -1   -2      6.171      0.032      3.329
  -1  465     13.753     -6.309     11.212
  -1   -2     -8.999      9.496      2.199
  12   17     16.425      3.666     -7.902
  30  760     12.386     -5.772     -4.674
  -1   -2     16.396     11.172      4.327
  -1   -2     -7.971     -1.055      4.540
  -1   86     -8.098     -1.051      5.064
  -1  306      5.822      0.059      9.359
  57   -2      5.501      0.459     -2.808
 125   -2      1.848     -4.511     10.070
  -1 1319     -9.537     -2.897     11.291
  40 1241      9.389     -5.575     11.188
  78  155     10.794     15.312      7.256
  41   -2    -16.683     -0.384      5.794
  -1   -2    -15.949     14.827      6.077
  -1   -2      9.769      4.455     11.294
  91   90     14.443     -2.858     -4.777
  -1 1254      7.554     14.219     11.161
 170   -2     10.981     -6.136     -9.081
 132   -2      6.217      0.630     11.124
  -1 1324     16.749      7.730     -5.307
  -1   -2     17.718      5.743     -5.357
  -1   -2     17.338      6.113      2.590
 130 1252    -14.925     -2.045      5.492
  -1   -2     -1.218      4.457      7.252
 813   -2     26.252     -6.364      8.620
  -1   -2     10.433     -7.735      4.517
  -1 1300     10.828     -0.129     -0.859
  -1 1317     -5.419    -12.372     -0.528
 644  160     21.039     10.256      5.193
 955   -2    -15.706      2.627     -4.319
 300   -2     17.624     -1.530     -8.341
1307 1306      8.534      1.971      7.059
 236   -2    -11.195     -1.126     10.944
 565  680      4.166     -1.396      0.748
  -1  711     -6.217    -12.297      4.998
 192 1256      2.637      9.861     -4.806
  -1  261      7.939      6.415      0.577
 681  980     21.466      5.077     -5.918
  -1   -2     16.613     -2.428     10.173
  -1   -2     10.442     12.112    -11.367
 411  557     19.024     16.413      5.022
 642  468    -18.013     -6.715     11.519
  -1  280     22.261      9.563      6.653
 283  510     19.972     -5.780     -0.245
 945   -2     10.885     -8.347     11.579
 337  566     23.347      5.348     -1.037
 666 1277     22.292      1.901      5.712
 459  406    -14.021     -3.490      0.576
1325   -2     -0.455      5.384     -2.151
 521   -2     -7.508    -13.719      8.954
1283   88      3.052      0.613      9.205
 852   -2     25.917      6.190     -0.392
 808 1279    -12.377      9.771      2.606
  -1   -2     -3.219    -17.292      9.892
 476 1250     24.354     -7.753      3.169
  -1  369      0.072      8.433      3.256
 186   -2     11.971      4.560      8.103
1319   -2     -2.846     -8.126      3.442
 184   -2     -2.876     -4.096     10.457
 620 1214    -12.268    -14.377      9.055
  -1 1181     14.752     16.123     10.260
 743   -2     14.623     -5.822     11.050
 843   -2     -6.039     10.259      7.092
1220 1219     17.441    -26.640      2.764
  -1   -2     25.226    -14.671      7.026
1255   -2      0.810     -0.572     11.966
1257 1291     12.881     -8.665     11.215
  -1  737     18.367      8.996      9.225
 269    3     15.960      1.925     10.382
  -1   -2     16.662      1.794     -1.461
  64   67    -15.921     14.927      5.721
  -1   -2     -5.379    -12.425     -0.475
  -1   22     -9.628     -2.856     11.704
  -1  398     19.653      3.070      2.668
1340   -2     19.502      3.120      2.552
1342  410      2.672     -8.144      2.792
 127   -2     10.828     -0.129     -0.859
 165  301     10.433     -7.735      4.517
1279 1298     11.978      5.359      6.007
  -1 1179     10.923     -7.810     10.074
  -1  751     10.439     -8.354     11.670
1341   -2     21.469     -9.667      8.708
1277   -2     19.591     15.095      3.960
1344 1314     23.332     16.447      5.714
1318   -2     -3.219    -17.292      9.892
1348  130     18.602      5.080      1.947
   9 1239     13.659     -6.347     11.204
  36   -2     -9.628     -2.856     11.704
  -1   -2     16.722      7.745     -5.277
 925   -2     23.578     16.683      6.372
1254   -2     25.090    -14.532      6.899
 320 1320     16.662      1.794     -1.461
  -1   -2     -5.379    -12.425     -0.475
  -1   -2     16.722      7.745     -5.277
1276   -2     -7.096      7.629      2.619
  -1   -2     16.722      7.745     -5.277
1352   -2     -5.379    -12.425     -0.475
  -1   -2     16.722      7.745     -5.277
  -1   -2     16.722      7.745     -5.277
  -1   -2     16.722      7.745     -5.277
  -1   -2     16.722      7.745     -5.277
  -1   -2     16.722      7.745     -5.277
  -1   -2     16.722      7.745     -5.277
1263   -2     16.722      7.745     -5.277
1272 1325     11.375      5.503    -10.210
