1317
  10   -2    -11.137      4.490     12.124
   6    7     -1.869     -7.744      2.468
 156   92     15.838      1.925     10.416
  -1    8     15.580      2.404     -1.614
  21   14     16.125      3.754     -8.217
  -1   -2     12.162      5.155     10.428
  -1   -2    -11.215     13.850     11.057
 102 1271    -10.403     -2.226     11.774
  -1  569    -11.728      5.393      3.705
 639   -2    -11.721      6.654     12.317
  -1 1133     -3.459      3.601     10.969
  -1 1281     -3.356      1.058      6.672
  -1    3     12.913     -8.875     11.864
  41   -2     -1.588     13.375      7.450
  -1  411     -2.234     14.941      7.324
  23 1208      7.389     -7.573      5.288
 561   -2      0.853     10.590     10.661
  -1  894     -4.062      6.593     11.377
 801   16    -12.001      8.628      6.739
   1   -2      6.561     -4.952     10.870
  -1  190     19.748      3.654      4.654
 121  225      1.463     17.801     11.989
  -1   -2     16.385      0.365      5.503
 737  938     18.035     -5.281      9.428
  -1   67     16.253     11.238      4.606
  -1 1209      8.941      9.422      0.020
  -1   -2    -15.298      2.194     -4.198
  63   -2     -9.061      7.759     -0.402
  -1   58     19.660     12.658     10.713
  -1  427      9.485     12.446     -0.035
  -1   -2     -6.157      3.008     -7.473
  -1   53      0.870     -1.205      9.403
  -1   -2     -9.993     -3.884      5.494
 296   -2     20.288      6.416     -1.913
  -1   -2    -16.509     -0.509      6.164
  -1   -2     -3.809      8.079     -0.246
  62   85     -1.238     -1.174      4.180
  -1   46     11.511      5.440    -10.119
  48  472      7.896     -2.068      2.797
 343   -2      0.003     13.339      7.844
  -1  429      3.392      2.419      3.820
  -1   -2      7.295     -5.156      5.745
 203   -2      9.532      3.078      5.870
 824   59     -4.748     -1.386     -7.065
  -1   32     -5.922     -0.849      4.113
  -1  167     18.865     -6.261     10.531
 527  444      0.250      5.376      8.218
  -1   -2     -2.623      1.642     -0.751
 103   -2     -2.408     10.127      7.743
1015   48    -15.346     12.622      3.620
 944  359     17.016      4.107      3.232
  -1   29    -13.096      1.202     12.235
  -1   -2    -15.049      7.616     -9.193
  -1   81      7.094      3.990      6.285
1250 1276     24.406     -1.981      7.322
  -1   -2     10.992     14.511      3.267
  -1   -2     18.428     -0.253     -3.615
  -1 1212     23.955      2.813      1.554
 106 1218     12.664     10.521      6.330
 168   -2      6.963     11.987     12.438
 506   -2    -17.669      1.792     12.594
 214  140      3.717     11.305      1.794
 222   42     20.872     -3.276      5.946
 100   13      5.667      3.342      3.911
 803   50    -14.199     10.511      6.474
  -1   -2      8.586      8.827     -1.838
 273  450      3.862     -1.261     11.828
 933   -2     12.549      1.680     -6.158
  -1   12      0.978     10.853     12.115
  59   -2     22.765     -2.914     10.362
  -1   -2    -17.227      5.535      0.166
 150  568     23.938      0.112      8.934
 364  343     21.975      7.450      9.299
  -1  570    -12.069     -0.469      3.581
  -1   97     23.173     12.488     12.530
  61   72     23.619      4.834      7.711
 226   -2     23.067      9.473      7.818
 136   -2     11.618      2.922     -0.822
 135   -2      7.562      5.113      9.488
 739  186      8.419      5.377      8.262
  25  398     -3.275      7.045     -1.443
1172  229     17.941     -6.024      3.609
  -1   -2      0.322      0.406     10.083
 504  195    -12.545     -2.018     10.696
  -1   -2      3.319      0.083     -7.193
1160 1070     -3.074     11.195      7.524
 862   -2    -16.295     11.935     12.151
 842   -2     -0.718     11.077      3.877
  -1  677     19.782      3.073     -0.846
 152  209     11.831     -2.478      9.142
  -1  608     11.807      0.003      3.801
1341 1291     19.174      0.007     -8.253
 367   -2    -17.310      3.209      3.560
 112  129    -12.140      8.565     11.365
  60  490     19.179     12.850      6.972
1244   -2     17.351     -1.548      7.917
 497 1058     10.724      3.081     10.804
   5  382     16.811      0.959      9.267
  -1   -2     15.379     -5.495     -4.393
  -1  806     -5.696     -4.978      9.407
  -1   -2      6.899      3.464     11.575
 835   60      6.066     -0.508      9.868
  -1   -2     -1.961      0.302      9.790
  -1   -2     17.536     -7.222      3.304
 253   -2     -9.636     10.176     -0.782
 360   -2     25.562     -4.979      5.821
  -1   -2      9.287     13.449      4.537
 220   -2     16.850      7.260      2.012
 728   -2     13.995     -3.446      5.278
 344  116     -1.773      1.012     12.453
 811 1219     -2.433     15.164     10.742
  79 1215     14.642      4.733     -9.225
 279  482      3.353     14.285     -1.658
  -1   -2      6.031     10.193     -6.275
  -1   -2    -12.048      3.458    -12.591
 205   -2     -9.477      8.867      6.774
  -1   -2    -10.843      4.401    -11.002
  93  146      5.972     -2.536     -1.415
 326   -2     -0.333      1.192      7.566
1141   89    -10.886     16.275      8.487
1097   -2      3.911     10.542     -9.617
 210  121     17.130      6.744     -0.999
  -1   -2    -17.503     -2.520     12.394
  -1  251     25.169      3.974      8.622
  -1  866    -14.752     10.349     12.567
1153   -2     13.313     16.427      4.495
 393  416    -14.854     -1.913      5.476
 840  100     -3.360      7.608      4.285
  95   -2     12.777     -5.906     10.827
  -1   -2     18.625     -1.899    -10.451
 381  137     12.900     -6.311      7.786
  -1   -2     12.768      7.381      3.342
 380 1078    -16.089      1.734     12.371
  32   23     19.525      4.688      1.978
  15  584     19.416      8.197     -1.089
 573   -2     -8.130     11.654      3.330
  -1  261     -0.910      7.946     -5.712
 434  142     19.503     -0.711     -1.251
 284  152     18.487     12.700     -5.981
 172  355    -10.358     -3.983      1.901
 764  748     -4.243     -1.084      9.319
  66  281     25.779      7.049      8.487
  -1  165    -11.954      0.727      2.363
 357  434     15.058     -6.987      9.191
  -1  237    -14.682      5.967      6.681
 626 1163      5.179      6.985      6.265
 232   -2     27.297      2.823     12.322
 327   -2     18.203      1.487      6.808
  -1  155      7.971     13.545      6.049
 412  169     23.768     -3.025     12.175
 291  629     15.946      4.741      7.413
 920   -2      9.522      8.750     -0.502
  -1  198     10.760     13.491     -4.459
 608  557     18.675     11.791      4.263
 208   91      6.357     -4.696      6.946
 350  289      1.868      9.381      3.430
 851  708     -7.148      7.459      2.937
  -1   -2     16.088     -2.295      7.914
 868  328      2.381     -0.188     -1.969
  -1   -2     14.669     11.299      5.971
 199  258     -1.996      8.134      6.325
  -1   -2     16.102      0.573     -6.610
  -1  262      7.474     -9.346      3.925
 516   -2      4.966     14.199      7.295
1284  487     22.836      1.071     11.064
  98  189     16.053     10.112     -5.875
  -1   -2     18.220      8.993      9.200
1171  591      4.116     -5.186     -1.812
 535  361     18.671      4.372     11.067
 320  168     11.727     -0.557      6.753
  -1   -2      9.433      9.827     -9.997
1080   -2      0.581      6.761     10.200
  -1   -2      4.779      8.202      9.676
 187 1223    -12.779     11.013     11.628
  -1   -2      9.584     -3.771     -3.858
 177   -2    -16.059     -4.755     -0.253
 218  763     16.145      7.642      9.856
 266 1230     19.380     -7.438      3.772
  -1   -2    -11.512     15.847      6.042
  -1   -2     10.301      6.187     -3.937
1253  191     21.129     -4.894      2.906
  -1   28      3.819     10.277      4.064
 146  375     -9.029     -1.756      4.594
  -1   -2      0.907     -9.444      1.979
1245  524     20.230     -5.739      9.670
  -1   -2     10.275      7.864      4.774
  -1 1084      8.618     -1.920     11.334
  -1  114     -0.759     14.399      0.577
 368  887     -9.517     -3.026     11.492
  -1   -2     21.420     10.606      4.025
 690   -2    -18.185      5.488     10.150
1078   -2      6.187     11.803     11.680
  18   -2      2.156     11.625     11.135
  40  471     10.261      6.623      6.295
1093  724     10.290     -2.483      4.790
1147 1248     20.642      5.183     12.405
 946   -2     -9.727      0.512     10.925
 158   -2    -10.117     -4.226     12.030
  -1   -2     -6.786     -1.056      6.489
 384   -2     -5.698     11.903      8.430
 254   -2     16.288     -0.063     -1.242
  -1   -2      2.660     12.161     -7.577
 362  565      5.115     -0.801      6.525
 826  706     -7.114     -3.527      5.912
 282 1232    -11.659     -3.964     -8.802
  -1   -2     18.152      4.581      7.306
 967  886     -6.067     16.185      9.545
 371  178     -3.659     -0.196      4.224
 307   -2     -0.570      9.483     -1.663
 736   -2      9.638      0.343     -7.333
  -1   -2     19.758      6.623      4.290
 789  147     25.728      9.110      6.045
 216  151     12.654     13.957      2.928
 604  497      4.985     -0.136     10.304
 151   -2     24.328     13.666     12.341
 286  250     25.830      9.100      9.825
1083  400     14.152     14.575     -1.728
 225 1227     15.203      9.904      2.427
 708  233      2.066     -1.998      6.808
 401   -2    -15.268      2.688     -9.322
 613 1035    -15.701     -0.345     -1.600
 566 1114      5.860     16.318      6.854
  -1   -2     -0.647      0.140      5.481
  -1  714     25.349      0.870     11.940
 563  896    -15.836     -4.502      9.419
1109   -2     15.999     11.290     -2.503
 856  641     11.773      9.672     -5.183
  -1  208    -14.780     -0.141     10.325
 965   -2    -11.374     12.706      6.034
 612   -2    -14.699      6.083      3.505
 348   -2    -12.405      0.691     10.591
1052   -2    -12.029     -7.346     12.592
 603   -2      1.883     -3.303     11.813
  88   -2     -9.475     11.780     -5.945
 768  525    -14.669     -1.403     10.421
1283  348     24.470      6.176      2.175
  -1   -2     -3.458      4.477     -2.674
  -1  841     27.648     -3.428     10.882
 501  791    -13.444      8.847     -0.854
 425  453      6.693     -7.928      6.942
1061   -2      3.443     12.077      8.549
  -1   -2     21.993     -2.997      2.912
 938  652     -1.872      4.399      1.765
 258  854      4.226     -1.319     -2.747
 986   -2    -11.229     14.292     -0.019
 170  263     -7.801     -6.385      9.875
 915   -2     10.359      9.383      1.978
  -1   84    -10.300      8.749     -4.487
  -1  230    -11.103      1.899     10.494
  49   -2     -0.416     -1.749      7.010
  -1   -2     -3.059     -8.092      7.358
  -1  802      6.096     15.365      8.572
  -1   -2     -4.480     -0.869     -3.422
  -1  432    -18.881      6.336      7.007
 956 1258     24.086     -2.390      7.803
  -1   -2     -6.008      7.963     -1.321
 949  513      8.081     13.813     -5.296
 229   -2      1.166      4.831     -5.965
  -1  227     -3.674     -2.850      7.156
  -1  478     20.801     10.594      5.648
1021   -2     10.299     -8.554     -0.406
 119  316     15.403      7.935     -5.157
 624   -2     13.873      5.051      8.205
 474  562     10.257     -5.606      5.179
  -1   -2    -13.208     12.808     -1.192
 278   -2      8.796      6.779     -2.109
  -1  256     19.292      6.906      0.114
  -1   -2     10.882      3.567      5.756
  -1   -2    -10.094     -5.881      6.996
  -1   -2    -15.320      4.460     -5.085
 260  101    -14.680      4.046      1.331
  -1  508     14.713     12.709      4.506
 793  354     -9.180      7.619     -6.252
 442   -2    -14.374     12.205     -2.842
1275  248     22.553      2.377     11.312
  -1   -2      4.838      6.042     -7.587
1205  674     25.346     11.658     12.258
 116   -2     20.407      4.264      6.735
 771   -2      1.987     -9.421      5.269
  -1  379     18.729     14.635      1.656
 971  184    -17.350     13.022      9.530
  -1   -2     17.280      3.247      6.371
 314   -2      6.000     -3.020     -5.116
 643  985     27.457     -5.019     10.575
  -1  234      7.365      6.814      0.581
  -1   -2    -15.069     -1.632     -2.895
 379   -2      1.096     -3.482      7.148
  -1  477     -3.488     -6.513     10.292
 741   -2     16.926      0.990      3.206
 974  804      3.264      6.523      2.926
 879   -2     -0.805     -4.711     11.129
 423  207    -10.985     -1.274     10.361
  -1  367     -0.177     -4.485      0.545
  -1   98    -16.932      5.429     12.409
 606   -2     16.818     15.303     -0.062
  -1   -2     -6.758     15.362      4.746
 387  372     23.533      6.119     -0.438
 587  271     -1.334      7.137     -0.311
 665   -2     22.270      2.393      8.386
  -1  201    -11.214     -3.650     -3.162
 334   82     12.464     11.399      8.894
  -1   -2      6.180     -2.182      3.817
 456  344     24.172     -0.658     11.438
 753   -2      4.459     -2.878     -1.449
 321   -2      3.554      5.640     -7.224
  44   31      1.221      4.759      8.340
 875   -2     -9.894      1.926     12.109
  -1   -2      7.913     -1.321     12.465
 661   -2     15.195     -3.976      1.207
 943 1009     -6.229    -11.529      9.674
  -1  183     -9.933      8.150      5.597
1133   76     12.947     11.299     11.082
 543   -2     -6.717     10.442     -6.098
  -1   73     10.430     -4.856      8.366
 270 1231      1.129      3.544     -1.013
  -1  885     15.171      5.150      0.423
  -1   -2      0.147      9.450      2.717
  -1   -2      5.711     -2.101     -9.725
 719   -2     -4.490     -2.368      2.926
 115   -2     14.663     -2.273      7.540
 698  384     -5.298     -3.190      8.729
1012  286     11.194      5.290     10.117
  -1 1128      6.800     17.815     11.332
  -1   -2     14.215    -12.160     -0.070
  -1  153     -0.021      7.774     10.991
 656   -2     14.794      1.774      5.360
1274  910    -16.660     -8.228      4.253
 149   -2     -4.346      8.071     -2.663
 583 1098     21.393      6.434      5.935
 692   -2     26.046      5.261      9.568
 312   -2    -15.711     -4.977      4.311
  -1   -2     16.868     -5.237     11.697
  -1   -2      8.450     -4.353     12.296
 481  785    -13.659      9.267     -8.685
 148   -2     19.519      1.106      6.055
 930  551     20.916     10.023      5.188
 569   -2     21.981     -6.451     11.457
 297   -2     -4.638     -7.293     11.425
 674  614      2.745     -3.295      6.747
  -1   -2     10.682     -5.586     10.497
 373  534     13.622     -6.730      3.675
 264  469     21.621      5.530      8.548
 567   -2      5.238      9.348      3.713
  -1  710     16.218     -8.688      1.812
 411  373     -3.934     15.847      3.796
 766   -2     -9.595     -6.867      6.171
  -1   -2     -7.060      6.874     -8.370
 400  654    -13.235     -6.188      7.793
 349 1239      8.418     -3.804      4.574
 709  144      5.624     -5.943      3.821
 200  548    -11.941     -7.667     -7.282
 339  295     13.073    -13.609     -1.340
  -1   -2     22.018     -0.100      5.897
 594  511     -4.721    -10.377     -1.234
 305  136      6.145      1.240     -6.465
  -1   -2      8.924     -7.287    -10.859
  -1  459     19.331     -1.455      4.958
  -1 1074      1.593     13.982     -3.778
 386 1241    -15.550    -11.385      4.752
 257  740     11.192     -6.836      9.449
 276   -2     10.954     13.062      7.649
 479  396     -0.358    -10.579      1.522
1095   -2      8.062     14.077      9.515
  77 1055      8.283     -1.099      8.225
  -1  846    -10.564     -6.888     11.262
 923  122      3.465     -7.964      5.104
  -1  729     20.779    -10.280      6.784
  -1  680      4.722      0.844      9.470
 370  593    -14.468     -0.353      2.366
  -1   -2     21.199     13.391     12.152
  -1   -2     18.157      3.513     -8.764
  -1  756     -3.349     14.894      7.045
 660  757      6.999      2.085     10.031
1178   -2     22.564     10.358      2.671
  -1   -2      7.618      9.113     -1.056
   4   -2     -8.794      8.641      5.245
1069  682     24.185      6.261      8.767
 828   36      3.743      3.606     -5.368
 797   -2     14.906     13.325      8.822
 580  349      8.235      2.232      6.539
 969   -2     17.508     12.948      6.784
 352  798     -5.749     14.398      5.374
1134  993    -14.118     -8.306     10.532
 980  567      4.004     10.308      8.802
 399  961     21.067     12.447     10.600
 109  666     -2.881    -11.705      7.751
  86  772     20.758     -3.548     10.159
1054   -2     -6.091      6.312     -8.168
 945  523     13.833     -9.741      8.223
  -1   -2    -10.339     -3.599     -9.493
 697   -2     21.079     16.284      4.433
  -1  537      9.953     12.876     10.431
  -1  619     23.896      4.572      8.696
  -1   -2     19.398      7.838      8.264
  -1  356    -12.671     -2.240      5.424
1091   -2     27.510     -0.184     10.265
  -1   -2     -0.281      6.046      5.275
  -1   -2      5.018      4.136     -6.975
 470  642     18.536     -4.783      3.678
  -1  590      2.970     -2.575     -2.079
1156  457     -5.121     16.204      6.242
 775  145      8.803      3.171      3.248
  -1   -2      0.233      2.595     -7.083
 899  784    -13.868     10.037      0.290
  -1   -2    -12.258     10.057      9.996
 599   -2      4.586    -11.634      6.750
 976   -2      7.839      3.230      8.191
 993  643    -17.079     10.643     11.475
  -1   70     16.168      2.990     -4.392
  -1 1083     25.072     -8.371     12.321
  -1  455    -15.909      2.789     -9.635
  -1   -2      5.014     -8.438     -1.542
  -1  304     -2.334     -0.864      6.936
 602   -2     20.248      2.780     10.264
 336   -2     10.071     -0.573      8.379
 869   -2      8.191      2.089     10.497
 846  259      3.724     13.497      5.422
  -1   -2     14.501     -8.690     11.425
  -1  481     18.874     -0.271      6.185
 292  713     -0.057      0.333     -4.609
 559  324     25.698     -7.075     10.132
  80  864    -20.148     -2.388      8.514
 281 1097     20.029     10.067      8.052
  -1   -2     14.813      3.950      9.040
 646  698     -6.599     -0.531      8.698
 514  636      6.135     13.230      0.175
1303   -2      9.547      0.444     -5.182
 513  489     19.540     10.895     -9.798
1268   -2     20.243      8.898     -9.556
  -1   -2      2.812      9.907     -1.349
  -1  527     -5.001     14.678      2.862
 414   -2      9.550     -6.440      1.396
 211   -2      4.724      8.553     11.952
  -1  414     18.048    -14.697      8.343
  -1  120     14.873     10.886      7.600
  -1   -2     -8.738     13.362      1.935
 981  521     13.529     -6.586     10.069
  -1   -2     -5.703     -6.289     -8.861
1014   -2     11.338      8.374      9.469
  -1  955      6.661     13.770     -4.153
 398 1242    -11.097     -9.425     10.125
 402 1243     -9.009     -5.879     -4.126
 773   -2    -17.135     -7.635      9.526
  -1   -2     14.119      6.628      0.539
 936  377     19.318      5.096     11.280
  -1   -2     25.878     -5.770      9.478
  -1 1043     15.860     -3.550     -6.173
 308  223      3.971     15.124      1.442
1050   -2     -1.988     -7.636     -1.871
  -1   -2      4.930      6.866      2.512
 647  609    -16.142     -7.608     -4.873
1212   -2      6.326    -16.287     12.378
 558  665     11.519      3.638     10.049
 139  202     11.263     12.539      4.415
1252   -2    -13.384     -0.046     12.443
  -1  837     -9.307     -0.648      2.802
1146   49     -2.165      4.700      9.849
  -1   -2     11.216     -4.028     -7.586
  -1   -2     19.764     -5.918     -8.293
 596   -2      7.033     -1.907     11.807
 133  166     15.134     -4.720      6.755
  -1   -2     20.297     11.742      5.289
  -1  700    -10.458     -7.462      3.318
  -1   -2    -12.503      8.192    -10.537
  -1   -2      1.671     -9.873      3.300
  -1  480      4.547    -11.033      4.300
  -1   -2     14.982      5.835     -5.484
  -1   87    -13.528      7.959     -3.892
 638  277     23.003      0.343      0.976
 410   -2     16.830      9.430      1.864
 392   -2     21.842     12.950      4.392
  -1   -2     21.413    -15.619      7.766
 590   -2     -4.629     12.826      7.110
1168   -2      3.902    -11.946     -2.920
  47   -2     17.740      6.019      2.243
1057  539    -13.136     12.894      5.883
 893   -2     -5.428     -4.994     11.046
1072  620      3.385     12.734     10.682
 852  855    -11.347     14.376      8.194
 275 1121    -12.539      2.822     10.453
  -1   -2     10.398     -1.236      4.986
  -1  526      5.586     -8.664      0.792
 461  339     16.057     -4.150      0.937
 228 1151     -7.779     14.203      8.529
 648   -2     19.976     -4.852      0.008
 770  595     16.684     -2.875     -2.096
  -1   -2     -2.185     13.145      8.581
 722  309     17.424      8.778      4.967
 593   -2     -0.791      9.201     -8.597
  -1   -2     25.414      3.036      8.419
 238   -2    -15.126      1.092     11.621
 866  392      0.892      9.689      3.800
  -1  318      1.489      3.175    -11.205
  -1   -2    -15.841      5.011     10.545
  -1  365      6.898     -6.575     -7.277
1034  507     11.330      3.674      2.953
 358   -2      8.376     11.974     10.707
 394   -2     -2.098      3.936      0.561
1055   -2     -2.420      1.296      6.987
  -1  409     23.103    -10.247     10.637
  -1   -2      8.989      2.079     -5.700
 794   -2      5.787     13.387      7.285
 570   -2     17.952    -12.467     -6.833
 237  306     -5.326     -1.262      9.483
 374 1113     25.341     -2.239     10.668
  -1  561     16.434      6.845      6.893
  -1  488     18.905     16.644      3.919
1064  979    -18.651     11.780     10.224
 382  604     14.068     14.357      2.182
  -1   -2     23.778      7.930      9.317
 954   -2    -18.347      8.692     10.297
  -1   -2    -12.362     -0.050      1.364
 806   -2      3.474      4.159      6.381
  -1   -2     -9.460     -8.568     -7.232
  -1  245     14.909     -1.076     -5.784
  -1  673      5.324     16.861     10.717
  -1   -2     -1.481      3.643     -5.076
  -1   -2     14.910     -8.139      9.446
  69  510     -2.709     -2.166      7.581
  -1  888     -7.796     15.565     10.804
 310  746     15.727     18.037     10.250
  -1   -2      6.085      8.955     10.657
  -1   -2    -14.915     -0.123    -10.134
1237  141     -3.146      1.176      9.046
 635  199     -8.468      0.586     10.473
  -1  902     25.605     -5.293      9.782
 654   -2      6.901     -7.333      1.185
1090   -2     21.268    -12.887      9.188
 206 1042     13.800      1.875      1.850
 819  816    -18.044     -1.627      9.758
  -1  546      9.614     14.123     11.715
 289   -2    -19.911     -3.479     11.971
  -1   -2     12.628     -2.636      5.824
  -1  499     17.093     -5.270     -6.299
  -1  385      2.003     -0.629      7.196
1166  505    -12.094     17.194     10.458
1008   -2     -2.609     15.875      8.553
  -1 1089     10.241     15.265      7.440
 430  443     -5.705      6.430     -1.918
  -1   -2     14.155      8.178      9.217
 681   -2     11.374     -8.820      1.012
  -1   -2      0.066     -5.801      2.270
1117  821     21.299      6.622      8.540
  -1  446     10.181      6.835     10.406
 664   -2     -2.253     10.219     10.955
 997   -2     -1.680    -14.106      2.918
  -1  313     15.690      6.322      3.434
  -1   -2      0.068      5.492     -0.639
 241   -2     13.210     15.989     11.239
 607   -2     21.064     -2.744      3.819
  -1   -2     13.931     -6.613     12.001
  -1  529      0.067      0.934      5.260
  -1 1002    -13.637     -4.719      2.020
 247  575    -14.186     -4.181     -1.454
  -1   -2    -16.235      4.886     -7.954
 306   -2      5.183     -7.500     10.838
 645  725     12.273    -10.341      9.769
 467  790     23.985     -8.429      9.461
 114  547     -1.741      8.581      0.106
  -1  159     21.282      2.564      6.290
  -1 1299    -15.613      6.787      3.690
  -1   -2     21.908      3.450     -7.390
  -1   -2      7.384     12.412     -5.935
 995  386    -19.012     12.231      8.998
 659  719      6.389    -11.694      6.542
  -1  358      0.688      1.753      7.452
  -1  625     -2.822    -12.254     -5.109
  -1   -2    -14.619     11.095     -9.366
  -1   -2     14.693     10.414     10.961
  -1  284    -18.660      2.557     12.105
  17   -2     -2.422     14.776      9.380
 460   -2     15.757     -7.962      0.104
  -1   -2     16.030    -10.228      9.941
  -1   -2     18.291     -0.554      0.895
 738   -2     14.492     15.794     10.150
  -1   -2      3.471     -2.587      2.597
 816  346    -20.437     -5.542     11.861
  58  615      8.634      4.965      2.359
 549   -2      9.666     12.985     -8.656
1123  750     -7.321    -11.333      5.489
  -1   -2    -11.060     -5.251     -8.500
 353  653     10.475     11.589     10.894
1165   -2     25.986      5.897     10.909
  -1   -2     26.053      3.806      7.010
 815   -2    -13.099     -8.607      5.036
 650  826    -18.076     -7.294     12.054
 777   -2     -3.346    -11.603      4.132
  -1   -2     25.403     -1.405      1.845
 309   -2     21.708     14.693     10.075
  -1   -2      6.460    -10.029      9.179
  -1   -2     -1.601      1.358     10.900
  -1   -2     14.915     15.155      2.381
 832  422     18.013     10.985      1.774
 947  110    -15.224      6.550     -9.135
 294   41    -10.772     -3.171      4.811
 855   -2    -15.817     14.174      6.857
  78 1157     18.540     -2.063      8.675
 317  154    -19.347      3.872      6.428
1124   38     11.584     -3.942      4.473
1216 1109      8.555    -19.620     10.280
1129 1217     13.695     -4.543     10.260
 782 1252      3.708      5.570      7.666
  -1   -2     16.814     -4.201      2.285
 477  290     20.557     11.136      8.141
  57 1269     22.440     -6.278      1.990
1029   -2      4.798      3.438     11.018
 300  350    -12.080     -9.815     10.031
 598 1300     15.173      6.175      9.127
 829   -2      0.190     13.127     11.267
 324   -2     -8.438     -7.538      0.658
 437  298      6.578     10.480     11.425
 581   -2      8.501     -3.956      9.068
 874  892     26.817      9.820      9.484
 689   -2     23.102      0.359      5.718
 510  503     17.812      4.760     -0.053
 579   -2     18.079      5.122      7.784
 469   -2      7.216     11.098      0.717
 265  476      7.470     -8.153      9.794
1273  405     14.082     -3.672     -1.477
  -1   -2     27.649     -7.166     11.871
  -1 1119      6.340    -11.082      4.571
 807  646    -11.775      0.956      6.451
 347   -2     19.155      5.724      8.050
 132  596     19.345     -9.916      1.224
1065  730      4.756    -14.144      9.774
1226   -2      7.866     18.879     12.053
  -1  486     18.233      3.620     11.366
1269  210     25.875      1.768      8.336
 233  226      2.011      4.843      8.673
1155  380     18.565     -3.608     10.557
 450  554      7.627     12.692      1.925
 584  838    -16.113     -1.487      9.780
  -1   -2      1.148     -9.315     -1.753
 557 1175     24.211    -14.129     11.347
  -1  442     -2.336     -9.263      2.691
 391   -2     -2.462     -6.037      4.927
 921   -2     14.341     14.565      9.602
 413  662    -16.096     -7.654     11.790
 676  467     19.858      9.428      3.645
  -1   -2     24.909      5.311     11.781
  -1   -2     -7.686     -6.051     -9.486
 822   -2    -15.100      8.618     11.418
  -1  574     -7.318    -11.876      2.416
 298   -2    -13.125     -2.428      3.341
1045  645     21.176    -13.769      7.179
 622  559     11.275    -15.441      1.643
  -1   -2     12.509      1.534      9.481
 925  514      9.989     -7.638      9.202
  -1   -2     -9.636      9.539    -11.549
  -1  387     24.215     -3.906     11.214
  36   -2      0.321     -3.385      2.699
  -1   -2     -8.170      0.812      8.657
  -1   -2      1.388     -6.694      0.203
  -1  960    -15.224     -3.189     11.250
 761   -2    -20.468      6.505     11.267
 198   -2      8.374      3.759     11.652
  -1  901     -0.613     -5.873      8.844
 354  368     12.171     -6.613      8.869
  -1  231      3.416     -0.271     10.070
  -1  214     -8.799     -3.891     12.022
1087  320     10.209      5.174      3.680
 896  815    -19.237    -11.255     11.769
 564  735      8.903     -2.699      4.212
 313   -2     -1.942     -7.841      6.346
  27   -2     -6.971      2.679     -5.861
 455   -2    -11.871     -0.561     -7.291
 769 1006     15.646    -14.109      3.336
 449   -2      0.691      0.399      8.194
1270 1130     20.489    -17.294      6.068
 550 1053      1.158     -2.106     11.829
  30  679     16.973      1.655     -0.420
 617 1250     -3.386     -8.525      9.592
  38   -2     22.167      4.518      9.060
  -1   -2     17.857    -16.101      4.288
 669   -2     18.291     -8.652      9.959
  -1  535      2.475     -6.035     11.069
  73  420     24.083      1.757      4.107
 682   -2     -7.219     -8.917      9.759
1118 1129      0.585    -14.650      5.795
 841   -2     -8.056     -5.890     12.219
 653  722     12.633     11.717     11.671
  -1  981      6.586      1.174     12.136
 322  423      0.689     -7.081     -1.829
  -1  393      6.591      7.639      0.208
 164   -2      4.034     -9.035      3.343
 128   -2     -1.367      7.704     -4.363
 906   -2     -1.996     14.278      4.213
  -1   -2      0.644      4.513     10.914
 212  915     24.464      0.971     10.751
1026  544     23.735     -1.995      4.653
  -1   -2     26.060     -4.088     11.310
  -1  330    -16.015     -5.981     -5.060
1188  793      8.101    -11.244     -4.243
  -1  381     -6.677     -1.462      7.346
  -1  696    -10.294     12.518     -5.739
  -1  431     -0.687     -3.712     12.118
  -1   -2     17.797      6.613      0.697
 395   -2     12.290      5.409     -1.725
  -1 1050     11.992     17.237      6.330
1086  599     27.106      1.710     12.318
 496   -2     19.047     -3.781     -4.650
 898  930    -17.609    -16.235     11.725
  -1   -2     22.675      5.779      8.993
  -1  578      3.345     17.396     10.589
 427   -2      8.006     -6.880     -3.998
 908  637     24.411     16.336     11.478
  -1   -2      1.368     -0.234     -2.863
  -1  861     -1.428      8.529     12.137
  -1   -2     -9.548     -7.381      2.972
 524   -2      0.597      1.696     -8.412
 512  260      5.381     12.318     11.482
  -1   -2     21.593     -5.764     -7.334
 742   -2     -6.468     13.745     12.146
 911  512     16.915    -14.499     -2.944
 422  135     13.861      5.546      5.923
 361  215    -15.711     -8.633      7.521
 699  670     17.295     13.752     10.576
 432  456     14.310     16.468      9.470
  -1   -2      1.120     11.935    -11.032
  -1  465    -12.217      2.018     -9.578
  -1   -2     19.098      5.074     -7.477
  -1  402      5.281     13.094      3.957
 641  301      0.431     -3.869      4.070
  -1  157     -2.758      3.471     -4.048
  -1  506     19.716     16.306     11.278
 663  868     23.385      9.684      4.708
1074   -2     17.266     11.427      8.735
  -1   -2     25.464     -7.814      8.377
  -1  726     15.228    -17.808      6.184
  -1 1000     25.785     10.922     10.418
  -1   -2      9.172     -1.760      8.438
 695   -2     14.324      6.884     -8.804
  -1   -2     -0.154     -6.145     -7.964
1261   -2      3.277      2.708     11.089
 662   -2     17.952     13.418     12.397
1142  322      1.928     -0.487    -11.665
 668   -2     15.368     11.750      9.565
 718  302     -4.715     11.917     11.291
  -1   -2      2.107     14.459     10.950
  -1   -2     16.741    -10.623     -6.587
 886   -2    -14.982    -16.649     12.016
1126 1051      1.397     -6.167     -0.068
  -1   -2     11.085      9.444      8.473
  -1   -2     -9.277     10.359     12.029
1116   -2      1.263     -2.557      9.171
 749  751     -3.415    -16.627      2.877
 780   -2     24.720      8.193     10.398
  -1   -2     19.059     15.639      5.940
 642   -2     16.371      5.922      3.160
1157  500     22.126      8.129     -2.362
1101   -2      1.284     -8.227      8.220
  -1 1007      1.889     -5.119      8.851
  -1   -2     21.392     -4.473     10.854
  -1  676      5.723     -9.251     12.201
  -1  717     -7.706     -7.302      3.325
 755  466      5.092    -11.517      9.510
  -1   35    -16.314      7.758      2.687
 244   -2     -4.438     16.386      9.417
 403   -2     23.380      4.462     -2.289
  -1  672      5.993     -6.557     10.576
 585   -2     22.755     -8.567      6.469
  -1  576     18.059     -3.104     -7.232
  -1   -2     15.937     -5.529     12.065
 754  312      8.448     -5.522      7.008
1115   -2      5.263    -15.749      4.292
 721  650      7.462     -9.889      7.613
  -1  692     22.423      7.386      3.879
  -1  925      4.096    -11.586      9.687
  -1  200      9.079      2.104     10.247
  -1  628    -18.307     -2.387      5.956
  -1   -2     21.400     13.626      4.069
  -1  779      7.296      8.904     11.739
 345  351     15.298     -0.056     -0.533
  96   -2     18.890     14.558      6.242
 458   -2      9.458     -8.112      3.895
  -1   -2    -11.183    -12.552     11.232
 733   -2     -9.360    -13.593      6.970
1049    0     -9.426      5.133      6.715
  -1  721    -10.169      1.430      7.958
  -1  883    -18.894     -3.075      8.916
  -1  770     23.410     -9.670     -5.512
 912  647     26.472     -1.441      8.723
 302 1234      1.673     -9.821      8.122
  -1   -2     -3.209     -1.822     -1.810
  -1  810     -9.905     10.011     -2.794
 914  814     -8.191     13.414      7.696
1053  792     -3.428    -17.374     10.049
  -1  435    -10.342     12.305     -4.528
  -1   -2     25.107     -1.317     11.125
  -1   -2     -1.948     14.679     11.405
  -1   -2      9.331     16.058      4.942
  -1   -2     15.063     15.559      0.019
  -1  794     -3.346      8.138     -9.504
 507  830    -17.602     -1.806      1.100
 185   -2     10.413     17.038     11.869
  -1  353     -9.352    -12.440      5.057
  -1   -2    -13.276     13.856      5.771
 249   -2      3.385     10.119     12.089
  -1   -2    -10.417     12.524     10.041
  -1   -2     -0.815      3.759    -10.967
  -1   -2     -9.485      4.226      6.594
  -1  899     27.738      7.271      9.169
  -1  175      1.398     17.861      8.499
1056  285    -17.590      6.065      4.883
 790  783    -21.073     -4.022     10.096
  -1  898    -10.201     17.079     12.407
  -1  172     17.879      8.152     12.331
  -1  795     -8.333      6.805      2.738
  -1  106    -17.591      0.140     12.427
  -1  965     20.762      1.888     11.811
  -1   -2     -7.387      0.816     10.606
  -1   71     -0.152     11.746      3.951
 186   -2     -1.893      1.218     -0.660
 847  605    -17.370     -1.391     -0.896
  -1   -2     26.593      7.214     12.151
 732  257     19.655     17.781      7.015
  -1 1023     -1.987      6.857     11.515
1111   -2     -2.190     13.664     10.758
 827   -2    -12.198     14.460     11.871
  -1   -2    -11.033      7.707      1.981
1022   -2    -11.805     12.674      9.955
1058   -2      2.211     15.853      7.709
 935   -2    -19.054     -4.044     11.466
 877  853    -22.101     -3.991     11.286
  -1   -2    -12.674     -3.644     12.324
  -1  115     -4.849      2.199      7.937
1151 1125     -4.609    -15.488      4.534
1096   -2    -10.084     13.146      6.724
 704  266      7.523      8.163      6.126
  -1  949     28.828    -11.109     11.063
 246  458    -10.592     -6.269     12.612
  -1   -2    -16.850      9.764     -0.412
 743 1061     -3.735     -5.000     11.937
  -1  550    -16.263     -4.278     -9.664
 968  495    -13.894      3.539     11.570
1164   -2      8.390    -11.621     -0.977
  -1  845     23.246     17.727      5.834
  -1   -2     17.139      5.376     -2.602
  -1 1004      4.953    -17.642      4.234
  -1  678     -4.981     -7.081      3.377
 845   -2      7.792     14.462      8.130
 870   -2    -15.254      0.938      9.487
  -1   -2     -6.488     -3.293      8.796
 618   -2     -2.663    -11.834     -4.344
  -1   -2     -5.227      6.044     12.621
  -1   -2    -19.057      6.272     10.512
1106  541    -11.701    -11.203      7.185
 902 1081     23.500     11.669     -5.943
 615  975     25.516     -9.256     10.491
1018  834     11.924    -18.274      6.184
  -1 1059     -3.872    -10.075     -9.227
 922   -2    -14.499     -4.200      9.722
  -1   -2     26.463      5.197      4.353
  -1  461     -2.404     11.639     11.787
  -1   -2     12.375      9.723     -0.525
  -1   -2     -1.850    -15.453     -4.377
 818  777    -17.639      3.212     11.558
 883  808    -16.691     17.459      4.288
  -1  437     14.349    -10.108     11.754
  -1   -2      4.938     -2.736     12.691
 591 1094     18.708    -11.717      2.515
  -1   -2    -16.075     -4.079     -7.927
 982  671     14.339     -4.381     -5.211
1267  519      4.650      8.988      8.564
  -1  957     22.163    -12.343     10.288
 299   -2     -8.118     -7.189     12.083
  -1   66    -17.849     -0.076      2.120
  -1   -2    -16.578     15.039      7.547
  -1  445      7.375     -2.890     10.148
  -1   -2    -17.291      9.683     12.452
 451   -2     26.471     11.892     10.130
 547  769      9.981    -10.364      8.227
1288 1282     -1.991      5.105      3.760
  -1  194     12.548      1.754      7.278
 700   47      9.605     16.986     12.394
  -1   -2      3.284      1.866     12.303
  -1   -2    -10.908     14.166     12.691
 175   -2    -11.179      9.391      2.834
  -1  935     11.717     12.308      2.320
  -1 1142     -8.295      1.780     12.051
  -1   -2    -14.030     12.959     -3.019
  -1 1107    -14.665     12.095      8.599
  -1  745     28.753      1.414     12.363
  -1 1008     25.276     -8.979      0.141
  -1  876     -2.222      7.515     11.947
 525  188    -16.932     -5.396     10.398
  -1   -2      8.944     -4.080     -8.871
  -1   -2     23.665    -11.940      8.338
  -1   -2     21.528     11.730     -7.118
  -1  622    -16.904      2.772     11.291
  -1  851    -12.411     10.232      6.682
1145   -2    -14.254     -9.658     12.271
 884  222     -3.020     14.800      0.690
  -1  563     29.693      8.851     10.772
 960   22    -13.397      7.623      5.784
  -1  311     23.609     11.960      8.193
 992  881    -12.057    -18.813     12.147
  -1  193      8.740     -0.417     12.380
1048 1079     -5.539    -16.126     12.168
  -1  694     -3.781     19.519     12.086
  -1   -2    -11.888      1.616      3.821
  -1   -2     -5.738      3.022      9.409
  -1   -2     10.757     -5.518      7.885
 999 1088     24.187    -11.954     11.068
  -1   -2     13.988    -12.533     -7.790
 759  648      7.783    -16.962     12.139
  -1  156     -7.287     16.626      4.369
  -1   -2     -5.537      5.885      7.914
 441 1245      2.681    -14.542     -5.818
  -1   -2      4.503      7.426     12.513
  -1  558     27.228      2.246     12.558
  -1  832     23.181     15.827     10.606
 528  781    -16.491    -11.784     10.827
 169   -2      0.406     16.469      9.283
1158   -2     -9.416     -6.378     -2.113
  -1   -2     -7.636     -6.814      7.248
  -1  270     19.013     -6.336      2.704
  -1   -2     25.758     -9.373      2.599
 942  265     24.172      4.934     -2.499
1209   -2     23.790    -16.582      7.819
  -1  602     15.293    -12.044      9.978
 259 1011     -2.990      9.020      7.520
 269   -2     -0.491     16.792     11.317
 919   -2    -11.159     11.537      8.205
 937  333     27.258     -9.770      9.983
  -1  177      0.458      2.826      7.361
  -1 1016     16.028     -4.685      5.927
  -1   -2     19.505      0.396     -3.613
  -1   -2     -7.035      7.601    -12.527
 105   -2      6.754    -10.293      7.100
 131   -2     12.775      3.351      6.008
  -1  430    -15.347     15.252      2.764
1121   -2     26.188     13.527      7.923
  -1   -2    -12.543      6.614      5.715
  -1   96     -9.695     13.167      9.379
 277  659     17.100      8.544     10.265
1182   -2     -9.376      7.716     -2.828
1112   -2     16.103    -17.647      8.922
 235   24      8.699     -0.574      5.036
  -1   -2     -1.220     14.967      2.880
1179  723    -13.517    -13.663     -7.238
  -1   -2    -17.447     -3.095     12.464
1077 1110     -0.368     15.151      6.106
 428   -2     -5.293     -6.124     -0.075
  -1  603      8.872    -10.429     -4.148
 871   -2    -18.879      0.487     11.763
1135  736     23.836     12.147      6.079
  -1   -2     26.330    -17.212     10.959
1068  239     18.792      1.512     11.481
  -1  924     -7.864    -10.788     -9.918
  -1  684    -14.585     -8.646     12.188
  -1  913    -15.040     11.499      7.180
  65   -2     15.157     -1.724      0.146
  -1  658      4.505     10.228     11.105
 230  627     25.861      5.646      7.540
  -1   -2     -7.117     16.494     -2.647
  -1   -2     -3.080      5.261     -3.835
 271  417    -13.342     -5.591     11.176
 295  863      1.521     14.809      1.491
 683   -2     10.145     -9.389     11.421
 848   -2    -19.008     -4.924     11.658
 616 1277     23.943     -2.815      9.882
  -1  161     14.899      2.634      8.514
  -1  865     28.496      5.481     10.783
  37   -2      3.261      1.167      6.184
 762  502     -2.670    -10.056      8.583
 365   -2     -7.196     14.819      7.183
1169  686     13.096     12.842     11.235
 500  577      9.411    -11.977      5.748
1043   -2      8.338      4.722      0.228
 813   -2    -13.650     15.372      8.389
  -1   -2     27.187     -6.611      8.655
  -1   -2      7.212    -17.681      3.621
 418 1080     20.226     14.904     11.942
 144   -2     18.457     13.259      2.334
 316  703     -5.438     -6.137      8.753
 958  760     15.795     10.331     11.002
 934 1141     -7.514    -15.993     10.357
  -1   -2     -7.967      4.464      1.178
1040   -2    -13.046     15.850     10.576
  -1  962      2.791      6.989      7.830
  -1   -2     13.720      8.906      2.519
  -1   -2    -11.718     19.702     12.597
  -1  877     -6.636     -2.773      8.844
1016  923     -5.106     12.963     11.186
  -1   -2      7.199      6.212     10.220
  -1  403    -16.830      9.940     -8.433
 872   -2    -11.010     16.170      9.948
 462 1075      0.926      2.673      5.127
 515  668    -18.812    -14.003     12.563
  -1   -2      1.791      5.066     10.713
1221   -2     22.009     18.800     12.659
  -1  517     18.554      6.010      5.424
 765   -2     24.587     16.861      5.501
  -1  242     -1.241     14.360      2.765
 486 1017    -14.804     -7.242      5.272
1223  370     18.892    -17.784      9.268
 795   -2    -10.834    -15.527      5.759
  -1   -2    -10.477     10.423     -7.431
1033 1057     -3.646     19.770      9.997
  -1 1254     -2.908     15.369     12.343
 194  943      3.119      7.047     12.441
 533 1148     26.852      3.232      6.733
 426  704     -1.718     -2.261      7.782
  -1 1164      4.817    -15.748      0.419
  -1  732    -20.508      7.452     12.013
  -1  515     16.326     14.871      5.428
  -1 1072     -0.562     12.413     11.404
  -1   -2     18.104     -1.735     11.037
  -1  588     19.902    -13.888      9.337
  -1   -2     19.316      7.410     12.460
  -1  755     14.748     18.102      8.802
1038  468     -2.184     -8.944     -2.898
 333  479      7.946     14.977      9.705
 331  406     -6.088     -4.163     -1.486
1004  589     17.500     14.429      8.096
  -1   -2     21.176     -7.426     -2.863
  -1  964      9.051    -17.666      8.757
 447 1066    -18.947      8.148     10.360
 303  410      9.158      0.734      1.015
 865   -2    -14.282    -11.152      6.879
 918   -2     10.955     -7.575      9.560
  -1   -2     21.533     -8.841      7.003
  -1  292    -18.538     -2.031     11.356
  -1   -2      1.458      6.766      2.330
  -1 1012     29.707      4.849     10.601
  -1  283     13.077     -1.628      8.923
 858  895    -18.917     -0.200     12.021
1039  941    -10.628     17.545      9.585
 530  635     19.776    -15.808     11.402
1282   -2    -12.484     11.774      6.221
  -1   -2     19.927     10.518     12.348
1002   -2    -19.693     -8.818      6.871
  -1   -2      4.017     -1.414      8.185
1120  733     12.988     17.670      9.110
 880   -2    -18.916     12.928     10.145
 950 1041    -16.075     13.501     12.582
 834  789     -5.030      0.468      4.401
  -1  139     12.867      8.287      4.923
  -1  718     -3.490    -19.619     11.900
  -1  279     15.872    -10.408      0.442
 830   -2    -18.087     -1.728      3.167
1006  771     16.919     -8.044      7.074
  -1 1189      1.019    -18.705     10.677
 740   -2     -5.878    -11.725      5.855
  -1   62     23.104     -0.457     12.021
 702   68     20.859     10.931     11.551
  -1 1139     21.738    -11.719      6.263
 885  297      1.283     11.329      5.750
1266   -2    -15.083     -1.311      5.895
1042 1199     24.723    -17.695     11.957
  -1   -2     -6.016     -3.544      9.039
  -1  624      4.193      4.885     11.006
  -1  847    -10.005      8.863      2.040
  -1  162     21.651      9.133      4.855
  -1   -2    -12.751    -11.984     12.582
  -1   -2     23.301     14.866     11.488
 614  951     -2.947    -12.088      3.982
  -1   -2      1.967    -13.624      1.917
1167   -2    -18.698     -9.769      8.747
  -1   -2      3.082      2.380     -2.172
  -1  871     13.420     -0.517     10.655
  -1   -2    -13.493      8.282      9.117
  -1   -2     -9.317      0.499     -9.633
1082 1166     -9.334    -15.426     10.105
1229   -2    -20.645    -14.105     11.144
 130  904      9.372      3.805      9.629
 637 1036    -15.402    -12.984      4.551
  -1  303     -7.474     -3.481     -1.692
  -1 1126      6.183      9.385      8.890
  -1   -2     15.254    -11.523    -12.300
 262  462     -6.862      0.535      6.442
 750  597     24.646      3.221     11.611
  -1   -2    -15.299     19.639      9.163
 560  451      9.226      7.717      1.301
 107  187     16.497      3.658      9.629
  -1   -2      3.518      9.263      8.361
  -1  291    -16.460    -10.600     10.263
1174   -2     19.242     -1.399      7.220
 917  340     13.756      0.338      9.266
1037  634     28.982    -12.397     10.595
  -1  288      1.072     -9.041      0.393
1102  907     15.078    -17.881     12.016
  -1  649      5.139     -9.262      7.790
  -1  999      3.025    -18.576      7.095
 577   -2     21.932     -4.187      7.349
  -1   -2     20.048     16.949     12.368
 491   -2      5.703      2.925     10.478
  -1   -2     13.799     -7.908     -3.396
  -1   -2     -1.595     12.250      7.393
  -1   -2     25.439    -12.446     -0.528
  -1 1038      2.770    -14.702      3.499
  -1 1039     -9.400     11.286     11.529
  -1   -2     26.499     -8.153      5.092
  -1  874     25.692     14.487      7.455
  -1   -2     -3.509      5.067     11.936
 849  369    -11.079     12.257     10.613
  -1   -2     13.028     -3.450     -6.489
1107   -2     -9.133     -0.106      7.149
 679   -2     18.867    -13.167      4.842
  52  669     15.501      1.959     -7.326
  -1   -2     -7.973    -14.010     -2.112
  -1  970      8.179      8.133      5.957
 388   -2     17.689     11.683      7.104
  -1   -2      3.775     14.716     -5.482
  -1  543     14.526    -13.283     -3.720
  -1   -2      6.390     -4.825      6.862
  -1  889     17.796    -12.808      9.972
  -1   -2     -2.874     16.062     12.383
1220  394    -17.251    -13.641      9.434
  -1  501      1.146      3.941      3.635
 240  545     19.695     16.218      5.771
  -1  448      9.912      8.916     -3.940
  -1  274      9.038    -11.018      3.193
1104   -2    -17.123     13.828     12.167
  -1  741      1.989     -2.981     10.447
 318   -2     12.078    -11.463      6.980
1173  273     16.186     -3.824     12.106
  -1   -2     13.057     12.288      1.064
  -1 1159     13.768     -3.771      7.594
  -1   -2      0.915     17.122      1.488
1013  839     -9.677      1.390     12.302
  -1   -2      1.534    -15.048     10.443
 605   -2      8.848    -12.796     -6.192
 190   -2      7.884     13.711      8.042
  -1  623     18.381      7.160      9.941
  -1   -2      0.082      8.986     12.069
1100  205      5.315     -1.791      2.505
 444  555     -1.072     -9.755      7.125
  -1  688      9.940      3.906     -4.143
1190   -2      3.153    -16.022     -0.284
  -1   -2      6.221     -3.815      8.724
  -1   -2      9.515     13.053     11.911
  -1   -2     -6.647     -6.426     10.553
  -1   -2     22.910      5.939      3.626
 940  782    -10.831      9.312      1.443
  -1   -2     -2.253     -0.677      4.742
  -1  963     25.514     12.462      2.001
  -1   -2     -9.742     -4.453     11.745
  -1  715    -18.095    -14.769      5.443
  -1  509     11.276     -6.889      3.523
  -1   -2     23.005     17.046      4.151
 970  460    -12.669     -8.271      8.630
 551   -2    -15.895     -2.727      9.409
  -1  536      8.070      0.306      1.380
 907  811    -12.355     15.807      9.302
 784   -2     -8.339    -11.017     10.006
 781 1095     14.545    -15.031     -1.357
  -1   -2    -12.148      2.271     -7.694
  -1   -2      0.732     -4.448     11.655
   2  272     11.921      6.642      9.126
1059   -2     -5.284    -12.383     -0.228
 502   -2     -4.027     16.401      6.924
  -1  219     17.843     14.397     -4.138
 678  926      2.416    -11.807      0.416
  -1   -2     15.326    -11.734     -6.981
  -1  164      4.272      7.149      2.779
  -1   -2    -11.701     17.409     11.911
 734  788     11.412      8.646      4.733
  -1  483     25.728     -2.823      9.098
  -1   -2     21.519    -12.829     -0.586
  67   -2     20.146      4.388     -4.039
  -1 1046      3.733      9.190      9.511
  -1   -2     -7.363     -2.537     -7.616
 763   -2     16.983    -11.625     11.169
1233   -2     -3.570      4.274     10.168
1127  485     12.314     -9.680     -2.482
1044 1031     14.701     -2.561     11.506
  -1   -2     15.847     15.380      4.873
 966   -2    -16.711     14.895     11.352
1076 1060      6.902    -13.916      4.368
1073   -2    -17.526    -12.009      1.523
 731   -2      0.980    -13.228      9.213
  -1  739     21.799     12.400     10.147
  -1   -2     18.071     10.313      9.056
  -1   -2     15.666    -22.161     10.031
1202   -2      4.942    -28.045      0.633
1211   -2     -7.509    -19.715     11.207
  -1  946     27.381    -16.400     12.737
  -1 1200      4.760    -23.370      7.352
1222   -2     25.067    -20.356      8.911
  -1  759     -8.226    -17.983      1.040
1230   -2     -6.504    -24.447     -2.384
1208   -2     -3.141    -25.590      3.296
1201 1188    -15.056    -20.684      8.661
  -1 1169     21.299    -22.368      7.541
  -1 1183    -26.691    -10.478     12.683
  -1  967     23.904     18.937     12.896
  -1   -2    -14.634    -19.082      4.352
1231  997    -25.052    -12.622      9.290
1206 1117     -4.552    -20.808     10.502
  -1   -2    -16.999    -20.357      7.486
 963   -2      7.000     22.495     11.886
1219 1195     20.875     22.693     12.820
  -1   -2    -15.082    -18.781     11.671
1232   -2     19.988     19.696      9.400
  -1  987    -13.817    -20.843      9.372
1204 1197     24.378     17.206     12.486
  -1 1019     27.117     14.691     13.071
  -1   -2     10.649     35.142    -10.117
  -1   -2     16.843    -19.402     11.484
  -1   -2      3.122    -20.612     11.499
  -1 1170     17.723     24.628      5.794
  -1   -2     -3.397      3.540     11.184
  -1   -2     -3.396      3.483     11.312
   9   -2     12.867     -8.707     11.433
  -1 1298    -11.215     13.850     11.057
  -1 1202      6.663     -4.878     11.025
 407   -2     18.973     -6.139     11.437
  -1   -2     12.162      5.155     10.428
   7   -2     16.333     11.227      4.269
1235 1261     16.316      0.438      5.517
  -1  196     18.983     12.408      3.451
1242   -2     14.760      5.895     -9.646
  28   33      9.021      9.335      0.473
1294   -2     24.534     -1.953      7.569
  -1   -2    -16.563     -0.522      6.057
  -1   -2      2.460     -7.610     -2.776
  -1 1220     -0.902      7.883     -5.606
  54 1211      9.500     -3.678     -3.882
1255   -2      3.241      0.094     -7.351
 475  185      1.017      3.634     -9.730
1005  105     22.385      5.454      4.953
 518   -2     10.691     13.589     -4.146
  -1   -2     18.766      5.396      7.193
  91 1216     16.905      5.938    -11.248
  -1   45     11.646      2.964     -0.805
 195  914      9.244     -6.576      8.458
 285  278      7.932     13.616      6.113
  -1  716    -17.911      7.567      3.818
  -1  352     22.948      3.329     -2.985
  -1   -2    -15.552     -2.268      8.052
 255 1228     15.458     -5.510     -4.391
 251 1301     18.231     12.106    -10.356
  -1   -2    -12.001     -0.531      3.607
  -1   21      6.953     -7.656      8.203
  -1 1233    -11.582     -4.028     -8.775
 532 1247      4.662      8.160     -7.412
 555  530     21.047     -1.403      3.098
 705   -2     21.165     15.576      8.732
 171  754     18.792     17.141      9.180
1258   63     19.474      4.813      2.341
 509 1302     -2.415     -5.312    -10.952
  -1   -2     25.862      1.678      9.066
1154   -2      8.073     -0.870     10.977
 140   -2    -11.414     11.552      6.371
  -1  249     -4.960     11.955     11.151
 231   -2    -11.279     10.084     -0.786
  -1   -2      2.095     16.154      7.642
  -1 1020     20.305     -4.403     -0.697
 796 1253     -5.495      8.925     -7.040
  -1   -2    -11.252     -3.044      4.363
  -1  903    -16.733     15.070      7.226
 800  873     17.485    -12.818     10.828
 118  744      0.382      2.504      9.417
  -1   -2      1.392      0.114      9.482
 372 1062      7.546     14.600      8.499
 283   -2      5.209      9.566     -0.559
  -1   -2     -3.423      1.066      6.865
  -1   -2    -12.247     -0.414      3.716
  -1   44    -12.076     -0.490      3.841
  35 1210    -16.563     -0.522      6.057
  -1   -2     24.854     -4.378      7.608
 854 1214     22.005     -3.336      8.673
  -1 1264     12.187      5.144     10.394
1249  133    -13.392      7.291     -1.141
1357   27     -2.766      6.584      0.666
1257  496      2.460     -7.610     -2.776
  -1  988      0.218     -2.629     -0.297
1264  552    -14.133     -1.179     11.297
  -1  533    -11.314     -9.575     10.361
  -1   -2      0.435      0.461     10.211
  -1  150     26.498     -7.303     10.122
  -1 1285     -3.416      3.548     11.151
  -1   -2     -3.397      3.540     11.184
  -1   -2    -11.215     13.850     11.057
  -1   -2    -11.215     13.850     11.057
 926   -2     -3.423      1.066      6.865
  -1   -2     26.498     -7.303     10.122
  -1   -2    -12.022     -0.559      3.571
1293  683    -11.970     -0.541      3.532
 134   -2     24.854     -4.378      7.608
  -1   -2    -11.215     13.850     11.057
  -1   -2    -11.215     13.850     11.057
 448   -2     26.498     -7.303     10.122
  -1   -2    -11.215     13.850     11.057
  -1   -2    -11.215     13.850     11.057
  -1   -2     -3.416      3.548     11.151
1318   -2     -3.397      3.540     11.184
  -1   -2    -11.215     13.850     11.057
  -1   -2    -11.215     13.850     11.057
  -1   -2    -11.215     13.850     11.057
  -1   -2    -11.215     13.850     11.057
  -1   -2    -11.215     13.850     11.057
  -1   -2    -11.215     13.850     11.057
  -1   -2    -11.215     13.850     11.057
  -1   -2    -11.215     13.850     11.057
  -1  336     17.321     -2.138      7.381
  -1   -2    -11.215     13.850     11.057
  -1   -2    -11.215     13.850     11.057
  -1   -2    -11.215     13.850     11.057
  -1   -2    -11.215     13.850     11.057
  -1   -2    -11.215     13.850     11.057
  -1   -2    -11.215     13.850     11.057
  -1   -2    -11.215     13.850     11.057
  -1   -2    -11.215     13.850     11.057
  -1   -2    -11.215     13.850     11.057
  -1   -2    -11.215     13.850     11.057
  -1   -2    -11.215     13.850     11.057
  -1   -2    -11.215     13.850     11.057
  -1   -2    -11.215     13.850     11.057
1088   -2    -11.215     13.850     11.057
 180   -2     17.828      7.287     -2.737
 191   -2     -4.609      6.917     10.155
 223  454     14.055      1.779      8.942
 359   -2     14.798     -4.216     -3.664
1358   83     16.776      7.794     -5.466
