1316
   4    1    -10.778      7.941      9.780
  -1   -2    -11.269      4.396     12.179
1264 1333     15.987      1.925     10.487
1249   -2      0.682     -0.456     11.719
1179   16      4.814     -6.198     12.536
   1 1266     12.953     -8.892     11.805
 283   17     14.478     -5.141      3.844
  -1   24    -11.851      1.771      8.578
 845   20    -13.539      9.910      4.665
  -1    3     -0.111     -0.141     12.492
 315  816    -16.642     -0.510      6.001
  13 1270     16.444      3.622     -7.945
  10   14      0.865     10.581     10.660
  -1   -2     -0.758      3.806     -5.499
  28 1136     16.739     -9.097      7.579
 328 1188      9.616      3.205      5.061
  -1   42      2.654     10.229      4.176
 919   25    -15.165      0.354      4.522
 704   -2     21.434      0.481      8.096
  -1 1155     -4.517      9.797     11.813
  -1   26      9.551      2.848     12.017
  -1   43     15.161     11.484     -2.481
 425  471     -3.296      1.062      6.661
  -1   -2     10.790     -0.888     -5.206
 190   -2      8.969      9.369     -0.003
  -1  593     -3.585      6.614     10.568
1012  831    -17.488      4.478     -1.380
  -1   -2      4.627     -0.010      8.741
 541  137     -3.792     13.029     11.903
  -1   -2     -8.900     -2.390     -2.026
  36   23      6.406     -8.917      1.086
  -1    2     25.450    -15.977      6.978
  -1   -2    -13.116     15.693      7.011
 973   -2      6.886     12.069     12.352
  39 1276      9.708      4.414     11.412
  -1   -2     -0.887     11.753     12.118
  -1 1282     16.777      7.798     -5.486
 134  381      8.038     13.803      9.327
  -1   -2     19.278      6.187     -0.114
  11 1268     17.175      3.087     -3.360
 279   -2     18.326     -2.549      3.634
  30 1272     24.413     -1.939      7.291
  48  861    -17.326      7.804      9.095
 526  387    -12.844     -3.053      4.334
  -1   -2      0.437     13.136      6.601
1243 1336     13.907      4.941      9.434
  -1  127     -3.169      3.545     12.128
  20 1271     19.367      3.258     -3.876
 350   -2     -8.713      7.434     -2.355
 113  658     -4.172     -5.863     -5.472
 412   -2     -3.576      3.756     10.801
 108 1284     -9.580     -2.940     11.446
 118   28     25.318      0.964     12.221
 352   -2      5.285     -1.627    -12.638
 185   35     -9.940      9.579     -6.504
  -1   -2      7.130     11.462    -10.415
  -1   -2     25.440     -5.227      5.706
 133  346     -5.715     -0.700      4.441
  -1  803    -19.353     -2.703      9.270
1244  252     12.809      3.489      7.074
 168  379     -3.034     13.658     11.973
 793  353     10.130     -4.820      8.929
 669   -2      3.676     11.049     -4.961
  -1   81     16.250     -3.307      3.041
 121  144     17.818      0.926    -10.670
 304   -2    -11.958     -0.191      7.738
  -1   -2      5.583      0.415     -5.046
  -1   -2     -5.635      4.002     -8.348
 105   -2     19.446     12.678     10.445
  57  176    -16.617     -1.044     11.479
  84   82     -5.293     -1.857      6.871
  76  194      2.339     14.601      3.757
  -1  104     16.106      0.534      5.461
1296  829    -13.462      8.582      1.010
  -1   -2     13.544     10.589    -10.363
 818   -2      9.080     13.625      5.004
 496   -2      7.649      1.880      8.168
 154  212      3.276     12.904     10.976
  96  422      3.502      2.443      3.867
  -1  326     21.084     10.202      5.191
  -1  700     -3.159      8.801     -1.985
  -1   -2      4.501      5.712     -8.497
1056   -2    -10.602      3.470     -0.796
 384  620      4.903     -1.394      6.882
 504   63     19.828    -10.894      5.074
 699  124     18.085     14.271      9.963
 579  976      4.226      9.398      2.567
  67   -2     -5.264     14.719      3.356
  -1   88     -5.784     -0.432     -3.601
  -1   57     16.658      9.511      2.462
  -1  817     -2.684      4.115      2.439
  -1 1281     18.293      1.815      6.305
 839  269      4.200     10.263      8.609
 617 1314     18.269     -0.504      4.839
  -1  846    -13.067     14.018     10.618
  -1  220      3.265      1.902     -1.291
1252 1338      2.079      4.850      1.507
 556  193     24.498      5.679      9.659
 294  136    -12.090     -0.658      3.676
  -1   -2     18.099     11.800     -0.323
  -1   -2      2.226     -2.604     -3.453
  37 1172     12.330      2.698     -0.459
 256   -2    -17.935      5.278      8.132
 763   -2     18.366     -4.956      8.403
  27 1352      5.947      5.362      3.828
  66   -2     13.254     -3.024      2.678
 270   -2     25.456      1.951     10.361
 508  345      2.623     -1.761     11.774
  -1   -2    -14.513     13.453      9.643
 232   -2      7.411     -1.901     11.483
 269   -2     17.950      3.620     10.287
 613  397     19.309     -2.812      1.987
  40 1277     -8.269     -1.410      5.173
1283   69      0.291     -1.815      4.562
  -1   -2      7.607      4.357      7.170
1124  426     12.545    -10.239      7.038
  -1  938     -8.490      3.040      1.917
 343   -2     -4.939     -0.096      8.808
 851  618     26.582      4.844      7.868
1267  806      8.629      5.727     -1.837
 340   -2    -14.149     -0.185     12.507
 997   -2    -10.287     10.958      5.891
  -1   -2     15.747     -0.703     -6.866
1042   51     15.244      3.517     11.400
  -1   -2     16.185      3.289      1.392
  -1  113     -7.397      3.667     -1.378
 994  472     24.972      1.990      5.070
 607  171     12.547     10.609      6.334
  -1   -2     11.118      0.838      2.491
  -1   -2    -10.800     16.535      8.450
 796   -2    -13.191     -0.977      6.243
  -1   76    -16.421     14.466      3.026
  -1  166     18.196      4.722      7.273
1038 1076      2.069      7.872     11.075
  -1   -2     16.282      6.681     10.380
1111  635      7.907     16.654      6.737
 926  366     -4.330      7.217     -2.922
 209   -2     -1.158     -1.181      3.943
 195   -2     21.930      5.157      8.928
 196  101     13.777      2.769     12.306
1254   -2     -7.816     -6.332      9.995
 608   -2     11.971     -0.588     -7.154
1007   -2     -1.398      8.241     -3.689
  -1  329     26.010      3.917      7.910
  64  249    -11.508     10.452     -4.466
  -1  186     16.692      1.725     -1.513
 374  172     23.578     -3.614      2.218
 421  470     -7.944      7.204      1.255
1299  272      5.493      0.353     11.090
 988   73     -4.815      8.377     -9.202
 420   21    -11.342      7.797      5.089
 236   -2    -14.138     -0.602     -6.428
  -1  160    -13.285     -4.638      5.383
  -1   -2     16.068      8.662    -10.996
 205   -2    -17.426      3.459     12.359
 837 1189     15.930     14.955      6.135
  -1   -2     -1.504     14.055     12.589
 127   -2    -11.874     14.885     10.728
  -1  821     -7.512     11.663     -3.081
 183  884     12.962     -6.205      7.410
 249 1297     -7.540     -4.410      7.921
 102  481      9.228     -8.594     10.385
 109 1285      5.882      7.966     -0.164
 370   -2     17.412     -6.099      1.062
  -1  320     25.530     -8.346      9.926
 388  719     11.134      6.149      4.033
  72 1035     -1.621     -6.815     10.711
  -1  374     25.349     -4.507      5.510
  -1 1311      2.642     -1.323      8.806
  -1   -2     -8.097      7.599    -11.537
  -1   -2     19.742     12.750      6.632
  -1  565      6.716     -2.591      4.933
 535   -2      2.511     -3.598      7.816
  -1  145     23.354     -2.104      8.683
 454   -2    -15.311     13.095      2.970
  -1   68    -16.288      0.164     -0.566
  -1  354     12.055     13.163      0.192
 307 1300     13.431     -6.110     11.296
  92  477      0.105      2.506     -7.180
 495   -2     11.731     16.432      4.608
  -1  228      4.044     11.007     10.635
 156  903     21.085     13.443     12.123
 391  139      2.367     -0.548     -2.249
  -1   -2      4.072     -9.722      1.821
 971 1068     -8.649     -2.667      1.904
  -1  299     20.718      7.737      1.502
 278   -2    -16.736      6.165     -1.898
  -1   87     -3.671      3.891      6.987
 996   -2     11.637     16.517      8.328
  -1  168     -1.532     15.551      3.314
  -1   90      1.189      8.089      6.379
 498  169     26.389     -6.294      8.015
  -1   -2     20.059     -5.544      9.980
 461  872    -11.639      7.362      1.935
 119    5      5.975      0.257      8.191
  -1   -2     12.095      8.886     -7.682
  -1   -2     -9.756     -4.912     -9.196
1064 1127     21.715      6.840      5.110
  -1   -2     18.391      8.030      2.571
1260   -2     22.707      2.922     10.619
  -1   -2     -2.318      4.024      7.869
  -1   -2    -11.102      9.979      3.305
 141 1286     18.364     -0.060     11.590
 739   -2     -0.843     -9.245     10.389
 477  261     19.209      7.893     11.322
  -1   -2      8.681     13.230     -7.527
  38   -2     16.156     11.890      7.402
  -1  296     10.001     -5.444      6.095
 936   -2     14.679      2.732      7.847
 265  523     -7.351     12.554      1.182
 273   19     24.422      5.072      6.913
  -1   -2      5.729      0.441     -9.580
  -1  376      8.302      7.753     -0.084
 103  598     10.217      3.654      7.377
 153  502      6.623     -8.580      7.913
1033   -2      5.255    -12.182      8.337
  -1   98     -1.756      9.544      6.572
  -1   50     18.049      6.239      0.354
  -1  583    -19.445     -0.786      5.636
 136   -2      9.981     -6.742      7.678
 671   -2     14.934     15.200      1.251
  -1   -2    -14.770      9.905     11.600
  -1   -2     18.978     10.108     -6.748
  71  336      2.964      9.857     -7.453
1037 1146      7.401     -2.531      2.183
  -1   13     15.262      2.018     -2.881
  -1 1274     -1.871     10.611      5.658
  -1  202    -15.244     -2.182      9.712
 548   -2     12.640     -2.712      6.277
 224   -2     10.400     -1.664      8.158
1262 1196    -17.246      5.663     11.476
1113  916    -11.282     -4.761      9.149
  -1 1050      8.753      5.741     10.955
 664  893      2.954      9.698      5.908
  -1   -2    -13.070     -4.967    -12.060
  -1   -2     18.180      6.698      9.447
 394  190      9.944      8.181      5.011
 525   -2      5.316      9.874     -8.078
  -1   -2     -4.443     13.495      2.572
 169  659     -1.254      3.904      7.393
 692   -2      5.449     -3.293     10.984
  -1   -2      0.912     -0.615    -10.312
  -1  857     26.378     -5.732     12.186
  -1   -2    -14.807     -2.174      6.094
  16   -2     16.047     14.371     10.447
 935  201      5.867      7.239      5.247
  -1   -2      0.127      3.916     -6.843
 701  862     11.182     13.280      6.477
 460 1181      2.483     10.059      8.697
  -1   -2     -2.299     10.349    -11.283
 115  847    -16.659      6.224      6.679
 446   -2     -9.929     -7.406     10.424
1163   -2     21.045      8.820     11.293
  -1 1113     11.141      9.169     -0.516
  -1  723      4.299      7.395      1.470
 241  400      0.548     -4.901      8.329
 540  203     15.467     -1.346      1.655
  -1   -2     -0.520      1.092     12.464
 359 1221      9.469     -2.554      1.354
  -1  412      7.636     -8.061      6.008
  -1   -2    -13.977      3.277     11.281
 237 1082      2.850     15.570      9.848
  23   -2     23.846      0.105     12.302
 975 1197    -12.705     12.646      0.523
 167   -2     -3.406     -6.882      4.732
 189   -2     20.348      3.421     -3.333
 954   -2     27.376      4.392      8.907
 386  809     -3.249     14.975     11.943
  89 1079     22.202     -1.941      8.724
 917   -2    -17.226     13.064      9.942
  24   -2     13.916     12.924     10.533
 762  717     21.849     10.138      5.058
  -1 1005     13.327     11.610      8.478
 225 1294     14.283    -12.223     -4.434
  -1   -2     20.848     11.940      7.511
  -1   -2     12.315     -8.803     -5.935
 138   -2    -11.878     10.628     -7.744
 226   -2    -14.127      1.772      9.370
 290  152     -4.683     13.417      9.579
 441   -2     -5.733      6.088     -2.117
 578   -2      1.713      9.559      3.514
 176   -2     14.793      2.543     11.484
  -1   -2     13.383      7.293     11.134
 229   -2     21.236     14.510     -3.375
 551   -2    -12.610     -2.046     11.122
  34   55     -0.183      9.109      6.621
  -1  785     23.043     -4.294      6.973
 728  947     25.536     -9.201      6.625
  -1  725     11.749      3.756      2.219
  -1   -2     -7.626     -0.652      4.439
  -1  616      6.275      2.428      9.722
  54   -2     21.448     -0.015      7.205
 735   -2     11.906      7.921     10.307
  15   -2    -15.380      9.608      5.979
  -1  321      4.906     -3.049      6.761
1125   -2      1.807      5.161      9.658
 353  285     16.479     -4.349     -8.135
 139  794      7.510     11.212     12.265
 335  869     -1.726     13.188      6.977
 857 1116      3.557      2.215      8.005
  -1  334     16.819     -5.923      4.267
  -1  435      0.778      2.489     11.781
 260  239     22.895      0.029      6.244
 344  132    -16.586      0.956     11.071
1200  378     -7.889     -3.656     -3.694
  -1  697      2.184      0.667      3.628
1070 1090    -17.090     -6.199      3.778
 422  309     18.204      4.457     11.281
 769  302     19.103     -0.013     -2.247
  -1 1056      6.830     17.252      7.651
 396 1134    -18.294      6.646      3.742
  -1 1235     10.301      8.179     11.771
  -1  623     22.348      4.534      2.805
  -1  234     13.244     -6.734      9.317
 836  820    -15.979     -1.349      5.698
 666   -2     20.205     11.292      3.998
  -1   -2     18.861     -6.173     10.948
 248   -2    -15.046      9.569     -7.658
  81  230    -13.984     -1.365      2.398
 293  301     -3.113      7.168     -3.105
  -1   -2      6.005     13.564      0.380
 227  348    -16.644     -2.140      4.580
  -1   -2      3.278      6.601      2.830
 368   -2     -1.731     -6.187     -4.738
  -1 1149      6.005     -5.758      9.929
 311  613     -4.350     13.336      4.369
 605  543     14.344     -5.498      7.349
 713  156     12.123     -0.293      3.161
  -1  369     18.750     10.950     12.073
 667  648    -15.176      4.660     -6.281
  -1   -2    -10.912     -1.362     -3.735
 369  283      5.089      1.558     -3.708
  -1   -2     19.967      7.372     -2.792
  -1   -2      7.534     11.205      8.833
  -1  486     -5.332     16.070      6.838
  17    0    -10.673      3.896     10.548
 543  656     22.510     10.725      9.943
 949   -2     -8.516      0.221     11.374
1043 1137     -2.190      3.581     10.002
 726  312     20.700     -5.786      4.327
  -1  303     15.439    -10.912      4.444
  -1  310      3.832     -7.631     -3.639
  -1  178      5.209     -5.845      4.456
  -1   -2     -9.596    -12.935     -3.713
 128 1084     11.175     -2.348      1.742
  -1 1101    -10.507     -8.666      7.319
 614  953    -10.113     -4.529     12.256
1076   -2      7.916     -0.780      1.975
 202  373    -11.958      9.626     -1.558
 292   -2     13.938      7.937      4.474
  -1  807     25.828     12.942     11.300
  -1   -2     -0.921      8.416    -11.543
 993  211      1.794      1.430     12.381
 902   -2     11.382      3.251     11.069
 826  415     25.867     -7.468      9.874
 719  638      5.572     -7.003      0.054
  -1  480     11.511    -11.850      2.691
1069   -2     -0.449     -6.550      4.616
 532  209      1.954     -0.219      6.324
 182   -2    -11.484     11.403      6.577
 590  925      0.605     10.112      8.043
 288  153     10.543     -7.712      4.536
 301   -2     14.251      2.807     -1.604
1122   -2     13.633     -7.605      4.546
 907   -2     24.877      0.316      9.393
  73  318    -13.844     -2.214      8.454
  -1   -2     21.153     -2.028      9.232
1029  363      5.437     14.950     11.002
  -1   -2     12.512     11.450      8.848
  -1   -2      8.409    -10.576     10.052
 170  437     -6.045     -1.772      2.484
 910 1323     12.840     -4.935      9.526
  -1   -2      5.000      3.848    -11.401
 752   -2     16.949     -2.716      8.753
 636  385    -16.376     -3.073      5.079
 210  682     -3.546      8.497      5.953
  -1  242     -1.168     -0.132      2.744
  -1   -2     -4.681    -13.000      0.966
  -1   -2    -12.835     10.709     12.431
 459   -2    -11.267     -2.913      4.579
  -1 1077     -4.208    -11.236     -4.016
  -1 1043    -12.890      5.446      2.387
  -1   -2     18.507      5.784      9.510
  -1  349     12.100      0.848    -10.444
1157   -2     14.613      8.543     10.843
  -1  441     -8.055     10.290      5.942
1001   -2    -19.078      6.254     10.305
  -1  757     12.549     -3.463      6.036
 142  787     22.745     -8.434      1.320
1051   -2     20.923    -12.170      7.772
1041  841     21.151     16.469      4.505
 179   -2     25.883     -7.713      8.434
  -1  344     20.062     -5.075     11.741
 641   -2     19.903      9.870     11.677
 482  666      5.293    -14.494      8.410
  -1   -2    -17.115      4.865     -4.764
  -1  792     15.525     15.273     11.890
  -1  685     -3.545     -3.317      6.012
  -1   -2      9.240      7.843     12.425
 947  157     18.575     12.997     -5.345
1120   -2     -6.950     16.838      8.534
 661  292     -4.674     -3.058     10.963
  -1   -2    -19.572      6.651      7.415
  -1   -2     -0.550     -0.949     11.455
 737 1002     -2.971      3.825     -5.430
  -1   -2    -13.222      4.351     -7.179
 453  669    -11.863     -1.492      9.054
  -1   -2     16.293    -11.094     -9.650
  -1  273      5.344     13.998      5.533
 191   64     -7.602      0.916     10.424
1145   -2     23.045      5.865      8.828
  -1   -2     13.646      5.477      0.999
  -1   -2    -14.389      4.229    -12.216
  50   -2      6.215      3.631      6.036
  -1   -2      3.356     11.141      7.174
  -1  255      8.342      0.862      9.651
  -1   -2     10.068      0.944      0.997
 539 1312     17.924      3.135      4.844
  -1  290    -15.008     -9.402      6.493
1189   -2     16.545     -9.533     10.682
 395  633      0.496     -6.123     10.473
 332  232     -7.388     11.779     -8.630
  94   -2     14.464     11.017      8.214
  -1   -2      5.927      1.814     -1.467
1170   33     25.759     -0.383     11.078
 905  165      0.243      3.065      6.570
 259 1299    -11.521      3.566     -7.030
 765  208     -1.382     -2.722      4.725
  -1  582      0.791     15.900     10.819
  -1   -2     12.897    -14.472      0.257
 611 1313      9.257     12.530      8.891
  -1   91     13.401     -2.060      0.726
  -1  109     -4.571     12.922      6.914
  -1  813      8.750     10.966      7.578
1287 1341     -5.624     13.465      9.915
  -1   -2    -14.160      9.237     -6.037
 606   -2    -12.048      0.990     -2.809
  -1   15      8.660      9.863      2.060
  -1   -2      5.302      4.776      8.239
  -1  204     24.505     11.535     12.757
  -1   -2     -3.927      1.086     -9.659
  -1   -2     18.634      9.775      3.590
  -1 1213      8.497    -10.182      4.659
  -1  526     19.763      4.020      8.373
  -1   -2     21.668     -3.699     10.656
  -1  624     27.264      2.252     12.629
 322   -2     10.343     10.450      8.521
  -1   -2    -17.363     12.234      9.835
  -1  738     14.553      7.057     12.455
 267  489     26.621     -2.451      7.261
 360   -2    -11.596     -9.447      8.459
  -1   -2     15.593     -0.978     -3.874
  -1  571    -12.729    -12.014      9.758
 366   -2     20.974     -3.392      5.847
1032  315     16.297     11.379     -3.051
  -1  367     16.944      5.329     10.599
 462   -2     -9.972      1.305      9.793
 330  702      9.542     -4.331      0.728
  -1   -2     -8.514     15.125      2.574
  -1   -2     22.728     -4.798     12.441
 180  511     -7.481     -4.538     -0.224
 361 1303      6.118     -5.621      5.263
  -1  429    -14.810     -9.522      2.620
1313  154     -0.917     -4.901     -1.331
  -1  158     -5.292     -1.211      9.512
 963  689     -8.593      3.165      9.106
1247  654     15.065      1.677     -1.498
  -1   -2     -1.197      2.511     -8.712
 662 1316     13.577      9.982     -2.562
 214  188     -2.312     -3.243      7.403
 945  964     17.874     16.616     11.447
1293   -2     18.043     13.484     -4.706
 813  969     -1.781      9.673      8.323
  52 1290     18.171      0.730      6.159
 458  164     21.525     -4.381      7.192
 798 1161     23.645     16.038      9.203
  -1   -2      9.275     -4.775     -3.533
  -1   -2     12.168    -10.431     10.035
 964  935      4.435     -7.690      5.846
  -1  284     12.720     11.664     11.734
 695   -2     -8.444     -7.988      2.670
 815 1038    -19.991      1.505     10.881
 274  105      7.430      4.438      5.607
 784   -2      9.631     -8.270      7.366
  -1   -2     25.524     -1.130      5.445
 349 1302     16.747     -8.451      2.108
  -1   22     -5.590      8.118     -8.013
 903 1032     12.792     15.256      6.162
 522  509     26.557      9.399     10.823
  56   -2    -15.603     -3.192      3.116
1306   -2     19.462      6.628      3.870
1183  917     10.760    -11.150     10.549
1130   -2     -4.838     -5.134    -11.938
 223   -2     -7.073      5.740      2.041
  -1  622     20.689     -0.167      3.771
1168   -2     -1.956      8.069      6.433
  -1  112     -5.704      0.883     10.794
  -1   30     15.390      5.534      2.572
 625  797    -13.780     -7.795      7.394
 697  537     -3.466     -6.475     10.141
 951   -2      0.250      9.076      2.818
 764  436    -16.168     -9.698      5.755
1075   -2    -10.680     -5.468      2.240
  32   53     18.654      3.789     -5.718
  -1  142      9.365      7.240      2.573
 531   -2     19.235     14.832      5.428
  -1   -2     10.259      2.554      3.076
  -1   -2    -13.241      7.282     -8.423
 621  286    -16.630      9.988      0.054
   6   -2    -11.922     10.571     -0.394
  21   -2     -5.395      7.168      8.177
 753  731      5.883     14.919      9.169
  -1   -2      6.313      9.703     -2.800
  -1   -2     -2.478     -0.353     11.497
 757   -2      0.226     -4.029     12.543
 865  243     27.105      6.400     10.093
  -1   -2     23.658     12.110      8.440
 480  799     17.774      6.963      5.760
1156 1100     21.870     11.607      7.358
  -1  664      9.810      2.989     -0.813
 776  690      2.207     -7.365     -2.175
  -1   -2     -4.369     -6.419      1.182
  -1   -2     14.679     11.757     -2.747
1251   -2     -9.229     -3.175      7.947
  -1   -2     -3.973    -11.725      9.488
  -1  196      4.021      4.148      9.465
 373   -2     24.524      6.953     10.672
  -1   -2     25.469     -1.061      2.278
  -1   -2     24.468      1.662      1.103
  -1   -2    -14.795      7.250      0.344
  -1   -2      9.820      6.833     -4.860
 475  391     12.107     -6.713     -5.814
 509  257     20.640      9.734     -1.662
 410  233     26.642     -4.867      7.088
  -1   -2      6.523     12.467      7.508
  -1 1210     24.799      1.016      5.998
 158   -2     11.586      5.895     12.537
1186   -2     14.668     -9.863     10.636
  -1  357      4.554     -5.946     -3.268
 760  754      6.869      7.454     11.334
 490   -2     -2.053     13.148      8.657
 231  102     -3.794     -4.868      8.200
 201   75     -1.849      9.498      2.042
  -1   -2    -11.696      9.202     -5.509
  -1   -2      7.781      7.886     -4.844
  -1   -2      2.570     11.257    -11.058
 899  305    -13.857     -2.702     -3.021
  -1   -2     21.358      5.389     11.150
 786  538      6.752      1.911     11.173
 559   -2     26.136      2.421      5.206
1045  904     13.114     10.290     -0.273
  -1  414      0.814     14.264     11.266
 775   -2    -12.735     -0.193     -2.453
 912 1324     -3.827     14.040      2.449
  -1  544    -11.669     -8.919      0.480
  -1   -2     16.552     -1.423     10.618
 524  574     22.998     14.077      7.497
 192   -2    -10.620     -3.440     11.371
  -1   -2     -5.031     -6.011     -1.542
 449  662     20.276      3.869     -8.349
  -1 1174     16.691     -1.718      6.369
 573   -2     -4.008    -14.709     10.120
  -1   -2     14.966     -0.724     -2.564
  -1  159     14.804      4.499      2.537
  -1  195     -0.018     -0.768      4.547
  -1   -2     15.145     -1.271      9.626
 922  350     14.399     12.247     -7.398
  -1  749     -3.866    -10.139     11.711
  -1   -2     13.233      5.017    -10.959
1008   -2    -10.538     -2.232      9.977
  -1   -2     -7.779     13.483      6.881
 445  683    -13.042      3.885      2.605
 377  743     12.409     -6.090      6.380
 989 1178      3.302      5.810      8.979
  -1   -2      3.049      8.621    -11.324
1171   -2      1.552     17.964     11.540
  -1   78     18.740      1.335     -3.655
  -1   -2     20.353      2.029      9.607
 347 1081     16.059     13.505      3.002
 216  365     -4.550    -13.012     -2.103
1046 1099    -13.545     -3.988      7.240
  -1 1098     16.640      3.425      9.731
1106  779     23.060      8.022     11.345
  -1   -2     -4.579     -8.338     -2.634
 741   -2    -12.170    -11.204      4.191
 478  198    -18.670     -0.198     11.279
 609   -2    -16.583     -8.409     11.347
  -1   -2      5.770     -0.166     -0.354
 562  476     23.176     -5.502      8.667
 758   -2    -18.498     10.571     10.150
1214   -2    -18.448    -13.000     10.355
1055  703     -5.632    -14.718     11.756
 563   41      7.026     14.174      9.262
  -1 1114     15.701    -10.684     -6.237
 362   -2     -5.330     14.011      5.269
 876 1007     -2.048     -0.075      9.023
 927 1219      5.093    -10.306      5.660
 336  518     -0.317      5.165      9.693
  -1  553     14.485     -6.988     12.003
  -1   -2      0.594     11.966      9.623
 736  955     18.904    -12.704     -1.976
 414   -2      2.836      5.806     12.281
  -1  667     -7.356    -12.029      2.584
  -1 1218     -1.351      8.900     11.884
  -1  361      9.684     -2.147      3.924
  -1   -2     -4.438    -10.205     -0.915
 632   -2      5.552     -8.004     -5.586
1178   -2     -8.517     17.221     11.511
  -1   -2     -8.863     10.149     11.767
  -1   -2     10.990      1.555     12.045
 542  170      3.608     -1.480     -3.008
  -1  739      4.810     -8.485      8.424
1031  960     -4.639      4.364     11.987
  -1   -2      3.114     16.416      4.487
  -1  128     11.603     -0.916      0.573
1026  680     19.679     -8.015      5.229
 770 1171     -3.737    -12.211      5.888
 282   -2      0.256     -1.451      7.552
  -1   -2     -0.521     -6.024     -7.767
1018   -2      6.276     -8.165      3.405
   0   -2     -2.942     -2.153     -1.512
  -1  760     22.998     -7.157      8.000
 792   59     19.359     -0.269      4.769
  -1   -2    -15.007     -4.081      3.327
1044   -2     15.880     17.267      9.846
 772  108      9.509     12.203     -1.414
 246   44     -4.922      0.705      7.087
1030  143     15.662      7.006      9.854
1269   -2     12.335    -10.595      4.264
  -1   -2     16.029      2.587      3.432
  -1  226     17.833      9.790      7.548
1072 1208    -11.830    -17.723     11.449
  -1   -2    -19.418      4.476     10.061
  -1   -2     15.950     -3.898      9.527
  -1   -2    -16.804     -4.810     -2.482
1146 1167      7.203    -11.761      1.701
 339   -2      6.580      0.067     10.075
 584  459     -6.700      2.322     -6.239
1167  390     21.200     11.177     10.271
 268  347    -18.202      5.237     11.269
  -1   -2     20.107      4.290      0.738
 313   -2     15.164     -9.069      1.994
  -1   -2     12.962     -7.697     12.267
  -1   -2    -10.404      0.778     -2.329
1091   -2     16.678     12.832      9.979
 615   -2      1.262      4.135     -8.570
1022  742     -3.408    -15.913      1.466
 561 1201     -3.284     -4.067      6.767
  -1  114     11.198     11.025     11.652
 555 1154     13.549     -6.515      4.512
 403  928      1.467     10.977     -6.569
  -1   -2      1.219      6.092      7.192
  -1  355     13.882     -6.038      9.495
  -1   -2     19.744      3.966     -9.431
  -1   -2      1.020      3.352    -12.082
 634   -2      6.461     -4.301      5.717
 673  994     24.225     10.311      6.755
 631   -2     16.809     -1.853      9.449
  -1   -2     21.380      9.504     -2.534
 528  691     24.421     -8.221      8.703
 547   -2      4.202     14.707      2.548
 683  572     17.006      2.382      5.099
  -1  612     17.518     -1.793      8.462
  -1 1152     20.539      3.648      6.965
  -1  191     -1.801      2.476     11.097
 743 1328     26.318     -8.948      7.500
 423  698     22.431     -9.878      9.764
 920  121     24.003     10.984     11.964
  -1   -2     25.469     -5.924      9.262
 554  686      0.440    -10.358      2.818
  -1   -2     11.742     -1.661      0.641
 916 1086     18.302      9.095     10.218
 479   -2      9.998      7.915      6.928
  -1  525     15.005      8.451      3.083
  -1  718     -3.905      3.021      0.691
 137   -2     23.883      2.402     -0.303
 794 1140     22.578      8.870     11.416
  -1 1121     14.923    -18.800      8.033
 620   -2    -15.515     -4.687      9.742
 566  580     -8.606     -5.175      9.262
 144  735     15.745      6.179      6.191
 979  403    -19.136     -1.365      9.541
 687   -2     -6.519     -4.219     11.645
 782  408     18.806     11.498     -7.041
 952   -2     -4.149     16.308      6.077
 327   -2    -15.379     -5.102      4.801
1291  646      9.271     -5.317      8.583
  -1   -2     -8.013     10.866     -9.991
 694   -2      6.072     -2.666     -3.010
  99   -2      9.549     10.601      0.371
1162   84      1.165     -2.840     10.511
 630  619    -11.124     -7.059      9.643
  -1 1168     -5.161    -13.254     10.310
 904   -2    -15.188      3.015      8.786
 733   -2      3.807     -6.517     10.239
  -1  977     24.059     16.250      6.964
1165  359     -3.839     -4.980      3.972
1095 1329     25.933     11.165      8.225
 892   -2     19.564     -9.794      9.283
1115 1020      5.758    -14.850      2.487
  -1  146    -19.777      4.148      7.535
  -1   -2     24.625      3.823      4.338
  -1  493     20.901     -6.055      0.231
  -1  516     19.239     -9.036      0.305
  -1   -2      3.496     12.447     -6.344
  -1  122      4.935      0.344      4.340
1273 1318     -7.983     14.427      8.382
 869   -2     25.937     -4.496      6.087
  -1   -2     11.299      5.212     10.882
1071 1013    -11.570    -15.078      9.157
 635   -2     18.188     17.990     12.283
  -1 1003     -3.339    -10.164      5.177
1159   -2     10.924     12.170      8.445
 252   -2     14.693     -7.785     12.264
 723  661      3.492    -12.348      5.091
  -1  692    -17.041     -9.229      5.601
  69   -2     19.021     -0.944     -2.777
  -1  199     15.806     10.884      7.693
  -1   -2     27.238      2.262      8.853
  -1   -2      9.312      7.906     -8.301
  -1  465     20.478     15.312      0.273
 233  307     18.834     -2.122      7.845
 558   -2     11.679     -0.437      8.648
 619   -2     13.416      5.412     -4.301
1142   -2     13.370    -13.123      8.229
  -1   -2     -6.063     -7.122     11.646
1085   -2    -14.669     -1.802     11.040
 464 1306      8.179     -4.929      8.386
  -1  556      2.757    -11.396      0.105
 864 1046    -10.303    -12.041      3.461
 688  939     14.840    -17.937     12.332
 820  810    -19.154     -1.782      6.466
 375   -2     23.428     12.407      9.847
 325  161    -18.905      0.926     10.381
  -1  490     25.710     -5.785      8.160
 783  221     22.638     13.970     10.080
 601  183     18.403     10.350     -1.050
 748  651    -10.312      4.677      2.601
1199  730     -9.415     -7.047      8.873
 939  478      0.411     -7.477     -2.654
1108 1029    -15.449     -9.513     -3.084
 505  449      5.694     -3.230     -5.693
  -1   86     17.239      1.641      4.210
 220   -2     -4.631     -4.804     11.861
 491  382      0.029     -8.632      1.804
 991   -2     24.044     -0.788      2.654
 653   -2      0.121     -7.574      6.673
  -1  644      9.242     -2.491     11.882
 972   -2    -12.842    -12.711      3.562
 298  300      6.911     13.240     -2.968
 780   -2     -8.664     13.742     10.217
 777   80     18.752     11.507    -10.105
 795  557     21.335     13.552      3.776
1231  564    -15.113    -13.643      6.429
 962   -2      1.569     13.791      7.745
 978   -2     15.903    -13.624     11.528
 675   -2     19.167     14.733     -0.346
 750  920     23.691      1.742      4.977
 489  533     18.246     -2.530     11.978
  -1  710     24.701     15.943     10.049
  -1   -2     -2.398      2.339     -4.079
  -1   -2     24.484     12.712      9.764
  -1  860    -10.455     -3.462      7.971
  -1   -2      6.386    -12.684    -11.252
  -1   -2    -10.190     -0.007     -3.483
  -1  380      7.370      0.511      4.000
  -1  643     19.035     15.106     -3.585
1211 1175      3.722    -20.590     11.754
 773   -2    -20.641      3.840      9.022
  -1   -2      7.549     15.004     -2.438
  -1   -2     -5.961      1.460    -10.149
1222  699     12.699    -17.616      8.232
  -1  464     -1.563    -11.832     11.191
1255   -2     14.868      9.755    -10.425
 822  601    -15.484     -8.947     -1.417
  -1   -2     18.152     -0.609      6.874
 803   -2     15.497    -16.128      4.095
  -1 1166     -1.261      4.608     -5.284
 321   -2      6.997    -10.873      8.165
  -1   -2      5.717     -6.285      9.856
 557  570     24.605     -1.807     10.822
  -1  504    -16.387     -3.101     11.744
  -1   -2     25.750      7.698     11.260
 596   -2     -5.186     -4.386     10.843
 740  540     -1.337    -11.068     -2.984
  -1   -2      5.728      4.131      8.949
 709   -2     25.246     -3.365      7.520
  -1  444     12.969     12.594     10.453
 754  687     -0.645    -11.933      4.987
1089   -2     18.096      8.934     12.112
1191   -2      4.285     14.466      7.739
1058 1204    -10.176    -15.419      3.979
  -1   -2      8.522     -1.458      1.716
 286  704     23.209      5.019     10.139
  -1  770    -11.700      0.091     -4.387
 570   -2     18.746     -6.481      0.616
  -1 1064     24.594      0.711      9.425
  -1   -2     14.695     -5.071      8.744
 428  890     -4.780      4.986     -6.585
 408  508    -17.903     10.287      6.816
  -1  180     20.113     13.362     10.341
  -1   -2    -11.194      5.175      5.335
  -1   -2     -9.056     14.331      5.536
  -1   -2    -16.227      6.049      2.239
  -1   -2    -12.995      9.056      9.777
  -1  777    -10.864     -3.601     -0.412
 974   -2     -2.359     -0.878      6.663
  26  281    -11.681      3.038     12.346
  -1   -2    -16.453      5.174     -8.089
1020  536     -7.662      6.057     -0.066
 595  358    -12.038     12.117     11.541
 835  814    -20.460     -2.701     11.170
  -1   -2    -11.433      8.396      5.064
 914  844     14.342     18.726     10.997
  -1   -2    -11.457      1.956      8.118
  -1   -2     20.949     -7.082    -11.318
 805   -2     18.391    -14.197      5.925
 977  640     25.764     10.291      5.894
  -1  804    -18.762     10.371      3.689
  -1  909     18.637     -8.278     -0.002
  -1  888    -17.632     13.720     11.607
  -1  577    -18.653     -6.972     12.570
  65  295    -13.577     11.936      9.701
  -1  751     15.203     -9.052      4.408
  -1   -2    -18.628     -3.051     -1.156
1206  836    -12.294      0.443      7.545
 455  975     -1.986     11.721      4.345
 173  185      0.004      5.015      7.746
1175  607     -2.977      0.523      6.901
 871   -2    -10.487     16.972     11.757
  -1   -2      0.632     12.141     12.547
  -1   -2     -5.452      9.502      2.647
  -1   -2     18.350      8.449     10.140
 659   -2     -5.989     -8.103      8.301
1050   -2      9.534      3.329     -4.634
 832   -2    -19.437     -9.761      9.522
 759   -2     -3.804     17.277      5.751
  -1  859     25.862      6.624      4.200
1024   -2    -13.689     10.709      7.409
  -1   -2      5.771     12.346    -12.337
 499   -2    -10.144     -0.444      9.686
 126   -2      3.680      9.375      8.680
 841 1321    -10.321     12.609     -1.253
1096  764    -14.438     -9.777     12.072
  -1  219    -16.239     13.184      9.835
 950  225    -17.257      5.064     11.078
  -1 1075    -12.489    -14.987     -6.634
 966  179    -16.174     16.711      6.158
  -1  271     16.028     10.669     11.986
1288  229    -13.202     13.989      5.625
 730  679     23.710     -9.638     11.867
 326   -2    -15.896     12.959      9.328
  -1  167    -17.138      2.811     -4.698
 879  981     26.962     13.704      6.502
 731  134     -7.400     -6.817     11.746
 135  848    -10.635     17.711      9.489
  -1  805     -5.684      9.635     -2.333
 131   -2     18.925    -17.703      9.795
  -1   -2      2.573      8.953     10.224
  -1   -2      7.506      6.520     11.542
  -1   -2      6.106      4.029     -0.478
  -1  745     -3.333    -17.301     10.166
  -1  843     -9.109      7.832     -2.105
  -1  921    -10.917     11.116      0.416
 639   -2    -18.976     12.268      8.791
 161   -2     21.137      2.253     10.219
  -1   -2     12.157      7.409     -1.752
  -1 1309     -2.135     13.880      9.883
 310   -2     -1.167      9.239     -4.464
 448   -2     16.895     -9.713      1.928
  -1  106      6.843      5.694      0.929
  -1  835    -19.651    -10.816     10.645
  -1 1118    -20.080      1.681      7.646
  -1   -2     25.246     -8.991      0.299
 308   -2     24.220     -7.148      9.345
  -1   -2      8.711    -10.827     -7.943
  -1  447     -0.047     14.318      3.152
  -1 1212     18.210    -14.437      8.744
  -1  919     24.250     13.142     -0.237
  -1   -2      8.595      6.238     -3.490
  -1  231     -6.875     12.213      1.719
1063   -2     25.635      3.632      8.074
 853  882     -0.416     14.893      1.800
  -1   66    -12.201      7.797      2.051
  -1  575     -4.185      8.052     -3.371
1164  752      1.488     11.710     11.032
  -1   -2     16.075    -11.296     -2.415
  -1   -2     13.189      2.826    -11.043
  -1 1080    -15.030    -15.972     10.952
 702   -2     16.440    -10.807      8.870
  -1 1067     26.078     -3.988     11.472
  -1   -2     -6.368     -0.567     11.688
 932  940    -12.156     10.812     10.196
  -1  631    -20.587     -7.454     12.622
 911  294    -19.134     -6.586     10.712
  -1   -2     29.250     -5.664     12.128
  -1   -2     -1.821    -15.439     -4.304
  -1   -2     13.425      4.393     -0.585
  -1  362     14.253      2.403      7.867
  -1   -2     -2.937     12.058    -10.935
  -1   -2     13.964      6.713      5.392
1135   -2      5.901    -10.847      9.311
  -1  895     28.302      6.353      6.821
  -1  468     -8.655      6.445     -0.509
  -1  769     16.916      8.365     12.091
 572   -2     -4.642     16.994      2.401
 647  932    -10.124    -14.503      3.401
  -1 1014     -0.339    -13.580     -1.071
  -1 1096     19.647    -10.369     -0.153
 284  714    -15.377     11.739     -6.459
  -1   -2     26.085      6.758      5.588
  -1   -2      2.040    -11.987     12.467
1021   -2    -12.040    -18.997     11.387
1035  588     14.815     -0.561      2.768
  -1  423     14.981     16.137      0.135
1217   -2    -22.019    -11.687     11.731
 808  552    -10.485     14.820      8.589
 481  370    -20.071      4.824     10.281
1117   46    -10.761      2.564     10.869
1102  887     -4.896     17.996      9.255
1281  628     -3.911     -7.968      9.648
  -1  734     25.292     10.851      0.181
  -1   -2    -14.911      6.584     -5.504
  -1   -2    -15.014     -7.152      7.559
  -1   -2     24.979    -16.446     12.472
 946  147     -1.753      1.447     10.748
  -1   -2     25.537    -12.222      6.629
 514  396     25.566     13.825      9.047
  -1  971     19.858      6.358     11.092
  -1   -2     12.641     11.807    -11.115
  -1   -2     15.741     -7.771    -12.352
  -1   -2     28.539      3.901      8.813
1049   -2     24.988     17.018     12.082
  -1   -2     -2.909     -2.591     12.482
 810  494     -1.096      7.040     11.578
 767   -2      4.568    -11.554     -3.250
  -1   -2     -0.949     -9.833     -6.727
 705   -2    -17.909     -7.449     11.756
  -1  974     28.963      1.508      9.970
  -1  732    -19.320     -1.366      1.225
  -1   -2     18.946     18.441      9.575
  -1 1010    -15.662     13.022      6.401
  -1   -2    -14.126      0.309      4.904
  -1  498      7.738     -8.906      9.739
  -1  140     13.157      8.082     12.554
  -1   -2     -5.499     -7.474     -8.233
  -1   -2     14.876      7.333     -3.961
  -1 1194     -5.009     -1.257      4.371
  -1   -2     16.204      4.904     -1.729
1188  801    -15.730    -12.181      4.696
  -1   -2      1.880      5.411      7.190
  -1   -2      2.248     10.752      7.108
  -1   -2     -9.084     -1.171     -4.021
1141   -2     12.322     14.973     11.436
 924   -2     -5.430     10.456      8.619
1134  639     20.151    -11.427     12.293
  -1   -2     16.857      4.825      9.941
  -1   -2      5.268      0.392      6.789
  -1   -2     -6.218     -9.324     -8.095
  -1 1105     13.902      6.875      1.370
  -1   -2     14.634     17.377     11.966
 880   -2    -13.653    -11.452     11.013
 817  485    -17.039     10.235     10.621
  41  463    -12.360      0.034     10.947
1126 1001    -17.875     14.800     10.632
  -1   -2     21.324     -1.230      2.998
  -1   -2    -12.027      7.182      5.135
  -1  758     21.485      2.787     12.001
  -1   -2      5.347     11.290      7.601
  -1   -2     -7.308      5.533     11.636
 985 1325    -15.394     19.792      9.202
  -1   -2     10.517     -6.787      7.510
 788  568     19.351     16.072      5.464
 467 1126     -7.282     12.544     10.372
  -1  761    -13.680     15.647      8.296
 682  941     18.983    -17.232      4.631
  -1  399     19.112     15.320      2.126
1074   12     -2.470      1.616      7.369
  -1  413      7.240     13.800      6.205
  -1  873     16.245    -13.579      5.272
  -1  997     11.545      4.493     12.271
  -1  410      5.442     -9.666      1.222
  -1  424     -5.777     -9.880     10.959
 852 1059     -3.456     18.740      9.771
1228  827     18.046    -19.488     11.238
1109   93      1.918      8.700     -2.509
  -1 1045    -12.372      2.920     11.650
 738   -2      0.211    -11.491      8.155
  -1  885    -19.209     12.895     10.773
  -1 1275      6.229     -8.810     -1.650
  -1  340    -10.238     12.534     -7.008
  -1  475     18.069     11.800     11.044
 424   -2     15.123     -6.969      8.910
  -1  854     29.237      0.938     11.599
  -1  430     12.762      4.874      9.621
 171   -2      9.235     -3.520     10.649
  -1  288    -18.416      6.265     10.250
  59   -2     -2.291      8.288     -5.032
1184  483      3.995    -11.592     10.843
 970  678     24.330      2.338     10.561
 285   -2     15.393     14.621     11.864
 140   -2      3.855     -3.439      0.422
  -1 1320     24.223    -12.329     11.696
  -1 1157     -1.574     16.459     -0.042
 406   -2     -8.335     -9.266      3.939
  55   -2     -1.748      2.868      8.448
  -1  968     11.951     15.820     10.823
 493   -2     -9.313    -12.526      4.633
  -1 1073      3.298     14.721      5.435
 204   56      8.798      3.316      9.519
  -1   -2      9.460      1.282      3.584
 821   -2     24.522    -10.983      5.525
  -1  576     -0.015     18.321      7.402
  -1   -2      3.089    -10.106     11.038
  -1   -2     19.731      6.388    -10.342
1010   -2     -5.167     -8.465     -4.414
1136  985      7.679    -17.370      3.564
 931 1030      5.750    -11.217     10.454
 603   -2     -1.242     12.260     -1.358
  -1   -2      4.460     -7.955      8.568
  -1  404     20.391    -10.239     12.037
1066   -2    -11.996     17.462      9.885
 901   -2     -5.093     17.437      8.126
 317  443    -15.610     -7.733      4.982
  -1   -2      6.251     11.315      0.782
 888   -2     14.470    -12.780      9.231
 830   -2     25.116     -9.391      8.655
  -1   -2     -8.370      1.032     -1.302
  -1  750      9.374     -5.258      5.721
  -1 1144     21.286      7.499     10.921
  -1   -2    -15.594     10.575     12.355
1169   -2    -18.843     -9.705      8.831
  58  569     15.512     14.383     11.054
  -1   -2     14.535     -6.936     -8.113
  -1 1028     -8.416     -1.522     10.929
 426  519     20.045     14.925     11.750
 928  600     16.145    -18.695      9.103
 921 1198     26.517      6.303      6.545
  -1   96     -2.674      5.572      6.229
  -1   -2      6.095    -11.279     -3.619
  -1  563      4.156      7.774     11.797
 550  330      0.387      1.258      9.688
  -1   -2     20.997     -2.397      5.430
  -1   -2    -11.363     14.525     11.030
1047   -2    -10.125     -6.319      0.679
 800  605     -4.991    -12.861      5.219
 867  918    -17.559     12.536     12.231
  -1   -2    -10.491     10.747    -10.107
 323   -2      0.341     16.792     11.026
1060  851      1.221    -17.561      8.113
 727   -2      6.227      3.077     11.352
  44 1278      0.275      0.389      6.853
1277   -2     21.824     12.842      9.209
 825  339     -2.085     15.013     11.066
  -1 1180     26.677      8.021      6.222
  -1   -2     28.134     -0.485      8.624
 749 1192     20.328     16.902      9.584
 885   -2    -16.538    -10.930      9.895
  -1  324      1.426     -7.103     12.360
 890  728      0.107     14.724      9.344
1015   -2     -0.510     17.158     10.776
1201  530     -4.952     15.643     11.171
  -1 1130     25.433     10.068      3.160
1180 1199     10.511    -14.405      2.456
  -1   -2     -2.746     13.257      7.482
  -1 1041    -12.136    -18.820      5.537
 789  594     22.223     -0.967     10.041
  -1   -2     -0.381    -10.504     -2.918
  -1  894      3.941    -10.325      5.742
 463   -2     13.834     16.518      9.858
  -1   -2      3.857      9.232      2.506
 716   -2     11.436    -13.944     -5.379
  -1  657     15.269      1.761      7.496
  -1 1153     -6.477     -8.413     11.636
 106  889      6.065     10.178      8.751
1094  316     14.545    -15.965      0.927
  83   -2    -15.028     11.220      6.545
1300  527     -7.358     -8.092     11.667
 707  469      7.662     14.312     11.721
 957   -2     -1.805     12.927     10.867
  -1   -2     21.756    -21.979      7.849
 341  924      9.283     12.693     11.598
 816  589    -19.166     -4.478      9.504
  -1   -2     11.777     -9.077    -11.785
  -1   -2    -15.035     14.900     -6.225
  -1   -2     -7.756     -0.708     11.362
  -1   -2     -9.508      0.496      4.518
  -1   -2     -3.759     12.790     -6.228
 174  929     10.344     -0.078      1.664
  -1  675     14.522     17.844      9.029
 984   -2      6.294     12.658      5.685
  -1   -2      2.165     13.888     -4.626
 846   -2     29.260      7.907     11.385
  -1  118     10.803     -8.128     11.251
 367  721     -6.051    -10.403      6.882
  -1   -2     -7.627     -2.043    -10.888
  -1   -2     12.015     10.596     -6.072
  -1  259     13.044     -9.979      9.779
 534  311     16.607     12.742     12.053
1080  815     24.681    -14.735      8.849
  -1  629     18.208    -17.337     12.257
1263   -2    -17.667      6.660      5.847
1192   -2     -2.141    -15.313      8.781
  -1 1322    -16.360     18.337      3.013
  -1  433     16.152     -7.248      9.389
 785 1295      9.626     -3.286      8.190
  -1  626    -20.563     -9.693     12.138
  -1  762    -11.807    -13.558      1.460
  -1  596     -8.394     12.099      7.823
  -1  258     21.090      7.399     -5.337
  -1  110     -5.480      2.356      6.461
1153   -2     -8.745    -16.434     -0.485
 600  987    -11.421    -12.550      6.214
  -1  585    -13.881     -7.422     11.670
 827   -2    -19.346     -9.106      1.613
1137 1330    -15.029     12.558      9.175
  -1   -2    -15.988      9.746    -11.133
  -1   -2     -8.349      1.323     -5.821
  -1  487     -9.485     14.848     11.826
  -1  642     25.497     -4.785     10.800
1235  587     -8.518    -18.608      7.275
  -1   -2     13.320     -7.845      6.332
 312 1039     14.153      3.861     10.157
1207   -2     23.376     -2.855      8.909
  -1   -2     14.596     -2.029      2.152
  -1   -2     -4.580     -3.359     -6.361
  -1  632     21.502      3.608      9.546
 906  421    -13.807     12.198      3.125
  -1   -2     -9.864    -18.104     11.355
  -1  729     19.037     17.535      5.759
 513 1231    -13.565    -16.522     11.305
 746 1265    -13.434    -17.342      5.132
  74  420     13.588      6.614     -3.744
1237   -2      8.538    -19.642      9.740
  -1   -2     12.877      0.552      7.571
  -1   -2      0.988     10.409      2.396
 507  604      2.830     -1.854      6.606
  -1   -2     -2.206     -5.761      5.663
 319   -2      1.583     -4.779      7.270
  -1 1074     24.833      7.519      0.859
  -1 1104     10.262     14.990      6.511
 296   -2      5.505     -3.037      4.275
 101  782      5.801     -9.208     11.864
 956 1191      6.018    -16.095      4.433
  -1   -2     22.655     16.467      0.505
1284  833     -2.923     16.891      4.347
  -1   -2     20.773     13.474      2.527
 930    7    -12.231      6.465      6.448
1121 1232    -11.737    -11.185      7.178
  -1  505      3.792    -15.322     11.391
  -1   -2     10.729      5.593     10.977
 689   -2      4.362     13.191      7.422
  49   -2     -1.208      8.912      9.313
  -1  455     15.059     -4.170     10.777
  -1   -2     21.021      9.922      3.720
1099  949     -0.646      5.900     -4.621
  -1  474     12.606     14.823      8.270
  -1   -2     16.511      0.768     11.722
  -1   -2     -8.697     14.366     10.201
1210 1230    -21.135    -13.517      9.362
1204 1108     -4.425    -20.673     10.389
  -1  789     19.541     -6.110      5.900
  -1 1078      2.890    -17.674      4.334
  -1   -2      1.830     -4.862     -2.661
  -1  539     13.760     -4.766     11.019
 346  980     19.976      3.793     10.492
1003   11     -5.345     14.794     10.736
 208   -2     -1.884      9.608     12.096
  -1  177     10.638     -2.375      8.887
1187  100     17.333     15.101     10.725
1065 1205    -14.955     14.819     12.162
 583   -2     10.214     -5.725      8.887
  -1  331     11.435     17.311      5.537
 623  788     18.048      4.718      9.763
 529  922     22.924    -10.214      3.735
  -1 1158    -18.857     -9.751      5.131
 771  926      9.433     15.738     11.858
 434   -2      3.614      1.013     -0.892
  -1   -2     -9.922    -21.379     11.773
  -1   -2     21.222    -10.043      1.169
  -1 1062    -16.066      8.569    -10.807
  -1   -2     -2.333      1.620    -10.582
  -1  883    -15.786    -12.959      0.922
  -1  123      5.684      4.258     12.119
  -1   -2     10.734      0.318      2.718
  -1  162    -13.642      6.888     -0.779
1213  990     22.844    -17.411     10.042
 334   -2      8.898      8.615      9.720
 658 1315      5.137     15.591     10.094
1147  767     26.055     10.432     11.078
 967  984    -17.403    -11.133      9.136
 778 1047     14.713    -11.904      9.504
 436   -2     23.341      5.637      2.096
1090  115     -3.209     -7.331      3.200
  -1  609      7.413    -13.649     11.120
  -1 1214    -26.387    -14.026      8.025
1059   -2     25.673     16.204     11.618
1209 1238    -27.444    -10.192     10.642
  -1   -2      7.014     25.019      8.881
1212 1244     11.481    -25.083      6.690
  -1   -2     12.971     32.244     -4.331
  -1 1242     24.294     18.925     11.220
 655   -2     20.746    -17.559     12.733
  -1   -2     13.571    -23.163      9.625
  -1 1044     16.625    -23.010      7.040
  -1   -2     -2.048    -21.242      1.377
  -1  560     19.685    -17.470     12.178
  -1  875     -3.433    -18.918      3.808
1223   -2     20.040    -25.303      9.343
1226 1254     16.912     25.108      9.149
  -1 1009      8.718    -16.247     10.177
  -1  923    -16.488    -21.312     10.322
  -1 1226    -16.568    -17.262     12.243
  -1 1258     -1.988    -19.657      8.002
  -1   -2     13.555    -25.025     12.434
  -1 1177    -24.470    -13.513      9.867
1234   -2    -18.680    -13.624      8.930
1218   -2     14.602     22.502     11.434
  -1 1211     27.829    -16.561     12.092
  -1   -2    -19.939    -14.804      9.444
  -1 1263      6.759    -20.428     11.743
  -1 1183     22.586    -19.625     12.193
  -1  791     -8.102    -20.837     10.905
  -1 1264     17.994     22.522      8.767
  -1   -2    -16.233    -14.475     12.624
1233 1024     27.199    -18.009     10.976
  -1   -2     16.454      3.544     -8.013
1304 1347     -8.069     -1.693     -0.285
  -1   -2     15.662      2.419     -1.684
  51   29     -7.143      7.679      2.616
  -1   -2    -13.788     -1.979      0.719
  -1 1337     18.927     -6.273     10.510
  -1   -2     18.937     -6.177     10.215
  -1   -2     11.081     -4.404      2.950
1250   65     16.779      7.733     -5.360
  -1   -2     18.279      1.769      6.246
  -1   -2     18.294      1.860      6.242
 492   -2     17.829      4.109      3.510
  31   37     -0.917     11.728     11.962
  -1   -2     16.662      9.562      2.579
  -1   -2     16.802      9.639      2.756
 228   -2      2.535      0.902      3.295
 212 1292    -14.542     13.446      9.597
 437  599     18.819      7.889      8.646
  -1   -2      3.355     -0.679      4.374
  47   -2     25.731      3.654      6.922
 235  282     20.077     -5.446     10.209
  -1 1169     21.157      5.099      9.093
 187 1058     18.375     -0.563      7.233
1011   -2     20.160      1.956      9.455
 244  532     15.613     -1.297      1.663
  -1  407    -10.810     16.473      8.438
  -1   -2    -10.800     16.535      8.450
  -1   -2     19.292     -8.565      6.395
  60  254     10.167     12.313    -11.527
1248   -2     -0.815      0.588     11.144
 703   -2     23.582      6.824      6.643
 117 1291      8.780      9.166      0.859
 324 1117     20.031      7.294     -2.934
 506   -2     13.556     16.372      8.497
  -1 1348     -7.264     -8.942      9.974
 355   -2     10.084      0.924      0.725
 219   -2      8.125     -6.689     11.959
  -1   -2     -0.260     15.344      8.702
  75  634     18.685     -1.639      5.344
 471 1307      1.028     -9.521     -1.395
 389   -2     19.752      6.296     11.173
  -1  352      8.153     -2.531      1.194
  -1   -2     -0.079     -1.502      3.587
 299   -2      5.635      4.048      9.002
  -1   -2     25.841     12.975     11.351
  -1  236     17.977     -1.466      5.731
 933   -2     28.912      1.454      9.803
 829 1006    -20.169     -4.764      3.390
 849   -2    -13.449     -5.921     11.171
  -1   -2     -5.612     13.582      9.737
 923   -2      8.259     14.778     -1.372
 862   -2     17.767      8.947      1.122
  -1   79    -17.698      0.612      9.555
1013  392     -5.819     14.994      7.094
 345  950      7.732     11.232     -3.760
 162   -2     18.222     11.343      4.980
1079   -2      9.874    -12.087      5.813
1294 1342     16.694     13.433     -3.771
  -1  617     18.269      1.808      6.121
  -1   -2     18.852     -6.278     10.655
1246   -2     18.937     -6.177     10.215
  -1   -2    -10.793     16.508      8.365
  -1  874    -10.791     16.556      8.488
  -1   -2     11.081     -4.404      2.950
  -1   -2     11.081     -4.404      2.950
  -1   -2     -7.832     15.281      6.517
1229  790     25.885     12.892     10.898
 146  314      3.271     12.822     11.079
 443 1305      8.530    -10.215      4.467
1087  253     24.583      1.620      1.250
1009 1072    -12.002     12.853      1.750
1303 1346      7.358      2.525      5.518
  -1   -2     16.645      9.535      2.523
1305   -2     16.802      9.639      2.756
  -1   -2     10.904      5.405     10.971
  -1   -2    -10.793     16.508      8.365
  -1   -2    -10.775     16.609      8.500
1261 1351    -10.793     16.508      8.365
  -1   -2    -10.775     16.609      8.500
  -1   -2     -7.264     -8.942      9.974
  -1 1217     12.842     -8.973     11.873
  -1   -2     12.842     -8.973     11.873
 438   -2     18.269      1.808      6.121
 497 1310     16.678      5.395     -6.571
1298 1106     10.947      5.399     10.854
  -1   -2     -7.264     -8.942      9.974
 755   -2     -7.264     -8.942      9.974
  -1   -2     11.081     -4.404      2.950
1309 1349     11.081     -4.404      2.950
1314  263     12.477     -6.165     -2.250
