1334
   2    0    -11.142      4.485     12.135
  -1   -2     12.937     -8.877     11.784
 149    2    -10.626      7.780     10.522
1046  808    -11.277     13.934     11.046
  -1   -2     15.914      1.929     10.275
 580 1279     16.371     11.242      4.126
 345 1131      4.830     -6.160     12.411
  -1   -2      9.441      2.540     12.338
1013   -2    -13.034      6.166      8.654
  -1   -2    -11.808      1.185      8.351
  -1  530      0.866     10.581     10.667
   5   -2      0.743     -0.480     11.826
 170   -2     -3.208      0.979      6.579
  -1  517     -0.929      0.488     10.878
 921  121     -1.089      9.912      4.337
  37 1309     16.336      3.756     -8.013
  -1   -2     14.237     -0.019     -6.313
 700   -2     24.434     -1.984      7.382
 912   -2    -11.950      8.588      6.769
 226   -2    -15.111      0.385      4.565
  -1  854     -2.178     14.969      7.174
1269   -2     -4.081      8.158      0.339
1274   -2      9.228      3.044      3.880
  -1  272      2.454     10.058      4.699
  -1   -2      9.560     -2.601     -0.956
1275  118     11.334      3.314     11.437
  -1   -2     17.150      3.084     -3.405
 654  498    -12.336     11.638     10.852
1103   -2     -7.101      7.663      2.649
 115   -2    -16.594     -0.490      5.817
  14   -2      9.693      3.358      5.336
 792  218     -8.053     -1.661     -0.421
  11 1268     16.989     -4.682      6.902
  65 1252     16.727     13.384     -3.745
  -1   63     19.878     12.682     10.698
 673   -2      6.346     -1.461      3.085
  86   -2      3.799     -0.456     11.222
  -1   -2      8.120     -4.913      4.306
1230   -2    -10.431     -2.108     11.772
1072  599     -9.559     -2.961     11.463
  -1 1093     20.425      5.920      5.003
   4   -2      7.265      4.610      6.957
 564  537     -2.279      5.975     -1.244
 188   47      9.696      4.336     11.611
1153   -2     16.758     -9.190      7.596
1152  191     21.466      1.611     10.787
  -1  457     -4.786     13.210      5.363
 539   -2      6.246     -9.008      1.458
  -1   -2    -20.790      5.429     11.119
 420   -2     13.362     11.877      8.981
 688  240     19.678     12.976      5.844
1119   -2     16.049    -11.708      4.290
  -1   70     13.617      5.550     -3.481
  -1   -2     14.497     11.198     -6.897
  -1   -2     -2.039      4.765      4.423
  -1  430      9.110     -3.027      2.342
 116   58    -12.109     -0.440      3.411
  -1   -2     18.283      1.785      6.307
 985  239    -14.579     13.453      9.540
  -1   11     18.518     12.642     -6.024
  -1  264    -20.998      0.546     12.178
  10  245     -4.615     -0.893      2.371
  -1  686     13.329     12.464      9.829
  -1   -2      7.756     -8.019      6.392
 431   -2     14.915     -4.362      8.041
 931   -2      0.697     11.765      9.668
 731  205     19.266      3.225     -3.937
  -1   59     18.864     -6.247     10.482
 155   45     18.075      1.102     -4.782
  -1  436      9.651    -12.531      0.074
  56  845    -13.660     11.793      9.644
 376   -2     -7.965     13.309      6.505
 153  499     -5.235     -0.517      9.478
  -1  999     -5.939     -0.580      4.258
 977  648      3.057     -1.508      2.203
  -1   -2      7.389      3.413      3.066
 712   -2     23.522     -6.679      1.121
  -1 1019     24.498      4.034     10.633
1272  300      9.179      9.492      0.303
 503   -2    -15.127      2.176     -3.843
  81   -2     14.074      7.582     -3.681
  -1   84      0.377      0.186      9.237
 613   -2    -15.055     13.000      3.550
 110  146     23.619      5.477      3.903
 250   -2     -1.748      4.352      9.109
 909  579     25.419     -8.508      9.818
 132  345      9.461     10.592     -3.793
  57 1251    -19.909     -1.097      8.813
  -1  682      5.012     -1.037     10.583
  90   20    -10.900     10.988     -6.014
1126  793     -4.769     -1.356     -7.333
1014   -2     11.318     11.425     10.285
  59   75     25.398      0.905     12.232
  46    6    -10.343      4.927      8.481
  -1   -2      1.086      6.013    -11.245
  -1   48     17.270     -0.819      8.413
 284  647    -13.916     -1.913      1.521
  18   -2     -1.865      9.652      6.638
 493 1206     24.383     11.382      3.364
 293   -2      6.869     10.566     10.101
  29   -2      5.223      9.393     -9.989
  -1   -2      4.513      5.654     -8.793
 530  469     25.637     -1.326      4.588
  -1  142      5.963      5.327      3.860
1094  937     -0.845     11.339      3.793
 307   -2      7.863      6.402      1.365
 462  699     17.351     -0.300      2.386
 219  281     -6.054      0.533      9.125
 322  998      7.835     -0.240      9.920
 119   -2     -9.639      8.902     -2.680
 201   -2     16.742      1.669     -1.435
  -1   -2      3.800      2.133      0.268
  -1  672     -8.021      5.099     -0.568
  -1  974      8.155      1.111      2.527
  -1  507      6.466      2.145     11.473
  -1   -2     -0.295      2.030     -8.721
  -1   -2    -15.566     12.018     11.621
  -1  210    -16.543     -1.161      0.192
 444  945     26.144     -6.383      8.906
  95   -2     23.949      2.792      1.538
 331   -2     21.252     10.592      4.368
  49   40     24.125      4.744      6.928
  -1   -2      1.800     10.377     -9.533
 152  202     16.566      6.065      8.608
  -1   21     13.292     -5.675     11.468
 113  104     15.094      9.594     -7.834
 432   -2     -8.112     -8.108     -0.685
  -1   -2     20.433      4.147      3.517
1257   -2      5.448      0.276     11.236
  -1  292     13.158      0.787     -4.212
  -1   -2    -16.299      4.991     -7.465
  78   -2     27.040      7.214     11.099
  -1  434    -18.384     -0.580     10.666
 182   -2     -7.300      8.073     -5.421
 194  318     -0.641      0.175      5.470
  -1   -2    -15.341      0.998      9.756
 930  872    -13.348      7.315     -1.313
 214   43     16.106      0.178     -5.789
 386  175     -4.785    -12.981      1.257
  -1 1308    -10.800     16.525      8.470
  87  107     -0.945      8.240    -11.493
  -1  348     11.978     -4.979     11.595
 890  529     -7.743     -2.943      3.664
 874   -2    -19.786      3.343      8.772
 112  448      6.358     12.205      6.852
 136  369     12.315      3.893      8.545
1280  109      2.634     10.519     -1.989
 441  122     -7.765     -6.194      9.652
 271   -2      5.555     -5.941      4.026
1256  135    -13.849     -1.504      8.025
 760 1126     16.110     14.325     10.550
  -1   -2     14.631     13.231     -7.086
  -1   -2     -6.327     -5.212     -4.743
 927  233     -6.057     -4.358     11.796
 184  188     20.081      7.275     -3.050
  -1  147     22.941     -1.053     11.247
  -1 1304     10.967     -4.481      2.887
  -1  438     11.376      7.168      7.994
 233  213      7.590     14.199     11.098
 145   -2      4.688      8.346      9.539
  -1   -2     16.245     -0.918    -10.916
 839   36      2.958     15.085      4.882
 402   -2     11.444      0.309      1.081
  -1   -2     12.832     -3.009      3.735
1243  551     24.835     -1.010     12.057
 312   -2     15.859     14.328      0.946
1218  412     14.533     -0.867      3.791
  -1   -2     18.488     11.841      4.445
 324   -2     22.623      4.414     11.311
 698   -2    -18.447      1.885      7.812
 274   -2      5.243     -1.647    -12.467
 162  968    -11.858     14.927     10.717
  -1  103    -11.794      7.025      1.732
  -1   -2      5.056     11.646      0.033
  -1   92      4.497     11.564     -3.081
 706  344      2.142      4.955      5.883
 160  206    -18.058      7.620      3.816
 243  167     -1.815     13.224      7.230
 190   -2     11.665      9.713     -5.117
 529   -2    -10.754     -2.955      4.283
  -1  368     16.923     -3.136      3.997
 150  588      5.964     -8.020     -0.867
 238  308     -0.328     -5.764      1.009
  76  123     -7.101      7.710    -11.297
 624   -2     -2.697     -4.061      7.771
  -1   -2     24.963     -4.292      9.058
  -1   35    -17.566      0.132      5.646
 455   -2    -15.108      6.270      3.540
  -1  483     13.061     10.842     12.644
 375  641     18.699     -4.781      9.334
  -1  243     14.320      2.537     -1.058
 506   -2     -1.391      5.192     -5.418
  -1   52     13.884      4.491     10.197
  -1   22      6.089     -5.870      9.851
 378  357     18.195      1.343     -7.675
 301   61     -0.238      0.273     -4.833
  -1   -2     -0.509      6.640     10.348
  -1  249     -8.027     -1.209      5.284
  -1  429    -17.864      7.038     11.314
  -1   -2      0.239     -2.646     -0.487
  -1   80     16.565      7.376     -3.532
 235 1267     -9.801     -1.580     -3.708
 720   -2     -4.269     14.688      9.390
1042   -2     20.397      3.071     -0.755
  -1   -2     24.326     10.688     10.756
 881   -2     -7.508     11.723     -1.751
  -1   -2     11.847     12.473     -8.119
 622   -2    -12.022     -7.112     12.432
 579    9    -12.486     -2.319      5.676
  -1   -2     -8.389      4.025     -3.031
 225   -2    -18.203     -6.062      7.336
  -1   -2     -8.130      7.716    -10.797
1105   39     -0.589      9.700      7.381
 818 1007     -1.364      0.007      2.726
 344  232      7.831     14.504      8.305
1038   -2     24.894      0.650      9.270
  -1  226     20.348      3.424     -3.307
 563  762      5.827      3.329      3.708
  -1  248     24.777      4.192      5.655
  -1   -2     -9.459     -4.910     -7.113
1099  960    -12.491     10.370      9.307
  -1  694      2.064      4.818      1.532
 884   -2     -0.472      9.684     11.177
 829 1057    -15.753      2.182      9.699
1258   32    -13.022     13.964     10.639
 880  173    -13.691     16.271      8.817
 197   -2    -14.788      2.760      8.641
 852  581     -8.587      0.466     11.600
 178  250     26.129     -6.283      7.221
  -1   -2    -16.615     11.820      2.374
  -1  252     12.418     14.414      7.046
  -1   -2     19.514     11.201     -3.134
 260   -2      7.383     -1.911     11.541
  -1  115     25.569      1.292      6.824
1012   -2     10.394     -0.861      0.728
  -1   18    -10.789      6.946      7.600
  -1  639     12.856     -5.136      9.308
1037   -2     15.919      1.402     11.099
  -1 1026     20.606      4.140     11.830
 544  527      0.053     -1.648      7.851
 287  373      2.421      5.563     11.037
1287 1159     16.006      5.980     -7.500
  -1   -2     13.405     -6.555      9.540
 269  675      3.413     -4.171      0.721
  -1  608     13.665     -6.523      3.774
 992  111      5.412     -3.677    -12.117
 820  770     14.437      3.737      2.130
  -1  294     15.655      0.108     12.497
 358  347     -4.979      3.868      7.263
 185  378      2.148     11.680      9.277
  77   -2     -4.377     -0.766     10.396
  -1   -2      1.538     13.731      4.457
  -1   89    -21.105      2.122     12.547
  -1  955      9.795      9.846      5.988
1260   -2      4.603     -1.287      0.504
 265 1004     21.789      6.715      5.328
  -1  332     -7.750     15.308      6.436
  -1  623     16.608      7.147      9.301
1143  326     -6.950     13.492      5.458
 104   -2      8.586      2.611     12.198
  -1  203     -4.301     -7.323     -5.732
  -1   -2     12.660      4.179     -7.310
 302  328     -9.619     -6.840      5.997
  -1  509     13.638     -4.314      2.640
 232   -2     11.526      5.888      5.099
 897  459     12.179     11.093      4.906
  89   -2     -2.844     -0.905      1.723
 340 1271     -5.321     -1.843      6.821
 254  327      8.289      7.742     -0.059
  -1 1180     -2.361     -4.502     -0.229
 259  624     23.517      0.404      7.585
 276   -2     -1.846     -0.893     10.215
  35  316     20.107     -5.592      9.981
  -1   -2    -16.253     -2.945      5.925
  -1   -2    -13.316      4.115     -6.712
  -1  660     17.467     -6.222      1.310
 781  159     14.225     13.814     10.945
  -1   -2     19.069    -15.947      9.639
 464   -2    -15.531     -2.146      9.164
 782   -2     -1.551     -6.886     11.060
 242  875      3.810      8.557      4.304
 398  467      0.078     -6.751     -4.287
  -1   26     -9.352     -2.981     -0.068
  -1   -2    -13.181     10.727     -0.172
1113  578     13.076      0.488      1.494
 204  704     13.152     14.293      3.616
 578   -2     20.558     -5.101      2.348
 547   -2     21.650     -6.213     11.470
 962  769     -7.980     -6.777     12.165
 388  246      7.100     12.975     -2.666
1000  451     16.830     11.400     10.492
  -1   -2      8.433    -10.712     10.174
 606  382      5.561      0.698      7.624
1049  380      9.316     -6.080      5.016
  -1  828     -2.059     14.094     10.361
 278   -2     12.094      2.745     -0.145
  -1 1050     25.883     12.943     11.248
  55  731     -4.998     14.368      2.713
  -1   -2      7.271     11.412     11.195
  -1  358      3.279     -6.096      0.785
 737   -2     18.426     -2.414      0.148
  -1  366      5.757      8.077     -0.344
 229   -2     22.498      4.318      3.937
1128   -2     -2.023     -8.251      7.782
  -1   -2    -16.644     -8.286      4.499
  -1   -2     14.994     -8.002     10.476
 757  314      4.451      4.305     10.064
 334   -2      6.849     -4.260      5.179
 691  276     -2.939      4.130     -3.049
 925   28      4.347     12.714      9.757
  -1   -2      0.340      6.048      1.764
 392 1274      1.502     11.048     -3.029
 405  620     19.810     -6.848      2.445
 471   97      9.779     10.718     12.240
  -1  950      5.072     11.881     11.689
 368   -2     10.226     12.067    -11.956
 545  520     12.559      2.948      7.026
 373  922      0.392      4.284     -7.407
  41  760     -2.847      2.500     11.716
 206  471      7.022      7.222     10.605
  -1   -2      1.735     13.259     -3.971
 911  152     -0.008      0.409     -0.454
  -1   -2     -3.586     -1.670     -6.311
  -1  455     23.015     -3.325      3.780
1005  258     -4.922     15.389      4.068
 193  204    -10.016      0.316      3.844
  -1   -2     11.039     -2.775     -6.114
  -1 1172    -17.288     12.717      9.062
  -1   -2     23.234      5.356     -1.483
  -1   -2      6.932      1.488      0.564
  -1   -2     19.818     10.381     -4.153
 741  630     15.882     10.801     -0.048
  -1   -2     -2.189      4.553      0.715
1023  403    -11.168     -1.166     10.867
 534  198      9.964     13.101      9.910
 337  899     20.007     11.833      5.850
 357   -2     19.810    -10.927      4.965
  -1  900     14.405     18.647     10.620
  -1  371      7.193     -2.625      1.547
 871  561     -7.573     11.585     -8.157
  -1   -2    -11.370     -1.673      1.833
  -1   78     -3.223      2.788      7.100
1170   -2     -5.348     15.865      7.201
  21  384     17.217      6.141      2.727
  -1  777    -15.803      6.927     -7.411
  -1  949     24.915      7.693      9.433
1263   -2    -10.616     -6.841     11.206
  -1   -2     18.839      1.352      9.337
 412   -2     27.439      2.507     12.369
 181  688    -16.515     12.164     12.206
 346   -2    -19.015      4.844      8.879
 231  742     -4.849     11.259     -8.632
  -1  165      4.257     10.816      7.325
 954   -2    -11.653     12.325     10.638
  28  810    -13.738      0.419     11.123
  -1   -2     15.435     10.742     12.425
  -1   -2     12.332     14.832      8.360
 905  958      3.555     12.447      6.299
 806   -2    -13.796     -0.872      2.868
 971  265      4.294      1.608      5.931
  -1 1272     20.113     11.246      3.953
 625   -2    -14.493      8.154     -5.818
1253   -2      2.041      5.987      1.081
  -1   -2     17.747      6.011     -3.784
  -1  827      8.586     -8.309     11.505
 200  501      0.521      0.200      6.181
  -1  612      8.950     -7.070     12.000
  -1   46    -14.519      0.880      2.015
 733 1210     23.667      6.172     -0.639
  -1  236     16.869     -2.796      8.666
 677   -2     -1.953     15.587      2.796
  50   -2    -11.618     13.845     -2.052
  -1   -2     11.346     -8.782      1.140
 483  237      6.554     -0.504      5.108
  -1 1207     -0.166     -2.471      9.708
 111   -2     -0.475     12.169     11.670
1161   -2      3.779    -11.453      7.977
  31  321     14.000     -6.233      9.720
 458   72     -6.130     11.997      8.123
 425  771     25.476     -4.486      5.549
 500  260     -2.809     -6.244     -5.562
 445  550    -15.145    -10.731      4.745
   8  277      0.654      1.791     11.212
  -1   -2      3.339     12.778     10.843
1182  138     21.357      3.002      5.261
 187   -2     -5.740     -2.579     10.481
1278   -2      6.456      0.062      9.742
 348  718     17.981     14.192      1.856
 834   -2     -1.266     15.111      2.927
 520   -2    -17.928     -2.499      5.528
 275  334     12.137     -6.500      6.441
 227   -2     -7.220     12.381      1.247
 114   -2      4.839      2.669     -0.901
 660   -2     10.487     15.016      7.699
1179  197      5.113     -8.308      8.997
 263   -2     13.409      7.415     11.071
 715   -2     -0.488     -4.452      7.069
 374 1273     20.081     10.498      6.252
  -1   -2     18.090      2.793    -11.162
 541   10      8.412      9.653      1.256
 953   -2     17.590      3.492      7.079
1273 1160     10.895      5.089     10.899
 256  751     11.143     13.340      6.317
 457   -2     22.357     -0.562      8.089
 796   -2    -17.446      5.225      8.615
  -1   -2     23.078     12.830      9.990
 942   -2      5.007      4.295      3.263
  -1  727     -4.890     14.852     12.009
 605  976     18.724      6.856      4.531
  -1  319     14.726      2.347     12.425
 716   -2     16.748      5.090     -2.217
  -1  713      8.122     11.540      9.350
  -1   -2     14.447     -8.247      1.814
1160  496    -17.573     13.373      6.484
  -1   -2      4.609     10.406     -3.511
 746  643     12.614     -1.055      6.305
  -1  120      5.037     -3.816      0.590
  -1  437      9.746     -1.354     10.065
 830   -2     -2.424      0.727     11.307
  -1  572     -1.873      3.034     11.903
  -1  918     13.118      0.760     12.762
  45  829     14.705     11.799     -3.315
 848  913     27.001      4.545      9.304
  12 1177      1.876      9.471     11.364
  -1   -2    -14.031     -0.990      6.328
 414  747     16.648      4.477      1.286
  -1   -2     -3.145    -11.639      4.052
 325  346     -7.466     -4.311      7.960
  -1   -2     20.512      6.926     10.046
 290  320     20.014      8.334      4.950
 548   -2      1.127      4.083      8.627
 501   -2      6.907      8.069      9.412
  -1   -2     23.829     -3.533      9.387
  -1   -2    -14.445      7.333      3.082
1096  946      0.203     -1.600      4.432
 117  338     -4.575     13.041      7.444
1235   -2     14.856     10.778      7.400
  -1  137      5.837     14.695      9.331
 320   -2     23.742     -9.342     12.498
1085  335     12.762    -14.492      0.381
  -1  419      8.495    -10.191      4.587
 459   -2     24.509     -9.289     10.293
 742   -2     21.797    -11.623     10.397
  -1   -2     24.685      2.736     12.643
  -1  995    -15.705     -0.703      0.158
 391   -2     -2.258     17.452     10.590
  -1   -2     17.072     -8.015     -1.556
  -1  487     22.189     -4.847     11.021
 489  568     -3.754    -10.032     -8.998
  -1  585     25.114      2.751     10.617
 966  200    -17.539      7.723     11.951
  -1   -2     12.695     -8.051     12.273
 807  181     -6.161     -1.282      6.325
1232   -2     19.255     -1.513    -11.791
1268   -2      9.521     -5.334      4.791
1121  168      2.965     10.355      7.400
 479  736     16.661     15.278      0.276
 323  454     17.515      1.955      3.016
1076   -2     -3.050     -1.037     10.980
 435  765     -7.111     -8.204     -7.356
  -1   -2     -6.064      3.707     -9.420
  -1  640      4.285     -1.295      6.650
  -1  125      8.054     13.410     -4.377
  -1  743     19.207     10.702     10.189
1057  386      4.243     -1.380     -2.863
  -1   -2     25.148     -4.629     10.898
  -1   -2    -18.388     11.292     11.738
  -1   -2    -18.357     -0.447      9.378
  -1   91      1.948      2.639    -10.112
  -1   -2     17.896     13.525     -4.864
 522  552     -0.601      3.009     -5.721
 904   -2     25.875     -7.428      9.972
 118   -2    -15.568     -4.808      6.127
 502 1196     23.005      8.960     12.028
  44  607      9.868     -2.650      2.314
 836  485     -1.971     10.151      9.626
  -1   -2     12.014     -7.976     -9.459
  -1  748     10.825     -8.010      4.795
 699  685      9.206      7.969      9.425
 640   -2     -4.382     -6.468      1.200
 642   -2     15.130      4.216      7.551
 454 1276    -16.577    -10.230      7.907
  -1   -2     21.791     12.693      9.746
 646   -2      0.385     12.064      4.975
 577  717     14.904     -2.424      7.898
  -1  466    -13.239     -8.859     11.548
 645  970     -0.913     -8.780     10.049
 616  284      5.157     -8.769      3.526
 452   -2      7.343    -18.098      5.256
 745  601     20.363     -1.398     -5.664
 684   -2     11.369    -12.028      2.452
  -1   -2     11.898     13.169     -5.360
  -1   -2     16.765     -4.437     -7.433
 590  227     24.606      1.618      1.348
 982   -2     22.814      2.856     10.244
  -1   15     -9.238     -2.314     10.740
 192   -2     15.911      1.768      5.286
 724  414     12.618      7.356      8.313
  -1  787    -10.557     -1.980      6.779
  -1   -2      1.374     -0.233     -2.589
1059   -2     12.386    -11.908      8.965
 574  666    -10.640     -7.779     -2.893
 621  428     20.960      0.661      1.926
 916   57     13.216      9.601      0.305
  -1   -2     20.751      6.045     12.110
  83   -2     -6.276      7.150     -4.926
  -1   -2     11.839      0.157     -9.436
1002   -2     14.211     16.472      9.360
  -1   -2    -20.357     -1.285     12.420
  -1  413     20.146     -5.107     11.871
 681   -2     -9.253     -6.058     -4.048
 778  855     23.421     -5.743     11.072
 861   -2     20.184     15.663      5.300
  -1   -2      9.780      8.435      0.196
 929  355    -14.857      4.832    -10.648
 965   67     23.785      3.239      5.182
 787  712      2.799     -5.809      8.640
 297  587     -3.523     -7.815      9.827
  -1  526     -7.811     16.423      9.098
  -1   -2     23.554     -7.160      4.762
  -1   -2     16.041      9.076     -5.169
  -1   -2      9.585     -5.875    -12.394
1284  920    -12.142     -3.169      0.457
 968  784    -14.556    -10.641      1.497
  -1  646     -2.282     11.595     -3.874
  -1   -2    -15.828    -10.568      9.001
1261  833      6.419     11.482     11.308
  -1   53     -5.761      8.509      2.045
 281  532     25.280     -6.379     11.650
  -1  212     14.269      5.445      2.441
 723  613      2.962     -9.098      2.244
 766  721     10.851     -2.496     -4.035
 366  951     18.992     16.511      4.671
 351  242     19.540      9.222     -2.110
  -1 1084     18.701     -0.125     11.590
 401   38     12.259     11.409      2.434
 248  859     19.644     10.177     -8.226
 725   -2    -15.662     -1.750      6.823
 620  462     11.344     -5.954      4.887
1051   -2     15.520      9.818     12.019
  -1  315      6.417     10.868      6.997
  -1   -2      6.272     -0.737     10.020
 528   -2     -2.801     14.472      4.484
 956  304    -13.026      2.686     10.639
  43  892     25.215     -1.073      4.723
 704  154     -7.412     -7.867      6.844
  -1   -2     -4.027     -4.294     -8.795
  -1  904     20.070     -2.288      8.824
  -1   -2     14.189     -5.489      4.947
  -1   -2     21.251    -11.249      3.265
 362   -2     12.349      9.603      6.659
 237   -2     -2.906    -11.680      7.861
  -1 1110    -13.799     -7.466      8.539
 591   -2    -18.151     -7.353     11.846
  -1   -2      0.657     -9.275     -5.717
 744  595     14.857     -4.821     10.958
  -1   88     17.062      1.405     -6.759
 862  379     24.426     12.527     10.215
  -1   -2      1.081     -9.494     -1.202
1106   -2     -0.659      9.424    -11.040
 643  464     11.843     -1.658      9.611
  80   25      1.903      3.804    -10.678
  -1   -2     18.428     -2.191     10.700
 509  158     17.390     -9.503      3.767
  -1 1153     -2.649     -8.681      2.334
  -1   -2     19.211      3.663      9.707
  -1   -2      3.069      8.561    -11.188
 872   -2     -4.984      7.049     -5.929
 686  683     17.876      8.823     11.062
 703  449      2.602     -5.110     -5.920
  -1  919      3.335     11.123     11.758
 183  511     17.834     12.593     -7.943
  -1   -2      2.820     -3.781     10.005
 253  649     25.262     -1.132      8.511
  -1   -2      8.493     -1.525     -9.489
 682 1167     20.055     15.077     11.997
1239   -2     -1.537      3.133     10.117
 713  706    -14.529     -7.024     -7.471
  -1   -2    -12.424     10.323      6.856
1137   -2     10.100     -2.082      6.986
  -1 1085     18.374    -14.110      6.043
 738 1175      8.679      1.244     -4.335
 611  519     15.594      6.417      3.191
  -1  143    -15.644     -0.376     -1.535
1033  479     18.257     -1.127      7.014
  -1   -2    -17.537      3.803     -0.282
  -1  912      0.814      8.620     12.022
 228  463     21.352     -3.772     11.348
 151   -2     23.404     -3.349     11.756
 258   -2    -17.873     14.649     11.072
  -1   -2     18.814     -7.910     12.132
 476  220    -13.655     -4.557      0.724
  -1  390     -0.234     -3.309      5.922
1240  184      9.001      6.233      0.944
 635   -2     21.096     11.142     10.761
1259   -2      6.274     -7.013     -5.558
 566  621     -7.359    -11.795      2.564
 668   -2     15.531    -17.950     10.265
 394   -2     18.189     -2.096      3.959
 997   -2      5.111      7.843     11.823
  -1  664     22.068     13.486      3.061
 772  720     -0.321    -11.884      5.759
 657  653    -15.852     -5.868     11.205
 867  426     -0.728     -2.722     10.895
  -1  880     21.741    -16.653      3.191
  -1   -2     22.631     15.153      0.018
  -1   -2      6.063      4.190     10.050
 429   -2     -7.114      6.986     -0.125
 617  863     13.596     16.878      7.352
 494   -2     -3.760      7.734     -3.050
 647   -2     12.069      4.212      1.887
 410 1008      8.258     17.968      8.680
 453   -2      4.080      1.046      7.445
  -1   -2     11.143     11.228     -5.065
 689    7      6.298     -1.157      7.702
 634 1282     18.311      8.533     -1.495
  -1  586      1.642      4.040      9.448
  -1   -2     -0.377     12.581      1.352
  -1  725     -3.874     -2.770      0.801
  88  299     19.435     -4.495      0.360
 661  475     24.018      4.817     -0.084
  -1   -2     19.781     14.462      0.719
  -1  199    -14.906     -2.028      5.339
 747 1182     26.890     -2.090      7.342
  -1   -2     16.839     -5.255     11.796
 289   37      8.568      1.894      5.116
 400  564     -4.248      8.663     -5.045
  -1  983      4.255     -1.176     -9.336
1139  394     23.682      7.526      7.058
 484  271     -3.427      8.628      5.126
  -1   -2    -14.425     -3.790      0.941
  -1   -2    -11.972    -10.011      9.415
  -1  584     20.544      9.235     -3.759
1129 1174     -5.436    -11.593      7.712
1024   -2     -8.233    -11.486      9.811
 363   -2      8.862      9.287      8.651
  -1   -2     24.589    -11.120      6.046
  -1   -2     22.229     -3.440     11.512
 984   -2     13.753     -5.873      9.981
  -1   -2      5.144     11.898      1.081
 451   -2    -13.797     -2.428      8.128
  -1   -2      1.237     -2.154     -0.213
 603  439     22.919     11.065     10.375
  -1   23    -11.635     10.712     -4.019
 695   -2      5.783     15.502      9.921
 550   -2    -11.409     13.327     -3.306
  -1 1041     17.212     13.114     10.344
 786 1137     10.045      6.751      7.107
 598  772    -14.210     -5.611      9.552
  -1 1036    -15.107     -4.591      9.341
 894   -2     12.113     -7.424     -1.278
 693  737      6.161    -11.723      6.556
  -1   -2    -13.478      3.227     -2.808
 567   -2     26.986      6.198     10.386
 553  375     24.148     -4.465     10.395
 718   -2     -1.616     -6.301      1.088
1091   -2     17.017      0.539     10.604
 775  801     19.500    -17.282     11.446
 877 1188      3.772    -15.302     11.206
  -1  392     17.589      3.878      3.075
  -1   -2     15.216      8.347      6.539
 626  874      1.552     17.925     11.456
 993   -2     18.094     16.516      8.559
  -1   -2     -4.120     17.433     12.225
  -1  163     21.726     10.922     12.149
 814   -2    -15.438     -8.189      6.353
  -1  628     10.854     17.221      7.990
 714   -2     -1.238      8.679     11.885
  -1  692      3.799     -6.095      0.773
  -1   -2     18.670     -0.264      0.768
 446   -2    -12.355     11.793      8.342
  -1   -2    -12.699      5.829     -1.810
  -1  754     16.345      8.097     12.066
  -1  701    -14.607      6.438      1.706
  -1   -2      0.520     -5.569      7.119
 658  278      6.555     14.029     -4.889
  96  761     20.407     14.116      5.912
1009   -2     -9.503      9.098      6.548
 202   -2     19.674     10.047     12.341
1026   -2     20.919     -7.062     10.101
  -1   -2     12.040      9.265      9.874
  -1   -2      3.606     -4.157     11.803
 367   77      8.013     -1.785      1.959
 957 1205    -12.350    -15.706      8.331
  -1   -2     21.508      5.256     -6.178
  -1   -2     17.540      4.925      5.132
  -1  317     16.523     -9.513     11.345
  -1   -2      6.325      9.767     -2.770
 418  774      0.815     14.062     11.140
  -1  341      2.741     12.602     10.120
  -1   -2      7.298     -8.133      5.979
  -1  323     15.966      2.441      7.990
  -1  662     25.342     -9.474      6.418
 794   -2     -2.666     -1.049      6.285
 163   -2     -3.496     -4.311      2.336
 843  456     21.974     15.239      5.775
  -1  896    -12.310      1.938      2.854
  97   -2     17.302      7.475     -3.208
  -1   -2     10.149      4.355     -8.590
1047   -2     11.121     16.979     10.570
  -1  396      5.275      3.433      7.785
 662  994      5.150    -15.487      3.956
 146   -2     -4.569     -2.317     11.817
  -1   -2     20.696     -6.471     -6.004
 264  350     21.835     -3.871      6.168
 653  376     15.572     -9.890     11.506
 128  416      9.957     -4.694      9.783
  -1  354      5.345     -1.997     11.806
  -1 1139      5.766    -10.801     10.797
1125  508     16.469     -1.585      1.685
 449  229     -0.017      0.045      6.742
 288  339     -6.100     -1.692      2.716
 761  780      2.809     -2.353     10.520
  -1  741    -10.969     -9.494      9.702
 664  342    -15.619     -3.411      3.085
  -1   -2     -7.453     -9.118     10.048
   3   -2     -9.591      9.154     11.857
 955  697     12.023     -7.048      9.665
  -1  269    -15.606      3.126    -10.409
  -1   -2      2.220     13.648     -0.496
1172   -2     24.076     16.361     12.017
  -1 1054    -20.378     -7.349     11.820
  -1  443      0.564     -4.372     12.208
 532   -2     -4.029    -10.634     -2.101
  -1 1012    -12.391    -13.095      2.575
 495  933     -4.583      6.853     10.200
 788  177      9.801     -0.062      3.439
  -1 1049      1.334      5.936      8.177
  -1   -2    -14.428      8.279     -4.489
1158   -2      2.208    -12.445      5.963
  -1   64     20.029      3.395     10.494
 808  705     -2.552     -1.809     -2.479
 236  645     21.728      1.367      8.596
1190  215     23.049    -13.484     10.632
 396  567     16.247      9.913      6.934
 505   -2     -2.307     -4.827     11.047
1266  745    -18.415    -13.442      5.363
 593  795     27.166     10.544     12.162
  -1   -2      4.260      7.130     -2.672
  -1   -2     12.563      1.128     -4.560
 870 1044    -10.545    -14.104      0.030
 571   -2     11.017     10.339     -4.801
 743   -2      3.349     -1.228     10.266
  -1  726     -6.695    -12.046     10.390
 359   -2      7.737      2.288     11.873
  -1  791      0.207     -7.382     -9.839
 638  134      6.650     -8.210      2.743
  -1  709     11.518      5.496      7.632
 933  356    -17.003    -12.487      7.493
  17   -2     19.180      1.831      3.008
  -1 1257    -15.701      4.204     -7.403
  -1  691     -0.737     -4.457     -5.048
 171  609      7.640      7.542      1.270
  -1  885     -8.787     -7.547     -3.665
  -1  716     14.815      0.800      3.861
 311  847      9.537     -3.649      2.669
1188  843      0.057    -19.250      8.369
 924   -2     15.181     17.783      9.320
1070 1143     27.019     -1.363     11.219
 586   -2      6.899     -2.023      8.293
  -1   -2     19.386      9.604      5.918
 751  622     -5.603    -12.747     -3.938
 403  757     17.370    -14.898      2.028
  -1  655      7.904     -5.973     -0.416
 945   -2     -1.895    -11.500     -0.665
  -1 1214      9.345     -3.667     -5.016
  -1 1079     15.178    -15.362      2.883
  -1  957      6.361    -10.488     -7.409
 300  214      9.613     -7.926     11.938
  -1   -2     19.707    -10.189     -4.963
  -1   -2     -5.548    -10.610      9.289
1159  696    -10.977     -5.446     -0.626
  -1 1281      0.596     14.362     11.610
 739 1128      7.329    -13.149      2.860
 614   -2     18.754      0.430      7.789
 261   -2     12.640      0.711     -0.096
  -1  684     21.888      6.268      1.288
  -1  783    -13.371    -11.311      2.027
  -1  852     21.626     -6.768      0.585
  -1  603     -3.493     -6.678      9.172
  -1  856     24.029     -0.189      7.520
 615 1092      8.892      3.202      3.301
 427 1187     18.925     -8.287      1.849
 785 1020     12.157     16.457     11.368
  -1   -2     -5.382    -12.897      6.328
  -1  989     22.744      6.481     10.501
  -1   -2      7.118    -12.326    -11.054
1118  506      1.632    -10.686      0.325
  -1   -2     14.515     -1.508      6.998
 423  151     14.485     -4.681      4.656
 131  734     13.067     -2.287      1.028
 490   -2     16.168     12.484     11.842
 732   -2      0.199    -13.409     -1.149
 655 1088      2.558    -12.936      7.764
 332 1228     26.412      9.681     10.890
 750 1058    -16.392    -11.188      8.371
1114   -2    -11.492    -17.175     11.534
 784  297    -12.011      0.647     -2.681
  -1   99      6.876     -5.869      0.339
1066   -2     15.658     -6.437     -0.166
  -1   -2      7.424    -12.080      7.739
 934   -2     -9.741    -12.629      3.619
1065  744     14.744     -5.907    -10.381
 210  583     18.713     14.883     -0.971
   6  290     15.885      2.862     10.959
 551   -2      8.464      6.115     -1.639
1175 1111     -8.811    -17.703     10.896
1148   -2      8.443     16.145      9.729
  68   65     10.280      9.726      9.856
1022  261     13.868     13.771      7.948
  -1   -2      3.879     -3.414      0.149
 895 1287    -20.970    -10.739      6.849
 793  814    -20.695     -3.914     10.953
  -1   -2     -3.459      7.453     -5.496
  -1   -2     -3.208     11.732      6.840
1083   -2    -15.762      1.845      6.956
  -1   -2     -0.577      3.560    -10.639
  -1 1204    -13.525      8.378      8.918
 869  815     25.524    -16.161      6.865
 491  977     -9.050     14.332      5.560
  -1   -2    -14.140     -6.864     -3.855
 831 1285    -20.200     -4.902      3.725
  -1  807    -12.046     12.775      1.916
  -1 1066     -1.771     15.008     10.748
  -1   -2      3.375     16.123      3.188
  -1   -2     26.930     -6.757      9.202
 148   -2     23.033     -6.674     10.001
 523  253    -19.195     -0.890      6.559
 101  417    -13.282     13.824      5.738
 596  822    -18.748      0.390      9.497
  -1   -2      2.210      7.724     -4.935
  -1   -2    -20.603    -10.266     11.804
  -1  171    -12.159     10.410      0.394
 249  965    -17.347      5.491     11.568
 127   27     -1.258      3.918      4.187
  -1   -2     -2.154     10.301     -6.935
  -1   -2    -13.912      9.844     -9.569
  -1  124    -12.654      9.190      3.381
  -1  715    -12.704      4.053      3.491
  -1   -2    -10.435     -5.868     -3.100
 139   -2    -10.489     -4.554     11.711
 239   -2     -3.366      7.178      7.204
1078  406    -16.579      1.988     12.073
  -1   68    -19.839      3.213      5.788
  -1  800     28.537      1.361      9.525
1018  559    -17.677     12.260     12.168
 421  400     24.061    -12.304     11.590
 853  820     -1.235     17.794      5.789
  -1   -2     -6.613     10.724     -8.159
  -1 1107     -2.603     18.579     11.077
  -1  542     -3.728      5.959     -7.879
 857   -2     -6.182     15.846     11.940
 385  145      6.075     -2.745     -1.314
1178   -2    -11.494      9.068     -0.916
 315  389    -16.192      7.619      2.424
 447  266      1.040     10.591      1.784
 144  766     21.170     -2.058      9.037
 538   87     13.134     11.712     -7.301
 749   -2      1.251     -4.058     11.368
  -1  991     21.647      0.322      0.679
  -1   -2    -10.761     17.678      9.274
 827   -2      1.337     16.689      5.969
  -1   81     -2.863      7.348      0.854
 137   -2    -11.214     16.450      9.946
  -1   -2     11.872     10.446     -2.499
  -1   -2      5.805      8.351      8.826
  -1  906    -19.312     10.077     10.841
  -1  981    -10.453      0.809     10.648
  -1  842      3.469     14.979      5.086
  -1  493     -6.504     16.036      3.698
 440   -2    -16.358     15.403      7.903
  -1  270     -2.206     15.178      0.635
  -1  234     -7.926      5.928      0.665
  -1  882    -10.636     19.015      7.349
  -1   -2      7.206      4.198     -6.356
 437  383    -17.261      5.779     -5.754
 919  711      5.810     13.501      9.563
  -1  424    -19.063     -1.152      4.292
  -1    4     -3.623     -2.352      7.687
  -1   -2    -12.600      3.375     -6.830
 817   -2     28.726      6.175      9.604
  -1   -2     12.108      4.468      4.092
  -1   -2     23.494     11.627     -5.887
  -1   -2     28.330      3.868      9.483
  -1  665      5.449     -3.089     10.899
  -1  659    -18.474     -6.370     12.473
  -1   -2      1.526      3.513      5.326
  23 1157    -12.066     12.236      5.074
1104   -2     -4.284     -5.040     -3.379
  -1  779    -20.396     -1.078      4.933
1058 1229     27.558     12.009     11.767
 555  209     13.832      2.720     12.342
 949   -2    -18.453     11.398      9.831
  -1   -2     -8.141      9.361     -4.406
  -1 1163      9.639    -11.872     11.906
  -1  484     -8.160     -0.331      0.139
  -1  503     24.181     -7.997      7.807
  -1   12      1.542     -0.580     12.581
  -1  516     -3.568      4.211     -1.770
 559   -2     -3.904      2.386      9.133
  -1  420     -5.964     11.777     11.383
 825  862     25.134     -9.472      1.485
  -1 1226     -1.720    -17.923      6.949
  -1  309    -11.138     13.797      7.661
  -1  470     14.405      5.742      0.903
  -1   -2     19.773    -15.350     11.453
  -1  404     -2.784      2.651     -0.754
  -1   -2    -11.100      6.580     -4.155
  -1   -2    -19.274     -3.649     10.907
 168   -2    -10.805     15.516      7.352
  -1  546     21.255      8.448     10.997
 922  408     -6.208      3.057      8.070
1174 1091    -11.848    -12.979      9.841
  -1  162     21.822      4.542     -9.015
 753  865     26.700     13.551      6.708
  -1  990      7.287     -9.909      0.122
 671  936     10.286     12.944     -3.470
  -1   -2     10.522      8.299     12.689
 948   -2    -12.555     -9.920      4.790
  -1   -2     -6.406     12.786     11.689
  -1 1005     -7.907      8.197      8.762
  -1  474    -14.647     -6.753      2.067
 850 1040    -15.845      8.374    -10.016
  -1   -2     27.184      3.286      8.021
 885  296    -10.518      7.168     -0.380
 990   -2     -2.693     12.010     11.394
1055   -2    -16.879     17.547      8.344
  -1  850     23.691     18.477      7.566
  98  280      0.664     10.338      7.246
 477  139     19.428      7.383     11.467
  -1   -2      0.817    -15.778      8.189
  -1  352    -11.039     -2.564      8.267
 597  702     24.406     13.800     12.013
  -1   -2     -7.819     11.831     -6.199
  -1   -2     18.668      1.532     11.996
  -1   -2     10.025     13.272      6.667
 854  939    -14.466     14.960      9.728
 361   85     18.077     14.097     10.777
 722  504     22.088      0.311     12.317
  -1 1023     -1.580    -14.004      3.071
  -1   -2     11.098     -4.558     10.976
  -1 1307     -6.531     -8.460     11.015
  -1   16     10.751     -7.331     10.084
 938   -2    -21.601     -2.398     11.972
  -1   -2    -12.643    -11.607     12.543
  -1  633     16.559     17.664      5.580
  -1   -2     12.518    -13.163     -3.764
  -1  257     19.452     11.595     -5.497
  -1   -2      1.173     -0.134    -11.628
  -1  915     -9.629     13.615      5.781
  -1  658     -1.471    -14.014      0.315
  -1  528     20.674     -3.840     11.924
  -1  425      3.393      8.977      9.315
1183  794     -3.327      9.821      9.361
  -1  453    -12.821    -10.095     10.885
  -1   -2      6.073      3.572      4.984
 380  788     20.424      0.354      8.227
 142  521     -5.988     -8.129      8.289
  -1  582     -8.683    -14.260      1.485
  -1  303    -19.009      6.342     10.265
 417  986    -21.147     -5.395     11.927
 424   -2     13.871      6.248      4.676
1189 1201    -12.031    -18.997     11.428
  -1   -2     17.087     14.494     -2.935
  -1  953      5.917     14.308     11.244
  -1  441    -18.195      6.394      3.607
1215   -2     -3.427    -17.514      9.581
  -1   -2     -4.060     16.263     -0.286
  -1  421     15.024     -4.226    -10.850
 863   -2    -11.962    -18.550      6.348
 710   -2     21.472      9.917      8.830
  -1   -2     -5.557     -1.945     10.318
  -1   -2     -7.736     -2.892     -2.224
 296   -2     23.155      0.991      6.740
  -1   -2    -18.861    -13.570      8.969
 404   -2      3.087     -6.605     -9.602
  -1   -2    -18.462      7.302     11.457
 639 1109    -19.711    -10.860     10.465
  -1  182     28.511     -6.675     11.775
 406   -2     18.166     10.959     -1.553
  51  222     16.928     10.379      9.680
1115  486     24.645     11.548     10.628
  -1 1100     16.376     11.746      7.981
  -1 1002     -4.111     18.991      7.393
 711 1095     24.653      5.655     12.220
  -1   94     -2.829     -0.699     12.572
  -1  172     21.583      9.896      5.864
 687   -2     14.705      6.977     10.098
  -1   -2     26.938      2.696      4.532
  91  867    -18.155     -2.214     10.202
 659  279     17.960     13.115      6.326
 959  224     -2.744      6.603     11.371
  -1  515     21.537     15.394     12.063
  -1   -2     12.539      7.786     -6.939
 568   -2    -11.939      0.896      6.102
  -1  477      9.301     -3.195     11.513
 865  353     -4.128     16.800      6.607
  -1   -2     25.618     10.069      5.818
  -1 1006     16.926     -7.836      8.824
  -1   -2     24.777    -17.685     12.194
  61   83    -13.934     11.356      6.716
  -1   -2     18.429     11.229      4.194
  -1   -2     -7.542     -4.351     -0.078
 748  610     -3.656     -9.428      0.541
 560 1001    -11.374    -15.662      8.879
  52   -2      7.138     12.786     11.941
  94   -2     19.533      4.652      2.015
  -1 1059    -12.470     17.918     11.269
  -1  870      2.966      5.472      9.709
 910   -2     28.108      7.170      8.580
1084   -2     19.691     16.222     11.625
  -1 1060    -13.214     10.527     11.784
  -1  126      7.706     14.155     12.447
  -1  776    -22.765    -11.022     12.083
 472   -2      4.829     -2.766     -7.327
  -1 1151     10.615      8.565     10.564
  -1   -2     14.231      2.437      7.767
  -1   -2     -4.996      1.775     -6.656
 752   -2     24.967    -11.716     -0.449
1132  128      1.128     16.282     12.079
  -1  216     12.213     11.273      8.826
  -1 1011     26.212    -11.961      6.490
 734   -2     26.915      6.403      6.775
  -1  749     -8.380      5.460      5.507
 860   82     10.920     11.714     11.379
  -1 1127     -2.155     -3.643     12.299
 878   -2     -7.270     16.656      4.330
  -1  422     -4.564      4.591      3.499
  -1   -2      0.521      7.632     -1.544
  -1   -2     -3.658     -4.622     11.394
  -1   -2      5.402    -12.696     -2.019
1212   -2     22.655    -15.857     11.768
  -1   -2      2.514     -0.279     -1.425
  -1  997     -4.631     15.487      7.516
  -1   -2    -15.249     -6.295    -10.490
  -1  480     25.076     10.502      5.045
  -1   -2    -11.401    -14.822      3.007
 465  189     12.145     15.877      9.896
  -1  824     28.429      8.509      8.902
  -1   -2     25.485     12.024     10.559
 805  161     26.317      3.862      8.551
  -1  663      5.262     15.731     11.232
1054 1000     12.571    -17.524      8.193
 125  849    -19.515      3.875     12.039
  -1   -2    -18.463     11.749     -3.997
 946   -2      9.577    -17.500      5.645
1015   -2     13.700      8.577      4.031
 976   -2      8.389      9.120     10.016
  -1   -2     -4.374      0.179      1.628
 514  273     16.153     16.202     10.448
 833   -2     29.363      6.354     11.720
1039 1236      6.580    -17.440     10.865
 397   -2     15.823     -3.983     -4.830
  -1   -2      3.265      6.410     10.388
 822  606     20.840    -12.895      0.070
 179  792     -7.056      4.018      5.208
 892   -2     -4.141     -2.362      9.011
  -1 1014    -20.916     -9.868      4.061
 512   -2     25.966      1.949      8.586
  -1   -2      4.019     11.052      9.959
 619   -2     26.422     -3.999      8.157
 439  703    -19.687     -9.070     11.994
1067 1199      3.400     17.401     10.520
 492   -2     15.900     15.912      4.390
  -1   -2      4.062     14.247      8.123
  -1 1080    -12.648      2.021     10.605
  -1   -2     16.146    -19.733     11.892
1102  806    -15.070      1.476     12.580
 186  295    -10.984     -5.364      6.882
1071 1073      3.822     12.420      8.828
  -1  538    -17.186     -9.379      4.272
  -1   -2     12.065     -0.329     -3.351
  -1  119     21.900     -1.070      5.520
1205  938    -16.000    -12.954      9.435
  -1   -2      0.473    -12.574    -11.153
  -1   -2    -10.816     -6.802      9.454
  -1 1097      2.521     -9.716      6.468
  -1   -2    -18.151     -4.252     12.281
  -1   -2      9.959      0.796     -2.942
 485  767     16.560      5.438      9.893
  -1  244     -5.038     -2.289      2.518
1199   -2    -21.814    -11.568     11.977
  -1   -2      8.324     12.107      9.703
  -1   -2      8.589     13.195      9.555
1032   -2     21.007    -16.842     11.362
 515   -2      6.715     -8.249      9.574
  -1  996      0.127     19.074     10.428
 886   -2     -6.186     16.288      9.672
 790  803    -11.011      2.373      6.428
1163   -2     -7.387    -11.066     -5.729
  -1  423     18.466     -0.492      8.725
 978  651      7.156    -11.867      2.051
  -1   -2    -12.797     15.278     11.240
1181  616     24.398     17.695      5.699
  -1  351    -15.616      6.480      4.736
 914  695      6.653     17.027     11.703
  -1   -2     29.629      3.381     11.824
  -1   -2     19.812    -13.111     12.486
 917  539     -0.163     18.277      7.071
  -1   -2     21.032    -17.878     11.846
1292   -2      6.827     12.103     10.885
  -1  844     -7.954     17.007     12.429
  -1 1063     -2.408    -12.191     -5.610
  -1   -2      2.244     -8.285      2.720
  -1  642     16.792     -1.543      9.762
  -1   -2    -19.107     12.370      9.012
 840  636      2.592     -5.594      9.825
  -1   -2     13.240      5.434     -6.819
 370  576     21.726     -7.603      3.733
 762   -2      5.644      9.481     11.955
  -1  753     15.874    -11.834     12.542
 996   -2      2.453    -12.852     -0.994
  -1  259     16.129     -1.899     -0.528
  -1   -2    -13.158      8.144     -4.546
  -1   -2     16.317      4.538      4.207
  -1   -2     12.493    -16.055     -6.233
  -1  574    -12.498     -1.858     11.660
  25  105     14.826      9.311     10.603
 377  940     21.685      4.022     11.307
  -1  909     -0.570     15.749     11.694
 926   -2    -12.035     -0.677      9.953
1202   -2      8.546    -19.649      9.728
 415   -2     17.134      9.073     12.549
 981  618     -3.708     -7.175      5.030
 637   -2      4.617    -16.495      2.120
  -1   -2      8.387      7.590      6.849
  -1   -2     14.700     -6.465    -12.367
 215   -2     -7.977      8.085     -3.303
1173  491     10.424     -9.213     11.799
  -1   -2      3.835      9.373     12.301
  -1   -2    -12.455     -3.461      2.079
1020   -2    -14.090    -14.108      7.584
 108  921     17.644    -12.358      8.475
  -1   -2     11.409     -3.601    -11.564
  -1  667     13.243    -13.005      7.306
  -1  825    -17.475     12.769     12.488
 207   -2      3.683      7.619     10.755
  -1   -2    -10.633     20.162      9.726
  -1   -2      2.570     15.430      8.993
 736  381    -10.119      5.878      1.286
  -1   -2     -3.725     -2.989      2.736
  58   -2     12.673      0.935      4.749
  -1  557     22.562     14.309      9.313
  -1   -2     13.101    -14.041     -5.835
1008 1056    -19.339     12.888     10.587
 674  598      8.767     -1.580     10.020
1210  739     -8.916    -14.033     11.391
  -1  397    -14.844     -6.869      6.963
  -1  848     21.889    -10.276      8.674
1063   66      3.160      0.967    -11.007
 936  962    -12.103     14.051      0.911
  -1  678      6.984     -7.130      1.542
  -1  679     -1.350     -2.426     10.590
 882   -2     17.876     16.398     11.773
  -1  627      7.215    -17.473      3.087
 729  768     13.482    -18.584      9.981
  -1   56     -0.843     14.217      7.785
  -1   93     25.870     -5.084      9.490
1136  733     20.963      6.712     11.512
  -1   -2     23.857      7.497     -7.551
  -1  860    -17.853     -9.128      7.441
 767  591     18.659     15.186      7.197
1075  631     19.064     -7.188     -5.329
  -1 1125     27.436      9.785      7.892
1157  954     11.214     -5.004      3.236
 809  869     24.182     10.189      2.366
  -1  729     12.037     -0.462     10.094
  -1   -2    -10.108     -3.240     12.512
  -1 1155     26.405      2.633      7.927
 986   -2     -5.980     18.144      8.862
  -1  902     18.785      8.402     11.081
  -1   -2      2.296    -15.158     -4.348
  -1   -2     18.739     -8.164      8.690
  -1  805    -16.437     18.548      2.785
  -1  861    -13.014    -19.080      5.716
 707  846    -11.109    -13.322      9.048
  -1   -2     23.035     10.260     -5.083
  -1  841    -11.363     12.766     -1.336
 998   -2    -12.617     -8.799      9.645
1123  775     21.998     -6.088     -0.361
  -1   -2     -6.244     18.849     12.085
  -1 1147    -14.875     19.549      7.436
 335   -2     25.962     14.346     12.061
  -1  461     11.597     -4.445     -0.887
  -1 1122      1.772      2.240      8.727
  -1   -2     14.548     14.805      5.321
  -1 1033    -17.203     10.698     11.105
  -1   -2    -19.607     10.228     11.276
1050 1146    -16.051     15.501     10.837
  -1  555     -7.249    -14.469      5.303
1147   -2     15.553     -3.554     12.237
  92  676     11.750      2.657      7.528
  -1   -2     19.965      2.882     10.636
  -1   -2      6.452     -8.331      8.782
 246   -2    -15.351     14.980     -5.365
  -1   -2      0.030     -3.268     10.786
1079   -2    -16.463    -14.672      7.008
  -1   -2     -5.922    -12.037      4.347
  -1 1289     17.013     -7.454      6.834
  -1   -2     20.547     -9.246     10.479
  -1 1116      0.228    -13.945      7.120
1185  735     -4.905     -7.154      8.658
  -1 1022      1.913    -13.802     -9.430
  -1  185      4.270     -0.141     11.789
 172  533     23.981      7.132      9.908
1056   -2     22.100     13.191      5.241
  -1 1184      4.188     14.177     10.610
  -1   -2      7.133    -12.259     10.600
  -1   -2     22.341     -2.204      7.757
  -1   -2     -8.973      5.195      5.355
  -1   -2      4.686     11.606      6.055
  -1   -2     -0.329     -6.440     11.941
  -1   -2    -12.974     -9.893      6.983
  -1 1145      6.909    -13.603     -0.492
1134  840     -6.102    -14.368      7.959
 610  525      2.068    -10.206      3.304
  -1   -2     -6.250    -19.993     11.400
  -1   19     24.144     -2.323     10.465
 893 1149     28.476      0.548     10.843
  -1   -2      2.341    -11.645     -9.764
  -1   -2    -10.460     12.986      2.497
  -1 1113    -10.329    -20.786     12.815
 819   -2     -3.331    -14.055     12.320
  -1   -2     -9.428    -18.360     -2.460
  -1   -2     15.664    -22.091     10.106
1214   -2     22.730    -22.922      9.494
  -1   -2     14.888     28.171     -0.125
  -1   -2    -26.027    -14.708      9.996
1192   -2     17.115     23.388      8.333
  -1   -2    -17.172    -17.954      3.984
  -1   -2     23.675     19.609     12.570
  -1   -2    -16.979    -20.404      7.736
  -1  764      3.183    -20.912     11.263
1193 1078     19.987    -25.474      9.342
  -1 1152     -5.364    -14.976     12.264
  -1 1220     17.997    -19.859     10.664
  -1 1230    -26.366    -11.137     12.828
  -1 1221      4.511    -31.570    -12.098
  -1   -2    -15.700    -15.184     12.892
1200 1219    -15.226    -18.016      7.007
  -1 1209      6.445    -19.799      9.810
  -1 1082     22.087    -19.531     12.411
  -1  531     26.020     16.188     12.337
  -1   -2     27.460    -18.235     10.467
1041 1240     15.410    -24.100      4.016
  -1 1231     24.394     18.858     11.484
  -1   -2    -21.255    -13.528      9.269
  -1 1227    -23.974    -14.894     12.616
1195 1234     16.926     25.142      9.136
  -1 1238    -23.977    -18.638     12.470
  -1   -2     26.394     13.349     12.772
1213   -2      5.229    -23.552      8.316
1207  681    -20.065    -15.002      9.050
  -1  758     -8.204    -20.846     10.905
1208 1239      9.447    -21.788     12.336
  -1   -2     16.001      1.920     10.319
  -1   -2     -5.898     -0.613      3.913
  -1   -2     13.013     -8.867     11.750
   7 1246    -11.741      1.170      8.487
1224   -2      8.909      9.160     -0.832
1220   -2     18.151    -10.328     10.011
 292   -2     -4.101      1.762      8.994
1223 1294      7.169      2.322      5.998
  53 1297     16.653      9.593      2.548
  20 1249      9.236     -6.545      8.507
  -1 1314      3.433      2.462      3.705
  67 1295     -8.071     -1.722     -0.337
  -1   -2    -17.610     12.472     11.504
1171  418     13.379     -6.633      9.397
  -1   51    -13.932     -1.918      1.238
  -1 1266     16.031      1.945      5.774
  -1 1298    -16.863     11.530      1.544
1277  180    -15.807     11.230      4.195
 876   -2    -10.637     17.754      8.988
 107   -2    -16.268      4.981     -7.427
  -1   -2     -6.219      6.696     -0.557
  -1   -2     10.964      5.042     11.005
1265 1303    -16.669     -8.085      4.105
  -1   -2     18.324      1.851      5.953
  -1  333     23.509      0.393      7.668
1251 1300     23.500      0.435      7.818
 138   -2     17.218     -0.746      8.215
  -1   -2      7.407     -2.047     11.901
  -1   -2     18.276     -2.287      3.771
 321   49      1.456     -0.180     -2.438
  -1 1047      7.464    -18.114      5.090
 951  941     17.344     -7.691      8.091
  -1  112      7.499      0.840      5.190
1226  789     18.898      2.492     -6.284
 533  536    -10.135      3.117     -9.749
  -1  407     -3.964    -11.096     -1.784
 383  632     -4.250     -2.795      6.681
 241  388     13.885     -6.152      9.512
 599  482     17.306      6.013      5.002
 582  411     -2.578     -1.576      8.719
1088  274      3.259    -10.408      3.762
  -1   -2    -10.796     16.534      8.294
1294   -2    -10.808     16.550      8.434
  -1   -2    -19.981    -12.345      5.719
 333   -2    -15.700     -0.641     -0.046
1271  707     -8.741    -14.225      1.256
  -1  442     10.569     12.171      8.602
  -1   -2     -7.327     -9.022     10.134
 759   -2     18.824     -6.181     10.818
 587  129      0.113     14.658      9.098
1110   -2     -4.270     13.759      6.434
  -1    1     12.888     -8.906     11.839
  -1   -2     13.013     -8.867     11.750
  -1   -2     12.888     -8.906     11.839
  -1   -2     13.013     -8.867     11.750
  -1    3     16.099      1.761      9.950
  -1  395    -10.382     -2.144     11.617
  -1   -2      3.455      2.474      3.739
  -1   54     18.283      1.785      6.307
  -1   -2     18.272      1.747      6.259
 570 1278    -10.918     -1.952      6.960
1234   -2     -5.443      0.378     -7.012
1254 1306     16.550      5.270     -6.880
1245   -2    -16.635     11.761      2.252
 147 1262     10.964      5.042     11.005
1248 1299     12.469     -6.199     -2.507
  -1   -2     -7.295     -9.042     10.184
1291   -2     -7.269     -9.072     10.226
1289  926     25.653      2.244      9.745
 650   -2      2.123     -7.481      4.805
1302   -2      3.455      2.474      3.739
  -1   -2     11.106     -4.445      2.937
  -1   -2     12.961     -8.849     11.650
 309   -2     12.827     -8.956     11.817
1297   -2     13.013     -8.867     11.750
  -1 1248     18.257      1.780      6.350
 612  156     18.283      1.785      6.307
 251   -2    -16.162      4.153     -8.302
 422   -2      5.328      6.282     -6.498
