1353
 335  614     -9.996      5.994      8.586
   0    5    -10.754      7.923      9.801
  31 1225     25.436    -15.920      6.992
   9   -2      0.699     -0.440     11.785
  -1   -2     15.879      1.964     10.302
 194  420      5.637     -0.400      5.250
  -1 1221     12.945     -8.846     11.734
1147   -2    -13.039      6.007      8.236
  -1   21     16.730     -9.081      7.594
  -1   -2     16.435      3.622     -7.941
  -1   15      9.662      3.361      4.919
1166   -2     -3.791     13.061     11.921
 977  165     -3.286      1.002      6.591
 225  541     15.615      2.510     -1.848
  12   11      0.861     10.581     10.671
 437   -2      8.959      9.392      0.064
   4   -2      4.862     -6.217     12.568
   6 1222     14.571     -5.007      3.784
  -1   60      9.668      4.437     11.364
 210   -2     23.227      5.309      8.677
   8  919    -14.253     10.623      6.408
 150   -2    -11.934      8.584      6.746
 486   -2     -6.174      8.947     -7.045
  30   -2      6.388     -8.844      1.169
   7   24    -11.971      1.897      8.458
  17  253    -15.158      0.403      4.597
  20   20      9.528      2.867     12.165
  -1  272     19.368     -4.279     -3.964
  52  200     25.306      0.935     12.105
1229   -2     -7.175      7.490      2.664
 497   -2     17.125      3.092     -3.413
  -1  188     -8.061     -1.650     -0.395
  -1  307      6.325      3.475      4.541
 424  523     24.206     -0.205     11.238
  -1 1259      0.130     -2.091      5.252
  54   36     -9.397      9.832     -9.330
  -1   -2     -6.922      7.359    -10.216
1238   -2     -0.900     11.766     12.119
  -1   -2    -16.811      4.393     10.258
  -1  101    -16.670     -0.550      5.619
  -1   58     19.288     12.424     10.050
 592  304      7.764     14.753      8.781
  16   -2      2.689     10.131      4.971
  21   23     14.834     11.721     -3.170
 626   -2     -5.708     -0.692      4.438
  -1  135     15.980     11.149     -4.263
 918    1    -10.633      3.904     10.395
  -1  182      5.575      0.452     10.719
  -1   -2     22.658      9.285      8.013
  -1 1299     18.908     -6.265     10.468
 217  380     18.441      5.242      2.094
 123   -2     13.930      4.520     10.166
  -1   -2    -14.600     10.027     -3.143
 503  273     19.502      3.368     -3.837
  -1   -2     -4.480     -1.112    -11.784
 285 1249     -0.352      9.665      6.618
1009   -2      8.910      3.756     10.546
  89 1306     16.696      9.566      2.583
  -1   -2     24.426     -1.902      7.233
 622   -2     18.874     -1.406      2.377
  -1   86     16.752      0.513     -4.618
  -1   77     15.274      3.660     11.210
  -1   -2      7.741      2.093      8.014
  84  185     19.837    -10.879      5.083
 409   -2     -9.674      1.007     10.142
1234   -2     16.764      7.805     -5.497
 883  887    -12.379      7.456      3.272
  -1   -2      4.406      8.118     -2.042
 175   25    -16.388      0.465     -0.039
 113  631      2.412     -2.933      4.459
  -1   -2      5.881     11.449     -2.309
  -1   97      9.410     -5.593     11.087
  -1   -2      5.790      1.343    -10.280
 149  880     -5.245      9.008     -7.467
  -1   -2      3.292     15.582      4.878
 542  582     -2.984      8.807     -2.358
 131  113    -16.422     14.452      3.073
  -1  193     -7.670     -0.504      4.767
 576   -2     18.210      0.994     -4.964
1278   45    -16.779      0.988     11.020
 751  132     18.531     12.064     -9.775
  63  611     16.248     -3.383      2.539
  70   -2     -5.566     -2.192      8.098
  -1   -2      7.435      0.563      2.323
 690  468      2.216     -4.207     11.386
  -1   -2      7.615     11.317     12.175
 742  430     17.284      2.223      4.039
 187 1243     -3.710      3.950      7.060
  88   84     -6.334      0.853     -1.307
  -1 1240     -7.561     -4.378      7.787
 190   -2      1.174      8.125      6.438
 431  114     13.684     -2.417      1.235
  -1   72     18.184      1.742      6.351
 985   -2      1.776      9.283     -5.397
  -1   -2      3.512      2.470      3.783
  -1  157    -12.847     -2.951      4.364
1038   -2     -2.901      5.705      7.428
  -1   -2      5.404      4.862     -6.327
 216 1244     -1.740      9.570      6.700
  -1   -2     13.355     10.880     -8.976
1169   -2     16.897     15.386      8.015
 139   -2     12.707      2.605     12.543
 541   -2     -5.097     -1.600      7.868
  -1   -2    -11.846     14.601     10.201
  72 1124     16.088      0.524      5.549
 482   -2      7.283      4.557      6.963
 870  282      7.385      6.808      2.922
  -1 1016    -14.509     13.448      9.673
 625   -2     10.717     10.374     -2.359
 432 1078     -4.767     13.228      5.406
1110  316     -4.272      2.240      7.139
  -1   -2    -11.157     -4.525      9.618
 496   87     -4.926     -0.021      8.604
 125   -2     -8.439      5.422      3.399
 648   92     11.318     11.421     10.289
1193   -2     -3.689     -6.587      4.517
  -1   85     19.236      0.699     -5.996
  -1  285    -13.204      1.045     11.908
1093  632     10.829     -7.981     10.529
  -1   -2     25.489      2.052     10.228
  -1  655     -3.690     14.467      0.401
 667  149     24.180     12.493     12.738
 705   -2      4.560      1.083      4.890
1183   -2      5.983      4.189      9.885
  85  121     18.543     13.853      8.076
  -1  738      7.007     12.146     12.135
  -1  104    -12.822     -1.702      6.010
  46   59     -3.278      3.787     11.531
 614 1261     12.095     -0.421     -1.240
  -1   76      9.129     11.495     -5.902
  -1   -2     12.143      4.136    -11.576
  -1   -2    -12.234     -0.255      3.153
 303  269    -15.647      1.722     10.236
  -1  107    -12.155      2.152     10.799
 854  204     -7.627     -6.323     10.286
  -1  447      5.241      9.399    -10.028
  98   -2    -13.219     -0.982      6.197
  28  838     -1.080     12.474     12.485
  -1   -2     23.640     -3.476     11.796
 182  573      2.274     -2.572     -3.358
 944 1248     13.409      7.364     11.283
  -1   -2     -1.119      4.571      7.203
 504  130      9.389      7.268      2.271
 627  123     15.840      6.003      8.824
  64   -2     17.952      0.988    -10.862
 173 1242     23.343     -2.029      8.427
 700   -2    -19.932      3.250      8.857
 925   -2     -1.068      1.571     10.949
  -1   -2    -10.041     -7.238    -10.553
  -1  803    -21.039      0.802     11.806
  -1  851     -1.973     -1.633     10.682
  -1   -2      1.676     11.098     -2.853
 278  442     -4.219     13.796      8.802
 361   -2      9.231     -6.650      9.154
 463   -2     -0.683     -5.861      1.560
  -1   38      4.358      6.984     -3.361
 327 1152     10.089      0.779      0.977
 399   -2     18.536     12.819     -5.641
 464  151     -5.860     -0.843      8.217
 563   -2     14.502      4.424      3.417
 152 1239    -13.195     -4.602      5.499
 733   -2    -17.576      3.407     11.970
1185   -2    -13.479      7.415     -1.300
  -1   -2      0.229     -2.660     -0.461
 474   -2     20.384     -1.980      4.946
 425   56     -1.251      3.940      7.385
 132   -2     18.549      5.779      9.503
 852   -2    -16.209      4.029     -4.185
 189 1116     -1.699     15.519      3.693
 191  710     26.397     -6.215      8.077
 610   -2     -0.415      1.719      3.781
 127   94     11.676     10.419      5.451
 146   -2     23.576     -3.625      2.208
  -1  759     11.706     16.483      4.554
  -1   65      2.842     10.465     -2.226
  -1   -2     18.700     -1.948    -10.493
  69  991    -16.591     -1.012     11.556
1168   -2     10.438     -1.671      8.200
 342  472      4.676     -5.739      3.870
 847  341    -16.443     15.340      7.938
 800  140     19.749     12.728      6.691
  -1   -2     15.189     12.136      2.452
  -1  432     21.895    -10.950     11.365
 736 1001     17.460     12.607      1.397
  -1  178     11.640      3.456      2.409
 827 1032      0.034      6.014      8.448
 145 1238     16.706      1.733     -1.498
  -1   -2     19.052     10.578      2.425
 469  673     -1.365     -2.922      4.395
  -1   -2     14.922     11.921     -8.257
 236   -2      9.748      6.011      3.265
 664 1263     -1.396      3.375      9.699
  -1   -2    -12.099     -7.110     12.576
  97   -2     22.617      7.866      7.707
  71  802      2.288     14.739      4.064
 564  612      0.060     -1.323      5.603
 525   -2      4.787      4.079      7.132
  -1  488    -12.427      9.406     11.102
 585  115    -18.216      2.135     12.190
 717  521     16.160     11.329      8.970
  -1  216     -8.784     -3.936      6.439
 245  328      5.808      7.013      5.714
 227  362    -15.230     -2.068      9.791
 256   -2     14.629     -0.783      3.783
 439   -2     24.333     10.673     11.166
  -1   -2     17.217      7.570     -2.730
  -1   -2      9.262     -8.581     10.648
  -1  160      3.561      4.896    -11.830
 427   -2     -1.884     -0.712      1.348
 358  245      2.672     -1.240      9.037
  -1  662     16.144     11.887      7.349
 352  634      2.236      1.323     11.538
  77 1163      3.508     14.593     10.481
  -1   -2     19.842      9.911     11.565
  -1   -2      2.427     10.913    -10.713
  -1   -2     11.952     -0.430     -7.258
  -1  485     -3.107     13.676     12.154
  -1   -2     17.430      4.789     -1.552
  -1  334      2.372      5.319     10.696
 844  815    -16.539     13.754      8.016
  95   -2      3.706      2.161      0.458
 735   -2     20.117     13.100     10.654
  -1   -2     11.428      3.404      6.456
  -1  131     16.926     -9.857      1.898
  -1   -2     -5.381    -12.757      0.152
 845   -2    -17.323      5.686     11.363
 630 1164     18.725      9.631      8.231
  -1  703     13.491     -1.468      3.438
 180   -2      3.951     10.294      8.916
 849 1270    -12.719     12.574      4.134
 318   -2    -13.796     -1.062      3.176
 880  301     -7.349     12.575      1.070
 421 1268     -8.502     12.475     -4.914
 533  287     25.352     -4.532      5.390
 313   89     13.334     -6.344     10.794
  -1   -2     -9.800     -1.588     -3.470
1271  321     17.629     -1.118      6.857
  -1  700     17.482     -7.481     -9.139
  -1   -2     18.839      7.546     -8.271
 302  901     22.697     -0.039      5.601
  -1   -2     16.232      7.667     -3.057
  -1  133     -1.571     10.080      9.786
 376  211     -1.451      0.319      3.958
 515  814     24.888      6.627      9.115
  -1   -2    -12.518     -0.859     10.138
  -1  252      7.231      3.021      1.886
  -1   -2     -0.809     -2.451     10.314
  -1  323      0.691      1.806     -8.599
  -1  194    -15.325      1.019      9.775
 144  898    -11.527     10.457     -4.474
  -1  406     -1.468     -6.473     10.661
  -1  520      7.541     14.147     11.089
  59  112     12.105      5.146      6.430
1295  696     24.387      1.949      1.741
1254  347     10.074     11.922    -11.518
 415   -2      8.972     -0.034      9.725
  -1   -2    -16.719     -1.970      4.254
 532  169     19.317      8.462     -5.338
1109  950     21.366      6.809     -5.027
1097  400     12.583    -10.134      7.231
  -1   -2     16.847      4.846    -10.685
 204  536     19.180      7.980     11.216
  -1   -2      4.552      2.723     -1.066
1315 1315     12.420     -6.088     -2.255
  -1   -2      8.039     -6.960     -4.225
  -1   91     16.683     -0.148      2.680
  -1  756     18.327     -4.918      8.435
  -1   -2     -2.274     13.670      3.638
  -1  344      6.792     -2.971      0.914
  92  426      4.029     10.400      4.632
  -1   -2      5.365     -0.710     10.335
 848  116     15.878     10.610     11.734
 148   -2      6.406      0.201     11.156
 408  183      5.036     14.507      3.060
  -1   -2     18.320     -0.081     11.923
  -1  129     24.090     -6.194      2.925
  -1  735     11.169     13.295      6.523
  -1   -2     15.493     10.188     -9.740
  -1  227      5.881    -11.345      7.552
  -1   -2    -11.502      7.237      1.879
  -1   -2      5.980     -6.292      2.162
 807  857    -13.011      1.911     12.048
1246  942     20.260     -5.566     10.295
 331   -2      4.997      1.952     -2.568
 479  191     12.595     11.674     11.981
 296  290     16.404     -4.471     -8.338
 508   -2    -16.580      9.954      0.198
  -1  431     21.619     15.248     12.338
 996  212    -18.808      6.004      8.917
  -1  195     -0.947      7.379      2.717
 418  275    -15.926     -9.143      5.568
  -1   -2     -3.398     -3.436      6.164
 401   -2     -6.176     -4.901     12.407
  -1  903     -0.500     12.862      0.606
 894  616    -16.396     -8.147     10.936
 822  796    -14.247     13.080      7.811
 207   -2     10.649     -4.890      8.063
  -1   -2     11.833     -5.046     11.642
  -1   -2     -3.337      2.232     11.852
 185 1193     21.801      6.610      2.320
 749   -2      8.477     11.991     -0.291
 319   61     -2.731      6.959     -3.751
 308   -2     19.109     -0.010     -2.333
 340   -2     15.593    -10.757      4.496
  -1 1154      8.596     -2.021     11.751
 546  259    -14.406     -2.424     -4.935
  -1   -2    -19.258      9.118      8.990
 721   -2     19.097     -1.805      6.084
  -1   -2    -19.190      2.169     12.086
 307   -2     17.989      3.723     10.215
 341   -2      4.315     -7.270     -2.733
1098  487     16.443     12.918     11.906
 339   75     19.435     -5.581      6.606
  -1   -2     14.841      2.599     11.429
1293  173      5.091     13.597     11.498
 454   -2     16.677     11.093     -3.482
1075  281     12.812    -14.363      0.133
  -1  439     19.341     -6.261      2.026
 365 1045    -12.632     -1.943     11.030
  -1  424      7.052     12.033      4.092
 164  832     25.969     -8.700      8.436
 294 1134      5.348     -2.791      9.123
  -1  666      9.936     10.063      8.116
  -1   -2     -8.544     12.298      9.118
1058   34      0.466     -6.128     10.464
  -1 1072    -20.440      1.350     11.751
  79   -2     20.451     11.002      4.625
  -1  719      4.075      7.029      9.104
  -1   -2      2.064     11.526     10.656
 143   -2     26.571      4.882      8.004
1041   63      0.360      0.464      9.899
1172   -2     11.606     16.396      8.485
  -1   -2     12.267     -3.966     -3.351
  -1  213      1.021     -6.901     -4.047
 300   -2     16.762     -5.856      4.086
  -1   -2     17.292      7.976      7.085
 223   -2      1.559      9.866     -6.970
  -1  386     -3.196     -4.552     -3.395
  -1   -2    -11.276      3.663     -7.620
1053   -2     -2.579     15.110     10.080
 990  828    -11.249     13.388     -3.102
  -1  565     25.187      4.540     10.154
  -1  377     -8.356     -7.998      2.137
  -1   -2     -5.627     -3.022     10.318
 392   -2     19.468     -5.432     10.850
 107  294      1.926     -2.278     10.288
  57  364     -8.188     -1.692      4.794
 639   -2    -19.188      4.821     10.435
 321   -2    -14.988     -2.336      5.647
 383  480     12.047      0.203     -8.908
 566   -2     14.841     10.842     -6.503
  -1  429      4.653      6.921      3.078
1267   -2      7.446     -2.578      1.896
  61  620     10.701     -5.438     10.203
 176  853     10.906     13.678      1.206
 652 1262     13.416     -6.696      9.049
  -1  608     19.190      0.040     11.965
 538 1258      4.491     -5.843     -3.171
 810  800    -11.702     12.426     10.885
 696  226     -4.111     -3.519      2.168
  -1   -2     -3.332      4.431     -3.426
 604  755      9.991     -2.343      2.441
 898   -2     14.942      2.946      8.902
 367   -2      6.411     15.023     10.479
  -1 1114      7.245      0.331     11.660
 579  697     -3.684    -12.035     -0.701
 136   -2     -2.950      7.177      1.163
 455  454     15.961      5.127     11.136
  -1  425    -15.721    -10.617      9.140
 328   -2     18.934     10.910     11.445
 917   -2    -19.967      6.591      8.458
  -1   -2     -8.492      0.199     11.373
  -1   -2     16.842      5.078     10.522
 348  476    -11.915      9.737     -1.743
 167   -2     26.209     -4.960      7.542
  -1   -2     -2.993      9.270     -8.164
 212  824      8.272      8.680      0.707
  -1  403      1.690     -9.903      3.385
 304   -2     -7.507     -4.536     -0.280
  60   -2     -2.411     13.595     10.946
 765  568      7.955     -0.299      2.987
  37   31      7.333     13.054     11.205
 744   -2     -1.273     -8.380      0.500
  -1  223    -12.907      7.958     -1.354
  -1  340     11.393     -6.763      1.750
 374   -2    -16.486     -2.998      5.831
  -1   -2     17.130      1.413      5.219
  43  295    -14.247     -0.175      8.508
  -1   -2     13.927     11.232    -12.301
  -1   -2     -7.666     -0.614     11.692
 638   -2     21.308     11.950      8.840
 531   -2     12.575     -8.658     -5.388
1279   -2     -5.576     14.686      5.493
  -1   -2     19.042      9.649     -2.974
  -1   29    -15.467     10.471      5.187
  -1   -2      2.385      7.860     11.186
 927   -2     26.131     12.557      9.984
 111  139     19.242     -4.405      1.381
  -1   -2    -11.316     -2.849      4.427
 976 1120     19.257     16.058      1.899
 255   -2      0.532     -4.373      8.709
  -1   -2     11.741      7.916     10.667
  -1   -2     -0.928     -4.958     -1.393
 681   -2    -19.323     -0.450     11.455
1020   -2     19.659    -11.648     10.323
  -1  580     23.032     14.968     -0.095
  -1   -2     22.066      4.258     -4.368
1251  221    -11.454     15.341      9.947
 683   -2     18.900     11.353     -7.237
  -1  313     12.672      6.451     -0.201
 981   -2      4.211     -9.756      2.051
  -1  348     13.330     -7.753      2.070
 259  664      6.807     -8.479      8.146
 978  127      8.011     13.896      5.159
 551 1094      0.842     14.066     11.357
 354   -2     25.734     -7.608      9.544
  -1   -2      9.111      3.975      6.670
  -1   -2    -16.309      3.932     -8.073
  -1  436     16.951    -11.224      6.815
  -1   -2     -3.344    -10.159     -9.515
1132   -2     14.898      7.317     -8.577
1127   -2    -15.736     10.208      1.730
  78  749      5.094     -0.754     -1.095
 914  513     13.725     16.266      4.344
 982  663     -5.472     -9.876     11.867
  -1   -2     13.890      0.572     -5.432
 115   -2     13.669    -10.829      7.763
  -1   -2     11.193     13.081     -5.431
  -1  797     18.890     11.916     -4.765
 462  993    -14.761     -9.475      2.651
 994  209     12.854      3.694      9.752
  -1   -2     -8.029     17.279     12.062
  -1  170      3.121      6.351     -6.159
1104   -2     15.015     -6.502      7.880
  -1   -2     27.542      4.465     11.815
 301   -2      1.438      1.714      9.624
 501  671    -13.152     -6.925      4.971
 370  743     -5.989     -1.873      2.519
  -1  688     -3.496     14.237      3.241
  -1   -2     24.676     -4.320     11.980
  -1   -2      1.306      4.018     -7.540
 385  244     -8.147     10.252      6.022
  -1   -2    -17.559      8.079      0.043
1023  960    -15.656     -4.831      6.369
 787 1039     13.457     11.805      8.844
  -1   -2    -10.363     12.638     -2.228
  -1   -2     18.903      7.906      8.206
 876 1159      0.741     13.413      5.540
  -1   49    -10.975     -0.876      7.355
 741   -2      5.991     -3.395     -5.995
  -1  291      1.239      0.617      4.591
  -1   -2      4.409     10.973      2.303
  -1  512      8.617      8.920      7.894
  -1   -2     -6.117     16.194      9.442
  -1  366     19.444      7.828      8.208
1153  510     14.974     -3.220     10.119
  -1   -2    -12.818      5.829     -3.171
  -1  393     13.120      0.794      3.520
  -1  443      8.494      5.512      2.102
 637   -2     -6.951      2.813     -6.174
  -1  150     14.293      4.124      1.522
  -1   -2     20.947      2.754     11.809
  -1  465     -0.379     -3.783      7.678
 963   47    -11.142     -1.258     10.504
 772   -2     -1.317    -10.097     11.840
 720  370     20.013     14.972      1.406
  -1   -2    -17.480      0.633      4.484
  -1  392      9.841     -1.510     10.851
 903  972     -7.034      5.703      1.828
1078  159      5.774     12.662     11.067
 147   -2     -9.813      8.462      5.015
  22  208     -4.912      0.807      6.832
 126   -2     25.150      4.080      4.568
  -1   -2      9.616     -7.507     11.121
1156   -2     13.082     13.709      8.415
 991   -2     18.046     11.991     10.626
 588  965     21.740     -6.277     11.172
 178  319      0.776      3.934     -8.533
 739  361     -0.180     -7.316     -3.447
  -1  467     18.295      7.344     -3.843
 356   -2     12.366    -10.905      4.369
 161  548      9.637     -8.215      7.438
  -1   -2      2.422      4.842     -0.800
 998  762      4.309    -11.163     11.620
  -1  105     -0.139     10.751      6.886
 962   -2    -17.152     10.444      9.497
 334  402     -5.408     15.907      5.025
1118  558     -8.894     14.837      9.151
  -1   -2     12.485     -5.777     10.208
 449   -2     25.163     -1.072      4.501
 734   -2     25.224     -6.569      8.788
  -1  551     -7.923     -7.121      8.423
  -1  207     26.745     -6.943     10.186
 702  626     21.097     -4.854      3.026
 934   -2     -0.125      7.459     12.031
  -1   -2     14.704      7.283     -0.822
  -1  268     22.765     -4.643     12.081
  -1  789    -12.104     -6.524     11.354
 943   -2      8.726     -8.591     12.013
  -1   -2     24.371     -8.161      8.666
  -1   -2    -10.254     -7.452     10.150
  -1  782     27.066      6.450     10.192
 214   -2      5.646     -9.506     10.945
  -1  975      9.670     -4.257      1.253
 781  217    -16.807     -2.393     10.096
1149  856      5.279    -14.386      8.268
  -1 1102     -8.918     17.515     11.591
  -1  434     19.291      3.204     -1.076
 799   -2    -16.947     12.745      8.252
 488   -2     26.555      9.409     10.858
  -1   -2     12.050     -5.501    -11.176
 460   -2     -7.276     -7.565     -2.005
  -1  531     -2.607     -5.826      5.638
  -1   -2      5.918     -9.099      7.567
  -1  550     -7.277     -3.450      4.973
  -1   -2     -4.662      6.157      8.388
 703   -2     19.540     -7.221     -1.106
  -1 1085    -12.999     12.606      6.997
 597  235     -1.410      4.598      9.107
1035   -2     19.857     15.062     12.153
  -1  118     -5.481      8.058     -7.905
  -1  179     21.324      4.199     12.330
  -1  628     -7.224     -4.770      5.270
 209   -2     -6.518     12.776      4.526
  -1 1276     12.895     15.808     11.668
 673  469     14.960      8.432      3.192
 443   -2     19.935      4.824     10.099
1077  412     -8.476     -7.268     11.692
  -1   -2      1.382      1.988      2.986
  -1  665     19.971      0.667     11.064
1061   -2     -6.259     12.911     11.691
  -1   -2     11.478      4.043    -10.589
1250   -2     15.439     -1.556      0.748
 758  734     17.660     -2.645     12.335
  -1   -2      1.621     13.781      4.767
  -1  264    -14.054     -7.466     11.808
 809  289     -6.544      6.465     -1.176
 499  466     -1.387     -5.287      7.340
 548   -2      6.723      1.936     11.058
1164  586     13.933     -4.182     10.862
 784   -2      0.890     -9.506     -1.727
  -1 1033     16.157      8.760     11.314
  -1   -2     10.923     12.168      8.414
 326   32     13.966     -5.075      4.621
 554  517    -12.522     -8.144     -0.304
  -1   -2     -6.224     -7.994      7.613
  -1   -2    -10.395      8.873     -4.631
  -1   -2     21.002      0.240      2.449
  -1  874      0.307     -0.351      5.099
  -1  327     23.487      0.458     -2.243
  -1   -2     19.028      4.953     -7.555
  -1   -2    -11.523      4.336     -4.403
 916  940     -7.455     15.722     10.418
 598   -2     14.442     -6.657     11.429
  -1  270    -13.502      3.182     -2.738
  -1   -2     23.316     -5.675     -1.796
 728  948      3.513    -12.016      1.048
 752   -2     21.013     12.687      4.608
  -1  527     20.570     10.915     -8.465
  -1   -2    -14.301     -1.801    -10.899
1206   -2     19.372    -17.459      8.603
  -1   -2     -7.660      0.867     10.515
  -1  419     15.296    -11.003      7.053
1040  922      4.644      7.803     11.712
 753  501    -13.302    -11.240      9.037
 171  574      6.220     -3.320      5.923
  -1   -2      4.320     15.312      1.956
  -1  506      4.349     13.326      0.598
 972 1015     19.636     15.463      6.388
1032   -2     15.553     15.109     12.062
 780   -2     24.845      0.501      9.011
 452  355    -12.682    -11.901      9.657
 661  299     17.525      2.908      5.884
  -1   -2      8.331      1.136     -7.207
 556   -2     23.475     11.804      7.609
 884 1272     -4.391      8.340     -2.703
1012 1029      1.054     17.481      9.194
 821  645    -18.311     -6.934     12.111
  -1   -2     16.515      4.969     -3.814
  -1   -2      1.243    -13.311      8.303
 679   -2     -8.692     -3.494     12.089
  -1   -2      9.964      9.334      4.436
 428   74      0.438     14.502      9.604
 218  780    -19.959     -1.540      6.761
  -1   -2      4.397      1.492     12.216
1113  375    -14.034     -7.311      9.007
  -1 1010    -17.809     -6.153      4.040
1120  404     -9.648    -15.461      4.245
 913  440     14.512      0.039      1.099
1082   -2    -18.499     -6.076      7.403
  -1   -2     25.665      6.529      4.462
  -1   -2     12.979     10.855      0.218
  -1   -2     -0.026     -3.181      4.330
  25  637     -4.736      6.123     10.771
1066  381     21.514     -2.590     11.129
  -1  561      5.153      1.386      4.005
1108 1280     -8.053     13.152      8.092
  -1 1009      7.711     -2.626     -5.589
 213  522      9.391      3.242      6.845
1243   54     20.503      8.398      9.072
1036 1106     14.809    -18.753      7.822
 774   -2    -13.133     -8.945     -3.217
  -1   -2      7.316      7.518      1.609
  -1   -2      6.630     -1.123      7.093
1136   -2      2.323     -1.387      6.359
1045  654     -5.060    -12.693      5.697
  -1   -2     25.318     10.686     10.660
 828   -2     -1.570     -0.054      8.844
  -1   -2     -9.720     -6.706     -5.377
1194   -2      6.983    -12.247     10.162
  -1   -2     21.341     15.020      5.340
  -1   -2     -3.151     -2.099     -1.719
 662  463     16.949     -1.673      9.531
 325  779     -3.858     12.753      5.882
  -1  417     24.097      2.509      6.937
  -1   -2     19.100     -6.116      3.230
 290   96      6.803      3.089      8.990
1284   -2     17.870      1.324      7.942
 118  231     25.397      4.653      7.263
 691   -2    -10.330     -7.147     11.444
  83   -2      5.243     -1.437      5.782
  -1   -2     -2.530      2.047     -4.107
 494   27     20.796      0.042      4.923
 312   -2     22.711      5.442      2.185
 445   -2     26.736      2.102     11.160
  -1  609    -12.713     -7.830     11.445
1106   -2    -18.300     -8.811     12.045
  -1   -2    -10.050      2.242     -7.760
 920 1017     -7.021     -8.149     12.463
1100   -2     19.454    -17.314     11.377
  -1   -2     23.058      1.120      6.656
 893  475    -19.844     -6.286     10.030
1126 1273     20.756      4.521     10.558
 420  746      0.228     -7.289      6.770
1264   -2     19.267      0.328      7.852
 135   -2      9.135     16.137      4.419
  -1   -2     13.568     -6.493      4.547
  -1   -2      6.626     -1.019     -3.610
 355  250      7.379     -7.235      2.112
 955   -2     20.059    -12.668     11.026
 817  494     25.348     10.041      6.396
  -1   -2      9.510     12.210     -1.406
1119   -2     25.069     -5.133     10.607
 766   -2     17.408     14.798      0.381
 747  748      8.894     -3.537     11.389
  -1   -2      1.307      1.674     11.470
 686   -2      9.853     -4.534      9.953
  -1   -2    -18.872     10.035     11.431
 329   -2    -14.670      6.239     -4.369
  -1  572     15.641     -5.551     10.955
  -1  904     24.449     -0.641     11.840
 737  629     -9.497      4.598      1.847
  -1  277    -17.730     -9.131      6.931
  -1  556     23.048      0.122      1.186
 466   -2     14.129      0.687      1.339
  -1   -2     -5.760     -9.524     -2.931
 336  310     21.748     10.596      9.202
1072   40     14.423      2.126      6.311
  49  842     -4.442     -5.078     -3.465
 239 1011     -0.314      4.939      8.259
  -1  233     -9.854      7.152      1.612
 714 1189      4.645    -13.095      0.200
 559   -2     19.977      3.520     -8.865
  -1   -2     15.242    -11.672     -3.812
 519   -2     10.662      2.901      0.789
  -1  552     -1.222      8.824     -4.926
 394   -2      5.127    -15.714      4.104
 602  168     -5.959    -11.733      6.303
  -1  713     22.383      2.420     -6.019
 406   -2    -11.276     -2.054     11.015
  -1  790     -4.032     -8.037      9.908
  -1  143      3.199     -4.248      2.847
  -1  726     -1.998     -8.724     10.772
  -1   -2     24.763     -6.773     11.250
  -1   -2      6.216     13.682     -5.187
1089  457     15.841     17.263     10.034
  -1 1151      3.990     -8.465      4.710
  -1  122    -12.040      0.869     -2.530
 999   -2     25.939      3.092     12.150
 850  382     24.214     -9.274     11.985
 615  681     20.544     -8.579      2.557
  -1   -2      1.773     13.378     -6.067
 375  356     -2.942      7.308      5.118
 571  843    -11.964      1.943      2.943
  -1   -2     16.679     12.455     -8.858
 397  274     -3.835     -3.048      4.195
 669  460      0.920     -9.126      3.355
 788   -2     -0.375    -11.758      5.863
  -1  717      5.325      9.899      3.753
 465  288     -8.198      3.117      8.177
 520   -2      1.476     -6.608     -0.049
 659   -2     25.157     -9.014      8.786
 715 1144    -15.956    -10.541      6.430
  -1  553    -16.075      8.474     -3.696
  -1   -2     14.153      3.100     -1.413
  -1  873     16.330      0.736     12.354
  -1 1006     10.839      0.405      6.450
 305  161      2.390      0.165      2.108
 666  352     23.286     -9.743     11.815
 771   -2     15.442    -16.042      4.076
  80  708     -3.420      8.690      2.225
  -1  177     12.300     -2.533     -7.713
 457 1254     11.439     -5.557     -0.758
 591   -2     -5.229    -13.172     10.295
 793 1023     23.909      4.574     12.442
  -1   -2     15.005     12.961      0.422
  -1  530     -2.252     15.101      3.635
  -1   -2      7.817      7.855     -4.816
  -1   -2     23.753     15.779      8.460
  -1   -2     -3.008     11.437     -3.916
 759   -2     25.278     14.711     10.200
  -1   -2      9.712     -5.782     -2.750
  -1 1186     22.450      5.473     11.518
  -1   50    -16.910     15.673      8.691
 909 1019    -15.390     11.962     -5.713
  -1   -2     25.015      1.109      5.696
  -1  723     27.019     -2.722     12.490
 271  453     19.439     11.434      2.896
 674   -2     -3.343      3.971     -2.163
 165   -2      9.966      7.829      6.317
  -1   -2     10.843     -6.739     11.570
1094   -2     -5.662    -11.052      8.606
  -1   -2     -0.513     -7.214      1.495
 254  771      3.077      6.608      3.244
  -1  397     21.889    -16.457      2.926
 288  683     11.528      4.647      3.097
  -1 1162     24.894     15.765     10.114
  -1   -2    -15.830      2.404      6.568
1059   -2     -0.490     12.809      8.057
1129   -2     18.629     16.011      6.887
 738 1138    -10.103     -6.108      7.117
 511  765      5.542     15.334     11.751
 939   -2    -18.468     -2.572      4.109
  -1 1141      2.605     -1.932      8.233
 921   -2     23.603     12.261      5.618
 680   -2     16.158      7.516      8.704
  -1   -2      3.190      2.073      8.232
  -1   -2      0.209     11.339    -12.165
 448  933     14.830      7.076     12.015
 611 1057      4.031     -7.015      7.441
  -1   -2     12.466     12.707      3.021
  -1   -2     -1.755      6.124      9.692
 646  695     -3.473    -15.890      1.647
 572   -2     12.594     -5.750      7.267
  -1  554     16.442     -7.426      0.798
 861   -2     -4.074    -14.792      9.776
  -1   -2     11.671     10.914    -12.475
  -1   -2    -10.006     12.580      9.986
  -1   -2     13.307     -0.905    -10.083
 567   -2     -4.402    -10.801      7.957
1028  240      9.577     -4.707      4.501
 823   -2     14.131     -8.987      7.451
 885  444      3.482     11.054     11.133
  -1  371     -6.372     -3.811      8.001
 539  668      7.724      6.692      9.617
  -1 1077      4.510     -2.717      8.304
  -1 1049      3.916    -14.866     -4.161
 387   -2     11.299     -2.546      3.980
 967  739     21.196      2.304     12.004
  -1  990     -7.340     11.787      9.524
 621  570     23.226     -5.471      8.244
 974  810    -13.812     16.599      8.314
1107   -2    -10.627    -13.187      4.346
  -1 1181      2.762      2.895      8.574
 843   -2    -12.818     -9.714     11.970
  -1  164     -9.826     -4.159     11.750
  -1  542      6.972     -4.319      5.846
1189   -2     25.636      7.851     10.970
  -1   -2      7.246     -6.265      0.914
 904   -2     17.225      7.526     11.729
 794  588    -11.804     -0.758     -1.299
  -1   -2    -11.640      5.595     -0.281
  -1   -2     -5.028    -12.729     -3.168
  -1  753     11.904     -4.153     11.870
  -1   -2    -13.333     -6.529     -7.051
  -1   -2     -5.561     17.674     11.020
  -1  658    -16.136     -6.352      8.849
 805  302    -10.117     -4.432      1.034
  -1   -2     16.166    -10.614      4.503
 582   78     23.750      8.069     11.763
  -1 1148     -8.399    -10.295      6.647
  -1   -2     -2.752      5.506     -7.479
1142  652      4.024    -11.327     10.576
  -1   43      1.984     12.934      1.673
  -1 1109      6.041    -13.369      2.046
 286 1230     23.347     -3.457      7.009
  -1 1129    -10.091      5.440      2.098
 388  745     22.886     -7.305      3.417
1173   -2     18.459      4.334     10.824
1161  670     18.971     -6.775      6.672
1292  539     24.459     12.739      9.698
1222   -2     -7.813    -17.314      9.905
 396  435     14.366     15.432     11.760
  -1  528     -4.507     -5.356      6.808
 297   -2      7.704     10.170     11.852
  -1   -2     -2.668     -5.508     11.290
  -1   -2      7.750      1.415     11.716
 498  575    -14.863     -7.186      3.728
  -1   -2      0.544     -8.138     -9.518
 517  324     18.046      4.789      8.417
  -1  326      9.574     13.119     11.467
 949  692    -16.307    -10.671      9.440
  -1  230    -12.752      9.237      6.383
  58   -2    -19.459     -2.516      9.400
 818  445    -18.011     10.300      6.792
 856 1255     -6.292      9.358     -3.970
 119  345      9.712      6.995     -4.839
 350   -2     25.728     12.748     11.864
  -1   -2    -21.537     -1.403     11.436
 267  202     -2.454     12.311      9.566
 731  493    -18.305     -2.335      5.268
  -1  854    -14.529     15.110      9.806
  -1  428    -16.688      8.047      1.080
 433   -2      7.567     11.059      8.742
 811   -2    -20.774     -3.868     10.877
1099  818     24.727    -15.205      4.947
  10  784    -18.075      0.690      5.729
  90  589     -1.671      3.714      3.280
  -1   68    -21.293      1.988     11.853
  -1   -2     20.544     -6.407     -2.008
 314   82    -15.592     -0.738      4.343
 158  446     -8.394     11.451     -4.682
  -1  224    -13.136     14.152     10.334
  -1   -2    -12.996     -2.507    -12.011
  -1   -2     -1.596     10.581      5.783
  -1  358     26.901     -6.823      9.100
  -1  778      0.058     16.552     12.400
 984   -2     17.236    -15.375     10.707
  -1  257     12.237    -10.351     10.078
  73  349    -12.571      9.584      2.803
  -1   -2    -15.513     13.322      6.264
  26   -2    -17.341      4.694     -1.038
  -1   -2    -12.940     -0.786     -0.856
1145 1147     -3.797     17.314      5.681
  -1  949     -2.663    -10.228     -1.832
 871  916    -19.648    -10.698     10.595
 825   -2    -12.516      1.531      8.386
  -1  175    -11.593     11.233     11.637
  -1  390    -10.498     17.080     11.800
  -1   -2    -11.731     15.319     10.806
  -1  809    -17.366      9.624     12.526
 390  538     19.480     14.289      6.470
  -1  633     -3.808     -3.526     10.786
 862 1271     -9.126      7.816     -2.172
 813  255     14.945     17.218     11.639
  -1   -2      8.332    -12.994     -1.590
  94   -2    -13.605     15.393      8.458
 250  615    -15.697      6.529      4.139
 855  831    -11.231     18.381     10.815
  -1   -2     -3.865     11.860     11.820
  -1   -2     -5.751     -4.665     -2.877
1049   -2      0.768    -16.020      8.118
  -1   -2      5.773      3.315      4.023
  -1   33      2.445      2.960      2.447
 993   -2     28.897      1.573     10.149
  -1   -2    -17.324      9.950     -5.425
  -1  292      5.524     13.538      6.296
 242 1247     26.623     -6.330     11.749
  -1  396    -17.999      4.740     -0.362
 837  884     26.128      6.724      5.249
 762   -2    -11.323     -3.110     10.129
  42   -2    -17.440      8.008      9.298
 247  649     13.139     12.531      6.369
  -1   -2     -7.687     -3.529     12.101
  -1  604    -18.482      6.610     11.508
  -1   -2    -17.086      2.612     10.511
  -1  482     29.147      6.617     12.695
  -1  373     26.802     -1.940      7.153
  -1   -2     -8.409     -4.658     -3.694
 298  309     -1.861     13.200      6.424
  -1   -2     17.345     15.984      1.942
  -1 1119     28.518    -10.743     12.194
 193   -2    -11.984      8.440      5.166
 979   -2     14.136    -13.519      4.014
1288  863    -10.537     17.477     10.113
1207   -2     -4.065    -17.979      8.741
  -1  166     -8.180      7.740     -1.808
  -1   -2     16.733     -0.596      9.656
  -1   -2    -21.693      5.028     11.656
  -1  578    -19.607     -3.388     12.620
  -1   -2    -18.473      7.213     -1.309
  -1   -2     20.937     -7.111    -11.409
 882  167      0.421     15.984      3.856
1182 1076    -15.195    -14.657      6.902
 159   -2     12.702     -6.323      7.580
 988 1275    -19.164     12.895     10.843
  -1  918     -9.219     -0.575      5.992
 919  246     -5.094     16.105      6.929
 820 1056    -16.653     13.116      9.906
1074  214      6.397     10.335     10.260
 798   98     -5.733      6.282     -1.927
  -1   -2      3.294     -6.761     -1.610
  -1  325     21.366     -7.376     -9.606
 233  322      2.645      8.169      7.118
1068   -2      4.105    -10.148      5.375
 902  859     28.280      6.544      7.149
  -1   -2      2.696     13.952      0.297
  -1   -2    -10.019     13.342      3.996
  -1  953    -18.896     11.461     12.636
  -1   -2     13.501      4.511     -0.371
  -1  913    -18.075      9.528      1.605
  -1 1128     14.047    -16.265     11.650
  -1  205      0.683     10.130      7.765
 181  363     21.309     13.339     11.567
 550   -2     12.615     10.025     -1.737
  -1   -2      4.216      7.271      4.689
  -1   -2     15.114      5.964     -1.886
  -1   -2     -0.446      3.833      1.023
  -1  136     -3.392     11.688    -10.202
 819 1267     18.635     -8.234     -0.033
  -1   -2     -5.157     13.681      6.130
  -1  605     12.055     14.070     10.539
  -1   -2     22.901      4.075      5.205
  -1  590     23.402     -6.109     11.801
  -1  260    -12.343     10.133      6.862
  -1   -2     24.724     -7.856     11.585
 231  117     -7.292     -1.646      9.381
 491  351      9.373    -11.184      8.035
1046   -2    -17.480     12.289     12.522
 878 1091     25.008     12.418     -2.713
 757   -2     26.375      2.889      5.317
 863  298    -12.105     10.708     -1.069
1174  312     24.129    -10.823      4.812
1211 1185    -12.164    -18.867     10.759
1081   -2      8.774     12.134     10.091
 360  405     -0.175      9.319     10.294
1176  835      6.884     16.747     12.387
  -1   12     12.998     -8.893     12.453
 650   -2      3.247      9.528    -10.534
1088  187     10.741     -0.451      3.569
  -1  448     -4.575     15.963      9.815
  -1   -2    -16.534    -11.917      2.412
 906 1090     -9.399    -14.041      4.936
  -1   -2      8.487      0.041     -9.489
  -1   -2     -8.028      9.587      4.389
 478  716      7.109     -9.689      0.124
  -1  935    -11.367    -15.658      8.877
  -1   -2     -7.110     -3.909     -6.675
 116  968     -7.833      2.070      4.110
 730   -2     13.795    -18.599      9.440
 892  830    -14.372      9.737      9.188
 975  841     18.046    -16.327      4.094
  -1   -2     -8.531     10.510     -4.942
  -1  786    -22.216     -4.890     10.591
  -1  293     23.063     -0.178      9.016
  -1 1298     18.965     -6.122     11.709
  -1  691     -4.759     -0.891      8.889
 287   -2     25.774     -9.708      2.355
  -1  667      1.621      0.208      6.988
1155   -2      0.783      5.866      0.027
1280   -2      6.300     12.322     -4.177
  -1   -2     14.748     13.156     -6.932
  -1   -2     -2.784     16.895      3.896
 346   -2    -10.039     -6.133     11.792
  -1   -2     -6.935      5.042     -3.652
 600  566     19.974    -13.277     -0.382
  -1  594    -18.245     -0.500     11.842
  -1   -2     18.883     -7.793     11.398
  -1   -2     15.772     -7.904    -11.969
  -1   -2    -17.683      7.855      2.098
 612  120     -3.519      5.169     11.744
  -1 1026    -16.814      2.139     12.840
  -1   -2     16.618     -6.449    -12.596
  -1   -2     22.468     11.887     -3.885
 470   -2     19.624     15.352     10.003
  -1   -2    -15.393     19.795      9.208
  -1  243      9.985     -6.896      2.181
  -1 1007     10.791    -12.568      9.815
1006   -2     11.915     15.814     10.738
 472  798     -3.879     11.589     11.282
  -1   -2      9.561      3.790      0.156
 928  196     19.924      6.316     11.430
  -1   -2     22.699      8.977      6.049
  -1  374     -6.149     18.577      7.753
 938   -2     28.803      3.595     11.345
 826  176     -3.058     10.430      7.675
  86   -2      3.950      9.451     -1.451
 695   -2     23.828     16.449      8.423
  -1   -2     -7.880     -2.127    -11.530
  -1 1035    -10.480     14.846      8.517
1165   -2     19.637      2.571      9.351
 853   -2     26.597     13.541      6.398
  -1   -2      4.748     -1.512     -8.686
  -1  907     29.302      9.539     12.175
1190   -2    -19.046     -9.886      8.560
1016   -2      8.001    -17.195      5.224
  -1  675      5.152    -11.789     -4.345
1112   -2    -12.495    -14.432      9.762
  -1  415     -4.112      2.126      9.545
  -1   -2      1.868     -8.153     -0.703
1186 1089     23.414    -17.693      8.139
  -1   -2      9.804      4.342      6.157
  -1   -2      4.524    -16.140      0.782
  -1   -2    -14.507      8.384    -11.217
 656   -2     23.825      9.990      7.473
  -1  232      3.051     12.172      3.421
  -1  581     -6.540      6.117      5.066
 980  693     11.524      4.488     12.263
  -1  704      6.522     -3.576      8.324
  -1   -2     26.495    -15.247     12.011
  -1  144     -3.523     16.162     12.365
 964   -2    -17.852     14.819     10.599
 404   -2     -3.841      4.292     -5.916
 711 1265     -3.374    -10.313      4.974
  -1   -2     25.009     12.427     -5.074
 272  644     13.412     10.514     10.397
1273   -2    -19.477     -3.933      1.109
 595   -2     -2.361      1.724      7.328
  -1  385     26.339      2.369      6.168
1210 1047      9.027    -17.672      7.854
 941   -2    -15.331     13.352      7.858
  -1   -2      0.892      2.802     -1.081
  -1   -2      1.823      1.918     -6.299
 709 1256    -11.271    -12.940      8.132
 907  680     -0.910    -14.206      1.162
  -1   -2     24.156      6.854     -2.421
  -1    0      5.533      0.565      7.073
  -1  514     -4.144      7.867      7.827
  -1   -2     -0.551     18.316      8.139
  -1   -2      4.573     -7.268    -12.594
 699   -2      5.695    -15.636      4.191
  -1   -2     19.797     12.712      0.055
  -1   -2     -8.171     -2.339     -9.316
  -1  715     22.150      2.068     12.314
1225   -2     26.398    -12.884      7.922
  -1   -2     19.620     -5.052     12.063
  -1   -2     -3.647     16.698      4.446
  -1  455     25.399     10.930      4.400
1034  549     -9.568     -2.360      9.266
 740   -2    -15.375     -7.448     -1.389
1017  897      4.848     -8.412      8.509
  -1   -2     23.845    -15.794      6.342
 487  343     15.202     15.179     10.823
  -1   -2    -20.909     -6.084     10.904
  -1   -2      3.201     12.712     11.743
 166   -2     -1.582     -7.252     10.543
  -1  924      7.081      8.653     10.872
  -1   -2      3.032      5.585      4.524
 481   -2    -18.888      1.180      9.994
1122  248     14.574      3.405      9.188
  -1   64    -11.534     -0.960      2.138
1065 1046    -12.007    -18.546      6.326
  -1  303    -18.280     17.267      9.932
 381   -2    -11.781      5.930      1.113
1204   -2     17.959    -19.510     11.126
 986   52    -11.914      3.235     11.303
 729   -2    -12.495    -12.547      3.488
1191  562     12.425    -12.780      6.265
  -1   -2      3.524     -1.014      7.963
  -1   -2    -18.540     13.260      6.891
 232  564      8.215      5.459     12.115
  -1 1126      3.020      8.548     11.225
  -1   -2     12.532    -11.951    -10.795
  -1   -2     21.521    -11.678     -6.847
  -1   -2      9.165      7.146      5.577
  -1   -2    -15.840      3.518      3.501
 309  956      7.295     17.072      9.718
  -1   -2     20.908     16.124      5.150
1248  389     18.320     -1.242      9.804
 983  872     -3.490     19.047     10.335
  -1 1179     -6.803    -11.567      4.491
  -1   -2    -11.190      3.445     10.950
1180  331    -15.692      9.866     -9.238
  -1  247     14.438    -15.847      1.126
 796   -2     24.651      1.350      8.773
  -1  452     -3.880    -11.968      3.336
  -1   -2     21.557    -14.632      9.709
 890   -2     27.117     -4.737     11.358
 184 1018     -9.012     -0.529      1.329
  -1   -2    -16.995     11.016      4.002
  -1  742     23.859     14.191      9.592
  -1   -2    -18.612     -4.900     11.021
1296   -2    -13.596     13.959      1.955
1008  111      3.043     15.001      4.888
1139   -2     25.125      8.335      2.296
 846  864    -13.241    -15.538     -4.620
 133   -2      1.607      8.471     12.248
 380  569     -4.375    -10.160     -1.034
1162   -2      1.792    -15.595      3.814
 268  332     22.284     -2.252      8.481
 888   -2    -15.055    -15.966     10.981
 578  369     14.814     13.630      5.765
 261   -2      2.436     18.017      8.252
  -1   -2     -1.788    -12.960     -6.461
 344   -2      8.086     -1.097     10.248
  -1  821     24.842     -1.307     11.457
 671  163     18.699      8.777     10.843
  -1   -2      3.234    -10.509      8.770
  -1   -2     11.858     11.637      1.570
  -1  587     25.528      5.172     12.124
 306  976    -15.180     -4.167      2.584
  -1  567     18.433     14.844     10.400
  -1   -2      5.508      3.307     12.547
  -1  503    -10.244    -13.373     -1.952
  -1   -2     26.766      6.290      6.551
  -1  388     -5.540     -5.838     -4.813
 908   -2     17.761     -8.628      5.544
  -1 1130     28.478      1.030      8.892
 581   -2     16.278      3.998      8.544
 580   -2    -12.177     -2.747      5.387
 518  642     21.137     11.091      8.312
 345  379     -9.799     -8.882      6.752
  -1   -2      0.932     17.868      6.246
  -1  974    -17.311     18.023     10.405
1140  181     10.584     15.457      4.779
 959   93     14.244      6.084      2.243
1310  481     10.617      6.035     12.147
  -1  657      0.286    -10.303      2.928
1160   -2     -4.276    -20.664     10.535
  -1   -2    -13.875    -16.454      4.490
  -1  284     16.452     17.169      6.940
  -1  998     -0.092     17.193     12.538
  -1  617      8.150     12.605     10.535
 253  414     10.806      8.872     -0.553
 593  545     16.752    -11.775     -5.054
  -1  198      1.807      1.724      2.843
 299   -2      3.098      1.436      7.448
1258  775     19.689      6.613     -3.339
 872   -2    -19.835      2.516      9.936
  -1   -2      9.679     17.212     10.238
  -1  418      0.284     -2.449     11.261
 677  732     16.461    -18.795      8.308
  -1   -2     18.996    -11.653     -7.621
  -1  676      5.229    -15.824      0.957
  -1  525     -1.465    -13.472     -9.748
  -1 1087    -20.661     -9.857      4.528
 973  600     -5.860     11.578     11.746
 197  773     22.288      6.765      3.131
  -1  730     17.929    -15.238      0.919
  -1   -2     23.182    -12.292     11.664
1062  636     25.166     10.088      3.861
  -1 1058     -6.130      7.223     11.434
  -1   -2      1.117     -3.747     12.147
  -1  625     21.710     19.181     11.187
 310  788    -17.888      7.906      5.565
  -1  894     29.604      4.594     10.176
  14 1034     16.230     -8.332      8.459
 338   -2     -0.703      2.511     10.383
  -1   -2     20.375     -1.458      9.985
  -1  583      8.762    -10.926      1.357
 676   -2     21.022      8.054     12.103
  -1  661     26.067     16.086     11.960
  -1  687     -7.346    -14.139      2.231
  -1  106     26.891      5.062      5.438
1029  638     20.939      6.946      9.453
  -1  793     23.624     -2.065      5.629
 224  648     10.343     -1.509     -0.948
  -1   -2     -5.706      4.294      4.328
  -1   -2    -10.281     15.499     12.548
 324   -2      6.094     -6.076     10.009
  -1   44      5.406      1.386     12.473
  -1 1048     28.960     11.164      9.833
 663  336     20.648      3.203      9.056
1073  627     -5.688     -7.245     10.303
 649   -2     12.638     -6.686      3.738
  19  718     -5.332     10.254      9.593
  -1   -2      4.584      0.806     12.158
1003 1021     -4.518     19.140      8.347
1175   -2    -19.582     -8.833      5.029
  -1  737     15.989     -3.699     11.569
  -1   -2     14.944     -9.235     11.787
 475 1098     25.813     12.207     11.744
  -1 1135      1.077     -8.798      9.429
  -1   -2     -7.368     14.817      6.921
  -1  305      7.178     16.989      6.026
  -1 1169      8.367    -20.283     11.199
 777 1266     -1.463      3.672     -4.843
 635  678      4.120    -11.648      3.386
 692 1074     -5.754    -13.779      5.976
1247  563     21.750      5.721      8.412
  -1   -2    -12.876     15.968     11.331
 616   -2     -3.916    -13.046      6.787
 101   -2     13.448      1.951     -4.921
  -1  519     27.070     13.851      4.647
 560   -2     16.375     -1.205      8.009
 767 1217      3.787    -20.455     11.861
  -1  858      0.825     18.591      7.401
1215  868    -20.002    -14.915      8.892
 573  201      1.659      5.564     10.063
  -1  639     -3.355     -7.847     10.161
1054  540     25.594      9.352      9.387
 248   -2     -2.067     12.920      8.631
  -1   -2      8.194     -4.857      4.345
1221  596     21.011    -16.777     11.073
  -1  684      4.650     11.452     12.606
  -1  712     16.648      7.675      2.727
  -1   -2     11.778     11.978      8.647
  -1   -2     23.420     -6.904     10.617
  15  733      9.638      1.356      8.132
 155  623     12.886     14.960      6.598
  -1   -2     -9.404     19.175     12.224
1143 1172      3.928    -13.878      1.207
1056 1081     19.377     17.431     10.894
  -1   -2     -1.893    -15.079      9.559
 947   -2     -5.190     -1.743      5.408
  -1   -2     10.145     -5.507      8.963
 230 1246    -17.996      5.379     10.414
 263 1096    -12.748     10.786     -0.513
1037  785     24.452      5.108      5.234
1063   -2      8.161    -13.175      3.683
  -1  983     11.429     -5.211      4.092
 647   -2     -3.096     -3.627      7.243
  -1   -2     19.046      4.362     12.015
  -1   -2     -9.470    -13.240    -11.641
 791   -2    -12.900    -12.291      7.910
1170  999    -15.439     14.534     12.111
  -1 1064      9.046    -16.335     -1.438
  -1   -2    -16.684     -9.107     -4.917
 631 1055     -8.613    -16.907     11.485
  -1   -2     20.240     16.344     -0.506
 535  391     24.185      0.341      8.205
1218 1127     24.912    -15.638     11.538
 877  862     16.898    -12.582      8.032
 442  441      8.574     -9.051      7.525
1195 1170    -22.307    -15.133      8.954
  -1 1031      4.751     -7.583     11.883
  -1  603     16.624      2.465     12.489
1306  767     11.942     -8.923     10.605
 603   -2     -2.565      9.031      9.757
 596   -2      5.263    -10.704      6.713
  -1   -2    -11.927     17.198     10.437
 258   67      9.197     -2.075      3.488
  -1  772     14.768      9.210     10.485
  -1 1014     22.242     16.797      6.175
  -1 1191      3.302     -0.748      9.806
  -1  885      1.890    -18.078     12.549
1212   -2    -17.948    -16.280     11.336
  -1   42      4.612      0.338     -1.929
  -1 1075     -5.980    -17.486      1.279
  -1 1137      1.892    -13.734      3.323
1159 1108    -16.712    -14.965      5.993
1130  728    -11.638    -16.952     10.093
1148  547    -10.791     -9.576      9.706
  -1 1132     27.030      9.246      7.122
  -1 1274    -17.597     19.668      7.766
 311  694     11.171      7.598      9.410
  -1 1093    -11.706      3.774      8.600
  -1   -2      4.198    -23.474     -0.533
1197 1205    -27.513    -10.111     10.499
  -1   -2    -17.268    -17.952      4.020
  -1   -2     -1.697    -21.139     -5.660
  -1 1214    -25.548    -14.759      9.757
1201  951     25.087     16.803     12.671
  -1 1204     15.651    -22.072     10.073
1199   -2     11.321    -24.873      4.161
  -1 1200     16.930    -27.692      1.604
  -1   -2     18.863     25.243     10.409
  -1  850     -2.552    -20.459     10.215
  -1   -2     -7.000    -21.330     12.274
  -1   -2    -15.072    -26.483     -0.625
  -1 1213      2.339    -30.109     -5.633
  -1   -2     11.190    -27.537     -6.212
  -1   -2     24.299     18.916     11.233
  -1   -2     -0.764     27.221      3.757
1209   -2     16.901     25.093      9.164
  -1   -2      6.406     25.539      7.363
  -1   -2     -1.545    -23.397     10.361
  -1  337     26.620     12.500     12.382
1213 1004      0.141    -19.260      6.492
  -1   -2     -9.559    -19.684      9.712
  -1   -2     27.565    -16.376     12.606
  -1 1199     27.333    -18.076     10.864
  -1 1136     25.827     19.261     11.953
1220 1156      6.799    -20.330     11.508
1223   -2     19.435     20.686     12.516
1131   -2    -15.036    -21.494      2.099
   5   -2     12.981     -8.871     11.579
  -1   -2     15.960      1.922     10.365
  39 1229     17.167      3.121     -3.408
  -1 1281     16.383      3.678     -7.768
  11   -2     16.450      3.576     -7.999
  47   53     19.454      3.242     -3.885
  41   18     24.404     -1.943      7.164
  -1   -2     -0.910     11.756     11.952
 226  811     -1.360      9.995      6.724
 989   26      6.294     -8.915      1.333
  34   -2      9.700      4.490     11.446
 112  515     -9.527     -1.871      8.029
1051  378      0.090      0.574      7.231
  -1   -2      0.017      7.927     10.604
  -1   88     -7.150      7.601      2.709
  91 1297     18.262      1.821      6.131
  36 1287     16.766      7.744     -5.370
  -1   -2     16.607     13.456     -3.864
  51   -2     -9.522     -2.926     11.277
 162  816      4.430     10.957     -0.595
 202   -2     18.221     -0.059     11.381
  -1  346      3.360     13.015     10.707
  -1   -2      9.858     -5.759      9.231
  -1   81     12.854     -6.258      7.330
 473  156     18.269     -0.510      4.874
1257   16      9.030      9.402      0.343
1242 1291    -14.485     13.439      9.724
  -1 1245     10.418     -1.545      8.126
 273   -2     14.202    -12.204     -4.462
1105   -2      7.460     -1.968     11.728
  -1  190     15.604     -1.288      1.658
 160   -2     -7.523     -4.393      7.876
  -1   -2     20.038     -5.426     10.122
 426  320    -11.037      3.410     -8.195
 177  234     13.227     -6.088     11.812
  -1   -2    -18.098      1.317      2.580
 485  805     17.525     -9.136     -0.404
 461  353      7.567     -5.417      6.360
  -1  970     21.038     -3.778      1.622
1294   -2      8.503    -10.242      4.457
 727  206     10.148     -3.565      7.098
1265  579      0.983     -9.564     -1.587
  -1  760     18.416      4.689      8.978
 867   41     -2.624     13.758     10.676
1309   -2     16.776      5.474     -6.356
 168   -2      2.609     -1.148      9.402
 417   -2     17.926      2.805      5.490
 430 1050      7.233     13.684      8.196
  93 1250     18.780     -0.162      0.742
1188   -2      6.209     13.107      7.810
 468   37     14.075      9.965     -5.340
  -1  769      8.617     -2.015     -0.368
 706   -2     -8.085     14.042      8.690
  -1  399     18.884     11.487     -6.946
1002  988     23.813    -12.570      9.910
 842   -2    -10.388     12.588     -1.072
1103   -2    -16.170     16.745      6.174
 371  499     12.417     -4.594     10.654
 553  685     -4.356     13.829      0.494
 970   -2    -15.393     19.795      9.208
  -1   -2     -5.397      9.322     -6.457
  -1   -2     21.839      6.563      2.294
 665   -2     25.855     -8.562      4.486
 697   -2     24.646     10.892      8.948
1115   -2    -14.517     11.151      7.877
  -1   -2     24.506     -1.932      7.614
  -1 1062     24.299     18.916     11.233
   2 1218     15.960      1.922     10.365
  -1 1305      7.426      2.600      5.320
  -1 1314     11.116     -4.385      2.953
  45 1231     14.107      5.168      8.672
1231   -2     18.926     -6.225     10.359
  96   -2      0.964      2.722      1.143
  -1   -2     16.607     13.456     -3.864
  -1  162    -10.791     16.546      8.300
 434 1253     -5.700     13.409      9.994
1283   -2     16.607     13.456     -3.864
  -1   -2     19.948     13.451     -6.339
  -1   -2      5.633      0.498     10.706
  -1  635     -7.188     -8.968      9.917
1297   -2      7.426      2.600      5.320
1227 1282     -8.075     -1.688     -0.283
1260   -2     -7.188     -8.968      9.917
1314   -2     11.116     -4.385      2.953
  -1   -2    -10.791     16.546      8.300
1303 1310    -10.791     16.546      8.300
 104   -2      5.327      5.237      2.100
