1346
   7    0     -1.636     -6.987      2.940
  22  458    -11.135      4.485     12.129
   4    2     15.952      1.868     10.498
 740  264     13.003     -8.921     11.882
   0   -2    -11.732      6.644     12.350
  -1   -2    -11.238     13.866     11.089
  -1   26     16.399      0.427      5.477
  -1 1336    -15.313      2.289     -4.141
  -1   -2      0.699     10.596     10.997
  79 1239    -13.495     -3.014     -2.624
  14   57     16.067      3.972     -8.377
  -1   -2     -3.355      1.054      6.640
  -1   20    -15.621      7.103      4.604
  -1   22     -2.773      6.474      0.570
 939   -2    -12.122      8.718      6.237
1271 1310    -10.412     -2.226     11.795
1205   -2     -3.527      3.680     10.974
  -1   -2     -9.826      2.601     -3.340
 610  243    -15.402     12.623      3.673
  19   18      4.800     -6.215     12.502
  -1   -2     -5.783     -0.740      4.500
 108  338     -4.131      8.019      1.037
1202   -2      6.325     -4.546     10.788
  12 1021      0.472     10.631      7.332
 433   -2    -16.598     -0.504      6.108
  -1   -2     14.032      7.582     -3.948
1208   -2      7.778     -7.852      4.031
  -1   -2     -3.368     -3.089    -12.410
  38   -2     11.090     -4.462      3.113
 810   -2     -9.085      7.760     -0.345
  -1   -2      7.748      8.369     -3.490
 107 1244     23.955      2.812      1.613
  63  345     18.573      5.155      1.969
  -1  733      9.539      4.258     11.900
  31 1237      1.323      4.631      8.373
1162   16     10.791      6.783      5.144
  -1   -2     23.558      4.881      7.650
  96   -2     -7.477     11.267      0.973
1207  972     -2.367     14.761      7.170
  64   -2    -12.914     -1.996     -3.374
1213 1321     19.171     -0.015     -8.226
 552   -2    -13.059      1.204     12.200
  -1  945     18.002     -5.886     -3.783
   6   -2    -17.318      3.259      3.495
1070  958     -3.908     10.950      8.678
 741   77      4.016     -1.140     11.643
 357 1275     16.240     11.201      4.442
 102  621     22.846     -1.712     10.218
1055  867      9.342     -7.294     10.605
  -1  289     14.538      3.697     10.738
  -1  149     15.450     -1.592      1.062
  87   85    -13.327      7.318     -1.258
 175  309      1.250     18.084     12.223
  -1   -2      5.787      9.539      6.962
  -1   -2     24.404     -1.961      7.287
 111  829     25.686      9.223      6.076
  -1   -2     18.288      1.577      6.839
 182  134     -9.567     -3.094     11.618
  -1   -2      9.692      3.173      5.230
 571  481      2.054      9.174     -5.591
  -1   -2     -9.939      5.007    -10.706
  90  155      3.619     -4.668      6.476
 606   -2     21.801     10.042      5.369
  -1   -2     17.238      1.031     -3.411
  81 1142      7.533      5.204      9.278
  30   -2    -11.377      7.870      5.093
 880 1018     17.139      3.048     -3.455
  -1  123     12.532      6.018     -9.645
  -1  293     14.721      2.082     -2.911
  -1   56     16.810      0.958      9.268
 256  185     19.411      7.015      0.102
 501   -2      3.437      2.506      3.316
  -1   -2     12.829      3.263      6.714
1044   -2      4.084      7.440      0.819
1255   84    -12.637      0.276      6.049
  -1  396     -8.251     -1.675     -4.067
  -1   -2      4.035     10.688     -9.579
  -1   46     11.670     -0.104     -7.433
 961   -2     20.421     14.250     11.189
1132   -2      0.726      2.243      8.202
  -1   -2     -3.336      7.068     -1.490
  45   -2     12.171      2.468      0.569
  -1  125     19.485     12.772     10.549
1161  172     17.273     -1.305      8.092
 216 1250      6.652      7.240     -3.307
1133  143     -3.155      5.617      7.758
 448  326      5.860     13.203      7.245
 644  434      7.212      7.297      1.881
  -1   66      3.369      0.066     -7.323
 795 1124     -8.833      6.169      4.406
  -1  577     -5.737     -4.806      9.587
  57   -2     18.906     -6.313     10.431
 201   -2    -11.615     -2.720     -2.477
 141   -2     -1.778      1.028     12.455
  82   -2     11.311     11.421     10.307
 945   -2      5.099      0.612     -7.948
  -1  300     11.632     11.638     -4.118
  -1  138     13.886     11.016    -10.904
1104 1285     11.369     -0.799     -2.699
  -1   38    -17.736     -1.898      8.910
1085  389      8.447     -0.945      8.961
  -1   81      1.429      8.457      9.185
  -1 1048    -16.016     -0.547      2.087
1256  549    -11.645     15.789      6.293
 429  812     -0.617      3.110      5.361
 218   33     -4.214     -1.121      9.270
  -1   -2      5.705     12.471     10.434
  -1   -2     -2.158      7.976      2.253
 478   -2     19.478     12.261      8.050
 271   -2     -2.049     10.018      4.025
 369   47    -10.390     10.738      6.528
 887  187    -10.402     -0.556      9.111
  -1   -2     -5.734     -2.845     10.976
 163  282     -8.105     -1.651     -0.311
  -1  951     16.363     -8.449      1.589
  -1   -2     24.268      4.625     11.799
1278 1317      0.104     -2.649     -0.207
  43  115    -12.615     -1.882     10.354
  -1   97     -0.516     15.175      3.061
 140   -2      1.366      9.700      6.093
  -1   -2     -6.579      6.578     -9.829
  -1  542      8.411     -5.313      0.375
  -1  241     20.145     11.168      4.069
 264 1256     16.814      7.365      2.002
  -1  178     20.888      8.848     11.118
 100  145    -10.156      9.611     -2.068
 613   41     16.508      1.192     -2.942
  -1 1050      5.442     -9.864     12.202
  -1   -2     13.898      6.514     -8.871
  -1  497     10.433     -4.479      7.866
  -1   -2    -16.591      1.078     11.084
 104  121     14.562      4.706     -9.283
 152  181     18.509     12.712     -5.923
1299   -2    -14.446      4.407      0.937
 590  142      2.696     -3.225     -5.105
 694 1276     -2.415     15.166     10.806
 531 1270      5.200      8.147     -9.214
 339  427     13.685     -4.158      2.482
 356 1247    -11.021     -2.736      8.389
  -1  652     17.470     -4.444      7.681
  -1  111      6.183     -9.849      2.812
  -1   -2     -5.296     -1.365      1.163
  35  407    -15.002      6.461      4.299
  -1  496     21.826     -1.152     -0.558
  -1  202      3.150     -2.944      2.952
 376 1264     12.954     11.292     11.133
 352   -2     21.708      3.201     -4.877
 618   61    -15.919     -4.272      9.206
 159   -2     21.723      1.849      9.746
 728   32     11.159      3.556      2.419
 143   -2      0.394     13.333      8.276
  33  336      8.934      8.430     -1.395
  -1   -2     -1.685     11.091    -11.766
 219 1082     17.022     13.634      0.122
  -1   -2    -14.605     -2.866      1.589
 977   -2      8.768     -0.776      5.406
 646 1069    -10.511     -0.911      5.404
 791  862    -11.306     10.107     -0.902
 319   -2    -18.374      5.108      3.209
1277  156     25.710     -4.787      6.282
 748  451     -1.376      3.353      9.835
 586  861     16.832     11.597      9.725
  -1  700      1.916     -3.819      7.023
  97   -2     23.703     13.122     11.356
 197  150     18.915      2.779     -2.477
  66  414    -15.580     -0.354     -2.100
  -1   -2     -5.397     15.816      7.258
  -1   74     26.817      8.078     11.824
  69  353     19.861      3.111     -0.971
  -1 1295     -0.925      7.963     -5.713
 958  331    -19.221     11.090     11.663
 132  856     11.735      0.096      3.743
 725  506     12.554     -8.701      3.710
  -1   -2     13.339     -5.808     10.916
 802   -2      6.759     14.978      9.944
 110   -2    -14.429      8.501    -11.581
 712   -2     11.722     16.871      5.072
  -1  183    -14.038      0.514      4.429
1064  234      0.793     -1.195      9.142
  -1   -2     17.112     10.573     -2.763
  -1   -2      8.050     -0.550    -10.845
  -1 1007     24.502      1.928     10.066
  -1  977      7.098     15.101      7.072
 587   -2     -3.968      8.574      7.858
  85   -2     -1.563     -0.542      3.298
 631   -2     12.778     14.106      3.126
1022   -2     20.660     -2.361      7.753
 695  514     12.948      6.987      6.848
  -1   -2     12.174      6.460    -12.380
  -1   -2     -0.564     -8.071      1.301
 188  245    -17.545     -4.101     11.867
 273 1257     14.883     -6.602      7.339
  -1 1273     12.010      8.925     -7.437
1136  503     -4.598     -3.113     10.959
  -1  225      5.113     15.269      1.636
  -1   -2     18.392      4.062      6.066
  -1   -2     13.849      0.292      1.340
 251  421     25.781      4.591     10.429
 572   27     -0.803     14.014      0.220
  -1   -2    -10.552      6.865     -6.175
 103  816    -17.522      7.645      9.617
 461  453     -1.632     11.131      7.842
  -1  498     -7.362      6.454     -0.972
 150  140     26.411     -6.305      8.047
  -1   -2     11.607     -0.759      6.601
  -1 1043     -7.258     -6.636     11.357
 115   -2     -4.284      2.650      9.632
  -1   -2      7.941      6.049     -4.656
  -1  223    -15.486      0.901     11.202
 638  572     -2.875     -8.932      2.602
  -1   -2     17.170      4.239     -6.240
  -1   -2      6.378     -4.536      6.507
 700  954     -7.815     -6.369      9.867
 497   35      6.651     -1.154      6.541
 742   -2     17.622      9.761      8.160
 160   -2    -20.178     -1.338      9.437
  -1   -2     11.340     13.827      4.061
 262  459      5.656     -8.756      0.804
 179   -2      5.211      7.687      2.998
  -1  390      3.313     14.122      4.161
1239   -2      7.436     -2.668      1.945
  -1  525     15.678     -5.226      9.320
 608  748      9.562      0.773      7.105
  -1  901     14.526     10.699     -0.667
 831  674     -2.055      0.347      9.995
  -1 1008      8.180     -3.375     11.636
 517   -2     21.043      5.827     -0.069
 365 1103      8.033     -7.426     -8.172
 284  785    -20.095      1.576     10.782
  -1   -2    -14.781     -1.736      5.906
  -1   -2      5.895     -4.458     -6.838
  -1  254      6.448      3.865      5.161
  -1   -2     15.672      9.966     -5.987
  -1 1093    -14.296      3.189     11.343
  -1  935     11.301     -2.541     10.384
  -1   -2     17.690     -1.224     -6.033
 983 1143     -4.548      0.974      8.036
 366   -2     -0.812      9.649      2.359
  -1   -2      3.791      3.611     -5.411
 971  201     19.500     -1.170      8.744
1212   -2     23.987      3.522      2.177
1036   -2     -8.769    -10.142      2.280
  -1  904     -9.688      0.604     10.929
 488  776     18.943     15.546      6.499
  -1   36     22.967      4.750     10.472
 321  397     -8.599     12.741     11.537
  -1   -2     -5.959      8.495    -10.314
  -1   -2     19.675      6.574      4.259
 286   -2     11.070      4.571      9.732
  -1  296     -6.746     -1.631      0.279
 651 1173     -7.197      7.369      3.346
 114   -2     -1.411     15.005      2.492
 603   -2      8.327    -13.581      0.600
 125  880     25.366      8.167     10.960
  -1 1065      9.509     -3.706     -3.838
 775   -2     25.418     -5.955      9.376
 471  349     10.057      9.717      3.612
  -1  375      1.520     11.423      2.312
 762  723      7.879     11.117      9.671
  -1   -2     19.020     -6.955      0.726
  -1 1249      2.489      6.813      8.065
 896   -2    -12.046     -7.340     12.543
  26  372      5.512      7.146      6.229
  -1   -2     -8.322      7.931    -10.637
 226   -2      5.486     -0.059      7.159
  -1  355      6.172      8.106      0.698
  -1   -2      1.459     -0.949      5.754
 401  943    -13.751     10.489      7.445
  -1 1299     -9.001     -5.862     -4.105
 622   -2    -18.163      5.518     10.304
 859  404    -16.119     12.611      9.636
 244   -2     -2.378      1.332      6.990
 156   -2     -5.702     14.402      5.370
 426  874      9.305     15.748      8.591
  -1  479      5.516     11.720      4.795
  -1  872     14.223      6.601     -1.172
  -1   -2     -6.722      7.301    -10.532
 872  634     -2.732      1.787     -0.779
 326  483     21.101     10.118      5.338
 243 1297     19.387     -7.398      3.712
 229   -2     17.414     -3.849     -1.492
 194   -2     15.126     -0.477     -2.458
 988   -2     -0.126     -3.618      3.130
 607 1272     14.459      5.963      7.023
  -1   64    -10.593     -1.651      6.281
  -1  520     -4.489     -0.591     -3.585
 241  318      6.025      1.182      9.038
 371  160     14.923      8.114     11.784
  -1  344      6.468      9.509      9.786
 924  637     -3.683     -7.230     -5.942
  -1  671     19.929      2.867      6.350
  -1  287      3.865      5.518     -2.586
  -1 1163      3.588     12.161      8.780
 359  110     17.859      7.150      0.019
  -1   -2     -1.469     -7.129      7.280
  -1   60      1.164     -0.172     11.683
  -1   -2     -0.859      1.650    -10.916
  -1   -2    -15.184      3.077     -9.358
 867  583     -3.151     13.597     11.451
 418  340     21.862     -6.456     11.655
 593  659    -16.451     -1.072      9.396
 121   -2     16.441      7.335      0.096
 688   -2     10.875      2.402     -8.022
  -1  739      8.395     -4.293      8.273
 724   72     10.005     -0.435      8.420
 280   -2     -3.672     -2.909      7.033
  -1  418      9.656      9.721     -7.180
 303   -2     -6.977     -3.351     -6.118
  -1   -2     14.455      0.872    -12.838
 355  391     -9.510     -4.563      0.050
  -1  890     12.322     14.808      8.365
 506   -2     21.205     16.439      3.664
1053   -2      0.491     -3.213      7.219
 285  828    -18.037      7.612      3.804
 312  603      3.190     -6.169      0.774
 311  875     23.878     12.123      5.853
1066  557    -17.862      0.291      8.297
 894  921     -2.700      8.573     10.714
 334  168     10.216     -2.588      4.666
  -1   -2      5.443     -5.945      4.175
  -1   -2      7.911     -7.453      7.765
  -1  813    -16.708     15.209      7.350
 317  147     -4.367     13.298      4.534
  -1   -2     12.279     -6.114     12.359
  -1 1137     11.212      5.298     10.091
 734   -2    -16.224      3.754     -8.133
  -1  392     12.495     11.831      7.983
  -1  699     16.579      1.445     -5.166
  -1   -2    -20.725      5.181     11.337
 509   -2     12.180     -6.564      6.143
 348  765     23.482      5.281     -0.808
  -1   -2      8.740      8.080     -9.193
 214  906    -11.194     -4.743     11.800
 875   -2     15.025     -8.026     10.375
1008   -2     24.862     -8.556      5.461
  -1  186     17.260      8.439      3.918
 732   -2    -20.025      3.515      9.238
  86   -2    -15.756      1.167      9.407
 404  368     17.182     -2.324      7.675
  -1  538     -1.377      8.281     12.192
  95   -2     24.589      4.962      7.218
  -1  462     10.044      8.158      5.316
 310  114     13.280     -6.271      5.073
 549  369    -14.622     -3.661      3.946
  -1   -2     -6.151     -4.896     12.469
1058   -2     11.162      8.597      8.979
  -1   -2     10.576    -10.070      6.593
 268  523     24.331     -2.852      8.481
1160  540     -6.852     15.570      4.884
 804  280      3.654      6.862      9.961
 398   -2     -2.308      4.938     -4.971
 370 1263     19.929    -16.841      6.531
  -1   -2     22.046      8.784      3.713
  -1   -2     17.322      7.883     -3.724
 475  267      1.190      3.585     -1.222
  -1  585      0.422      4.207     -7.632
 278  715      7.904     14.854      9.331
1181   -2    -16.481    -11.533     11.302
  -1  914     18.010      9.033     12.428
  -1   -2     14.566      1.834      9.577
 510  260      2.335     -1.398      6.473
  -1  995     13.891     17.199      7.094
  -1 1251     17.490     12.227     -1.107
  -1  158     10.748     -0.193     -1.242
1226   -2     21.628     -2.592      3.616
1270 1125     22.866      0.892     10.420
 187 1248     15.369      8.046      9.092
1100 1047     -0.429    -11.402      3.599
  -1   -2     15.054      5.983     -5.506
 754   -2     13.706     16.717     11.973
  -1   -2     17.264      4.439     12.623
 281  269     24.797      3.207     11.885
 996  295     -2.499     -1.438      9.078
  -1   -2     -1.044      7.040     -6.946
1242  388    -11.232     -9.528     10.190
  -1   -2     17.382      7.696      7.275
 915   -2     20.843     -3.361     10.009
 794   -2     -4.248      9.190    -11.776
  46 1238     10.735      5.764    -10.532
  -1  693     10.515     -9.802     12.424
 487  869     21.044      1.925     10.698
 615   -2     10.407      7.618     -2.853
  -1  955    -13.727      9.200     -2.829
 516  511     -6.753     10.526     -6.205
1059  502     -6.266     -9.608     -7.349
 554  166     10.254     13.866      5.984
1267  272    -13.038      8.130      1.480
1240  240     13.333     -6.456     10.412
  -1  362     -4.904      6.361      9.002
  -1   -2      3.343     -9.942      2.398
  -1   -2     21.647      1.799      5.137
 231   -2      2.661      1.454     11.130
  -1   99     10.810      2.886      5.402
 122   -2      6.299      1.010     -0.061
  -1 1002     19.313     -9.080     10.642
  -1   -2      5.350     -3.283      6.882
  -1   -2    -15.504    -11.234      4.756
1233   -2    -11.743     -3.952     -8.759
  -1   -2      3.173      0.544     11.441
  -1   44     17.451      3.349      6.365
  -1   -2      8.353    -10.176      5.210
 813  253      7.488      1.123     12.503
1186   -2     19.553    -17.250     11.491
 674  685     23.679     11.986      8.328
1108   -2      6.555      3.520     11.237
  -1  403     -7.451    -10.042     10.164
 353  878     -6.101    -11.119      9.463
 959   -2     -2.788      3.143      4.893
  -1  139    -12.878      5.625      2.492
 435   -2    -10.578     13.684      1.214
  -1   -2     23.713      8.739      6.161
 656 1061     -1.877      6.035     -2.806
  -1   -2     16.266     11.740      7.855
 816  200    -19.853     -2.790      9.212
 349  580     10.069      7.500      4.687
 707  698     23.989      1.794      4.253
 210  550     23.146      1.867     10.122
 529   -2     -0.020      0.084      6.833
  -1  230     -0.389      5.465     12.097
  -1   25     10.965      3.258     12.148
 237  157    -16.048      6.203      2.665
  -1  330     17.202    -16.117      9.675
  -1   -2     -4.623      4.740     -7.796
 692  677     21.064      6.935      7.092
  -1   -2      6.255     11.006     -0.337
 344   -2     23.735      0.496     10.011
 838  807    -19.863     -3.397     12.272
  -1   -2    -15.549     -5.024      4.642
  -1  845    -11.415     -4.926      9.207
 710   -2     18.760    -11.881      2.195
 389  546     18.411     -3.557      7.895
 773   70    -11.914     14.308      2.890
 250   -2     23.438     10.211      5.734
1143   49      0.753     12.566      8.810
  -1  246     19.757     -2.892     -9.731
  -1   -2     -6.018     -0.706      7.834
 144   -2     11.029    -11.248      2.960
 570   -2    -12.422     -0.721     10.322
 647   29     24.308     -2.434     10.467
1163   -2      9.859      4.266      5.986
 536  325      7.278      1.265      8.529
 313   -2     17.218      5.546      5.476
1227   -2     14.513      9.406      2.550
 855   -2    -11.714     16.862     10.998
 242   -2     -1.788     12.330     10.472
  -1   -2    -10.492     15.756      5.270
 288  610      0.504     -9.960      3.294
 436  470     11.248     15.349     10.778
 315  775     12.533    -10.834      4.878
  13   80      7.141      3.770      6.225
  -1  622    -17.237      5.442     11.752
  99   -2      1.681     -9.918      3.401
1065   -2    -18.072     -6.355      7.960
  -1  783    -18.901     12.022      9.384
 449   65    -15.300      6.545     -8.312
  -1  266     -2.915     14.767      2.380
  -1   -2     15.031     -7.072      8.998
1017   -2    -14.075     -7.660     11.741
 381   -2     -7.167     -0.749      5.889
  -1 1107     26.991     -4.422     12.365
 427   -2      8.041     13.844      3.075
 477   -2     -4.263     -7.580     10.872
 780  199     -6.370      7.974     -0.249
 936 1283     19.216     13.102      7.097
  -1   -2     20.995      1.189     10.822
  -1   -2     -3.172      4.051      7.414
1229   -2      3.492     -0.692     -4.346
 165   -2    -12.253      0.651      2.055
 351   -2     16.812     -3.027     -1.201
 485  629     10.048     -8.221      3.492
 904   -2      8.559      2.555      6.414
1246   -2     11.714     12.564     -6.370
 274 1258      9.400     -6.432      0.424
 135   -2     13.985      4.969      8.237
 438  131    -15.465     -2.301      2.978
  -1  188      3.756     10.391      7.856
  65 1241      3.457     -0.392     10.695
1214  102     18.619     -2.194      9.244
 324 1315     24.860     -4.132      8.284
  -1  877    -14.701     -1.277     10.046
 490  732     19.599     13.987      6.701
  -1  219     -1.452     -1.289      8.444
  -1  194     12.482      1.869      7.167
  -1  384     25.127      0.960     12.322
 460  447    -13.158     -8.732      5.433
 390  526      4.645     -2.922     -0.950
  -1  802     24.666      5.618     12.199
 379  250     18.067     13.924      0.330
 541  600    -12.256    -11.275      4.415
  -1   -2     10.543     -6.763     -9.863
 568   -2     23.526      0.410      7.916
  -1  666    -14.702     -4.813     11.991
1148  594     27.684      3.788      9.100
 272  714     11.836     10.833      4.436
 213  513     -5.059     12.817     -0.013
  -1   -2      0.036      9.196      6.192
 275   89    -11.124      5.886     -1.084
  -1 1111     13.133      2.271     11.352
 641  524     12.959     11.371      0.184
 579  994     17.216     -4.038     11.686
 483  565     24.472     -1.808      3.272
 849 1147     -0.551     -9.621      9.748
  -1  164     22.705      6.850      1.439
  -1   -2     17.680     10.117     -5.915
 653  229     13.897     11.460      9.224
 649  285      5.798     -8.581      4.695
  -1  703     11.319     -8.757      1.099
 935  750     11.159     11.625      1.283
 602   -2     16.760    -11.301     12.344
 543   -2     11.343    -15.282      2.125
 223   -2      4.646     15.016      5.500
 954  930     -3.584     16.363      7.409
  56   -2    -13.106      0.682      5.828
1235 1277     20.497     15.896      8.022
  73   -2      9.781     -4.474      9.882
  -1  367      9.687     -7.270      5.242
  -1   -2      9.217      1.162     -6.065
 871   -2     12.154     -0.527     11.877
  -1   -2     10.071     11.162      5.695
  -1  974     24.200    -14.127     11.434
 684   -2    -13.219    -10.413      9.796
  -1   -2      3.783     -6.753     10.397
 680  437      4.163      3.359      8.167
  -1   -2     -9.465     -8.524     -7.362
 153   -2      1.181      5.677      9.489
 697   -2     20.600     -4.636      7.385
 505   -2    -13.916     16.155      7.750
  -1   -2    -19.199     -0.896      6.811
 336  480     15.573     -3.960      8.158
 952  561     -8.798     14.722      9.343
 815  209    -19.061     -9.180     10.948
  -1   -2    -15.262     11.586     -2.042
 523  710     18.072     -9.313     10.530
  -1  346     -1.018     -2.472      8.473
  -1   -2    -17.521     -1.774     11.626
  -1  509     19.659     -7.078      9.641
  -1  614      3.191     -1.400      6.785
  -1  518     24.623      1.529      1.193
  -1  360     15.727     -7.963      0.142
 858   17    -16.409     11.806      2.582
 851  934    -13.065     11.346     10.303
  -1   -2    -16.948      9.919     -0.743
  -1  371     14.850     13.226      8.975
 755  792     19.270     16.633      3.930
  -1  153     14.273      8.265     -0.905
  -1   -2      2.302     12.922      2.123
1164   -2      5.585    -13.664      5.849
1019   -2     25.983     12.235      7.410
 621  174     -8.573     -6.156     11.024
  60  319      6.039      1.204      7.236
  -1  361     19.650      8.854      6.038
 901  916     -2.565     -7.708      7.088
  -1   -2     22.142      5.419      1.525
  -1   -2     11.110     -5.745     -2.510
 112   -2     10.551     -6.230     10.941
 279   -2     16.931     -6.477      1.611
  -1  547    -11.673     -2.266      1.688
  -1   -2     21.295      2.618      8.851
  -1   -2     -5.006      7.153      6.154
 993 1095     -8.551     -1.931     11.932
 289  626      2.477      4.760      3.694
 817   -2     20.870     12.027      7.418
 917   -2     -3.262      7.366      8.018
 215   -2    -13.827     -3.098      3.977
  -1  605     26.161      3.611      4.743
 997   51    -16.118     -8.078     10.040
 167 1308     22.197     -5.284      8.475
 746  366     14.386     15.937      6.527
  -1  616     -3.854    -10.208     -8.924
 190  644     18.268      2.876      3.082
 542  332      9.614      0.999      3.900
 126  265    -11.539      1.048     -2.391
1030   -2    -12.218     10.059      9.946
 425 1161     22.115      8.242     -1.629
 921  558      5.304     11.837      0.136
 540   -2      2.150      5.891      7.709
 202   15      8.987     13.195     10.313
  -1   -2     -4.667      7.160     -2.920
 846   -2    -10.212     -4.279     11.946
  -1   -2      7.074      0.972      3.890
 678   -2     -1.844     -7.785     11.274
 508  545     16.749     14.136      4.419
 611   -2     18.395     -1.756     11.843
  -1  885     -3.768      3.734     -0.514
  -1   -2      4.618      2.589      1.633
  -1   -2     19.081     -9.115      0.535
1071   -2     -5.223     -1.835      8.297
 986   -2     15.213      2.649      5.030
 228 1079      7.230     10.394      4.799
  -1  268     -9.936     -0.441     -4.276
 753  639      8.139     -3.413      2.081
 787  805      1.957     -0.538     -1.310
 916  317     13.703     -4.543     10.254
 195 1337    -12.708      1.120     10.055
 138  251      6.283     12.327     -9.400
  -1 1110    -17.252     -8.608      3.738
1224   -2      8.242     12.159     10.462
  -1  701     19.598     17.890      6.939
 600   -2      1.326     13.646      8.449
1012   -2     27.902      0.824      9.955
  -1   -2     -0.011      0.835      5.855
  61  688      9.069     -2.285      2.043
 648  990      4.747    -13.617     10.560
 623   -2     19.300      5.618      7.359
 995   50     -4.650     -1.367     -7.408
  -1  152     16.267     18.108      8.595
  -1  691     -0.883     -3.681     11.954
 612  593     26.260     13.639      7.795
  -1  184     10.206     -5.022      9.022
  -1   -2     14.294      9.064      5.171
 411   -2     -2.627     16.011      8.649
 265  464     23.645      4.309      1.566
 511 1162     -3.777     -9.627      0.118
1092  378      5.785     14.683      9.800
  -1   -2     10.838     10.459     12.512
 500   -2     19.670      4.558      2.051
 561   -2     15.429      7.230      7.166
  -1   -2     19.985      4.766      9.860
  -1   -2     17.860    -16.085      4.302
 227  771     -3.635     -2.901      1.025
 557   -2     16.547     12.658      5.752
  -1  784     -5.518     13.503     10.161
 625  281      0.013    -10.476      0.830
1302  516     -3.461     -3.995     -6.811
  -1  416      5.419     11.074     10.508
  -1  909      5.005     -1.312     12.355
 453   -2      4.814     -8.373      2.615
1140 1099    -17.616    -16.221     11.774
 363  858     -8.202     12.614      7.989
  -1   -2     19.162      4.641     -3.748
 784 1280    -14.107      5.171      2.953
  -1  137    -15.708      0.069     12.387
 345  275      3.957     -1.425      7.867
  -1  961    -19.832     -5.332      9.869
  -1  495     -7.113     13.526      5.658
  -1  406     16.673      4.996      0.681
1150  312     -1.883     -5.479      9.009
1020   -2     20.229     -7.316      3.351
1083   -2     24.053     -8.528     10.946
  -1  398     13.129     13.748      7.450
 255 1255     12.689     14.923      6.099
 233  646     -0.964     -3.555      8.020
1222  575    -15.268     -3.531     -0.248
  -1  773      8.510     -3.757      9.020
 455   -2    -16.674      5.114     -5.752
 758  681      5.410    -10.640      4.818
 588  704     21.307    -12.781      9.266
  -1   -2    -17.388      7.429     12.161
  -1   -2      9.788    -10.558     -8.503
1197 1023     27.518      8.498     11.565
  -1   -2     -5.573      3.561     -9.132
  -1   -2      0.982     -5.957     -3.120
  -1  705     10.202     12.849     10.502
 747  423     11.303      3.720      9.636
  -1   -2    -18.384     11.755      9.189
  -1  348      0.069     -8.135      4.231
  -1  410     14.839      7.459      7.670
1125   -2     -2.928     -8.286      3.134
 548 1078    -13.048     -9.068     -2.902
1119   -2      5.738     -9.206     12.135
  -1 1054     18.348      8.103     11.624
 980  144     27.422      4.372     11.758
 969  706     -6.383    -12.381      4.625
  -1   -2     20.226     13.540      0.448
 868   -2     22.107      8.883     -3.688
  -1   -2    -15.765     -8.263      0.572
 335   -2     -1.842      2.213     -2.935
  -1   -2     17.471    -10.836     -5.886
 459  530     18.957     -1.499      8.882
 870  443     18.459     14.904     -2.680
  -1   -2      7.644     -9.070      3.999
 591  505      7.340     -6.918     -1.983
  -1   -2     -5.083      7.256     12.068
  -1 1101     21.702      4.989     10.306
 282  440     20.127      7.805      7.627
  -1   -2     20.751     -5.182     -0.516
 146  532      4.547     -1.451      0.775
 751  797     -3.346    -15.571      0.076
 736  787     21.773     14.763      6.289
  -1   -2      5.840      9.207     10.471
 204  297     12.868      4.141      7.089
  -1  521    -11.930     -3.772      2.338
 714  851     24.909      0.150      9.038
  -1 1034     18.513     -6.242      4.986
 705  333    -15.923    -11.139      8.275
  -1   -2     -5.713     -9.555     -2.949
 373   -2     -4.461     16.454      5.896
  -1  757     -9.964      5.819      2.304
  -1  684      5.037     12.256     -8.734
1118   -2     21.553      2.685      2.808
 382  581     18.254     -2.253      3.495
  -1   -2     19.316     -7.245     -1.379
 990 1056     19.628     -8.176      3.530
  -1   -2      8.369     -1.904     10.375
 147  301     25.751      5.569     10.689
1141  753    -10.713    -12.699      4.000
 384  993     -6.120     -7.976     12.169
 650  553      8.450     -8.745      8.994
  -1   -2     14.624     10.092     -5.673
  -1  846     21.141    -11.494     11.474
  -1   -2     -3.486    -16.413      2.631
 101  103    -13.063     -0.051     -1.466
  -1   -2     12.215     -4.029      5.179
 564  648     18.000     13.979     11.169
1025  729     -7.564    -12.504      6.937
  -1   -2     -2.271    -11.470     -0.760
 874  207     22.864     13.587      5.421
 666 1182      2.314    -15.033      7.035
 989  463     25.644     -2.555     10.226
  -1   -2     25.702      1.449      8.706
  -1  171     -2.551      1.766      8.932
1061  997     -7.527     -5.088     10.416
  -1  116     11.852     11.432     10.931
 573   -2     19.700      3.439      1.294
1078   -2    -11.327      1.749     12.020
  -1  133     11.661     14.432     -0.411
 238   -2     -5.022     -8.858      2.958
 245 1070     15.798     -2.732     -0.783
 885   -2     14.325      5.152      4.027
 818 1105    -11.777     -8.773      9.691
 580  873     -7.385      0.363      8.872
  -1  941     10.348     -2.847      1.047
  -1  563      6.724     -8.776      8.434
 994 1132      6.520      1.658      9.320
  -1   -2      7.875     13.070     -3.987
 481 1017     18.608      1.632      3.612
  -1   -2    -18.369      0.686      0.692
 142   -2     19.177     -1.117     -1.442
  -1   -2      0.767     -8.922    -11.200
  80   -2      5.878      4.972      4.365
 627   -2     26.010      3.694      6.476
  -1   -2      0.093      1.156      1.246
  -1  548     10.151      6.707      0.532
  -1  679    -15.675     -6.344     11.635
 726   -2     15.727    -18.605      9.239
  -1   -2      4.400    -15.175     -4.099
 609  713    -16.045     -8.785      4.888
  -1  552     10.994     -7.790      0.575
  -1   -2     -8.587    -12.472      4.392
 583  119     18.600      5.244      8.409
  88  645    -16.138      3.617     -5.391
  -1   -2     26.935      1.662     11.940
 925  953      4.343    -12.129      5.938
1151   -2     -7.466     16.903     12.081
  74  643     23.454     -5.230     -1.807
  -1   -2     -3.542      6.105      7.018
  -1   75     19.409     -0.099     11.415
  -1  653     -2.994      2.998     -6.956
  -1  759     18.401     -2.695     12.018
 589   -2     13.438     12.879     12.106
  -1  837     23.843     11.206      5.080
  -1  668     -7.956    -13.792     -1.066
  -1  678      4.542      0.134     11.879
  -1   -2     14.822      5.689      9.349
  -1 1136     10.165     -7.453      9.147
  -1   -2     12.119     -0.421      9.864
  -1  640     19.338     18.273     10.046
1043   -2     16.559     -4.859    -11.464
 444   -2      0.088      5.995      4.250
1105 1087     25.720     14.702      7.157
 368  725     14.722     -5.741     10.543
 480  682      4.391    -10.603      3.449
  -1  444     14.848      2.616      5.763
  -1   -2     -0.082      2.756     -7.562
  -1   -2     21.086     -6.514     12.293
1090  182     21.252     10.447      3.011
  -1  446     -4.508     -2.229     11.470
 211 1020     10.891     12.531      7.011
  -1  662     23.084    -12.101     11.568
  -1   -2      9.119      1.897     -4.353
 566   -2    -16.277      7.759      2.761
  -1 1011    -17.665    -14.375      5.168
1167  335    -19.036     -9.462      8.378
 897   -2     -0.099     -3.302     11.812
 136  468      4.867      0.565     -2.871
  -1 1154    -12.811    -11.492      9.388
  -1   -2     11.769     10.150     -7.399
  -1    3      8.615     -7.484      4.946
 446   -2     10.402      7.313      8.240
 892  632     21.389     14.155      9.746
  -1 1120      8.951      2.340      9.063
 717   -2     -8.362     -8.613      6.635
 702  611     -2.750     -4.437      9.488
  -1  206    -16.332     12.149     12.619
 886   -2     -1.635     13.271      7.453
 643   -2    -14.658     12.163      8.636
  -1   -2      2.278      8.141      1.808
 953  231     26.234     -7.362     10.751
  -1  409     -6.334     16.882      8.703
 261 1073      0.538      8.517      0.565
  -1   -2     -6.556     -3.259      8.732
 957  947     24.674    -11.207      6.019
1204   -2    -11.692     12.755     10.061
  -1  191    -12.741     10.928     11.871
  20  855     -1.557     14.516      8.950
  -1  382    -19.732      5.388      7.309
 658   -2      4.013     11.762     10.216
 513  618      7.719     14.357     -4.169
 913   -2    -15.643     14.431      7.336
1014   -2    -17.814     11.970     12.568
  -1   -2      0.410     17.888      3.699
  49  276     -0.286      2.384      9.502
  -1  467      0.065    -11.185     10.362
 330   -2    -17.415    -10.049     -8.397
 774   -2    -14.739     12.907      8.792
  -1  277    -18.131      1.969     12.392
  -1  656    -18.945      3.717      8.600
  -1  808     23.412     -9.668     -5.513
  -1   -2    -15.939      6.624     12.208
  -1  311     -7.130      3.447     12.560
 575  493    -13.770     -9.312     -1.604
  -1 1235      2.603      7.671     11.027
 776  728     -4.533     12.271    -11.109
 842   -2    -10.386      0.741      2.848
 624  316      3.722      1.884      8.353
 884  810    -16.290     16.680      6.172
  -1   -2     -7.246     12.827      0.184
  -1   -2     -4.624      3.177     12.694
  -1   -2      3.055     10.736      8.684
  -1   -2    -17.328      9.927     -5.352
  -1  286     -1.234      4.414     12.726
 675 1076    -19.411      7.238      8.494
  -1   -2     21.561     -2.050     -9.489
  -1  298    -20.785     -0.935      7.372
1187 1281     -3.425    -17.375     10.058
 260   -2      8.836     10.785     12.795
 225   68     -0.405     13.305      8.585
1096  911    -17.004     14.116     12.335
  -1  806     -6.691     14.902     12.457
 737   -2    -13.509      1.993      8.256
 719   -2     11.920    -14.619     11.734
  -1  278    -11.105     16.085      9.430
  -1   -2     24.113     -5.555      6.332
 246  227     -8.187     -6.692     -4.517
  -1  628     19.829      9.545      3.622
1097  126     15.969      9.941     10.449
  -1  893    -22.165     -3.226     10.766
  -1   -2     25.246      7.168     12.662
 628   -2    -18.697     -1.361      9.320
  -1   -2    -18.944     15.111      5.055
 372   -2     21.908     12.177     -6.385
 848  364    -17.906     13.153     12.196
 800  967    -11.931     10.769     -0.763
  -1   -2     -3.683      2.883     -2.478
  -1   -2     26.287     -2.402      4.596
1183  624    -19.532    -10.587     11.153
  -1  942     23.180     15.129      9.155
 183  279     -8.353      9.759      9.596
  -1   -2    -16.500     17.483      3.132
  -1  426     12.688     13.901     -6.140
  -1  865    -11.839     17.651     12.263
  -1   -2     25.222     -8.998      0.368
  -1  631      9.920    -10.228      8.372
  -1   -2     15.530    -14.568      0.082
 277  252     22.700      0.921     -0.272
 876   -2     -0.935      9.595     11.191
 200   -2      6.963      2.620     12.135
 673 1045      1.446     17.943      8.486
 391  118     13.347     12.365      9.863
  -1   -2     -5.147     -4.677      9.559
 782  822    -11.503     10.372      3.268
  -1   -2     -6.115     15.870     11.650
  -1  697     10.965      9.000      9.953
  -1  242     20.359     -6.647     -6.328
 940 1052     23.080     -6.779      9.478
 799  562     -0.622     12.099      7.657
  -1  541    -10.967     10.339      9.766
  -1  233     22.754      2.850     10.326
1087  169     22.083     -0.727      8.773
  -1 1114     15.586     15.856      6.171
 922   -2     10.472     -8.747      9.629
1088 1279     26.471     -9.292     12.159
  -1  438    -13.385     13.739      5.662
 845   -2     23.187     17.677      5.857
1074   -2     -2.522     17.758     12.168
  -1   -2      8.373    -11.592     -0.958
  -1   -2     11.128      0.983      8.360
  -1 1028     13.972     12.026      6.625
1004   -2      7.520    -17.431      3.427
  50   -2    -14.085     10.936      8.026
  -1  322      1.611     14.433     11.606
  -1 1059     10.436     17.452     11.500
 769  535     14.298    -11.277     12.476
 123  290     -3.901      1.759     10.227
  -1   -2      2.306      7.472     -4.709
 840   -2    -21.682     -4.438      9.373
  -1   -2     -3.291      1.703     -0.920
1032   -2     -6.346     12.769     11.454
 987  308    -10.161    -14.562      3.194
  -1  527     -3.560      8.959     10.270
  -1   -2     -2.792     11.261     10.495
  -1   -2     22.332    -15.683      9.275
  -1  590    -18.632     10.451      8.171
  -1   -2    -11.660     -2.073     -9.504
 171   -2      5.537      2.865      3.829
 899   -2     28.090      8.209      7.334
  -1   -2     -1.063     -4.911     -6.513
  -1   -2    -19.085      4.131     11.973
  -1 1179     20.987     -6.986      9.364
  -1   -2     18.537    -14.582      9.130
  -1   -2     -6.643     -2.646      8.601
  -1  937    -10.390     12.596     10.104
 723   -2    -13.359     -9.671    -11.274
1142   -2     -9.169      0.631      9.864
  -1   -2    -13.943      7.434      3.373
  -1  905    -20.506      6.258     11.021
  -1  579    -13.307     -9.016     11.049
  -1   -2      9.686     -0.507    -11.809
1154  650     28.127     -4.104      8.762
 578   -2      2.095     11.959      8.638
  -1  350     24.820    -10.689     10.864
 164   -2      3.299      6.657      6.069
  -1  683     26.736      9.956     12.656
 862   -2      8.236      9.030      9.487
  -1 1083     26.009      5.803      4.701
 963 1001     26.832     14.232      1.731
  -1  844    -13.267    -15.665     -4.343
  -1 1089     23.676    -16.521      7.736
 879   -2     25.255    -12.499      7.113
  -1  101      4.656      8.999      8.592
  -1   -2    -12.045     -3.738     -3.150
  16   -2    -10.828      7.727      2.633
  -1 1185     23.167      3.431      9.631
  -1   -2     -6.009     -3.978      8.753
  -1  566      4.842      9.203      6.911
  -1   -2    -16.885      2.956     11.094
 974   -2     18.569     12.411     11.757
 796   -2     -4.133      4.342      2.345
1152  717     18.415    -14.229     -0.990
 660  173     -6.281      1.062     -9.050
  -1 1116    -10.898     11.627      9.012
  -1   -2     -6.384     -9.945      6.145
 637   -2     25.346     11.662     12.132
  -1  208     -2.254     14.807      3.269
1013 1181      8.862    -18.142      8.536
  -1   -2      0.377      4.611     -2.478
  -1  926     27.428      6.891      5.329
  -1  533     12.193    -10.401      9.647
 806  106     -6.017     -2.815      5.977
  -1  769      0.393     15.398     12.138
  -1  442     20.476      2.315      8.725
1003  363     -2.680    -12.287     -5.739
 809  743      0.967     13.254     10.485
 577   -2     15.448    -10.986      4.289
  -1  567    -17.841     -1.157      2.362
  -1  215     15.631     -4.230      5.515
  -1   -2     -4.656     13.925      7.080
1130   -2     21.794    -16.174      2.361
  -1   -2     -7.577    -10.462     -9.307
 864   -2    -17.166     -1.866      6.667
 807 1106     25.697     -9.214      2.931
 823   -2     -0.940      7.613      9.160
  -1   -2     12.943     -7.169     -8.954
 789   -2     -7.022      2.353      6.604
 889  337     17.304    -12.773     11.192
  -1  486    -15.470     -5.643      6.247
 576   -2     20.690     -4.190     -3.088
  -1  949    -19.633      0.390     12.106
  -1   -2     -5.652     11.055     -9.764
 738  617     -1.076    -10.211     11.860
  -1  288    -12.294      1.937      6.214
  -1  960    -16.813      9.980     -8.637
  -1   -2     16.812      5.023      9.570
  -1  586      2.999     15.123      5.836
  -1   95    -10.691      0.065      4.995
  -1  854     -3.874     15.976     -0.963
 297   -2      3.823     11.535     -1.596
1095  708     17.781    -14.029     -1.491
 711  354     10.102      5.328      3.825
  -1   -2      7.565     14.016      9.414
  -1   -2     14.959      0.491      4.194
1153   -2      2.519     -2.664     10.266
  -1   45     25.338     10.617      5.213
  -1  226     22.322      5.022     -3.601
  -1  871      7.973    -13.041      8.741
 574 1271     -7.384    -12.092      2.240
  -1   -2     -2.176     17.165      2.011
 129   -2    -11.580     11.255     11.430
  -1 1221     12.274    -18.059      7.265
  -1 1015     23.552      7.852      2.556
  -1  751     22.639     -1.511      9.034
 857  352     18.700      1.804     10.360
1099  817      1.274     10.730      5.509
 502   -2     -8.772     -7.492     11.121
  -1   -2     -0.413     -7.487     -9.286
1072  999     -2.602     13.846      8.867
 898   -2    -13.079     15.981     10.132
  -1   -2      0.101     15.792     -0.502
  -1   -2     12.524     -3.368     12.720
 820  609     14.358    -15.141      6.566
 535  313      2.234     -4.617     11.659
  -1   -2     10.464      2.504     10.006
 320   -2     12.133      6.598      0.537
 882   -2    -17.212     12.175      9.989
  -1   -2     -0.639     -4.091     -3.833
  -1  471     -9.839      7.106     -1.100
 515   -2     14.812     15.384     10.529
  -1   -2     -7.218     -8.818    -11.652
 686  988     16.033     10.474      6.965
  -1   -2     16.489     -9.692     10.565
 630   -2     11.700     -0.714     -7.308
 380  249     19.161     -4.385      8.463
1001  374     23.494    -15.543      6.714
1282   -2     -2.550      3.947      6.907
  -1   -2     13.575      1.909      2.283
  -1 1085     -7.938     -4.441     -0.048
  -1 1300      1.968    -15.193     -3.851
1146 1100     22.397     -0.696     10.267
 134   -2     14.406     -8.082      1.215
  -1 1335    -10.430     15.164     11.531
 888 1022     -3.293     16.141      9.480
 198   -2     10.503     13.420     -3.920
  -1  804     28.855      1.506     10.354
 881 1006    -12.039    -19.129     11.281
 877   -2     -6.627     -2.053      6.973
  -1   -2     24.807     -4.219     12.543
  -1   -2     -2.938     15.423     12.374
  -1   -2     17.774     -8.241     12.484
 973   67    -11.462      9.084      1.158
  -1   -2     -0.463      5.629      8.946
 545  620     17.641     14.192      8.593
 812   -2      3.383      9.493      8.491
 533   -2    -14.362    -10.226     10.523
 208   -2    -15.895     -2.385      9.531
  -1   -2     -3.108      0.622      9.761
  -1   -2      2.304      6.401      3.617
  -1 1146      1.650      1.897      6.581
 968  425     21.706      3.027     10.284
  -1   -2    -10.514     17.630      9.326
 834  433     16.879    -12.604      2.620
 745  789     26.987     -0.528      8.948
  -1  663     15.273      3.332     10.056
  -1 1187     25.197    -10.385     12.171
1006 1033     16.514    -13.955      6.225
  -1 1104    -20.695     -9.980      5.513
  -1   -2     24.204      0.348     12.068
 492   -2     -9.449     15.099      3.621
1102   -2    -10.473     -6.642     10.577
 763  669     17.326      9.998      5.681
  -1   -2      0.115    -11.285     -1.432
  -1   -2      2.568     10.126     -5.350
 902  195     25.973     -4.340     11.276
  -1   88     -3.173     14.777     12.121
  -1   -2     -8.614    -17.301     10.693
  -1  774     20.008    -10.378      3.945
  -1  412     18.361     -0.051     12.233
  -1   -2     -8.693     -9.595     11.128
 715  998    -14.892    -15.157      5.644
 599   -2     25.455     -0.801     11.222
  -1  454     23.579     -3.479     12.256
1158   -2     17.341     12.708      8.713
  -1  163     10.469     -0.811     11.207
 950   -2     20.439     16.622      6.861
 914  673      9.628     -5.968     10.017
  -1  709     -1.706     -1.796      6.068
  -1   -2     11.536     -8.543      2.994
  -1   -2     15.790     -7.471     10.299
 563 1051     23.884     10.443      9.638
 999   -2      4.143    -19.039     11.425
 860  727     17.079    -17.351      9.746
  -1  850     -4.567     -8.944     12.064
  -1   -2     -5.549     -4.714     11.618
1179 1165      3.578    -20.444     11.777
1180  589    -15.580    -17.677      7.611
  -1  649     24.375      1.002      7.368
  -1 1031     -9.616     13.860      0.461
  -1   -2      1.765      7.595      0.186
1024  696      7.333     14.817     -0.016
   5   -2    -15.711     -0.695      6.225
  -1   58     -2.235      9.524     12.226
  -1  559     20.722     11.259      8.118
  -1  927     -4.757    -11.789      5.653
 764  499      0.754    -11.570      3.589
  -1   -2     -0.705      9.746      9.378
  -1   -2     10.742      6.465     -0.865
  -1 1035     -3.540      7.539     11.353
  -1   -2     -4.725     12.432     10.086
  -1   76      6.978     11.243      8.442
  -1   -2      1.768     17.111      3.764
  -1  627    -14.511      2.430     11.656
  -1   -2     -6.042     -1.592    -12.003
  -1   -2      4.022     11.863      6.976
1067   -2     13.471     10.056      9.527
  -1 1130      4.293    -15.847     -2.377
  -1  863      6.023      6.339      8.605
  -1  924     -3.700     19.859     10.024
  -1  630     12.786      2.183      8.653
 392   71     -1.056      8.973      2.367
  -1  979     -3.971      9.070      5.812
  -1  327    -17.363      5.590     10.821
 667 1158     15.286     -3.484     10.920
  -1   -2    -16.298     14.621     12.565
 777  601    -19.018      6.034     11.640
1091  399      9.171     10.790      9.016
1041   -2    -17.427     14.468     11.279
  -1   -2      9.199     -9.726     10.670
 979  294    -16.322     12.015      9.144
  -1   -2     15.336     12.129     -1.491
  -1 1115     23.690     13.671      1.770
  -1   -2     -8.205     15.686     11.296
 394   -2    -11.299    -13.184      8.570
  -1  373     -2.091     -0.522      7.035
  -1 1013    -17.779     -5.306      5.967
  -1  429     11.985     16.646      3.911
 309  824     20.398     10.365     -2.799
  -1  569     -8.208     11.313      9.299
1048  907     -9.168     18.308      9.906
  -1  956     28.003      8.559      5.443
  -1   -2      5.413     15.518      7.317
  -1  842     10.503      3.087      0.843
 965  359     18.863      4.247     11.167
  -1  657      0.791     -6.174      4.390
 645   -2     24.734    -17.628     12.021
  -1   -2     15.535     -6.385     12.523
  -1  531     18.645     16.432      4.862
 420  948     23.311     -1.271     11.844
  -1   -2     -0.509      6.575     10.059
  -1 1062     -6.884     16.808     -2.483
  -1  424     19.111     10.761     10.877
 222   -2     -2.303     14.424      4.488
  -1   -2     20.090      9.294     -1.264
 960   -2    -12.233     -4.635      8.576
  -1   -2      0.532      0.855      8.240
  92  387     18.131      0.389      7.979
 385  192     -0.296     -0.309      2.501
  -1  537     24.902     16.959      6.261
  -1 1024      5.263    -15.704      3.887
  -1 1155     11.594    -16.639      1.208
  -1 1176      3.022      4.972      9.506
  -1  737      2.092     -4.034    -11.434
  -1  654      9.508    -13.781     -4.497
  -1   -2    -10.417     -4.148      4.433
1144  435    -20.404    -12.654      8.938
 361 1262     19.968      6.702     11.349
 744  135      5.086      5.917     10.943
1124   -2      0.620     -7.187      8.730
  -1   -2     14.588      1.920      5.756
  -1  731     -0.469      5.899      7.873
 445   -2      7.750     -1.097      7.098
  -1  695     15.370     17.154     10.541
  -1 1067     -9.858     13.028      0.029
  -1 1298    -17.551    -11.316      0.505
  -1  633     -2.825     -9.461     -9.402
  -1   -2    -10.619     -8.170      4.518
  -1   -2      1.610    -13.968      1.924
 964 1200      9.473    -18.945     11.876
1038  584      2.416    -14.519      3.106
  -1   -2      4.619     -6.304      8.826
1045 1121     13.490    -18.595      9.931
 869  857     -2.658     -0.610     -1.722
1269 1077     18.947     -2.453      7.669
  -1  273      3.832      1.722      7.383
  -1   -2     -2.125     15.794      9.492
 329  154      0.121     -0.355      9.188
  -1 1186     23.802     11.259     11.824
  -1   -2     15.492      0.162     -5.114
  -1 1112      5.298    -15.694     10.060
  -1  762     -3.596      4.987     12.812
 801  900    -13.793      7.586      3.938
 463   -2     18.333     -0.374      7.521
  -1 1003     14.139    -14.949      0.536
 584   -2     18.024      9.961      3.387
  -1   -2     -0.388    -16.282      3.063
1244  237     -6.903      7.733      2.051
 682 1144     23.828      9.154      4.536
 342  795      4.873     14.241     -1.910
 803   -2     -0.434     18.168      7.698
 494  719     -0.870     -7.821     10.203
1129   -2      3.330    -13.393      1.466
  -1   -2      1.985     12.966      8.013
  -1  405     19.963     14.726      5.111
  -1   -2     23.449     16.864      5.043
 207 1118    -11.403     -2.127     11.743
1079   -2     -3.904    -11.402     10.976
 749  170     17.613      4.433      8.465
  -1  257      2.871      7.826      7.449
  -1   -2     -2.631    -11.018      2.983
1111 1133    -20.119    -15.058      8.844
 331   -2     24.363     -1.312      5.469
  -1   -2     15.607     -9.628     11.011
  -1  843     14.433     13.106     10.786
 120  604     14.476     10.482      5.462
  -1  221      5.208    -11.510      9.810
  -1  573      9.932     -2.706      8.457
  -1   -2      2.426     -8.026      1.893
1103   48      8.202      5.384      0.483
 847  449    -11.218      8.623     -3.534
  -1   -2      3.675    -10.209     11.156
1191   -2    -15.028    -18.910      8.957
1009  680     -4.395    -14.306      5.122
  -1  730     -4.926    -13.689      4.093
  -1   -2      1.251      9.347      0.686
  -1   -2      3.993      0.545      6.884
 698  302     -9.390      1.577     12.319
 620  981      3.253     13.100     11.390
  -1  800     28.744      8.782      8.748
 752  108      9.303     -3.438      7.459
  -1 1109      4.738     -8.639      9.524
  -1   -2      4.710     -3.884     -6.063
  -1  790     19.552     -9.719     11.716
  -1   -2     26.163     11.136     10.091
1171 1075     26.439    -17.278     10.596
1175   -2     28.041    -15.841     11.691
  -1 1215     24.944    -20.277      8.713
  -1   -2     -5.988    -23.349     -1.108
  -1   -2     15.639    -22.111     10.097
1178 1223      3.916    -28.811     -1.826
  -1   -2     18.087     23.772      9.949
  -1   -2    -25.275    -13.997     12.087
  -1 1088     20.653    -23.068     12.051
  -1 1219     -6.986    -21.350     12.173
1166  852     -4.801    -17.578     10.682
  -1   -2     16.600     24.720     10.033
 718   -2    -10.736    -16.303     11.179
  -1  303     25.231     15.441     12.869
  -1   -2      5.732    -18.871     12.622
  -1   -2      2.565    -25.352     -9.054
  -1   -2     29.092    -25.266     10.715
1117   -2      0.792    -22.161     12.442
  -1   -2     11.645    -28.486     -8.365
 967   -2     22.199     21.352      8.725
1005   -2     25.151     19.673     10.058
1185 1207     25.239     16.927     12.594
1192 1156    -22.633    -12.221     10.548
  -1 1213    -11.174    -23.212      8.183
1068   -2    -12.796    -15.691      9.343
1172 1210     23.045    -20.876     11.734
  -1 1199     17.582     24.055      5.981
  -1 1203     27.273    -22.582      9.868
  -1   -2    -10.267    -17.835     12.761
  -1   -2    -13.771    -18.445      2.573
  -1   -2     12.145     33.406     -6.370
  -1 1113     22.678    -20.767      4.162
   8 1228     15.648      2.425     -1.784
  -1 1306     12.102      5.206     10.460
  -1   -2    -11.238     13.866     11.089
 569   -2    -12.568      8.537     -4.143
  -1 1323     -3.397      3.579     11.223
  -1   -2     -3.821      5.855      7.685
  -1 1320     -3.454      1.095      6.910
   3  180     13.036     -8.858     11.642
  -1   19     -2.141     14.941      7.323
  -1   43      7.526     -7.389      5.565
  -1   -2      6.164     -4.650     10.497
  -1   -2     16.339      0.463      5.416
  58   -2     19.662     12.661     10.545
  -1   -2     11.623      5.487    -10.209
  32   23     -5.786     -0.798      4.272
  29  146    -13.106      1.206     11.910
  -1   -2     24.362     -2.012      7.237
  -1   -2     24.699     -1.901      7.897
  -1   -2     24.065      2.755      1.522
 619 1274     23.641      4.923      7.673
1215   -2     14.589      4.856     -9.558
  -1  507     -9.974      0.736     11.857
  -1  772     -0.905      7.937     -5.627
  -1  922     15.038     -7.139      9.023
  -1  473      6.408     -4.459      6.546
  -1   -2     19.868      6.000     11.431
 534   -2     11.732     -0.648      6.598
1230   -2     19.322     -7.301      3.636
  28 1236      3.784     10.402      4.078
  -1   -2      0.914     -9.394      1.779
  -1   -2     10.525     -1.433      7.948
  -1  193     -6.702     -1.086      6.506
 263   -2     -7.239     -6.738     11.263
  -1  386     -3.667     -2.938      7.195
1093   -2    -15.589    -11.280      4.689
 527   -2     -5.828     15.482      5.798
1243   -2     -9.021     -5.908     -4.170
 318   -2      1.591      3.351    -11.381
 409   -2     23.083    -10.240     10.398
  -1   -2     25.689     -3.168     10.370
  -1 1041     15.593      6.912      6.310
  -1   -2     12.287     15.062      7.710
 430  554    -13.780     15.658      6.583
1217  809     13.113     -5.401      8.499
 393  383      7.881      7.672     -5.635
  -1   -2      1.936     12.449      8.918
 465 1268    -12.014      2.235     -9.335
 157  401     -2.857      4.090     -5.303
 770   -2     23.363     -9.800     -5.228
 117   53      1.596     -9.832      7.991
  -1   -2     -8.586     -3.810     11.187
  -1   -2    -16.779     15.132      7.056
  -1 1265     23.655     11.937      8.199
 493  882      2.605    -14.363     -6.161
  -1   -2     24.751      1.980      5.033
 161   -2     16.230      2.480      6.683
  -1   -2     -6.643     -2.646      8.601
  91   -2      6.408     -4.459      6.546
  -1   -2     -3.397      3.579     11.223
  -1   -2    -11.238     13.866     11.089
  -1   -2     12.102      5.206     10.460
  17   -2     16.428      0.382      5.521
1276   -2     24.520     -1.941      7.537
  -1 1292    -16.511     -0.584      5.943
1220   -2     -0.881      7.939     -5.672
1211 1293      9.545     -3.637     -3.772
  -1  310    -17.938      7.499      3.773
  -1   -2    -11.432     -4.332     -8.144
1253  129     -5.447      8.859     -7.167
 903 1282    -16.644     15.175      7.528
1281   -2     -3.417      1.062      6.826
  -1 1301    -11.921     -0.513      3.505
  44  450    -12.081     -0.266      3.131
1210  430    -16.511     -0.584      5.943
  -1   -2     24.840     -4.375      7.614
1264   -2     12.102      5.206     10.460
 133  920    -11.685     10.195      0.634
  27  217     -2.074      5.820      2.343
  -1 1316      0.208     -2.653     -0.311
  -1   -2     -3.397      3.579     11.223
  -1   -2     -3.397      3.579     11.223
  -1   -2    -11.238     13.866     11.089
  -1   -2    -11.238     13.866     11.089
1221   -2     24.840     -4.375      7.614
  -1   -2    -11.238     13.866     11.089
  -1   -2    -11.238     13.866     11.089
  -1   -2    -11.238     13.866     11.089
  -1   -2    -11.238     13.866     11.089
  -1   -2     -3.397      3.579     11.223
  -1   -2    -11.238     13.866     11.089
  -1   -2    -11.238     13.866     11.089
  -1   -2    -11.238     13.866     11.089
  -1   -2    -11.238     13.866     11.089
  -1   -2    -11.238     13.866     11.089
  -1   -2    -11.238     13.866     11.089
  -1   -2    -11.238     13.866     11.089
  -1   -2    -11.238     13.866     11.089
  -1   -2    -11.238     13.866     11.089
  -1   -2    -11.238     13.866     11.089
  -1   -2    -11.238     13.866     11.089
  -1   -2    -11.238     13.866     11.089
  -1   -2    -11.238     13.866     11.089
  -1   -2    -11.238     13.866     11.089
  -1   -2    -11.238     13.866     11.089
  -1   -2    -11.238     13.866     11.089
  -1   -2    -11.238     13.866     11.089
  -1   -2    -11.238     13.866     11.089
  -1   -2    -11.238     13.866     11.089
  -1   -2    -11.238     13.866     11.089
1298   -2    -11.238     13.866     11.089
  83  642     16.760      7.771     -5.251
 316 1242     15.452      8.009     -5.178
1035  612    -13.458     -1.399      4.696
