1304
   0    0    -11.150      4.512     12.118
   2    3     15.950      1.876     10.466
  -1   -2     12.907     -8.879     11.888
  -1   -2    -18.047      2.169      6.187
  -1    2     26.104     -0.160      3.693
   5    8    -10.749      7.514      9.766
   9  935      5.323      5.409      3.992
  94 1244     17.085     -5.829      6.130
  -1   -2     18.503      5.244      2.046
 565  450     -5.992     -0.059      8.771
  24  601      0.951     10.605     10.472
   7 1229     -3.455      1.035      7.187
  17 1232     -7.173      0.124    -11.831
  -1   30     16.366      3.812     -8.058
 301   -2      1.951     -1.882      7.321
  -1 1299    -11.214     13.863     11.072
1217  357      7.036      4.765      8.017
  -1   -2     14.557      6.038     -9.720
  41   -2      9.696      3.249      5.297
  -1   27     16.252     -1.796     -3.689
 212 1148     14.586     -0.726     -1.140
  37   -2     -6.030     -0.651      3.822
  35   31      8.896      9.415      0.017
 480  552    -10.282     -2.265      7.691
  -1  602     -6.097      6.295     -7.769
  -1   -2      2.690     10.065      5.221
 134  204     14.184      5.221      8.226
 292  544      3.116      1.055     -3.906
  29   15     15.824     -0.952      0.299
  18  227     11.074     -0.777      1.598
  -1   -2     16.548      0.195      4.812
  -1   37      3.347      2.293      3.407
  -1   -2     -9.297      5.070      6.884
  -1  769    -15.576     12.009     11.500
 812  920    -16.315     -5.774     10.664
  -1   -2      7.382     -1.645      2.478
  -1  191      3.349      4.530    -10.935
  -1   -2     12.129      1.020     -4.670
  87 1241     12.831      3.308      6.498
1258  643     20.044      2.678     -4.488
  -1   -2     -1.583     10.877     -7.391
 109  145      2.391      7.410     11.306
  -1   -2      9.240      8.315     11.571
  -1   -2     -4.682     -1.421     -7.219
  -1  346      8.829     -1.977      0.839
 309 1125     -3.468      3.585     10.961
  -1   -2     20.390      9.534      7.052
  -1   -2     18.883     -6.276     10.452
  71   -2     -0.866      1.739     10.732
 962   -2      5.440      7.682      3.274
 735   -2     17.674     10.777     12.055
  64   -2     -3.237     13.537     11.622
  23   25      5.745      1.380    -10.071
 438   -2     -8.846     -2.168     -2.177
1078   -2     -3.685     11.280      9.320
1249   -2     -9.061      9.117      6.608
  -1   -2    -10.514     -2.368     11.862
 103 1100      5.452     11.797      4.988
 794   -2    -10.293      4.986      8.284
 637   -2      7.311     -3.020      9.565
   6   12     -9.043      0.695      8.252
  20  848    -14.734     10.255      6.253
  -1   -2     -5.000      4.125    -10.603
  -1  207      8.018      2.669      6.910
  -1   68      5.131      7.043      1.690
 250  486     25.749      3.052      7.448
  92 1243      0.014      7.573    -11.534
  -1   94     11.641     11.563      9.584
  -1   -2      0.751     -3.237      0.978
  -1   -2     10.793      5.633    -10.663
 558  819     13.149     10.813     12.689
 389 1069     18.467      4.152      2.843
 684   -2     -2.041     -3.558     12.526
 304  871    -17.311      4.681     -1.635
 141  246      6.615      6.376      1.435
 363 1256     17.811      5.980     -3.636
 336  112     19.037     -0.216     -8.266
 967   75      6.355      3.120      7.657
  -1   41    -10.784      9.082    -11.524
 107  732    -14.543      0.096     11.806
 119   56    -16.047     13.757      1.654
 121  110      0.664     -3.156      8.303
  85   -2      6.840     11.987     12.499
  -1   52    -13.914     -7.669     12.251
  49   -2     13.552     12.079      9.452
  44   -2     -4.089      8.333      4.572
  -1   -2     21.740      8.947      1.927
1204   48     12.309      2.310      0.425
  -1   -2     25.355     -1.174      4.892
  79   -2     23.373     -2.232      8.546
   4   26     25.667     -5.104      5.570
 706   67      1.329      4.437      8.094
  -1  711    -17.346     -2.323      2.154
  -1  293      6.156      0.623     10.986
  -1  921     17.240     -0.995      8.770
  88  100      5.103     -9.884     12.106
 975  242      5.637      8.888      5.523
  -1  663      5.798     -7.373      0.459
 170 1253      5.710     -0.034      0.742
1017   -2     14.755      2.679      8.036
  -1   -2    -11.394     15.736      5.775
  -1  645     11.057     -5.534      9.425
  -1   -2     -6.776      9.359     -7.284
  -1  239      3.743     -2.441      4.293
1079  640     17.689     14.859     11.260
  -1  304     -9.851      3.877     11.881
1072  996     -0.654      3.669      1.116
 740   -2     22.070     -8.217     -2.266
 254   -2      9.762     -0.965      7.017
  -1   -2      5.181      0.515      6.338
  -1  197      2.706      0.204     12.673
  -1   -2    -12.185     11.661     10.561
 367   79     20.931     -3.508      5.814
  70  165    -14.016      2.824     -1.414
  -1  273     -8.124      9.331     -2.986
  -1   -2     -1.104     -0.533      6.842
  84 1157     17.189     -2.289      8.106
 796   -2      2.229     11.697      9.505
  -1  243      9.347     -7.336     10.665
  -1   -2     18.830     14.596      1.591
  -1  188    -11.233     10.006      3.298
 419   -2    -10.808      9.284     -8.136
  -1   -2     15.881     13.933     -1.715
1044  439     18.028     13.252     -1.043
  39  187     23.364      9.977      2.637
  -1   -2    -10.276      9.147     -5.074
 147   -2    -12.782      7.497      4.004
 373 1262    -13.898     -0.844      2.711
  65 1240     10.187      3.932     10.682
  -1   45      5.294     -1.882     -2.587
  -1   -2     19.559      2.384    -10.380
  -1   -2     -1.213     10.107      8.231
 774  177    -12.013     14.767      4.259
  -1  137     18.388     -0.334     -3.668
  81   -2     -8.410     -3.032     -8.770
 215  373     12.277     -3.178      7.364
  -1  446     20.392      4.360      3.368
 158  391     17.498     10.087     -0.267
 586  148     -1.395      3.329      9.954
  -1  591    -14.222      2.206    -10.731
  -1  425    -15.972     -5.413      4.549
  -1   -2     19.577      5.775     -0.357
1148   -2     24.008      0.686      8.948
 656  995     -3.761     15.493      6.384
 319  226     25.445     -1.497     10.274
  -1   77     15.651    -10.790      4.615
  16  353      4.845     -6.216     12.284
1064  105     -9.096     13.010      0.961
 433   39     23.824      2.815      1.821
  -1   -2     18.874     -1.530    -11.150
  -1 1112     22.677      4.046      5.628
 150 1303     -1.411      8.279     -3.727
 786  925     -7.929      8.559     -6.799
 576  167    -18.333     -1.959      7.163
1156   -2     11.073     -1.553      6.875
  -1  868    -13.591     10.046      0.500
 142  339     -1.803      0.894     12.114
  -1   -2    -16.346     -2.102     10.799
 178   -2      4.580      2.119      0.187
  -1  594     10.448     -0.106    -11.071
  -1  220     -5.408     -1.524      1.475
 111   -2     -2.512      4.858      0.751
 145   69     -5.541      8.583      2.088
  -1   -2      0.512      9.667      4.330
 573 1182     -1.574     12.889      6.033
 771  788    -11.358      8.745      4.731
 713   17     -7.751     -3.124      8.380
 214   -2    -17.986      7.583      3.941
 925  429      2.111     -0.817    -10.034
 606  126     14.219      3.969      3.146
 231   -2     11.851     -1.824      4.131
 276  825     -9.163      7.769     -0.592
 827   -2      4.836      9.318     10.524
  98   -2     20.183     -6.466     -1.825
 130  582      6.960     13.912      9.798
 140  282    -18.535      5.283      3.371
 440   -2     10.622     11.934      8.896
 273   -2    -13.608     -0.075     11.565
 180   -2      7.910     14.981      9.337
 570  780     16.483     16.874     11.488
1132  303     15.585     -5.495      8.595
 834  245     19.737     -0.555     -2.105
1152   65     21.884      8.015      8.888
  -1  445     24.569      5.910     12.406
 602  884    -15.823     -2.405      7.422
  -1   -2     13.720     10.079     -2.609
  -1   -2     -1.731     -2.789      6.011
 296  133     11.212      7.677      3.322
 478 1228     14.577     -8.582     11.816
 595   -2      7.920     -1.423     12.563
1248  952      8.965      0.502      9.365
 302   40     12.969     -7.545      1.019
 208  249    -12.652     -0.863      5.066
  -1  149     -3.202      4.929      4.728
 374  539      2.455      0.695      8.736
  -1   -2      8.162      7.231      0.705
  -1   93    -15.068      0.207      4.187
  -1  440     26.523     -6.339      8.114
 266  263     16.273      8.303     -3.404
  -1 1129      0.624      6.813      9.950
1066  124    -11.330     -1.169      2.306
 242   -2     -5.367     12.017      9.007
  -1   -2     10.921     14.504      3.678
  -1   -2     11.163      5.224     10.062
 138 1248     18.534      2.035      5.634
  -1   -2      3.283      7.808     -1.830
  -1   -2     17.326      4.506     12.345
1071   -2     -1.094     -3.948      3.067
 991 1048      0.997      0.031      7.911
  -1   -2     -9.819     -6.693      5.595
1038  502     13.865      3.080      9.222
 600  561     26.707     -5.403     11.727
 332  358     17.202      8.328      4.053
1147  932      1.018      2.574      0.804
 423   -2     22.255     -1.945      8.694
 582   23      7.113      2.758      2.633
1214 1286     15.091      6.650     -3.039
 227   -2     -2.055     -5.579     -7.151
 775  880    -19.759     -1.169      7.790
 175  457    -17.089     -3.660      6.072
1102  625     -0.880     -7.502      6.935
  -1  815    -15.987      6.988     -0.172
  -1   -2     23.254     -4.404     10.733
 449   -2      6.713     10.653     11.452
1087 1281     -0.705      1.218     -6.790
  -1   -2      6.105     -0.541      5.245
 165 1252     24.303     -7.796      2.927
 745   -2     -5.716     13.435     -1.426
  -1   -2      5.195     -0.339     -3.969
  -1   -2      9.215      5.853      9.090
  -1   -2    -12.145      2.268     -9.960
 762   58    -13.745      9.899      8.399
1165  562     19.734     -3.637      4.993
 328   -2     20.036     11.694      8.047
 871  350    -17.941     -7.428     12.269
  -1   -2     11.537     -7.029      7.811
 543   -2      9.416      7.403      3.626
  -1  490      9.153     15.395      1.638
 243 1258     13.108    -13.770     -1.310
  -1  435     11.933     -4.096     12.249
 950   20     -4.954     -1.381      7.638
 394  244     11.898     -0.600      6.733
  19  208      7.673     -0.398     10.038
  -1   -2     25.757     -5.316      9.507
 186   -2    -18.240      1.393     11.490
  -1   -2     -9.570     -3.156     11.747
 136   -2     -7.891      7.402    -12.192
  -1   -2     22.428      6.520      1.123
  -1   -2      5.583      7.061      5.870
1063  593     -4.401     12.894      3.478
 575  686     19.724      4.438      8.809
 299   -2     17.858      9.956     -5.347
 623  691     -1.169     -0.146      2.879
  -1   -2      4.313     -7.050     12.644
 284  120     16.406      1.027     -2.476
 880   74    -17.624     -4.179     11.700
  -1   -2     12.481      9.121      1.887
1279   -2      5.474     12.409     -1.354
 262   -2    -17.602      3.335     11.818
  -1   -2     -7.106      2.279      6.315
  -1   -2     15.072      6.414     11.546
 882  870      1.704     11.261      1.981
 501   -2     18.208     -0.437      5.134
1026  895     20.798     -3.194      9.418
1143   -2     10.835     15.727      9.185
  -1  754      4.131     -2.614      9.148
 751 1118     -8.934     -5.878     -3.897
 467  905     -7.774     -6.265      9.366
 346  923     17.222      7.642      9.113
1241 1271     -2.314     -3.159      3.211
 287  487     21.577      6.658      5.773
  -1   -2    -16.092     -0.855      9.533
  -1   -2      6.311      7.698     -1.446
  -1  587     15.921      6.156      3.679
 149  531     23.070     -0.656     10.719
  -1  254     17.364      8.319     11.200
 672  824      0.091     15.408      1.592
1187   -2     24.253     13.534     12.393
  -1  523     24.669     11.160      8.604
  -1   -2      2.074     -6.468      6.669
  -1  521     19.688     -0.550     10.662
  -1   -2      1.925     11.790     -7.941
  -1  791    -18.956      4.808      6.087
 102   -2    -16.543     -1.853      4.291
  -1  837     23.784     -5.303     11.774
 849   -2      6.303     15.012     10.874
  -1  526     23.030     15.787      0.971
  -1  424     23.742     10.876     12.256
 393  590     15.828      9.984     11.105
  67   -2     12.333     14.749      8.440
 657  443      0.981    -10.843      8.987
1051   -2     11.905    -10.387      3.467
 720 1008      2.710     -2.665     10.598
  -1   -2     -5.350     -1.365      9.546
 124  143     14.524     12.840     -7.816
 900   -2    -10.659     -2.243    -12.263
  54  182    -15.823     -4.466      9.635
  -1   -2     16.072     -2.542      8.105
 432  420     -7.692     -1.022      2.027
1167  347     23.624     11.793      8.298
 508  260     17.669     -5.731     -0.039
 635  397     14.463     12.085      7.932
  -1   -2     11.002      5.500     -6.094
 510  570     14.580     13.636      9.925
 894   92     11.339      3.322     11.132
 274   -2    -11.589     -0.858    -12.377
 839   -2     15.584     -6.063      9.593
 151   -2    -13.789     10.100    -11.901
1116   -2     10.691     -7.450      9.100
 695   -2     18.790      4.624      7.373
 678  388      6.159     10.921     -3.531
 860  317    -12.107     -4.495      4.268
  -1   -2     16.422      0.177      1.626
 127   -2     22.315      3.525      9.029
 415  433     18.900     -2.125     11.056
  -1  268      3.601    -11.134      0.494
 855   -2     23.064     -7.289      7.668
  -1   -2     26.675      6.992     11.794
 153   -2     -1.218      4.034      7.729
1239  108     12.143     -0.291     -0.796
  -1  470    -14.955     -3.063     11.970
1110  172     20.671      2.867      8.444
  -1  727      2.203     16.052      7.653
1151  511     26.220     -0.024     12.319
 118 1247    -11.939     -1.726      9.017
 597   -2      5.403     -7.993     -2.986
  -1   -2     -5.279     12.841      8.936
 738   -2    -16.339      3.530     -8.175
 524  969    -18.425     11.769      9.247
  -1   -2    -14.472     12.448      7.317
 312   -2     -4.746      4.729     10.270
  -1   -2     20.094      4.877     -3.004
  -1  113     13.841     -2.842     -2.892
  -1  741      4.559      8.187     12.579
  -1   -2    -13.664      6.884     -1.229
 500  983     15.136     15.257      1.826
  -1  728     18.058     -9.820      2.577
  -1   -2     21.861     15.868      2.977
 225  296    -15.163      0.861     -4.192
 578  619     -0.716      6.034      2.692
  -1   -2     -4.062      5.039     -0.201
 615  651     12.469     11.391      8.896
 698  747      6.765     -2.139     -1.956
 152  927      1.905      9.168      4.105
  -1   -2     20.628      6.502      6.073
  -1   -2     -3.765     -7.552      6.134
 230 1257     25.651     -2.859      5.629
 391  367     18.067     -0.173      8.315
  -1   -2      9.489      1.523     -7.716
 337   -2     -8.725     15.054      9.490
 867  484    -14.738      2.790      8.801
  -1   -2      7.862     -6.978      6.671
  66  329      3.204      5.851     -1.100
  -1  776     -6.897     15.546      4.970
  -1   -2      9.488     -3.101      9.248
  -1   -2     15.451      9.639     -9.019
  -1   -2      8.991     -9.403     -1.698
  -1   -2     13.686      1.016     -6.679
  -1  166      2.017     10.874     11.257
  -1   16     17.578     -4.888      5.282
  -1   -2     18.955     10.697     -4.022
 989  509      1.742     13.404      8.745
1253  374     20.035     12.719     10.617
 596  745     13.751     15.678      9.955
 487   -2     13.305      3.807      9.194
  -1   -2      2.368     11.819     -1.246
1012   -2     23.092     -4.244      6.846
 283  913      0.066     12.809     10.617
  -1  399     -6.717     -9.678    -12.324
  -1   -2    -13.263     11.648      6.147
  -1   -2      7.940     -0.213     12.261
 368  647      2.333     13.348     -0.065
 406 1070      5.786     -3.357     -8.898
  -1  557    -18.120     -9.000     11.324
1100   -2     12.141      7.486      9.069
  -1  319     -9.800     -0.001      1.487
 411   -2     12.141     -5.195      7.954
  -1  639     21.438      0.391     12.375
 417  767    -14.828      7.269     -0.122
 587   -2     -9.690      0.790     10.192
 519  180     -0.201      7.908      2.389
 485   -2      3.300     -2.189      2.238
  -1   -2     15.079      5.471     -4.640
  -1  222     -6.918      4.001     -3.068
 552  553     22.427     -9.150     12.583
 323   -2    -12.009     10.745     -0.400
1236  322     21.672     10.027      5.725
  -1   -2     19.408      0.258     -5.943
 718  489     22.833     -0.469      4.664
 843 1276     -2.916    -11.799      7.844
 188  363      5.227      4.844      7.542
1231  865     20.770    -10.278      6.779
 221   -2     -2.827      0.793      5.267
 590   -2     13.414     10.036      8.063
 996  867     19.574     -5.627      6.339
 763  812    -10.527      8.234      4.473
 779  162     12.857      8.232     -3.664
 247  337     20.064     -5.154     11.637
 854  718    -12.395     13.151     -3.480
 912  201     -7.129      6.662     -8.524
 372   -2    -19.997    -10.170     12.376
 390  104     -4.585      8.485     -2.103
  60   -2     17.214     -5.492     -7.418
 442   -2      4.330     -4.199      8.871
 139  299     -2.705      5.509      0.018
1169   -2     -8.637     -2.673      9.741
 877   -2     -9.319      2.671      9.680
  -1   -2    -12.505      8.207    -10.537
 509   -2     -0.694     -0.784     10.651
 443  962     -5.879     16.196      9.471
 349  185     25.578     10.046      6.256
1117   -2     13.716     -5.421      4.444
  -1  493      8.976     10.152      7.955
  -1  499     21.248      6.421     -2.714
 956   -2     14.285    -11.825     -8.187
 520  714     19.958    -12.281      3.810
  -1 1068    -17.509      7.592     11.948
 350   -2     -3.516     14.448      1.121
 488   -2     -7.269     -6.595     11.139
 435  669      3.987     -5.114     -1.757
 308  665      8.123     15.335      2.262
 907  986      9.107    -13.197     -7.240
  -1  657      2.395     -7.054      7.658
  -1   -2      5.665     -1.410     -7.864
  -1   -2     13.957      9.422     -3.064
 306 1259     13.382      7.351     11.381
1277   -2     14.805     17.093      8.651
  -1   -2     17.434      5.164     -6.167
1109 1037     22.450      1.691      6.116
 211   -2     -7.456      6.724      2.480
 965  372    -17.123    -11.517      0.988
 209 1017      0.065      4.865      8.667
  -1   -2     13.111      9.304    -12.362
 514 1304     22.834      2.193     -4.987
 951  248     26.173     13.107      8.565
  -1  469     -3.307      3.911     -5.975
 760  274    -18.235      2.281      1.875
1226  953     22.657     10.824     10.036
 553 1141     22.818      5.268     11.601
  -1  272     12.339     11.011      5.215
1238  827     18.872     15.570      7.122
 916  733     -8.336     -8.171      1.770
  -1  949     26.950      9.110     10.588
  -1  461     -2.716     -7.761      6.870
 475   -2      0.292     12.444     -7.276
 693   -2     -0.579     -3.017     10.693
 512   -2     11.841     -1.777      8.649
  -1   -2     -5.669     -6.368     -8.886
  -1   -2     15.379     17.726     10.398
1022 1181      3.604    -13.328     10.773
  -1  323     19.421     -5.526      1.997
  -1  414     -6.407    -11.568     10.211
  -1   -2     11.202      7.380     -2.716
  -1  142     15.832      2.062      6.469
  -1 1139    -16.449     -8.310      4.384
  -1   -2    -15.111      2.248      5.352
  -1  710     11.241      7.709     -4.969
  -1   -2     -4.747     -8.486     -3.002
  -1  352    -16.256     -0.833      2.082
  -1  501    -13.558     -2.951      2.542
1112   -2     24.358      2.109      1.980
  -1  436     26.378     -3.258     11.487
 451   -2    -17.871      4.908      9.234
  -1   -2     -5.003    -12.968     -3.265
  -1  743     -7.246     -2.810      3.960
 203  136      4.947      9.815     -4.534
 437   -2      7.996     -3.307     11.690
1131   -2    -19.076     -7.409     10.624
1227   -2     10.466     -7.043     -9.908
  -1  549    -16.632      9.701     10.407
1154   -2     12.553     -2.385     11.805
  25  473      5.118      2.855      2.582
  -1   -2      4.814     11.505     -9.138
 548   -2     -7.029     -9.738      9.369
 474   -2     19.771      3.741     -2.621
 802   -2    -19.710      3.173      8.366
 999   -2     22.483     -9.821      6.926
 376 1263     17.662      0.953      2.688
  -1  328     19.173     -9.290      1.001
 303 1080      3.288     -8.067     -1.518
  -1   -2     16.511    -10.514     -4.014
  -1   -2      1.757     14.277     11.660
  -1   -2    -10.890     -2.012      5.743
 732  253     20.853      9.916      0.121
 453  546     19.837     -6.805      2.716
 496   -2     -3.924     -2.500      8.504
1039  306     11.163      3.029     -1.020
  -1  703    -14.198     -7.230      3.016
 927   -2    -15.681      7.296      5.259
1013 1073      6.201     -2.141      8.534
 534  637      0.299     -6.928      1.794
  -1  564     25.566      3.810      7.894
 457  620     17.371    -11.258     -8.340
 486  387     -7.477     13.429      4.673
 952   -2    -11.507     15.117     11.353
  -1  144    -18.202      8.207      4.322
 908   -2     -1.615      5.705      2.348
 279  917     21.542      2.982     -3.489
  -1   -2     -9.246      0.687      4.124
  75  237     23.191      0.752      6.786
 899   -2     13.435     -5.806     10.625
 533  417    -18.825    -10.414      9.099
  -1   -2     19.362      9.541     -1.140
 881 1109      6.073    -11.755      8.664
  -1   -2     -0.628      4.083     -7.103
  -1   -2     -2.223      0.127      8.787
 477   -2     20.858     16.322      9.601
 359  621     -3.866      0.061      4.383
1218   -2     12.282     13.225      4.410
1062  771     15.934      4.161     10.052
 559   -2     22.889      1.046     11.387
 465  632     18.473      4.373     10.891
  -1 1133      4.559     13.026      9.263
 942  341      6.062     -4.281      5.907
 542  419     -3.590     -3.073      0.600
 892   -2    -14.609     -7.316      9.953
  -1   47     -2.097     14.193      4.775
 699   -2     20.169      6.475     10.357
  -1   -2     21.969      4.161      5.914
  -1   -2     11.758     -3.068     -5.443
 522 1270      9.732     -5.976      9.655
  -1   -2      4.622     -4.139      2.400
 128   -2     12.499     16.579     12.077
  -1   -2      4.245      0.232     11.688
 562   -2    -12.332      2.681      1.223
 521  623     24.465    -16.122      6.260
 404  634     20.289     11.146      6.906
 462  410    -10.089     11.913     -7.448
  -1  285    -16.855     10.875     11.389
 425   -2    -10.609     -6.868     11.251
1229   -2     25.095      0.205      9.653
  -1   -2     15.653     14.041      7.915
  -1   -2      6.174     15.554      1.144
1119  516     -9.547     -5.559      4.542
 960   -2     16.219    -13.541      5.336
 402  485      8.642     -3.127      2.689
  -1  784     -4.237    -11.350     -3.740
 617   -2     26.710      2.567     10.246
 513 1159      5.737      8.682      1.289
  -1  475    -10.166     -6.158     11.638
  -1   -2     12.938     -5.238     -8.810
1233  770    -14.032     10.545     -2.504
 454  684    -10.180     -8.403      7.626
 120   -2     21.330     10.315     -0.047
  -1   -2     13.430      1.954    -10.169
  -1   -2     -4.011     15.885      3.885
 814  612     -7.456    -11.387      5.657
  -1 1105      9.573      2.106     11.378
 568  817      9.065      8.602      8.330
1049  664      7.574    -10.792      8.608
  -1  797    -15.538     -8.518      8.414
  -1  365      4.299     13.817      8.850
  -1   -2     12.512     -0.778     12.092
  -1   -2     16.550     -4.235     -7.600
  -1   -2    -10.937      5.404      5.441
 915 1128      3.214     10.199     11.379
 469 1058    -12.440     -8.437     -5.470
  -1  508    -14.588     -9.067    -10.149
 626   -2      9.146     -5.992     11.411
  -1  573    -18.386     -7.840      8.974
 452   86    -13.914     -2.163      6.321
 938   -2    -11.160      7.928      4.427
  -1   73     19.090      1.671      8.877
  -1   -2     13.216      1.402     10.980
  -1   -2     20.076      0.362     11.521
  -1  661     20.219     -3.623     -3.747
  -1 1290     -1.620    -11.525     -5.807
  -1  390     14.333      7.100      3.392
1113   -2     25.777     10.624     11.592
 427   -2     -7.058    -12.064     -7.993
 612  195     16.034     11.087     -2.113
1118 1000     -1.924     14.995     10.005
 662   -2     24.974      9.560     10.545
1061  298     25.040      1.921      5.289
1163   -2     15.021     -4.797      9.874
 355  690      3.625      0.732      6.634
 717  210     -0.609     -8.037      0.703
  -1   -2     15.056     -0.050     -8.316
 378   -2     20.611     15.202      7.055
  -1 1171      2.106      3.420      5.925
 131  724      9.651     -4.270      0.974
 464  334     -1.666      2.787     -7.620
  -1   -2     -5.269     -7.237     11.886
 778  289      7.887      5.307      9.031
 342 1088      0.419     -9.354      6.024
 445   -2     -2.030     10.617     10.237
 251   -2     21.886      6.528      3.901
 385   -2      3.267      3.508     11.620
  -1  616     16.229     -9.878     10.546
 703  694     12.251      1.728     10.873
 750   -2     20.132     -7.812      3.137
  -1   -2     16.864      0.210     -9.295
1030  700     17.489    -15.507      6.968
 923   -2    -15.301    -11.122      7.567
 746 1138     -1.234      0.835      8.289
 702   -2     -2.816     -8.777      8.019
  -1   -2     -3.015     -0.538      8.132
 555   -2      9.485     13.389     11.418
  -1  359    -19.399     10.509      8.085
1092   60     10.409      2.891     10.992
1230 1067     14.317     -5.192      4.441
1235  178      8.218      8.720      6.785
  -1  376     16.799     16.972      3.924
  -1    6      1.523      0.230      3.418
  -1   -2    -14.678     -1.247     -0.090
  -1  542     -7.359    -11.832      2.527
 331  633     14.722     -7.905      4.778
 728  295     11.249     14.504     -0.836
  -1   -2     11.161     -4.841     -6.658
  -1   -2      8.366     -8.734      4.756
  -1   18      5.978     -0.955      3.581
  -1   -2    -10.504      1.706     -2.989
 659 1221    -12.038    -13.948      1.906
  -1  269    -16.173      3.550     -1.702
 675   -2      7.822     -8.765     10.708
 719   -2     20.239     10.015     11.143
 601   -2     -9.835     -5.150     11.128
  -1  638     -7.115    -12.545     -4.380
  -1   -2     10.671     -6.041    -10.783
  -1   -2     10.425    -16.174     -0.151
  -1  266     17.184      1.212      2.530
 809  109     -0.366     11.427      4.422
  -1  566    -19.372     12.446      9.510
 380  510      5.268      1.490      2.860
 919  453     -2.082      4.590     -0.766
  -1  288     12.970    -11.673     -7.696
 671   -2     14.493     14.248      6.739
 137  190     18.743     12.152      3.513
 210   -2      7.624      7.744     -4.782
1153   -2    -16.506     -8.138     10.891
 944 1081     -4.252     13.795      8.187
1107   -2     20.775     -1.061     -0.628
 928   -2     19.084    -13.780      9.788
 688  649     11.609     -9.204      9.622
 644   -2     -2.580     -5.434     10.559
 755  313      0.220     -3.531      4.447
  -1   -2     -5.074     -9.005    -12.412
  -1 1225     24.192     16.011     11.328
  -1  431     22.282      5.899      6.087
  -1   -2     12.866    -10.144      6.414
  -1  522    -13.287     -6.312      8.221
 338  259      1.433     -7.566      2.119
  -1  378     21.032     -2.357     11.715
  -1  427     19.103     10.759      7.706
 371   -2    -12.812     -6.313     -3.890
  -1  966     -1.349      3.732     -5.633
  -1  471      9.503     14.383     11.255
  -1  401    -16.292      5.099     -7.372
 701 1087     15.780    -14.906      3.619
  10   -2     11.552     12.272     -3.627
 715  739      6.958     -8.415     10.123
 285   -2    -15.698     10.873      2.607
 268   -2     -1.544      5.401     -8.311
 234   -2     15.057      2.916     11.844
  -1   -2      5.599     -4.028     -3.553
  -1   -2     18.467     -6.238      2.523
 725   -2     22.381     12.713      3.194
 797   -2    -20.042     -1.998     10.660
  -1   -2     22.206     -4.957     -4.696
  -1  622      8.106     -7.024     11.045
  -1   -2      5.781      6.669    -11.931
 864  571     -3.808      8.112      6.544
1056   -2    -10.336     -7.374      3.046
1076   -2      9.704    -17.923     10.196
 792   -2     25.746     -4.958     10.261
   3  412     13.229     -7.543     11.440
 618  855      7.842     16.272     11.700
 183 1160     14.062      6.476      0.298
1042 1280     -6.614     -7.879      9.997
  -1   -2     13.333     17.940      8.462
 842   -2      4.343    -12.141      5.955
1234  568    -14.794      6.505      4.891
  -1  520    -12.251     -0.289     11.903
 473   36     16.037      8.808      0.473
 255  275     23.283     -1.804      6.479
 228   -2      3.124     16.585     10.599
 466  672      9.631     -1.034     10.653
  -1 1009      4.967     15.465      0.226
 106  411     18.682      8.851      9.641
 850  675     -4.377     -4.102     10.433
 530   -2     24.002     -1.631     12.006
  -1  326     -8.586     11.453      3.610
1046  679    -10.328      5.199      3.777
  -1  697    -15.579      0.941     -9.212
 888   -2     22.554     14.192     11.181
1137   22     -2.437      3.708     11.255
 275   -2    -12.477      0.261     10.748
 463   -2    -17.015    -11.442      2.826
  -1  842     -5.176      6.467     -1.451
1128   -2      9.571    -14.628      6.086
 577  530      2.332     -4.955     10.851
  -1   -2     -4.574     -7.190      7.034
 400 1092     -0.695      2.583     -6.486
 620  267     13.612     16.940      8.888
  -1   -2    -16.144    -10.121      7.552
  58  497    -11.914      1.731     12.251
 396   -2     21.745     11.054     10.730
  -1 1035     22.178      0.518      1.664
 744   -2     -4.257    -11.628      8.395
  -1   -2     15.974     19.111     11.898
 535   -2     19.809    -12.720      2.828
1014 1091     26.690      2.243     12.288
1166   -2     14.488    -10.450     11.519
  -1   -2     10.841      9.578     -8.394
  -1   -2     16.492      4.272      5.511
1157  375     17.939      4.506      7.576
  -1  896      5.502     12.915      8.625
  -1   -2     19.295     -1.094     10.172
 369   -2     24.263     13.302      9.796
 941  500     16.881    -14.895      1.189
  -1   -2     11.390      0.018    -11.982
 811  676    -12.771    -11.145      7.855
 441  117      5.348      9.307      6.619
 498  589      1.349      8.515      7.246
  -1   -2    -18.265     -6.900      3.203
 756  584      8.746     -9.021      9.449
1105  300    -10.680     -8.427      9.023
 166   -2      8.442     -0.435      1.542
 344 1063     27.511      4.493     11.643
 560  999      5.498      2.574      8.888
  -1   -2     15.791      0.144     10.599
  -1  122     10.581     -2.703      9.390
 584  597     19.872     15.356      6.624
  -1   -2     17.281     -4.405      1.970
  -1  362      9.028     -3.029     11.910
 305   -2     22.768      6.558     10.457
  -1  537      9.077     -1.744      8.584
 674  748     23.281      8.936     11.562
  -1   -2     11.491     13.303     -3.358
 387   -2     20.510     13.812     -1.783
 362   -2     18.099     -8.646     10.703
  -1   -2     -8.837     -6.246      0.661
 216   81      4.993      1.418     11.976
 815  513     13.567      1.993      2.216
  -1   -2    -14.496     12.690      9.508
 544   -2     19.008     -9.128      6.663
 993  737     24.093     14.662     10.770
  -1   -2    -16.445      1.409     -5.367
1173   -2    -11.553    -15.908      8.611
  -1   -2      1.419      3.308    -11.356
 830   -2      1.883     17.346      7.715
  -1  699      0.975    -11.459      3.474
  -1   -2     -4.670     -4.779     -2.867
  -1  146     12.843     15.443      1.625
 747 1140      2.994     -9.297      4.952
 112 1168     14.578      4.879      4.203
  -1 1064     -2.955    -10.427      9.509
  -1  428     25.749     14.216      8.399
 263   -2    -12.256      5.181      0.749
  -1  936     -2.098     15.217      3.332
  -1   38      8.928      3.577      4.551
 630   -2     12.395     -0.218      9.135
  -1  618      2.551     -6.810     -4.596
 468  308    -18.340     -4.903      5.276
 963  348      2.698      6.638      5.228
 964  277     12.545     -6.085      7.976
  -1  437     -5.042    -15.004     11.883
  61   -2     10.415      5.646      7.544
  -1  705     20.629    -12.191      8.051
  -1  183    -13.972     -5.244     -2.046
 875 1183     20.575      6.530     11.455
 924   -2     25.965      4.817      5.458
 144   -2     15.501     11.483     -3.826
 896  465     -8.944      2.067     10.982
  -1 1036     -6.502     10.859     10.531
 931  993     16.262     14.427     11.713
  -1  157     22.927     -7.756      1.400
 549   -2      0.333      5.160     -5.411
  -1   84      8.130     -0.587     -3.457
  -1   -2    -12.193     14.465     11.809
  -1   -2     -7.219     16.339      4.090
 833 1110     24.927     -8.567     12.576
  -1   -2    -18.298     11.418     -3.869
  -1  234    -13.900     10.604      0.609
  14  132    -11.452     13.388      8.286
  -1   -2    -18.197     -1.793      9.783
 148   -2    -19.678      0.173     11.782
  -1   -2    -14.009     11.518     10.121
1060   -2    -15.647     14.297      7.542
 858   -2     -8.913      2.600      6.138
  -1  674     -7.025     15.525     11.446
  -1  384      9.379     12.575     11.979
  -1  321    -21.030     -3.102     10.075
  -1  644     -0.016     16.315     11.949
  -1   -2     -3.012      5.528     11.097
1075   -2     14.991    -18.745     10.462
 162   -2     11.990     16.277      8.692
 114   -2     -8.478     14.466      5.514
  -1  814    -18.824      0.379     11.698
  -1   -2     22.713      8.309     -5.906
1195  941     21.155     14.832     12.827
  -1  608      5.883      7.346     11.064
1054  939     -2.137     -1.728      1.833
  -1  790     28.570      6.134     10.042
  -1   -2     -3.487    -17.413      9.963
  -1   -2      4.101      7.212      4.566
  -1   -2     -8.669      0.119     -4.171
 787   97    -18.024      0.409      8.493
 759 1096     24.300    -13.833     10.833
  -1   -2     -3.835      4.162     10.308
  -1  713    -11.123      0.290     10.916
 736  324     22.702      3.513     10.747
 126   -2     -6.801      7.623     -0.699
 414   -2    -18.323     -5.407      9.880
  -1  402      7.218      9.469      4.396
  -1  236      7.236     13.515      8.246
  -1  476      3.356     10.762      5.356
  12  415     -0.430      0.219      7.494
 972 1120    -11.970     17.334     10.105
 710  563    -17.748     12.103     12.231
  -1   50     -3.560     -2.003      4.692
  -1   -2    -14.294      2.887     11.970
 810  394    -20.908     -5.834      9.880
1136   55    -13.995     14.399     11.243
  -1   -2     -2.578     -7.269    -11.389
  -1   -2    -19.083     -2.996      9.726
 491   -2     -8.904    -11.777     -9.830
 689  606     -9.199    -12.547      5.417
  -1   -2      8.935     13.573     -9.516
  -1   -2     19.546      5.004    -12.619
 345   -2    -10.036      9.056     -0.842
 290   -2    -16.086     -5.127     -8.048
1083  683    -11.400     -5.424      9.458
  -1  256      0.600      9.184      7.761
 807 1275     -5.942      1.347      5.287
 316  792     -8.447     15.270     11.817
 821   -2     26.273      6.495      3.803
 869  783     -0.569     10.007      1.343
  -1  261      9.427      6.674      0.633
  -1   91     -3.173      7.874     11.994
1120  472     -0.963    -11.854      5.818
 249   -2     -9.395      3.785      5.456
 588  314     13.779      2.677     12.127
  -1   -2     16.755     -0.244     11.779
  -1   -2     -3.078      2.051     -1.435
  -1  130     16.642      8.034     11.282
  -1   -2     -7.047     11.994      8.787
  -1   -2     26.287      6.870      5.489
  -1  762    -17.852      8.462      6.087
  -1   32     -9.377     -2.453     12.409
 526   35      6.511     12.376     12.323
1108   -2     -9.242     16.977     12.372
  -1  127      3.081     -3.592     -2.276
  -1   -2     -4.795     -2.261      8.058
  -1   -2    -17.917     -1.166      1.323
  -1 1161    -12.508     19.259      7.081
 605  894    -18.526      7.001      8.741
1002  598     20.450    -17.560      6.200
1140   -2    -12.632    -16.487     -2.853
1186  891    -16.817    -15.292      6.817
 267  287     -5.734     14.460      5.084
  -1  325    -11.273     11.068     10.494
1093  211     -3.101     -6.075      7.237
 572 1272     16.514      4.917     -1.372
 957   -2    -13.807     -0.827     10.209
  -1  230     26.475     -1.565      8.418
  -1   -2     -7.280     16.629     -0.374
 320  498      9.650      8.826      3.013
  -1 1084      8.168     13.522     12.778
  -1   -2    -12.367     -7.409     12.498
 857   -2    -18.136     -0.903     10.008
  -1   -2     23.919    -14.195      4.785
 862  170     -1.909      7.869     11.777
  -1  257      4.355      9.838     10.473
 901 1278      2.274     14.872      2.563
  -1   -2    -16.350     15.198      8.161
  -1  370    -11.737    -10.979      6.706
  -1  151     -1.000      9.171     11.355
 143   -2      0.924      6.438     -2.792
 536  603      1.102     -4.335     11.970
 676  650      3.479    -13.914      5.343
  -1  202      8.390      0.217     12.471
 906   -2     25.840     -9.513      2.541
  -1   -2     -9.457      4.340     -1.163
 946  930      9.544    -18.882      7.574
  -1 1066     15.595     -5.662     12.557
 828   -2     -3.433      9.204     10.068
  -1  793    -15.588     12.459     10.271
  -1   -2     14.854     -1.405     11.835
 824   -2     -6.302      2.913      7.946
  -1  467     -8.686      6.553      5.329
 903  217     -7.931     -6.288     10.914
 848  760     -1.948    -17.940      6.828
 990   -2    -15.933     14.746      2.902
  -1  278     24.533     11.860     12.245
 971  908     -9.409     16.659      9.984
  -1   -2     22.113      8.031     -5.114
  -1  507      3.032     -4.701      3.995
  -1  997     20.763    -14.177      7.869
 286   -2     -1.451     -9.708      2.743
 974  491     -2.605     13.702      8.322
  -1   -2     21.137      7.360     -5.474
 431  804    -19.116      3.683     11.995
1015   -2     -4.483     14.902      6.390
  -1  912     19.832    -17.132     11.372
 652   -2     -7.841     -0.026      8.024
1099  545      1.050    -16.401      5.738
  -1   -2      1.616     -0.093      6.353
  -1   99     -7.820      7.847     -1.329
 422   -2     19.101      4.145     11.241
 868   -2     16.642    -15.760     11.166
  -1   -2     10.727      3.473      3.134
  -1   -2    -16.337      6.463      5.298
  -1  720     24.306      7.981      2.446
 624   -2     25.918    -10.725      6.838
  -1 1178     21.975     10.917     -5.767
 410  559      0.136     14.876      8.939
 773   -2     -3.635      6.974     10.115
  -1  707      8.615    -10.731     -3.156
  -1   -2     -4.988     12.300     -0.280
  -1   -2    -10.081      2.207      6.826
 557  422    -18.835      6.288     11.243
 168  929    -16.021     12.420     12.265
  -1   -2     25.666      7.824      1.852
 859   -2    -11.385     11.430      7.447
  -1   -2     11.349     11.280      6.642
  -1   -2     15.259     18.630     11.294
 921   -2      6.884     15.721      6.080
1029  794    -16.314     -4.167     -8.198
  -1   -2    -13.042     12.374     11.748
 353 1083    -17.696     10.703     12.368
1018   -2     10.896     11.695     11.888
 961  885    -11.026     11.993      9.367
  -1  316     17.052     14.206      3.535
  -1  873    -12.936     -0.319     -1.232
 503 1137     19.449     13.545      6.996
 853   -2      4.444     16.603     10.388
  -1   -2     24.577      3.091     12.717
 865  297     -2.557     14.473     10.270
 784   -2     24.391     17.524      6.313
  -1  305     -2.929      5.349     -4.296
  -1   -2      5.599    -15.505     -0.245
  -1   -2     -8.890     -8.968     -8.606
 724  682     21.719     -4.554      6.592
 986   -2     23.499     16.116     11.978
 832   -2    -12.045     16.088      8.511
 973   -2     -5.615    -13.395      7.040
  -1  184     -3.205     11.181      8.008
  -1   -2      4.689     13.477    -10.476
  -1   -2     -2.642     12.222      8.871
  -1  958    -13.911     16.474      8.768
  -1   -2      8.152      1.704     11.397
  -1  466     -3.074     -2.325     11.864
  -1   -2     15.620    -11.141      6.828
 887  626      3.544      5.857     10.853
  -1  846     -4.964      0.518      1.632
  -1  311     20.450      8.439     10.653
  -1 1117    -11.282     11.376      2.822
  -1  757     -0.153      1.300      6.326
 884   -2     -1.108     14.624      5.134
 741   -2     15.176      8.628     10.912
 642  576     25.051      7.241     10.813
1067   21    -11.681     13.602      4.441
1084  904     -2.617     13.327     12.458
 339  225      6.270      9.803     -9.287
  -1 1023     -3.347    -11.957      4.061
  -1   -2     14.109    -10.491      7.430
  -1   -2    -17.631     11.391      2.596
  -1 1043     21.509    -13.259     11.978
  -1  736     12.681     -7.166      7.436
 489   -2      3.976    -11.838     -2.759
 978  631     23.972    -15.100      7.284
1155   -2     -1.181     11.526      9.549
 985   -2     23.051     11.282     -6.349
  -1   -2      3.547      3.535      7.332
 653   -2     15.698     14.100      1.246
  -1   -2     11.203     -3.934     -4.824
  -1  976     -0.391    -15.850     -2.984
 879 1151     13.186    -18.887      8.160
  -1  434     18.353      7.622      7.972
  -1   -2    -21.381      0.109     10.798
  -1  826    -12.067     11.671      2.063
1091   -2    -12.858    -15.869      8.030
 984   -2     -0.767     16.780     11.250
  -1   -2      3.086    -11.882     -6.983
  -1  968     28.551      5.084      9.345
 723  463    -14.017     -9.563      0.122
  -1   -2     -0.750      8.309      6.792
 890   -2      7.429     -5.121      5.449
  -1  820    -21.609     -8.002     10.766
  -1   -2    -15.527    -11.396     12.459
  -1   -2     16.948      9.042     -3.073
  -1   -2      8.712    -11.386      7.802
  -1   -2     18.825     14.838     11.399
 115   -2     -6.670     14.086     11.705
1050 1012      4.451    -16.520      8.253
 856   -2     25.291     12.001      2.366
1008 1279      0.540      7.099      5.445
  -1   -2     -5.067     17.242      3.729
  -1  540      5.982      9.959     11.685
 311 1103      6.106     -6.105      9.556
1011   -2     18.878    -11.546      8.332
 571  534     15.988     12.298      6.428
  -1   -2     -4.242     -3.751    -10.584
1080  847      3.443     -6.870      7.688
1000 1011     -6.423     13.898      9.753
 205   -2     17.205     -6.319     10.860
  -1   -2     17.637      3.061     -0.650
  -1  215    -12.668      9.404     -0.606
  -1   -2     -8.543      5.510     -7.339
  -1  186     24.334      4.527      5.805
  -1 1170    -11.217    -13.329      5.492
  -1   -2     18.282      5.139      2.808
  -1  774    -13.184      2.307     10.353
 914  596    -17.625     -2.860     10.627
1281   -2     -6.591     11.615     12.586
  -1 1079      7.367    -17.311      3.381
 686  533     22.649     -6.640      3.554
  -1  829    -13.952      9.715      9.850
  -1  123     -9.943      3.617      6.511
1045 1189     11.998    -18.312      6.521
  -1   29    -13.371      1.566      5.568
 174  858     18.637     -0.362      0.452
1216   -2     -7.240     -8.052      8.428
  -1    5      3.926      9.465      8.359
  -1   -2     -8.716      9.349      2.327
  -1  893     14.666     10.786      8.178
  -1  383     17.793     -2.262     10.743
 897 1156     -8.568     11.681      9.872
 681  928      8.863     10.569     -0.833
  -1  114    -11.731     -4.826      9.815
 883  138     12.989      4.740      1.676
  -1 1136     27.433      7.041      4.194
1149  982    -13.592     14.373     10.005
  -1  752     16.401     -7.278      1.307
 117   -2      7.374      7.136      2.776
 936  717    -18.648    -12.774      3.239
  -1  775     29.683      4.847     10.619
 458  860     25.286      0.707     12.179
  -1 1101    -13.443     15.512     -7.813
  -1   -2    -18.909     -0.467      8.209
 696   -2      4.223      6.224      6.034
  -1   -2      8.665      7.442      9.080
  -1  205    -11.643     -0.756     -6.772
 295   -2    -18.914    -10.319     12.241
  -1   -2    -13.671     17.975      4.272
  -1  659      6.947    -14.126      8.882
  -1   -2     23.274     14.701     -1.082
1032   -2    -10.117     16.167     11.119
1197  811     25.805     11.956     11.546
 953   -2     15.070    -16.302      4.553
  -1  318    -10.790      9.012      0.634
 244 1006    -18.403     17.015      7.540
  -1  212     16.936     -4.703      0.272
  -1   -2    -14.774     15.407     -3.566
  -1 1165     16.518     -1.071     11.535
 634 1187     19.180      1.753     10.292
  -1   -2     27.238     -9.741     10.164
  -1 1030     -4.886    -16.452      2.848
1058  706    -10.510    -15.199      9.695
 913   -2      2.708    -11.657      4.194
  -1 1055     24.538     -8.799     -0.219
  -1   -2     -3.379     14.920     12.049
  -1  998     24.780     -8.432      8.305
1095   -2     -9.392     18.948      5.695
  -1 1059     -8.356     20.081     11.195
  -1  270      4.497     -3.651     10.054
 318  216     10.684      6.126      2.501
 123   -2      0.088      7.800      7.781
  -1 1099      3.764    -16.315     -1.229
 749   -2     14.320     18.341     10.790
1139   -2     -5.325    -15.185      6.812
  -1  315     -1.232     16.370      7.353
 679  543    -19.567    -11.528     11.493
  -1  909     -8.676     -7.746     10.448
  -1  302     -1.268     17.565     11.770
  -1  666     18.008     10.315      5.883
  -1  636      9.339    -14.503      2.461
  -1  963     -2.367      7.892      9.848
 413  333     14.488     -3.559      7.709
1269  462     -3.093      1.241      8.557
1168   -2      7.986    -14.517      2.434
 392   46    -11.780      7.932     -2.015
 169   -2     10.891      7.241      9.105
  -1   -2      4.095      3.839    -10.628
  -1  702      4.172     14.079     12.243
 261   -2     16.949     -4.147     10.672
  -1  281     22.398     -6.474     11.425
  -1   -2      7.461      8.456     -7.897
  -1  942      3.131     -7.063      0.835
  -1  444     16.311     -9.439      6.769
 647  730      5.977    -10.486      6.656
 329   -2    -16.548     10.491     -4.044
  -1  857    -12.136    -19.175     11.407
  -1  194      5.991     -3.946      7.776
 905  677     -9.669      5.138      1.637
 532  580     24.248      5.279     11.322
  -1 1002     27.099     -3.399     12.327
 935   90     -5.445     16.312     10.175
 381 1010     15.923    -18.666      9.754
 847   -2    -16.971    -20.416      7.034
  -1  627      5.411      0.007     11.943
  -1  164      6.093      1.589     11.066
  -1  887    -18.394    -16.654     10.710
 733   -2      0.219     -2.106     10.746
 379   -2     19.223     -1.942      8.364
  -1   -2     20.741      3.931      8.965
  -1  291     23.267     -6.220     12.528
 375  336     12.765    -10.513      4.515
  -1   -2      3.731     -1.429      9.296
  -1  173    -10.464     -0.474     -6.469
  -1  975      7.012    -13.365      2.639
  -1  421    -17.867     -6.365      3.851
  -1   -2     -0.111    -13.282      6.150
1133  831     23.380     18.405      6.183
 193   -2     15.885     -6.071      2.891
  -1   -2      4.716     11.724      0.813
 446   -2     -4.749    -12.163      6.129
  -1  866     -4.998     -8.385     11.448
  -1   -2     10.325      0.820      1.360
1041  882     -4.355    -10.189     -4.841
  -1  595     13.870     -1.160      6.504
 682   -2      3.421    -20.525     11.679
 664   -2      4.185    -10.057      5.213
 616   -2    -13.487     -2.568     -4.076
  40   -2     20.945     -1.209     -7.361
  -1  345     -7.508     13.533     11.614
  -1  628     23.487     -0.124     11.126
 518  723     23.757      8.243      5.303
 870 1143     -2.296     19.053      8.197
 722   -2    -12.310    -11.760     11.649
 798  934    -12.900     12.125     11.034
 563  667     -7.575     -5.772      8.507
  -1   -2     12.272      0.127      7.124
 911  179     -3.297      1.278     -0.872
  -1   -2     -4.804     -5.644      8.160
 482   -2     -3.332    -14.128     11.423
 472   -2     18.075     13.616     -4.000
  -1   -2     19.459      2.367      1.235
 493 1020     10.093      3.055     12.088
  -1  768     12.831     14.866      7.737
  -1  907     23.346    -18.445      8.785
  -1  738      3.976    -13.443      1.764
  -1   -2     -7.202     -4.728     11.450
1125   -2     22.963     15.139     -2.299
1074   -2     -1.493    -14.294     11.585
1150  801    -10.987     18.671     10.675
  -1  751     -3.056     -7.068     10.452
 826  309    -16.132     13.822      7.975
1003   -2    -17.708     10.788     10.089
  -1 1173     23.561      6.715     -6.194
 793  223     27.070      2.930      7.750
 795   -2     13.629     14.352     12.099
1025   -2      8.749      2.871      4.509
  -1   -2    -17.298     -9.607     -9.625
1188   -2    -20.135    -15.066      8.719
 885  416     26.781      9.564     12.280
  -1  454     -7.908     17.673     10.128
  -1   -2     25.250     10.076     11.699
 566 1163      9.094     -5.739      6.424
  -1 1115      9.531    -11.434      3.715
  -1   -2     21.850    -12.576     12.060
  -1   -2     14.055     12.315     11.136
  -1   -2     18.110     -4.104     11.809
  -1  795     -9.210    -13.966      6.748
  -1   -2      0.452     -4.242      6.937
  -1   -2     17.593     -2.539     10.104
1142   -2     23.847    -11.652     12.078
  -1  354      5.982    -12.656      7.589
  -1 1177     11.642     -7.051      2.275
1194   -2      9.468    -18.954     11.864
1191   -2     24.743    -16.234     12.471
1033   -2     -2.963     -9.103      9.610
  -1  128     12.076      9.914     -7.070
  -1 1122    -13.767     -2.601      6.285
 516 1211     18.208     17.986     12.259
 968   10     -0.104     10.946     11.090
1094 1071     13.590      0.024     10.889
  -1 1124      9.343      1.527      9.291
  -1   -2     -0.112     -6.886     -9.963
  -1  673     10.902    -10.079     -5.380
  97   -2     -1.385      8.097      6.436
 409  861    -15.547     12.377      5.882
  -1  615     19.467     18.128     11.384
1114   -2      2.715    -13.259     11.505
  -1   -2      7.259    -11.321    -10.689
  -1   -2     -8.215     -8.847      1.102
  -1   -2     27.221     -2.167     12.378
  -1   -2     10.814      1.156     10.113
  -1   -2     21.384     -7.489      9.531
1010   59      8.972      1.302     -1.920
  -1  442     19.184      8.785      2.198
 599   -2      0.210     14.911      4.064
  -1   -2      8.421     -0.831      0.436
 691  744     -6.092     -7.684      8.449
  -1   -2     -4.335    -13.735      5.451
  90   -2      5.756     -1.420     11.179
  -1  251     -3.833     14.943      6.779
  -1   -2     -1.765    -15.975     -0.758
1182   -2     18.453    -18.370     10.307
  -1 1197     11.038    -28.011     -6.510
1124 1220     26.448    -17.342     10.366
  -1 1204     -6.069    -24.985     -3.522
  -1 1032     21.248    -21.290      8.007
  -1 1201     24.854     23.252     10.995
  -1 1224    -28.037    -12.757      5.180
  -1 1185      7.181    -20.153     12.872
  -1   -2     24.921    -20.496      8.770
  -1 1208     -7.089    -21.319     12.296
  -1   -2    -15.413    -16.679      0.165
  -1 1209     20.832    -24.615     10.221
  -1   -2     12.135     33.328     -6.408
1183   -2     -5.217    -23.587     -3.863
1184  803     25.919     18.574     11.413
  -1   -2     28.400    -17.218     10.077
1179 1203     25.037    -17.278     10.402
  -1   -2    -23.444    -12.957     12.152
  -1   -2     26.360     13.420     12.665
1175   -2      9.775    -23.700     12.081
  -1   -2     17.080     27.193     -4.287
  -1 1199     -8.892    -18.824     11.874
 844   -2     -8.131    -20.372     10.728
1185   -2     20.426     21.899     12.625
  -1 1057    -20.742    -14.213     11.015
1176   -2     22.291     17.881     11.433
 655   -2    -19.292    -13.363     10.473
  -1  740     -1.982    -20.357     10.301
  -1   -2     16.142    -22.821     11.570
  -1 1195    -16.043    -14.076     11.971
  -1   -2    -18.032      2.276      6.106
  -1   -2     12.907     -8.879     11.888
  57   -2     -0.316     -2.283      4.474
  11 1230     -6.058      6.351     -7.981
  -1 1235     -5.890     -0.735      4.103
  -1   -2    -14.467     10.411      6.233
  -1  438     18.853     -6.200     10.574
  26   -2      2.716     10.152      4.858
  -1   -2    -11.214     13.863     11.072
 399 1014     18.145      6.854      5.403
  52 1305      2.241     -0.188     -1.497
1250 1302     -9.125      9.109      6.777
  78  400      6.581      1.023     11.916
 113   -2     17.242     -0.918      8.774
  38 1284     16.577      0.209      4.835
  -1   -2     24.237     -7.844      3.023
 192   -2     16.384      6.316     -2.117
  -1   -2     18.420     -0.296     -3.637
 930 1254     -4.062      5.039     -0.201
  82   -2    -11.918     -1.643      9.495
  15 1108    -14.102     10.474     -2.381
 982  900      0.735      6.763      9.782
1211 1285     16.592      5.536     10.199
  33 1234      3.072      1.661     -1.059
 711  810     25.205      1.633      4.848
 259  385     21.160     -1.306     10.336
 154   -2     24.814      3.945     10.567
 692   43     12.144      9.181      9.463
  51   -2     18.477      5.243      2.095
 206 1306    -12.830     -2.097     -3.369
  -1  176     -1.905     10.748     10.632
  -1   -2     14.570     13.177     -7.582
 177   -2     -0.704      6.535     -2.287
  -1  406     22.971      3.150      9.783
 357  555     -9.831     -6.838      5.896
  -1   -2     -5.827    -13.587     -1.824
  -1  527     19.395     -7.481      3.839
 333 1260     -2.299     -5.589     -6.227
  -1   -2     16.939     -4.989      0.757
  -1  327    -15.999     -7.491     -4.612
  -1   -2      6.353    -12.702      8.396
  -1  338     14.079     17.579      9.966
  -1  642      1.570     14.250     11.463
  -1   -2     11.266     11.365      6.581
 146   -2     -3.749     13.961      4.424
 636  121     -1.367     14.683      2.907
  -1  200     17.864      7.168     -2.622
 439 1267     10.562    -16.259     -0.205
 666 1024     20.327     -7.980      7.297
1245   -2     -1.821    -12.112     -4.555
  -1  156    -11.544     15.248      9.801
  -1  764     -3.475    -17.477      9.819
  -1 1153     21.973     -1.637     -8.407
 388 1265     23.077     15.721      0.998
1101   -2     26.425     -3.316     11.575
 685   -2     -1.851     -8.290      8.030
  -1   -2     13.181      2.718      9.551
1172   -2    -28.037    -12.757      5.180
  -1    7    -18.176      2.033      6.269
  -1   -2     16.493      3.618     -8.117
1201  115     14.300     -3.011     -0.440
  -1   -2     20.372      9.483      7.132
  -1 1295     19.297      1.743     -6.625
  -1   -2     -5.827    -13.587     -1.824
  -1   -2     -5.827    -13.587     -1.824
  -1   -2     -5.827    -13.587     -1.824
 470 1297     -5.827    -13.587     -1.824
  -1   -2     -3.475    -17.477      9.819
1243 1289     21.973     -1.637     -8.407
1199 1227    -17.994      2.193      5.980
 813   -2     -3.321      1.025      7.079
  -1   -2    -11.230     13.849     11.117
 156 1250     20.372      9.483      7.132
1256   -2    -11.544     15.248      9.801
 326  944     14.079     17.579      9.966
 272   -2      3.451    -11.193      0.722
1280 1301    -15.999     -7.491     -4.612
 772   -2     -3.475    -17.477      9.819
  -1   -2    -11.230     13.849     11.117
1274   -2     19.884     12.664     11.369
1207  951     19.005     -6.350     10.212
  -1   -2    -11.230     13.849     11.117
1088  332    -11.230     13.849     11.117
  27   -2     16.419      3.718     -7.808
 197   -2    -15.283     10.704      7.451
