1337
   3    0     -0.720      1.627      3.284
  -1   -2     -9.995      6.011      8.590
 901 1066     -8.083      9.173     -3.126
  -1    2     12.947     -8.908     11.887
  -1  823    -10.616      7.383      9.751
1239 1264     15.959      1.839     10.364
  -1  864      0.992     10.628     10.447
  -1    3      7.382     -6.420      5.107
1320  183     16.815      6.002      2.703
1151   -2     14.413      2.276     -3.174
 129  349    -12.926      6.355      8.810
  19   -2     18.553      5.202      1.875
 613  581     -2.270     14.758      7.113
1240   19     -3.295      1.010      6.662
  -1   13      8.902      9.440     -0.128
  41 1211      3.420      2.438      3.807
  -1   68      5.189     -0.018     -3.742
  29   -2      4.892     -6.173     12.483
1242 1146      9.541      8.689     -0.318
 426  364     24.341      5.216      6.593
 640   -2      6.417     10.560      6.636
 763   16     23.112      0.421      0.854
  -1   -2     16.720     12.356     -9.325
  40   75     16.425     11.285      3.902
 910   -2      7.081      0.476      4.622
  16   21     -4.643      9.668     11.778
  58  731     12.098      5.199     10.374
   4  410     10.427      3.461     11.273
  54  630     16.819     13.358     -3.549
  64   -2      5.400      0.210     11.334
 895   -2     -5.811     -0.818      4.331
1307   -2     16.475      3.623     -7.994
 365 1161     17.100      3.072     -3.433
 377  377      8.417     -2.065     12.101
  -1  188      5.434     12.178     -1.232
 669   53     -8.222      3.713     -1.723
 127   -2    -11.137     -1.037      7.613
  -1   -2    -15.087      0.319      4.452
 131  215    -10.336      4.025      9.645
 854  818    -13.919      6.883      6.446
 288  140      4.357      4.782     -5.889
  -1   -2     -5.605     -2.631      1.317
 788  234     -8.714      9.833      4.801
  25   -2     -8.011     -1.679     -0.232
  53   60     16.801      0.978      9.230
 599  303      1.910     -0.602      4.822
 379   -2     10.757     -7.754      4.979
 945   32    -14.159      2.142      5.957
1069   -2      4.807      7.808     10.534
 116   -2      0.344      7.458     -0.656
  -1   -2    -16.603     -0.575      6.059
 560   -2     23.953      2.838      1.481
  -1  479     -7.496     11.474     11.032
  57   -2    -14.363     10.594      6.386
  44   -2     10.871      3.489     -9.310
  32   -2     -0.898     11.846     12.066
  -1   -2     15.257      9.426     -7.593
 383  755      0.199      5.526     -4.958
  69  157    -12.109     -4.077     12.035
  -1  709     -1.289     -2.899      4.447
  -1   29     11.021     -4.459      2.888
 227   98     18.249      1.546      6.381
 112 1167     11.584      2.900     -0.709
  -1   33    -13.662     11.239      6.986
  -1   -2     -7.860     -3.475      0.297
 231  361     11.486     11.040     11.081
 780   -2    -13.282      0.764     -5.213
 575 1175      5.854     -5.813      3.303
 717 1166     -5.567     -0.734     -4.635
 194   -2      3.322      6.490      2.462
 262   -2      7.180     13.799     10.012
 803   -2     -3.906      6.442     11.611
  -1  499     18.914     -6.783      0.699
 422   -2     18.869     -6.269     10.466
  -1   35    -15.389     12.717      3.820
 345   -2      2.151     11.076    -11.468
  -1   -2      9.810     -6.503    -11.165
 252 1014     -5.501     -2.158      9.671
  -1  373      1.512      2.973     11.739
 311   -2    -11.938      0.763      2.298
  -1  429     13.198     -5.388      8.489
 493  573     18.543      5.885      8.793
  -1   -2     15.007     10.379     -9.786
1146   -2     19.497     -1.021     10.266
  -1   47      7.192      4.586      7.723
  -1  103     -9.398      4.040      5.515
 826  912    -14.245      1.886      9.488
 212   81      1.708      7.266      4.352
1286 1214     -1.249      8.339     -4.069
  13   -2     -8.597      7.202     -2.666
  -1   -2     10.890      8.389      0.499
 815   -2    -15.404      1.557     10.982
 603   -2     15.666     -5.274      9.539
 316   -2    -11.620      9.426      4.027
 691    9     18.638      7.672      2.351
 110 1224     19.184      0.035     -8.271
  -1  382      5.979      0.666     11.320
  -1   -2     14.209      4.104      3.322
  11   -2    -10.576      8.242     11.144
  -1   -2      9.440     -5.593     11.065
  82  526      2.845     -4.117     12.318
  71   -2      0.032     -2.423     -0.513
  -1  407     -8.763     14.584      9.122
 141   -2     17.288     -0.753      8.552
 696 1008     -2.430      5.043      1.040
  26  153     -0.377     14.980      3.424
 111 1099     23.811      2.728     12.103
  -1   -2     17.178      4.469     -6.445
 189   -2     19.861     12.989      6.142
  -1 1253     19.491     12.978     10.079
 169   -2     -2.427     15.225     10.498
  -1  538      3.592     -0.446     11.022
 312   -2     24.321     -7.723      3.103
 222   94     19.101      0.324     -5.322
  -1   96     -6.890     -2.100      0.880
  -1   -2     15.757      0.636     -4.636
  78  121      6.082     -0.073      8.789
 865  131     10.248     14.429     -0.315
 386  801    -17.785     -2.704      5.490
  -1   -2      0.071      5.597    -12.279
 918  241      5.297    -13.007      6.388
1178  428      1.479     -2.741     10.126
  -1   -2      5.242      9.389     -9.966
 878  576    -14.801     -1.995      5.606
 608  707      0.371      0.268      9.501
 201 1228     23.390      1.242      5.992
  67  632      8.918     -3.544      1.459
  -1   -2    -14.260      0.604     11.469
  -1  144     10.644     -7.275      9.948
  -1   -2     -2.639      2.780     12.605
 816 1255     -0.492      7.252      3.006
  -1   -2     15.312     -3.090    -11.334
1298   -2     18.639      9.411      7.887
  -1  112     17.245      0.965     -3.869
  -1   -2     -9.020      4.354     -9.728
1057   77     -0.031     10.245      6.121
 813  533      6.439      7.806      3.360
 160  930     -2.759     -5.363      2.019
1124   -2      1.498     14.100     -2.679
  -1   -2     10.714      4.962     -8.435
 144  134    -19.025     -0.049      6.087
  -1   -2     -7.401      5.901    -12.530
  -1   -2      6.148     -3.022     -9.145
 255 1003     -1.376      3.370      9.789
  -1  228      9.574     -2.443      1.210
 121  477     20.676      4.404      2.268
 947   -2     -0.301      3.772      4.903
 534  155     14.140     -6.717     12.498
 115   55     22.705      3.932      5.776
  -1   -2    -11.465      7.091      2.084
1185  880      7.586      5.133      9.754
 922   -2    -10.780     -4.434     10.954
  -1  118     -4.324     -2.316      2.553
 158 1225      3.066     -9.947      2.806
  -1  100     20.186     -5.752      9.737
1205  129     13.392      5.125     12.305
  -1   34    -10.478      9.744     -3.823
 533   -2    -14.412     -2.431     -4.821
  -1 1263    -11.919     -0.353      7.738
  -1  205     23.146      7.132      5.137
 516    6     -0.573      6.550     10.463
1308  161     -9.600     -2.999     11.490
  -1  261     -4.766     -3.569     12.178
 106   -2      8.112      2.844      7.027
1042   -2     -5.369     -2.935      6.748
  -1   -2     -4.634     -4.276     12.589
  47   -2     25.828     -5.055      6.745
 523   -2     -3.675     15.793      6.805
  -1  925     -4.528     12.656     10.351
1315 1294     12.181     -1.620      2.520
  -1  248    -15.399      7.125     -0.790
  -1 1047     14.002      9.129      1.620
 168  541    -16.601     -8.096      4.193
  -1  235    -11.568     15.916      5.998
 917  749    -14.157     -7.577     11.914
  -1   -2    -11.932      2.716     -5.034
 672   -2     16.960      3.368     10.487
 187  297      7.087     12.969     -2.596
 543   -2     18.905      3.418     12.520
1266  269     19.367      3.271     -4.013
  -1  107      7.745     -8.177      6.434
  -1 1278      5.072      8.172     -9.099
1180  660     12.768      3.430      7.242
1117  442      7.253     13.610      8.248
 862  836      0.620     12.434     11.503
  -1   -2     14.876      8.301     11.355
 786  797    -15.637      9.566      6.703
 870  966     -1.527     -5.277     -2.422
  -1 1242     20.132     11.747      7.645
  -1  922    -13.332     15.797      7.058
1037   -2     -1.007     12.083      2.980
  -1  198     17.557      4.521      4.644
   8   -2      1.977     11.160     11.045
 249  148      5.699     -2.888     10.946
  -1  513     20.043      8.602     -3.909
 102  125     23.952     -2.233      7.645
  99   -2     12.790     14.118      3.095
 968  286     -3.019     14.448      2.419
  -1   -2     11.059     -1.984     -6.119
 355   -2     24.193     12.408     12.737
 221  165    -11.562     -0.850      2.422
 301  395      9.366     -1.272      6.482
  -1   -2    -11.576     15.218      9.985
 257  180      4.607      3.804      5.988
 823 1121    -17.347      5.430     11.568
  -1   -2     -9.081      6.465      4.057
  -1   -2     22.052     -1.307     -1.228
  -1   -2     -6.573     -1.219      4.190
  -1   -2     -6.556     -3.332     -1.074
 243   -2     -6.426      8.420      1.001
 515   -2    -18.934      4.740      8.969
 163  871    -19.787      3.361      8.737
 489   -2     23.950      5.658      3.782
  -1  654     19.321     -1.779      5.877
  -1  642     24.632     11.013      8.882
 602  566     16.893     -2.786      8.740
 488  212    -14.996     11.880     10.894
1334   -2     16.720      7.873     -5.720
 548  517     12.923     10.847     11.800
 998   -2     -2.876      2.850      3.760
  -1   -2     14.600     -4.932     11.299
 908 1109     25.393      7.381      9.085
 103  911     21.053     10.139      5.267
1023   -2    -17.319     12.849     10.020
 314  306     14.518     -8.723     11.584
 323  411      3.200      0.536     11.500
 182   -2     -9.359      1.569     11.052
1002  185    -18.237     -6.251      7.526
1283  296     21.339      1.564     11.141
 751  206     -2.414      1.342      6.974
 663 1103    -10.422     -1.050      4.266
  -1   -2     -3.116     13.623     12.157
  -1   -2     -0.149     -2.494      9.666
 694   -2     17.559     12.120     12.608
  -1  752     23.684     13.285      5.666
  -1 1034     19.183     -0.070     11.640
  -1   -2      6.619      3.999      5.379
  -1   -2     14.672     15.007     11.928
 860   38      8.147     13.606     12.440
 357  324     15.610     12.007     -4.336
 397  384    -19.577     -3.007     10.044
 556  329      0.015     -1.503      8.441
  -1  695    -10.444     -4.496      4.071
  -1   -2    -12.949     -4.056      6.404
 654   -2      9.295     -0.244      3.987
  -1   -2     -1.692     10.725     -7.215
1049  958      3.341     12.846     10.942
  -1   -2     -5.539     -0.582      4.468
  -1  449     26.992     -0.890      6.852
 767  260      4.869     -0.333      5.177
  -1   -2     15.119     12.092      2.236
1332   -2      8.372     -5.780     10.915
  -1   30     10.580      3.121      4.378
 405  259      0.494      4.132     -8.415
 198  317    -16.153      5.563     -2.363
 232 1230     -5.102    -12.903      0.100
 539  350    -16.552      6.244      6.745
1198   -2     26.906      0.595      8.468
 756  854     10.016     10.569      7.443
 253   -2     -9.607     -1.390    -12.470
 702  379     19.547     -0.950      3.467
 574  181     -3.391     -3.288      6.064
  -1   -2      4.385      2.255     -7.928
  -1  688     22.056     -0.202      8.017
 726   -2     18.070     -5.089     -1.058
 822   -2    -11.859     10.205      0.991
 193  146     -7.809     -6.375      9.896
 689  240     23.408     14.498     12.122
  46   -2     19.403     -5.702     10.252
  -1   -2    -10.471     12.849      0.118
 119  136     -5.928     -4.636     11.746
 430  470    -14.486     10.391    -10.809
 888   -2      6.484     12.933      2.215
  -1  713     14.772      5.518      9.009
 956   -2    -14.089      8.311     -2.821
 781  528      8.710     -6.547      1.054
 447   -2      2.632     15.548      9.187
  -1  316     -1.022      4.605     -4.144
  -1   -2      0.607      6.758     10.126
1329 1092      6.149     -5.742      5.745
 828   -2     23.307      5.006      7.650
  -1  348     25.983     -5.795     10.416
1290  454     16.362     -9.633     10.957
1262  277     24.428     -4.014      8.948
  -1   -2      1.012     -3.184     -7.385
 361   -2     21.419     -4.049      9.179
1327 1046     12.696     -8.367     12.249
 949   83    -17.651      5.594      8.364
  -1   -2    -17.921      6.814     11.642
  -1  481     13.651     -2.341      1.143
 502   -2      4.423      6.949     -3.497
  -1   -2      7.580      8.189     11.320
1050   -2     10.539     -6.013     11.875
  -1   -2     19.493     -8.469      6.065
1107  343     22.081     -4.956      8.415
 196   11     -1.486      3.487     -4.695
  -1   -2     15.060      5.589    -11.948
  -1  806    -11.121     13.820      7.450
  -1   -2    -15.137     -0.132      3.916
  -1   -2    -14.908      0.084     -9.517
 761  164      5.030    -11.131      4.934
  60 1213      5.885      5.377      4.235
1295  938    -16.343     11.948     11.249
 829  200    -10.399      9.142     -5.314
 139  646      4.523     10.829     -5.279
1314  319    -14.376     -0.567      8.469
 834  967     -1.272      9.803     11.659
  -1   70     18.952      6.309      2.384
 217  207     20.316     10.990     -6.921
  -1   -2     13.441     -4.535    -11.107
 181  187     20.905      7.728      2.591
  -1   -2     -2.715      5.076     11.129
1132   -2     14.850      3.083     -3.252
 490  805     -3.010      2.990     -2.215
 656   -2     21.785     10.187      4.936
1058   -2     -1.830     -3.676     11.933
 693  295     11.492      9.082      9.989
 800  813    -15.303     14.241      8.175
  -1   -2      5.670     -1.948      5.020
  -1   -2     -6.172     14.754      2.152
  -1 1073     12.736     17.572      8.270
 706  402     -5.188     16.054      6.025
 684  753    -16.315      0.405     -0.194
1191   -2     23.930     10.894     11.768
  -1 1007     19.409     -7.510      4.086
 322  342     13.403      7.285     11.155
  -1   -2    -12.055     -7.285     12.585
1032   -2      6.486     11.552     10.994
 692  618     13.972     12.143      6.931
  -1   -2    -13.847      8.906      9.215
 425  226      1.044     14.080     10.637
  -1   -2    -11.319      0.487     -4.301
 712   -2     27.771      5.604     11.919
  -1  391     -6.741    -12.233     -7.147
 239 1032     -0.812      1.651     10.329
 468   -2     20.982      2.078     -1.404
  -1   -2      2.015      3.866      5.287
 372  819    -12.769     12.533     -0.113
 305  716    -11.078     -1.225     10.667
  -1   -2      9.785     -3.767     -4.227
  -1  331     23.221      5.340     -1.466
 136   -2      3.277      4.744    -11.559
 902  256    -15.878     -4.527      8.332
 240   -2    -14.486      8.406    -11.714
 653  213     -4.788     13.206      2.960
 220   -2     18.515     -3.523      4.428
 479   -2      8.143     -3.061     11.953
  81  279      9.019     13.734      5.097
 177   -2     24.772     10.989      4.534
  23   93    -13.327     14.827     10.269
1052  158     14.353     13.782     10.838
 855  734     13.848      2.180      8.659
 849  322    -16.007     -1.776     10.857
 384  929    -16.234     14.452      3.221
1097   -2     19.799     -3.815      7.674
  -1   -2     18.011     -5.845     -4.255
 237   -2    -18.492     -0.343      9.798
  -1   -2     -5.363      3.810     -8.897
 304   -2      9.017     15.582      8.101
  72 1128     15.028     10.981      7.540
 244 1174      7.413      1.282    -10.698
1130   45    -11.022      7.893      4.265
 486  530      4.058     15.395      1.205
 423  436     -8.379     -8.077      2.168
  -1  486      6.860     -6.698     -6.978
 820 1059      9.273      5.865      8.955
  -1   -2     11.261      3.111      2.747
  -1   -2      5.141     -0.090      7.793
 688  662     19.735     10.514      6.013
1048  193     22.864      1.159      9.980
 614   -2     15.449     14.698      2.232
  21 1023     19.826     14.959     11.336
 649  673      4.550     13.145      4.225
  -1  257     -5.916     16.154      9.318
  -1   -2    -18.331     -8.111     12.400
  -1  357     10.689     -4.158     11.901
 340 1223     21.044      9.950      6.797
1077  564    -13.343     -2.845      3.056
 827   -2     25.876     -7.479      9.920
 540  779     -4.190      8.739     -5.260
 190  190     16.959     13.634      0.159
  -1  314     17.972    -14.654      8.300
 382  594     18.779    -11.677      2.270
  -1   -2     10.821      5.721    -10.558
 765   -2     23.201     15.134      9.104
  -1  414     11.968      3.366     11.197
1163  347     24.378     -8.447     10.068
  -1   -2      3.999     -6.227    -10.418
 551 1248     20.526     15.695      5.786
 457   -2    -11.231     13.361     -3.003
  -1   -2      6.906      0.137     11.610
1040   -2     12.516     11.449      8.843
 125  495     16.924      1.658      4.060
 414  149      9.895     -1.367      9.677
 886  546    -20.047     -3.205     12.185
 134   -2    -19.116      1.077      9.679
 368   -2    -11.827      9.382     -9.934
 427  399    -13.375     -8.410      6.169
  -1   -2      5.846      1.732     -1.399
 467   -2     12.570      3.833     10.786
  -1   -2     12.803     11.699    -11.416
 695   -2     -4.354     -0.833     10.376
 406  378     -9.108     14.249      5.228
 735  527     -6.042     -4.690      1.547
  -1   -2     21.346      1.254      5.997
  -1  345     12.583      0.011     12.553
  -1   -2      1.273      8.621     -7.962
  -1   -2      7.080     11.351     -1.667
  -1   -2     11.168      3.357     11.608
 456 1156     20.420      4.297     10.555
  -1   -2      4.614      8.131     -7.495
  -1   -2      5.372     -2.408      0.024
  -1   -2     -1.235      2.516     -8.816
 360 1238     12.350     -2.998      7.296
 449   -2     -7.720     -6.331     -6.212
 750  346     -6.277    -12.328      4.821
  -1   51     18.814      1.144      8.872
  -1  613    -10.443      5.209      4.048
  -1   -2     13.644     -0.256     -6.228
 387  493     22.609     -0.376      5.545
 202   -2      5.971     13.250      7.412
  -1  418      0.683     10.508      0.950
 687   -2     13.388     -1.739     -1.199
 879 1268     -4.557     13.345      4.883
  -1 1126      5.769     -9.368      4.347
 302  184      0.516      8.692      4.212
  -1   -2     14.626      8.155     -4.067
 366  124     21.746     12.806      9.686
 238   56     19.670      3.200      5.289
 445  339     12.213     14.952      7.908
  -1   -2    -10.584      3.655     -9.861
 398   -2    -18.197      0.999      6.868
  -1  265     23.744     -7.014     -2.032
 282   -2     22.287     -0.699     -3.203
  68  960     22.149     11.678      8.584
  -1   -2    -16.167      0.031     -6.480
 251  686     -8.980     -2.947      0.957
  -1  417     16.728      4.983     -1.291
  -1   -2      4.408      3.732     11.121
 659  166      1.492     -3.960     11.771
 784   -2     17.991      7.495      5.713
 667  977    -18.288     -6.893     12.262
  -1  160     17.543      8.683     10.962
 923   73     26.086     13.425      7.532
 665   -2     10.322     13.673      9.023
 328  162    -13.356     -0.090      8.504
 588   -2    -15.672     -4.895      5.686
1075  846    -13.735    -11.075     -0.328
 341  302    -17.369      5.315     -0.365
  -1   -2     19.286      6.544     -6.832
  -1   -2     22.489      0.703     -1.845
 880 1163    -12.436    -11.757      5.542
  -1  678      5.970     -5.852      9.683
 527   -2     13.195    -13.635     -1.339
  -1  625    -15.854     -6.001     -5.443
  -1  431     15.839      6.094     12.095
 465   -2     -3.313      7.070     -5.329
  -1 1055     13.243     -3.311      2.177
  -1   -2      8.151      1.065     -6.169
 113  524     13.459     -8.087      5.840
 890  590      0.836     16.942      8.557
 225 1095      9.691     -0.003     -6.990
 770   -2     17.851     16.056      2.778
 713  397     20.202     -7.657     -0.473
  79  422     -6.813     -0.484      9.086
 472  172     13.550     -6.367     10.424
 208  694     14.326      9.109      4.981
 519   -2     23.419      0.474      9.031
  -1   -2     15.656      3.353      5.882
 400   -2     22.431    -11.581      5.757
 460   -2     15.877     -2.369      8.120
 605 1069      3.752    -11.435      7.927
 348  369      2.021     -5.871     -1.706
  -1  839    -16.839      1.151      8.743
  24   -2     -4.068     -2.635      3.201
 542  351    -11.152     -5.112      9.825
1062  907     21.807     -6.091     11.511
  -1   -2    -16.573      2.715     -4.233
 892   -2      8.511      7.779      5.328
1121  882     -1.137     -3.601     11.103
 517   -2     12.518     -2.387     11.948
 520  116     25.515     -1.085      5.406
  -1   -2     -9.729     -2.823      9.365
 297  458     -7.434    -10.019     10.151
 259 1085     25.658      4.435     12.436
 633  386      0.083      2.257    -11.532
  -1   -2     -9.629      6.070    -12.327
  -1   -2      5.981     -4.876     -2.205
 772  658      1.314     -2.616      1.425
 946  982     20.889      6.524     11.955
 964  571     24.646      3.458      5.994
 394   -2     17.785     -2.745      0.901
  -1   -2    -13.040     -6.325     11.756
  34   -2    -14.302      5.430     -1.252
1287  478      7.757     10.204     10.952
  -1   -2      9.656     12.332      0.064
  -1   -2     13.641     11.655     -3.062
  -1   -2      0.515    -13.999      9.458
  -1  690     15.743      0.544     12.070
 747   -2     18.203     14.079      1.230
  -1   -2     23.415     11.915      6.983
1056  299     23.594     -0.713      8.043
 272   -2     21.495     -3.631      4.488
  -1  766     -1.227     -5.664      2.372
 435  488     -8.566     -6.000     11.390
 982  931     -3.153     12.214     10.526
 320  953     -7.570    -12.645      7.093
 463  685      2.702      2.535     11.842
  -1   -2     -6.375     -9.612     -7.266
1020 1119     21.509    -12.744     10.211
1006   54    -15.855    -10.637      9.012
 682   -2     24.370     -5.857     10.332
 825   -2    -19.173     -8.478      6.911
  -1   -2      3.318     -1.229    -11.200
  -1   -2     11.289     11.472     -5.634
  -1  989     -0.905    -14.188     11.641
 514   -2     26.212     -4.519     10.809
 450  387     19.716     -6.012      6.559
1116  820      0.276     -2.944      1.957
 461  195    -12.543     -9.672     11.685
  85  671    -19.787      4.913     10.856
  -1   -2     23.253      6.855     -1.656
 698  311     17.237     13.822      8.620
  -1   -2     -0.220     -3.209     11.650
 955  652     13.263     -9.624      5.931
  -1   -2     14.052      5.179     -8.137
 442   -2     21.679      2.306     -6.323
  -1   -2      4.674     -8.659     11.070
  -1   -2     12.886     -9.669     -8.153
 563  174     -2.903      5.696     -6.773
 832   -2     -7.675     -4.046      7.207
1051   -2     -4.217     11.645     11.278
 481 1158     -7.594     -6.357     10.592
 248 1040    -18.646     -1.843     11.608
  -1  661     -3.174      7.031     -1.603
 776   -2     -4.716     -4.822      8.073
 256 1208     -9.690      6.891      0.470
 658 1296     -5.010     -9.026     -4.944
  -1  420     -2.484      6.115     -1.236
  -1   -2     17.645    -12.103      9.043
 609  315     -7.611     -1.701      8.741
 155   -2     -2.167     -7.703      6.763
  -1  628     13.957    -11.980      0.663
 553  489    -14.146      7.030      4.120
 866 1257     -1.754     12.924     11.261
  -1  569    -19.641      7.729     12.005
  -1  710      6.831     -8.302     10.030
 983  291     15.690      4.356      2.877
1322   -2     16.252     -0.189     11.954
  -1   -2      3.586     -3.070      8.126
  -1   -2      1.418     -9.868      7.707
  -1   -2      6.742     -4.134      5.660
 583  729     17.484     -7.758      7.682
  -1  791      6.795    -14.236      5.125
 485  318     25.784      8.115     10.581
 810   -2    -10.389     14.719      7.145
 140 1153     15.472     -8.257     -1.315
1195 1078      8.974    -17.248      8.608
 507  537      5.906     -7.153     -0.814
 142  680      5.741     14.812      9.544
   9  739     22.252     -3.229      8.831
  -1  505     12.372    -10.795      4.646
1078  669     -1.983     -9.697     10.115
 538  998      8.331      0.168     12.554
 679  676    -16.874     -2.866      8.571
  -1  173     25.515      6.120      6.649
  -1   -2     -0.744     14.778      1.870
  -1   -2      5.506      2.447     -7.333
 241   -2     19.357     16.965      5.802
 909  232    -12.348     11.371      6.630
  -1   -2     12.555     11.989     12.138
 623   -2    -16.570    -11.959      2.306
  -1 1244      8.504     -4.131     12.032
  -1   -2     -0.553     10.345    -11.246
  -1   -2     -6.348     -8.428     11.600
  -1   -2     -3.337     10.954     -3.430
  -1  128     19.442      8.033      3.265
  -1   -2     20.909     -3.522     -7.558
  -1   -2      9.867     12.189    -10.550
  -1  461      0.322     12.115     -9.639
 419   -2     11.655     -4.544     11.989
  -1   -2     17.512      3.054      5.286
 290   -2      4.982     12.787      9.031
 963  877    -16.823    -15.079      6.297
  -1  111     -6.676     -0.278      6.545
  -1   -2     15.089     -4.301    -11.046
 313  341     24.311     -1.398      9.837
 683  717     22.224     -3.763      5.626
  -1  605    -16.175     -6.542      6.603
  -1   -2     -6.768     12.199     -5.179
1358   18     15.876      2.847     -4.075
  -1  693     14.589     16.143      5.983
1063 1087     26.373     -2.449      6.511
 960   -2    -11.496    -11.368      7.077
 521  799      9.061     12.633      8.347
  -1   48      6.529     -0.898      6.056
  -1  372     -1.503      4.516      9.265
  75 1147     13.595      1.010      6.059
  -1  236     -3.441      8.450     10.149
1025  419     15.629    -11.183      6.307
1109   -2    -15.077     -8.554      4.882
  -1   -2     24.962     -5.218      5.315
 576   -2    -13.726     -5.983     -2.573
  -1  737     -2.405    -12.340     -3.584
  -1   -2      4.921    -10.911     -4.943
 690  773      9.795     -8.068      6.624
  -1 1033    -13.987    -12.093     11.610
  -1   -2     11.985     -5.662      9.905
 535   -2     -5.418    -11.129      4.439
1172   -2     18.989     -8.898      0.368
 597 1250     18.040      4.672      7.277
 353  457      7.516      6.888     -1.101
  95  549     -4.742     -1.007      5.225
 544   -2      8.954      8.633      7.670
  -1   -2     -7.371     -4.162     10.443
  -1   -2     -2.451      7.805     11.529
 403   52     24.570      1.647      1.547
 882 1097     18.860      8.739     11.199
  -1  230     15.317     -5.108     -1.181
 842  275      6.329     10.502     10.815
  -1   -2     15.123      6.384      8.724
1263   -2     17.585     -0.821      7.334
  -1   -2     12.167      1.297      8.756
  -1   -2     -7.333     16.903      8.115
 718   43     17.537     12.543      8.268
1046   -2      7.998    -10.793      2.773
 876   -2     -2.741     14.465      4.287
  -1   -2      9.681      6.495     -0.505
  -1   31      1.798      0.277      2.788
  -1   -2     -0.403     -7.017     -0.326
 811  271     19.981     -7.634      9.796
  -1 1133     21.993      4.338     12.531
  -1  624     -9.726    -10.892      5.513
  -1   -2      7.274     -2.673      1.928
  -1  463     -1.061     -5.230     11.609
1278  698      5.852     -8.898      6.943
 969  865      7.789      6.572     10.148
 606   -2     14.744     18.158      8.774
 531   -2      7.508     13.971      7.068
1026   -2     -2.464     16.626      9.712
1190  727     -0.337    -11.755     -2.395
 289 1235     11.137     11.948      7.721
  -1   -2      1.648      0.094    -11.331
 565  795      8.941      0.054      8.641
  -1  976      0.639     12.612      9.041
  -1 1074     16.449     -5.235      4.742
 265  512     10.520      8.309     -5.345
  -1  509     16.865     13.339      3.830
 618  651     25.781     -1.173      2.860
1326   50     -7.153      6.911     -0.215
  -1  544      5.413    -11.085      7.260
 280 1233     20.018     14.280      5.498
 749   -2    -15.948     -3.448      1.837
  -1   72     15.303     12.529     -9.547
 307   -2      0.965     -8.910      0.466
 343  521      4.890      1.854      4.862
 351   -2      1.807     -2.388      6.670
1344 1019     22.225      6.095     10.100
  -1  404     17.998      9.109     12.216
1016  336      8.683     -4.478      6.571
1112  943      9.141     -5.998      4.764
1095  114     16.226     -1.449      0.603
1173  750     25.191     -1.468      7.748
  -1  653     11.939    -15.961      0.276
 868   -2     26.036     12.623     11.194
  -1   -2     19.420      1.287    -11.130
  -1   -2     23.629     -5.450     12.105
  -1  679      8.056    -10.948     -4.015
 319   -2      6.020     -8.331     -0.251
 498   -2     11.443     10.398      7.918
 630  426      0.811     -9.351      2.196
 677  441     15.979     16.524     10.134
  -1  720     19.556     16.105      5.467
 391  194     16.670      7.989      0.365
  -1   -2    -16.015      7.724     -4.397
1053   -2     -0.474     -8.552      0.325
  -1   -2     -2.318     -5.489    -11.157
  39  459     21.701      3.677      9.090
 331   -2      6.126      0.241     11.841
  -1  950     -0.103     -9.000      8.536
 411  824     25.495     10.664     12.086
 284   -2     17.426     -3.728     -1.263
 769   -2    -11.757    -10.004     11.975
1183   -2    -12.269     -3.819      4.823
  -1   -2     -0.170     -4.669     -8.717
 580 1249      6.795      3.430     11.330
  -1   -2     -5.299      6.226     -3.507
  55  274    -17.521     -3.747      2.923
 380   -2     25.294     11.723     12.214
  -1   -2     21.543     14.748      3.701
  43   -2    -15.221     -3.756      8.090
 594   -2     17.589     14.293     10.365
 728  621     -3.181    -14.361     -0.258
 601  491     15.040     14.519      6.251
 171   -2      3.792     13.784     12.024
  -1  353      0.071     -1.939     11.161
  -1  735     14.981    -12.077     10.380
  -1  362     15.855      9.140      7.186
1111   -2     14.348    -11.617      4.352
 914  552      1.126     -3.516     10.141
  -1   -2    -18.363      1.426      0.807
 572  774     17.700      3.361      7.320
  -1   -2     11.554      0.539     -1.862
  -1   -2      3.559     17.121     10.569
  -1   23     -4.194     -0.685      8.899
 951  904      0.447    -10.952     11.928
  -1  901     14.160     -7.104      9.508
 620  344     15.995     -1.027     10.558
 197  556     -2.571     15.342      1.971
1154   -2    -11.387     16.779     11.791
  -1  636    -13.092     -0.878     10.362
 453   -2      0.831     12.079     -4.883
  -1   -2    -10.879     -1.114     -8.604
 957  396    -17.057      4.720     -4.745
  -1  580     16.531     16.581      7.360
  -1   -2      5.891     12.681     -2.085
 228  147     21.614      6.687      4.988
1166  788      2.167     -9.658     -6.251
  -1  334     26.795      2.317     12.015
 561  657     17.985      1.949      2.447
 869 1035    -15.647      9.266     -0.082
1300 1021     18.037     -2.959     11.946
 719 1058     21.319     15.624      8.471
  -1  545     24.438      3.723      4.541
 752  751     -3.953    -11.851      9.345
 429  584     -5.076     11.890     -9.277
  -1   -2      2.009      3.758     -9.890
  -1  589     26.358     -1.213      8.688
 741   -2    -18.605    -11.534      9.183
  -1  438    -11.151      0.825     -0.546
  -1   -2     -2.420      9.232     -7.441
  -1   -2      5.416      7.180     12.078
1210   -2     24.097    -15.163      8.329
  -1   -2      4.250     -0.601     -0.577
1302  592      4.681      0.348      4.101
 509   -2     11.943      0.540      5.624
 276 1232     16.617      7.447      9.842
1323  648     -8.787     -6.362      0.328
 266   -2      3.608     11.465     -0.394
  -1   -2     -2.995    -12.122      7.992
  -1   -2     -6.537    -10.832     -1.345
1102   -2      3.115    -12.783      5.285
  -1   -2     -1.731      3.315     10.158
 469   -2     -9.038      4.586      0.184
 948   -2     11.730      2.210     11.265
 959  670      6.237      7.463      6.626
 235   -2     22.517     13.095      5.186
1142  758     22.613      8.325     -1.713
 385   -2     -6.998     -2.028      6.417
1064  785      4.361    -15.700     -2.517
 912   -2     20.230     10.563      1.779
  -1   -2     18.010     13.989     11.462
  -1  285     10.351      8.430      4.290
1268  288     17.441     11.637      6.930
1009 1086     -0.105     -6.392      3.337
  -1  214    -18.981      6.181     10.635
1065   -2     20.399     16.702     10.015
 179   -2     -7.416      1.616      2.505
 940  617     12.629     -3.519      9.310
1168  323     -8.414      9.454      7.814
 617  665      6.510    -10.441     -6.090
  -1   -2     11.695     -2.334      8.017
1039  251     -3.455     -6.706      9.093
1175   -2     -5.064    -13.793      9.305
 358   -2     17.196     -3.545     11.362
  -1   -2     20.996     12.757     -0.725
  -1   -2     21.519     14.755      5.938
  -1   -2     14.789      6.594     -1.854
 293   -2      1.234      5.763      8.316
1031   -2     13.875     -5.526     -0.792
  -1  878     21.259     -0.580      2.986
  -1  327     -3.288     -5.056      3.428
  -1   -2    -15.642      4.220      5.172
  -1  432      7.229      4.086     11.162
  -1  763     15.376     -7.766     -7.678
 809   -2     -5.005     -8.838      9.609
 596   -2      9.479     -3.149     10.331
  -1   -2     13.511     -3.800     10.640
 660  482      2.323     -2.353      0.879
 117  883     11.212      8.807      4.023
 774  555     -2.387     -8.980      3.027
 532 1062     21.591    -11.537      7.475
  -1  691      6.752      7.013     11.381
 342 1150     -8.019    -13.739     -1.045
  -1   -2    -12.871    -10.849      6.085
 270  611      9.030      1.851     -1.979
 994  649     -6.293     -4.762     12.092
 362  525     -3.131     -5.795     11.900
 685   -2     19.432     18.636     10.591
  -1  508    -11.180     16.457      8.368
 464  244     21.732      9.152     -1.324
1214   -2     16.559     18.629     12.084
  -1   -2      9.135    -10.339      8.421
 941   -2     -5.706     10.303     11.994
  -1  272     14.767      1.538      7.818
1035   -2     24.396     15.225      5.140
  -1   80    -12.428      1.603      7.865
  -1  789    -17.380     18.375      7.202
  -1   -2    -11.314     11.573     -6.759
 634  638     13.396     -7.930      2.106
  -1 1131    -18.264     14.210      9.615
  28   -2    -11.033     11.296      1.630
 787 1254    -18.834    -14.042      8.660
  -1  108    -21.453     -3.201      9.395
 889  777     17.939    -12.433     -6.412
 619   -2     -9.310    -11.343     -8.357
  -1  837     12.696     15.436     10.641
 522   -2      2.890     10.066      8.378
  -1  208    -17.882     -4.497      9.228
 861  764     23.349     17.598      6.013
  -1  289     -5.958      1.680      4.892
1119  216    -14.036     11.545     10.074
 333  786      2.383     10.694      6.399
  -1   -2    -12.442     15.718      9.395
  -1  640     -4.668      4.405      3.424
 798  811    -12.487     13.170     12.372
 310 1114    -15.931      1.887      6.760
  -1  532     -0.469      6.541      7.409
  -1   92    -16.007     10.573     11.986
1113   -2    -16.878     14.741      9.127
  -1   -2     -9.706     10.154     -2.915
 402  608     25.755     -5.507      8.957
 839  366    -20.407      0.710     11.826
 373 1237     -3.862     15.079      4.113
1296   -2    -11.879     13.555      4.275
  -1  245     -1.262      7.241      3.853
  -1   -2    -15.117     -3.545    -12.412
 863 1162     -7.327     -8.192     11.776
 492 1122     -6.837      7.164     -4.073
 148   -2    -12.540     11.232     11.998
 303  627     26.644      3.221      3.077
  -1   -2     -5.297     15.410     10.577
 513 1025     13.322     12.312     10.024
1012  152    -17.751      6.469      8.109
  -1  927    -16.546      0.824     11.434
  -1  333    -16.038      2.153     -4.235
 242   -2    -19.133      4.913      6.269
  -1  817     28.041      3.935      9.404
1200  886      5.401    -12.001      9.036
  -1  856      1.869     12.014      3.280
 166   -2     -4.339     16.520      0.710
  -1   44     -9.187      4.321      9.036
 807   -2      5.094    -15.685      4.361
  -1  913      3.915     14.173     -6.483
1209  988      8.211    -13.543      0.710
  -1   -2     23.110     -1.905     11.433
  -1  424      0.768     14.774      2.936
  -1   -2     25.807     -7.837      6.035
  -1   -2     -6.853     11.400      6.026
 920   -2    -17.730     12.561     -0.723
  -1   37     -4.079      2.895      9.686
  -1   -2    -16.884      9.450     -4.281
  -1   -2      5.135      5.765      0.015
 555   -2     17.747    -15.876      4.372
1138  663      3.353    -13.335     -2.953
  -1   -2      9.598     13.326     -6.987
  -1   -2     -7.990     -5.429     10.093
  -1   -2    -18.528     -8.886     11.616
  -1  981     27.043     10.590     12.087
 801  732     -4.658     13.546      9.945
 529   -2     -0.989     16.239     10.040
  -1  816    -11.716     13.898      7.447
 830  850      0.958     17.442      1.439
 851 1002     -4.792      1.107      8.216
1324  935     -1.986      3.763      7.728
  -1   -2     20.346      3.507     -9.143
1140  595     20.067     13.511      0.632
  -1 1118    -18.193      9.013     10.865
  -1   -2     -9.686      2.774      6.153
  -1   -2      1.909      7.326     -3.618
1022  809    -17.316     12.020     12.546
 674 1079      0.285      7.102     12.845
 108   -2     -4.904     14.225      7.618
 986   -2     -4.516      3.513     12.108
 985   -2    -19.038     12.251      8.800
 412  276    -11.836      1.405     11.983
  -1   -2     26.448     -6.340     11.189
 745  963     10.518    -11.924     -5.829
  -1   -2     -0.439     13.127     10.399
  -1   -2     19.853     10.092     -9.514
 995   -2     20.639    -16.119      8.760
  -1   -2      1.021    -14.677      4.233
  -1   -2     -7.109     10.687     -6.519
 812   -2    -18.360     -0.599      0.197
 867  812     11.935    -18.201      6.149
1125  337     17.537    -16.628      8.644
  -1  469    -15.711      0.810     10.016
 789   -2    -14.356      9.704      9.224
  -1   -2     10.216     16.490      5.555
  -1  740    -19.859      6.372     11.718
  -1   -2     -0.510      2.890     -3.978
  77  607     15.123     -0.174     -1.782
  -1   -2     26.008    -12.194      6.965
  -1   -2      4.527      8.658      1.640
1319  728     22.387      4.254      3.369
 199  137     11.987     -0.499     -0.777
  -1  447     26.363     14.432      5.157
 226   -2     25.164      0.468      8.701
 992   -2     17.760    -15.372      8.131
 715   -2     26.462      9.285     11.081
  -1   -2    -10.638     -5.672      2.657
1092  973     -3.871     16.112     10.905
  -1  946    -18.634      0.187      3.938
  -1   -2     12.882     13.052      5.752
  -1   -2     13.305     -9.567    -10.088
 697  383     -8.629     -6.771      4.385
  -1   -2     17.293     11.925      3.729
 147  778    -12.646     12.295      9.524
  -1  781     -9.471     -1.270      2.258
  84  501      8.897     13.317     11.483
  -1   -2     -5.022      7.891     -3.558
  56   -2     -1.610     10.941      2.204
  -1   -2     11.079      4.935      8.404
1167  637      9.608     17.055     12.358
  -1   -2      0.251      3.549     11.265
  -1 1042     -0.597     -1.104      4.560
  -1  726     -9.943    -14.733      2.960
  -1  475     -8.392     -7.075     -9.307
 856  853    -17.922      8.442     10.922
  -1   -2      8.109      0.219     -4.860
 418   -2    -12.041     -9.196      8.199
  -1   -2     20.948      1.130      2.552
  -1  891    -15.723      1.747     11.927
 600   -2     26.180     -3.692     10.218
  -1   -2     26.804     -6.963     10.009
 308 1009    -14.148     -3.494      5.803
1328   -2     -3.273      1.374      8.997
  -1  768     -6.427    -16.653     12.009
  -1  217    -11.926     10.669      8.724
  -1   -2    -11.332     13.695     10.652
  -1   -2     27.157     14.154      7.580
  -1  567     21.212     -5.977     -0.080
 821  890    -19.204     10.309     11.034
  -1   -2     -8.208    -17.851      1.330
  -1  535    -16.553    -11.730     10.170
 979  841     26.323    -17.118     10.933
  -1   -2     -7.294    -18.140      9.520
  -1  689     10.310      8.785     -9.171
 817  863     26.894      2.641      4.622
  -1   -2      5.246      1.561     12.501
 953   -2     -8.043    -10.861     10.486
  -1   -2    -12.705      2.129      6.668
1004  117      7.483     16.301     11.230
  -1  255     25.254     11.289      6.242
  36   -2    -13.876      3.183      0.315
  -1  619     19.001      7.427      8.935
  -1   -2    -11.381    -15.072     -6.656
  -1  201     18.432     -1.400      6.453
  -1  231    -10.474      6.751      0.136
 662   -2     20.344     14.399      3.115
  -1  964     -5.595     20.009     11.551
 408   -2    -14.533     -6.933      7.497
  -1   -2    -17.632     14.837      5.760
  -1  655    -15.740     -7.662     11.277
  -1  897    -12.129    -12.326    -12.115
 967  647     -3.087      7.787      6.381
  -1   -2    -15.593      2.665     -8.557
 877   -2      0.255      5.213      8.316
 965 1113     -6.385     18.146      9.208
 421   -2      9.167      6.676     10.863
  -1  881    -20.821     -8.310      4.816
  -1   -2    -11.073     -5.500    -10.256
  -1   -2     -0.348     -3.920     -1.432
  -1  701     20.605      9.194     10.530
  -1   -2      4.237      1.814      0.755
  -1   -2     22.866      2.752     10.448
  -1  807      2.011      1.259      0.979
  -1   -2      6.669      2.877      8.129
 921  944     -5.194     16.110     11.294
  -1   -2     11.821     -3.576     -7.954
 292   -2    -13.298      3.047    -10.554
  -1   -2      0.624     -2.940     10.082
  -1  321     25.121     -7.546     11.997
  -1   -2     15.834     -9.139      8.735
  -1   -2     -0.629     -6.403      8.339
  -1   -2     16.319     -1.172     12.256
  -1   -2     20.986      5.541     12.802
  -1   -2     10.943    -13.159      1.613
  -1   24      3.148      4.513      0.743
 300 1031     26.246     -0.514     12.394
 378   14     23.827     -3.948     11.563
  -1  747      2.919    -11.492      4.895
 631   -2     20.213    -11.670      5.224
 585  325    -17.558      4.770     11.812
 497  520     13.539      9.907     -8.555
 794  909     -9.362     18.257      9.947
  -1  760      0.716     -6.142     -1.620
 133  547    -14.697      0.073     -1.360
1152   65     -1.665     14.746     11.116
  -1  838    -11.386     11.137     11.301
1105   66     11.668      0.664      0.877
  -1   -2    -14.661     -7.470     -6.498
 773  406      9.594      6.427      1.028
  -1   -2      4.959    -14.421      8.170
  -1   -2     19.330     -3.641      0.042
 557  472    -15.731     14.282      5.945
  -1  514      3.946     12.705      7.457
 247  916     -4.813     15.331      7.392
  -1  578     15.364     -2.539     12.236
1094  440     21.676    -11.541      3.570
  -1  138    -10.326     -1.092      5.383
  -1   -2      6.870     12.049     12.517
 707   -2     13.976     16.583     10.072
  -1   -2    -13.607      7.742     -4.297
  -1  687      2.003     16.931     10.743
  -1  254     16.738    -12.728      2.409
 325  978      0.750     14.510     11.166
  -1  743     21.276     12.385      5.005
  -1 1178     17.993     10.316      5.241
  -1  434     10.149    -10.413      8.999
 510  507      6.716     -2.487      8.116
 987 1123    -13.073    -19.696      9.436
  -1  668     13.253    -18.849      8.138
  -1  626      9.479     -2.521      6.325
  -1   -2     21.222     -0.138      7.234
  -1  635     -8.009    -10.875      5.934
  -1   -2     23.627      1.996     10.139
  -1  542    -19.789    -10.470     10.705
1197 1000     -4.567     -3.154     -6.280
  -1  332     15.428     11.136     -1.072
  -1  610      2.020    -15.196     -3.807
  -1   -2    -12.812      7.450      2.187
 881  553    -14.523    -10.572     10.147
 666   -2     -2.303    -11.202     -1.818
  -1   -2    -19.927    -10.312      1.834
  -1   -2      2.479    -12.176     11.639
 651  403     25.761     10.282      5.732
 977  959     25.827     -9.735      2.226
  -1   -2     -7.729     -9.039      7.092
  -1   -2     -2.010      4.996     -7.274
  -1   -2     -0.866     13.089     -7.567
  -1   -2     -5.315     -5.881    -10.304
  -1   -2     -7.348     15.464     10.484
 775   -2      0.267    -14.427      0.782
  -1  389     -0.040      7.833     10.317
  -1  847     28.810      7.416      7.011
 990   -2     10.146      7.172     -6.493
  -1   -2     13.342    -20.017      4.429
  -1   -2     14.320     -5.527      6.004
 511   -2     -1.418     -7.224     12.201
  -1   -2      1.917     -8.234     11.743
  -1   -2    -11.717     12.150     -3.603
 808  300    -14.308      2.669     11.799
  -1 1098      4.374      2.800     12.274
  -1  385     21.871     -8.128     12.346
  -1   -2     -0.449     -1.184     -1.016
 835    4     -0.350     16.246      8.496
  -1   87      6.850     16.153      2.316
 996  705     10.704    -15.769      1.420
 285   -2      2.457     -3.903      7.581
  -1   -2     -0.333      4.193      1.158
 843  629     13.509     17.868      8.501
 230  203      9.931      4.234      9.975
 919  808      4.898    -17.344      4.062
  -1  704     -3.507    -17.181     10.411
  -1 1048     -2.232    -14.491     -2.248
  88  906    -13.172     14.804      4.319
  -1   -2     -5.523      1.501      5.351
  -1   -2      7.422     -7.035      8.940
1230 1116     18.821    -18.031     10.098
 779  631     23.642     -7.711     11.110
  -1   -2     19.436      6.068     11.288
  -1   -2     13.635    -12.147     -8.620
  -1  719     -4.300    -15.666      0.874
 991 1100     28.652      8.598      8.659
 286  307     12.112     15.924     10.553
 891   -2     11.866      4.665      7.625
  -1   -2    -13.654    -17.406      4.629
  -1   -2      9.186    -12.565    -11.426
  -1   -2     28.916      1.206      9.430
 151 1063     -2.896     -2.208     -1.243
  -1   -2     23.625    -16.558      7.964
 903   91     -2.618     14.801     11.535
  -1   -2    -15.442     11.264     -8.817
 145   -2     11.689      8.092     10.724
 791  829    -15.610     12.265     11.935
1234 1177    -22.081    -11.748     12.288
  -1  326      2.783     -0.338     12.542
  -1   -2     15.401     10.135     -2.058
  -1  273     21.627     16.484      6.156
1129  757     23.868      8.421     -2.682
1003 1260      0.672    -11.430      6.161
  -1   -2     18.331      9.520      1.822
  -1 1176     -1.975     -9.988     -0.031
1186  918    -13.658    -10.261     -4.358
  -1  439     -3.084     18.801     10.738
  -1 1011    -16.513     -6.773      8.260
  -1   -2     11.878     -0.756     -7.399
   6  301     16.124      2.697      9.594
  -1  460     21.982      9.526      4.877
 710   -2     -1.418      1.471     10.126
  -1   -2     27.405    -12.863      9.560
1207 1027     10.286    -12.859      8.422
1131  409      2.111      7.451      8.941
 437 1053      9.138    -12.206      0.800
  -1   -2     19.754      2.289      4.610
  -1   -2     24.537     11.316     11.982
 664  831      1.497     -3.080     12.414
1182   -2     17.400    -12.794     11.195
  -1 1094    -16.047     -9.754     -2.769
  -1  885     -1.070    -14.937      9.592
  -1  376     24.895      6.823     -1.614
  -1  712    -13.921    -14.520      5.616
 777  771     21.571    -11.724     10.203
 970   -2    -15.932    -12.803      9.081
 281   -2     12.380     12.539      3.792
  -1   -2     -8.871     -5.320      9.949
  -1 1169      3.844    -14.433     11.361
  -1   -2      2.718     12.416     10.131
  -1   -2     13.277      8.709      5.632
  -1   -2     14.303     12.244     11.879
1235   -2     -8.903    -18.473     10.389
  -1   -2     26.635     11.024      6.602
  -1 1082      9.063    -18.145      8.114
 804  591     16.883      6.169      7.128
 157   -2     -1.985      7.758      6.513
  -1  892    -14.474     16.819      7.240
  -1   -2      3.163     15.355      9.891
  -1  551      1.300      9.600      4.085
 218   -2     20.559      6.897      9.874
  -1  123      1.101      2.941      1.285
  -1   -2     14.724      1.063      4.602
1135 1139     25.765     17.005      9.843
 737   -2     14.866     -8.546      5.023
1199 1159     -4.322     17.959     10.321
  -1  497    -12.281     -4.655      8.676
  -1   -2    -12.004      8.918     -4.982
  -1   -2     20.633      7.803      7.982
  -1   -2     -1.188      4.596     11.099
 347  570      8.058      9.248      7.244
  -1   -2      8.767     -0.601     -5.334
  -1   -2     23.326     16.475      6.110
 872  328     12.261      6.541     10.187
 204   -2     -2.936     -1.718      3.654
1294  557     18.082     10.445      7.197
  -1   -2    -13.203      6.927     -1.050
  -1 1057     18.927      0.991     11.247
 833  770     -9.160    -16.853     11.862
  -1  492     -0.953     -2.713     12.029
1067   -2     24.895     12.825     11.970
  -1  405    -18.119     -1.542      2.373
  -1  724     10.714     -2.084      0.753
1017   -2     11.863      3.293      9.560
1282   -2     13.080     -1.921      8.351
 335  761     17.810      9.885     11.025
  -1  997    -12.560     17.669      1.161
  -1 1262      7.009    -12.578      9.869
  -1  614     -0.631    -15.156     10.932
  -1  355     15.953     -3.281     -2.892
 758   -2      8.317    -11.481      6.360
1055  427    -15.294      7.840    -12.066
1041   -2     -1.891    -17.082      2.646
  -1   -2     -0.822      7.591      7.995
  -1 1071    -20.108    -15.093      8.735
  -1   -2      8.888     -8.453     11.563
  -1   -2     24.576     11.131     -4.626
1289   -2     18.066     15.260     11.876
  -1 1170      4.043      8.698     11.972
1149 1261      4.255      1.096      6.073
 470   -2     13.628    -11.479     10.243
  -1  857     -9.957     -7.719      8.104
  -1  588     -3.456      0.551     11.974
  -1   -2     -1.422      8.107     10.701
  -1   -2     -1.922     10.735      0.383
  -1  722     -6.446      7.043     11.287
1029   -2     18.490      5.697     -5.243
 570  756      8.687     11.935      9.703
  -1   -2     -3.050     -8.612     -2.251
  -1 1081     26.738      9.763      0.272
 926   -2      0.066     13.659     10.365
  -1   49     11.138     -7.416      2.957
  -1   -2     21.648      6.212      1.035
  -1   -2     25.083     -3.827     11.732
1162   -2      7.779     -2.313     11.933
1047   -2    -11.264    -12.367      6.422
 567  574      8.257     -7.903      9.705
 975   -2    -11.697     12.371      9.831
 315  650     17.768     -5.031      2.703
 732  485      1.676     -9.632      3.990
 274   -2     23.861      1.545      5.370
 499  510     17.472     14.638      7.690
 525 1117     13.580     10.920     11.208
  -1   -2     14.804     -4.426     10.764
1170  667      0.661     -4.820      3.361
 976  305    -16.133     -0.200     -5.160
  -1  450    -13.023     13.977      9.360
  -1   -2     25.466    -16.846      7.401
1223  974     20.983    -18.927     12.229
1232 1130     15.532    -16.752     11.493
  -1 1203     15.683     26.729      0.776
1217   -2     16.660    -22.995      7.054
  -1  975     18.332    -19.659     11.971
  -1 1197     21.277     18.687     12.598
  -1 1191     24.723     23.767      9.242
1219 1188      3.741    -19.558     12.637
  -1   -2     22.791     20.416     10.197
1068   -2    -16.329    -16.775     10.648
1228  905    -20.675    -13.934     12.431
  -1   -2      8.128    -25.441      8.290
  -1 1196     20.877    -22.920      9.727
  -1   -2    -15.037    -26.468     -0.569
  -1  915    -24.780    -11.310     10.137
  -1   -2     25.120    -21.300      7.840
  -1   -2     -7.643    -20.582     10.162
1221   -2     24.264     17.388     12.348
  -1 1155      1.212    -20.366     12.265
  -1   -2     14.471    -25.018     12.119
  -1   -2    -17.630    -16.386     10.426
1188   -2     22.373    -19.723      6.367
  -1 1201    -26.505    -10.750     11.924
  -1 1202      9.850    -18.492     12.878
  -1 1190      7.102    -22.046      7.304
1231   -2     27.316    -22.604      9.890
1215   -2     21.438    -20.765      8.076
  -1   -2     21.979    -22.425      8.094
  -1 1125     25.891    -19.030     12.826
  -1   -2     12.141     33.436     -6.376
1222   -2      9.357    -21.836     12.159
  -1 1165     -6.722    -21.297     12.470
1238   -2    -11.222     -1.048      7.855
  -1   -2     12.967     -8.961     11.968
  -1 1266      8.894      9.585     -0.089
  -1 1051    -10.291     -2.243     11.934
  92  949     19.092     -0.087     11.919
  -1 1210     13.161     -5.408      8.362
  -1   -2     12.190     -1.590      2.478
  -1   -2     12.190     -1.590      2.478
 174   -2      8.358      8.605      0.707
1279 1274      1.564      1.450      2.842
 200   -2    -15.792      1.806     11.846
1258  822     -2.547     15.336     10.660
  -1   95     13.099      4.879      6.098
1071  730      6.502      2.984      7.840
  -1  106     16.574      7.997     -5.838
  52   -2      7.262      4.550      7.352
 100 1222     26.396     -6.271      7.995
1261  204     18.834     -6.802      0.861
1271 1271     -5.098     12.232      8.890
  -1  227     18.408     -0.190     -3.500
  -1   -2     16.357     11.969      7.354
 755 1044     16.268     11.916      7.542
 928   -2     22.948      5.626     10.359
 438   -2     20.090     11.777      7.652
1202  425     -1.923      5.948     -2.707
 321   -2     17.797      0.628     -5.079
 213  359      0.418      4.302     -8.404
 263  264     20.604     -2.262      6.249
1270 1270     -7.332     -9.058     10.287
  -1   -2     19.978     11.724      6.055
 508   20      5.276     -6.585     11.425
1285  400     20.063     15.162      7.126
1276 1272      5.043     -2.044    -11.531
 324  367     -2.868     14.561      4.582
 648  219    -14.792      8.683    -11.146
 480   -2      3.186     12.126      8.468
  -1   -2     12.107     -2.019      8.653
  -1   -2      6.618     -9.613      8.403
  -1   -2     21.741      4.248      9.869
 494 1245     -3.583     -2.839      0.317
1292 1275    -10.452     12.817      0.208
  -1   -2      6.887      0.094     11.592
 742   -2     23.127     -1.968     11.560
  -1 1102     -1.061     -7.215      8.554
 346  956      9.046     -2.143      5.397
1083   -2      1.021    -14.677      4.233
 409   -2     -0.599     -6.344      8.470
  87   -2      8.157      2.487      7.418
 626   -2     12.194     -8.681     -5.927
  -1   86      7.170     15.142      6.890
 632  211     16.199      0.593      5.967
 245   89     -7.154     -2.114      1.395
1293  466    -10.859      4.829      4.813
  -1   -2      6.726     -8.348      1.568
 874   -2    -12.640    -16.523     -2.722
 109   -2     -9.850     10.063     -2.680
 153   -2     -0.357     -2.167      8.999
 223   -2     17.414     -8.069      7.069
1179  354      2.548     10.986     10.382
  -1   -2     12.941     -8.993     11.989
  -1   -2    -11.215     13.888     11.059
  22    8     -5.418      5.813      6.661
  -1 1295    -10.365     -2.236     11.782
1248  675      6.901      1.949      6.832
  20  171     13.198     -5.388      8.489
  -1 1054      9.458     -5.672     10.876
  -1   -2     12.190     -1.590      2.478
  -1   -2     12.190     -1.590      2.478
  -1   -2     16.574      7.997     -5.838
 176  534     16.249     11.862      7.591
  -1  562     23.341     16.374      5.588
 428 1273      6.618     -9.613      8.403
  -1   -2     12.941     -8.993     11.989
  -1   -2    -11.215     13.888     11.059
  17   -2    -10.365     -2.236     11.782
  -1   -2      5.161      9.357     -9.831
  -1   -2      5.161      9.357     -9.831
1253  692     -4.422     13.267      1.925
  -1  550     -5.922      5.738      0.299
  -1   -2    -11.215     13.888     11.059
  -1   -2     12.190     -1.590      2.478
 211  293     12.190     -1.590      2.478
  -1   -2      5.085      9.321     -9.685
  -1   -2      5.085      9.321     -9.685
1255   -2      5.242      9.389     -9.966
1304 1276     12.825     -8.989     11.842
  -1   -2    -11.215     13.888     11.059
  -1   -2    -11.215     13.888     11.059
  -1   -2    -11.215     13.888     11.059
  -1   -2    -11.215     13.888     11.059
  -1   -2    -11.215     13.888     11.059
  -1   -2    -11.215     13.888     11.059
  -1   -2    -11.215     13.888     11.059
  -1   -2    -11.215     13.888     11.059
  -1   -2    -11.215     13.888     11.059
  -1   -2    -11.215     13.888     11.059
  -1   -2    -11.215     13.888     11.059
  -1   -2    -11.215     13.888     11.059
  -1   -2    -11.215     13.888     11.059
  -1   -2    -11.215     13.888     11.059
  -1   -2    -11.215     13.888     11.059
  -1   -2    -11.215     13.888     11.059
  -1   -2    -11.215     13.888     11.059
  -1   -2    -11.215     13.888     11.059
  -1   -2    -11.215     13.888     11.059
  -1   -2    -11.215     13.888     11.059
  -1   -2    -11.215     13.888     11.059
  -1   -2    -11.215     13.888     11.059
  -1   -2    -11.215     13.888     11.059
  -1   -2    -11.215     13.888     11.059
  -1   -2    -11.215     13.888     11.059
  -1   -2    -11.215     13.888     11.059
  -1   -2    -11.215     13.888     11.059
  -1   -2    -11.215     13.888     11.059
  -1   -2    -11.215     13.888     11.059
  -1   -2    -11.215     13.888     11.059
1355   -2    -11.215     13.888     11.059
1357 1297    -11.787     -2.126     -5.390
