1330
  -1   -2     -9.994      6.004      8.608
   1 1217     15.910      1.915     10.450
  -1 1279    -18.049      2.325      6.130
   4   -2     28.507      6.300     12.560
  -1   62    -10.736      7.539      9.742
  -1   -2      9.035     -1.292     -0.543
   5 1218     12.927     -8.896     11.827
  -1   -2     -3.311      1.025      6.679
  -1 1339    -11.214     13.865     11.047
  -1   -2     14.558      8.357     -1.402
1184  126      3.948      7.564      0.449
 106 1046     14.118     13.415     11.641
1108   -2     17.745      4.211      4.619
 932  101    -12.644     11.084     11.828
 248   -2    -14.898      2.585     -1.283
 420  838     -9.398     11.864      2.143
  39    1     -1.808     -5.210      3.033
 249  758    -16.993     11.017      8.270
 552 1038      7.914     -5.536      4.398
  -1   10      3.498      2.375      3.572
  20   45     -2.345     14.559      8.156
  78 1233     -8.875     -2.425     -2.122
  71  707      4.075     -2.444      5.012
 389   -2     15.860     -3.173      4.216
  -1  545     -3.445      3.543     10.870
 639   -2    -15.897      5.748     -5.515
1229  111     15.543     -1.373      1.291
 692   16     23.038     -3.553     11.314
  -1   -2     -7.352      0.199    -11.656
  33 1229     -5.803     -0.742      4.491
  -1   -2    -14.138      7.887      1.518
  -1   -2      5.951     -5.860      9.665
  -1   -2     -0.672      3.610      1.286
  -1 1103     11.463      5.469    -10.149
  -1  143     11.216     -4.409      2.964
  -1   -2    -10.397     -2.214     11.764
 889  466     18.417      1.542      6.903
  40   -2     -9.990      3.435      8.408
 553  769    -13.800     12.319     -0.607
1296   14      3.037      9.832      5.682
 610  193    -15.006      6.351      3.677
  24   27      9.094      9.337      0.605
  14   51     16.478      3.618     -7.956
 169 1242     22.888     -1.597     10.008
  -1  232     13.558     14.382     -2.840
  53  196      9.749      3.138      5.389
  47  543      5.710      0.584     10.575
1036  580      5.793      9.584      7.027
  -1  443     11.633      2.951     -0.607
 140   -2     12.759      3.374      6.950
 618   -2      5.934      5.319      3.847
1349  638    -14.508      9.781     10.901
  27 1227     -7.873      5.281      0.023
  -1   -2     22.795      9.216      7.944
  15   -2    -14.188     10.598      6.562
  65   -2     -1.819      6.482      1.411
  -1   -2      1.399      8.493      9.193
 847   -2      1.354     11.530      9.131
  55 1231     19.377      5.049      2.778
 804   -2    -12.088     -0.413      3.505
  -1  610    -14.457     -3.441      4.228
 458 1128    -11.655     15.800      6.261
 894  207      7.942     16.530      6.867
 110  631      0.852     -1.218      9.134
  -1  113    -15.709     -4.859      4.191
 477  648     19.692      7.030     -0.527
 873   -2    -19.778      3.290      8.670
  -1  355     18.875     -2.233     -2.608
1054   48      4.558     -0.845     11.728
  -1   -2     17.036     10.669     -2.923
 466   -2     -1.126     -1.108      3.624
  -1   -2     12.640      7.996      2.152
 703   -2    -11.047     -5.349      9.360
  -1  198     17.989      6.996     -0.020
 161 1240      1.677     13.220      8.185
  -1  170     -5.977     -1.989      2.191
  -1   -2      1.807      3.732    -10.841
  -1   -2      9.955     -6.555     12.452
  34  439      9.059      8.644     -1.618
  -1   87     16.808      0.963      9.251
 748  294     18.810      9.507      7.874
  -1  129     19.987      2.929      6.220
1351   -2     13.029      5.054    -11.266
 340   -2      7.051     14.016      9.450
  -1   72      1.250      4.749      8.439
 217 1140     -4.750     -1.151      1.924
1264   -2     18.897     -6.318     10.333
  -1  156      4.389      2.513     -7.508
 379   60      4.113      9.818      5.523
   7   -2     -9.301      9.141      7.028
  -1  875     10.499     13.755      9.169
 218   -2      3.110     -1.226      0.798
 564   -2    -10.664     -0.977      5.390
  -1  142     25.568     -9.216      8.172
 565  365     17.376     -0.931      8.369
 963   -2     23.526     -6.669      1.049
  -1   -2     -5.281     12.151      8.861
  -1   -2     20.842      3.197      4.744
  -1  395     -6.551     12.166      1.160
 124   63      3.268      0.038     -7.202
 430   -2     10.207      0.252     -0.088
  -1   47     12.203     14.947      7.904
  51  181     23.669      4.871      7.801
  -1  985      9.860      4.123     11.262
 128   -2     19.736     12.896     10.740
 467  149    -10.460     10.997      6.224
  -1   -2     -9.780      0.547     10.880
 385  425    -14.505      0.803     11.618
 403 1286     11.764     -0.096     -7.399
 571   -2     25.574     -5.183      9.553
 327   80    -16.510     -0.294      1.545
 606  852      6.113      2.493     10.907
 254   -2    -15.291      0.800      9.797
  54   -2     17.143      2.116     -4.279
  -1  382      4.108     -1.442      0.819
  -1   -2      0.218      5.061     11.228
 573  397     -6.884     15.530      4.790
 279  320      7.906     -3.715     -2.988
 168   -2     -4.774     -2.293      8.216
 331  661      8.308      0.656     -7.414
  -1   -2     16.345      9.205     10.480
  -1   -2     22.892      7.349     -0.253
 111   93     19.240      5.833      6.936
 196  863      8.025    -10.540      3.627
  -1   -2      3.839      3.763     -9.273
  70   -2     -0.828     14.695      0.194
  -1   -2      5.117      8.177     -9.122
  -1   -2     12.943     11.331     11.028
 109  592     -9.487     10.169     -0.931
  -1  336     26.396     -2.459      4.395
  -1   -2     -9.907      8.864     -3.135
 779   -2     26.410     -6.301      8.059
 960   -2      5.194      6.078     -6.447
  -1  223    -15.052      0.333      4.323
 227   -2     15.037     13.384      8.971
  -1   -2     26.879      8.034     11.893
 509   95     26.574      2.313     12.471
1040  706      7.494      5.167      9.405
  -1   -2    -19.163      2.123     12.461
  -1  299     -2.014      0.303     10.016
 205  128     21.055      8.698     11.120
  38   92     20.082      3.928      4.196
 976   -2      3.915      5.471     -2.641
 402   -2     -4.763      8.922      3.415
 686  549     13.239      9.460      0.095
  -1   -2      1.983     -9.353      5.323
 983  428     10.250     13.403      0.090
1129  202    -11.212     -9.491     10.395
  -1   -2      2.874      5.542     -6.537
  -1   -2      1.962     16.077      7.243
1157   -2     19.820     12.929      6.280
  16  334     16.097     -0.952     -1.128
  -1   -2     24.258     -1.834      7.250
  -1   -2      7.118     12.539     -8.456
 214   -2    -16.598      1.078     11.054
  76   -2     -4.447     12.888      3.756
  98 1073      8.021      9.527      8.413
 387  289    -11.056     -4.070      9.192
 435   -2    -16.510     -0.565      5.976
 650  201     -6.402     10.679     -6.471
  79   97     -1.777     13.215      7.323
 729  502     16.581     -3.216      9.584
  -1  288     18.896     15.066      4.768
 143  557     21.625     -2.609      3.632
  -1   -2      5.298      4.953      8.420
 253   32    -13.373      0.335     -3.162
 335  642     10.757     -5.138     -1.401
1251  410     13.136     -5.536     11.685
  -1  168     20.974      7.297      6.988
  -1   11     13.206      4.133      7.391
  -1   73     16.652      1.540     -1.580
 164   -2     -7.815     -6.388      9.810
 903  460      6.154      0.693     10.716
 869  486     -1.859     14.106      4.966
  -1  307      6.389      7.934      8.780
 204 1247     18.870     -8.716     -0.430
 661   -2     11.169      2.031    -10.375
  91   -2     13.968      1.951      0.373
 658  191     -1.028     -6.078     -8.539
  94   -2      6.182      8.280      6.357
  -1   -2    -13.325      4.549     -9.639
  -1  233    -13.638     13.427      7.132
 278   -2      5.205     -0.109     -3.919
1171  824     -4.207      0.300      6.116
  -1  240     -2.028      6.269     -2.616
  -1  855    -12.203     -4.104     12.260
 290   79     11.207     -6.867      9.482
  -1   -2      9.000     13.669      4.910
 717  864    -13.243     -1.771      5.486
 429  470     19.924      3.095     -1.115
 282   -2     -1.377      3.367      9.889
  -1   -2     15.966     -1.428     -3.255
  -1  387    -12.178      1.332     -2.198
  -1   -2     -1.340     11.157     -7.140
  -1  150      2.672     -3.074     -5.274
  -1 1299     15.480      2.498     -1.578
  64   -2    -20.627      0.993     11.046
 190 1245      5.088      0.565     -7.982
  -1  184    -12.883     -3.746     -1.058
  42   -2     19.014      4.779      1.911
 372 1258    -13.088      8.462      0.335
 298  328      7.315     -1.068      2.338
  -1   -2     15.057     12.135     -8.269
 160  644    -11.910      2.679     -4.122
 666   -2     -2.463     -5.786     12.490
 117 1237     21.739     -3.001     10.201
  -1  254     26.417     -0.100      8.342
 347   -2     16.907      6.932     -0.499
 266   -2     22.150     -5.697      9.686
  -1   38      7.967     -6.796      6.575
 470  337    -18.528      4.286      4.151
1060  510     -5.128     14.855     11.987
1307   -2     12.108     -0.465     -0.921
 871   -2     20.842      6.121     11.884
 324   -2     16.196     -8.497      1.884
 350   -2      3.521     15.783      4.055
  -1 1101      8.513     17.045     12.072
  -1  704     13.177      3.409      1.314
 881  135     -9.265     -0.943      1.756
 358   53     24.712      5.253     10.045
  -1  503     21.563      0.354      8.244
  -1   -2     10.345     -1.645      8.207
1178   -2     23.047      3.600      4.758
1066  183      0.532      7.043      9.663
  -1   -2    -14.387      3.775     -8.085
 759 1004     20.739     10.594      5.430
 268  415     13.721      2.744     12.161
 961   43      4.562     -0.432      9.437
 623  151     24.253      1.194      8.224
  37  805     -0.052     11.507      8.943
1110   54      1.529     -1.398      9.129
  -1   -2     24.081      3.628      1.969
  -1  138     -1.842      8.058      6.444
 702  364    -15.859     -4.349      9.309
  -1  551     11.370      2.681      8.709
 314   -2    -12.547      8.016    -10.253
   8  262     -8.385      8.089     -3.486
  83   12     17.566      1.101      2.049
 296  273     20.143     -1.187     -8.873
  -1   -2      9.701      1.141     12.362
  -1   -2      1.050     -0.207     11.549
  -1   -2    -16.787     -3.324      4.754
1022   -2      3.696     11.418     -5.461
  -1  614     14.249      4.084     10.656
 392  424    -10.944     16.196     10.242
  -1   -2      1.990     -3.323     12.317
1199  837     24.099     16.499     12.057
  -1   -2     -9.435    -10.670      2.367
 445   -2     22.587     11.000      9.129
  -1  163     -0.668     11.130      3.656
 386   -2     12.769     14.138      3.241
  -1   -2      5.215      9.384     -9.952
  -1 1160      8.415     -2.112     12.179
  -1   -2     10.013      4.692      7.691
  -1  546      1.328     -0.853      5.584
 229 1249     26.074     -7.673      8.965
1166   -2     16.413     -1.224     11.247
 663   -2    -16.098      0.225      6.332
 181   -2     16.082     11.307     -2.532
 404  714     26.098      5.549      9.474
  -1 1002     15.400     -5.510     -3.957
  -1   -2    -14.797      2.755      8.738
 210   35     17.405     -1.327      6.620
 189  512     -7.157      7.633      2.702
  -1   -2     23.919     -3.373     12.659
  -1   -2     -3.393     11.106     -3.986
1257   -2      3.341      4.231      6.385
1301  219      2.531      6.814      8.122
 546  901    -19.438     -9.364     11.222
 173 1243     23.947     -2.741      9.676
 849   -2     -9.852      1.889     12.013
 108  729    -10.446     -7.781      0.484
  -1  265     27.621     -7.254     11.800
  -1   -2      6.553     -7.730      7.467
  -1   -2     -5.201      9.347     -5.121
  -1  389     13.175     -4.800      1.652
  -1   -2     14.462     -6.986     -8.563
  -1   -2     -1.620     11.110    -11.864
  -1   -2     20.028     11.750      7.909
  -1   -2    -12.559      6.254    -12.103
 858   -2    -10.318      8.991     -5.215
 584   -2     24.669      9.199      7.183
 276   -2     10.631      8.768     -7.322
  -1   -2     21.467      8.224     -1.743
  -1   -2    -13.586      8.831     -3.896
 448  222     11.425      6.681     -0.439
  -1   -2     -8.724      6.687     -9.812
  -1   -2     -1.453      4.957     -2.037
1017   -2     13.676     -6.715      3.731
 107  521      1.403     11.443      5.851
 532 1087      9.201     10.316      6.437
  -1   -2      3.369     12.174      8.217
  -1  458      5.526     11.748      4.881
  -1   -2    -11.531     -6.858     -8.164
1005   -2      8.349    -11.549     -0.941
 170   -2     17.360      7.272     -7.367
 432  472    -14.649    -10.011      8.808
  -1   -2    -20.075     -1.043      9.121
 586  772      7.363     14.471     -2.759
 543   -2     19.169      0.112     -2.403
  -1   -2      8.965     -1.539      6.002
 317   -2    -18.826     -7.194     11.060
1155   39     -1.560      9.745      7.079
 456  742     13.564      9.586     10.491
 643   -2     26.539     -2.566      6.854
 397   -2      7.028     -3.722     -8.366
  -1   -2     -0.056      7.886    -12.292
 481  900      4.233     13.895      7.919
  -1   -2    -11.523     -4.254     -8.024
  -1   69      5.684      9.520     -9.546
 193 1246     16.365     -7.553      0.582
  -1   -2    -14.777      4.118      1.542
 251   -2     14.488      4.995      6.810
1082 1143     16.872    -11.481     -9.073
  -1  180      5.556      3.241      4.121
 607  104     19.327     -0.999     -1.269
 619  606     14.990      5.309      0.972
 962  155    -10.429      0.577      3.414
 524  252     -8.043     11.937      9.351
  -1   -2      5.971     -8.083     -2.000
  -1  446     19.115     16.576      4.324
  -1   -2     -5.124     16.125      6.334
  -1  821     -7.089      2.336      6.304
1062  346      6.891     -8.513      1.619
 354  569     -1.168     -0.128      2.786
  -1   -2     -0.634     12.914     -6.996
  -1   -2    -16.087      2.246     12.260
 662  153     -3.660      4.579     -2.268
 537  234      2.383     -4.870     -3.593
 875 1093     -0.944      8.069     12.190
 245   -2     17.750    -15.479      7.929
 891   -2     -0.333     16.118      4.969
1020   -2     27.037      7.054     11.149
 621  834    -14.788     -6.896      8.136
 920   -2    -14.193     12.254     -4.081
 141  363     -8.569     -1.343      2.575
 428   -2     -5.577     14.601      5.512
 258   -2     24.325     13.662     12.326
  -1   -2     -0.928      3.181     -3.825
 997  471      9.808     -4.446      9.760
 952  117     -5.144     14.539      2.801
  -1   -2     14.152      4.095     -7.588
 194 1021     23.292      9.563      8.383
1265 1307     24.605      1.554      1.219
  -1   52    -10.137     -3.878     11.611
  -1   -2      1.644     11.335     -2.495
 800   -2     -0.391      1.785      3.165
 493   -2     22.585      2.709     11.662
 156  992     15.123     10.274      2.076
  -1 1089     -4.593      4.712     10.103
 921 1104     24.704     11.073      9.152
  -1   -2     -1.980      7.654     -1.326
 363 1257     -9.382     -8.479     -7.543
1152  430     21.685     -3.911      7.001
 814   -2      5.477      9.763      9.200
 559   -2      5.611     14.608      8.580
  49  140     16.057     -5.702     11.654
  -1   -2    -12.405     -6.702     -1.940
 718   -2     19.198     14.567      2.329
 585 1079      8.891     13.273     10.655
 152 1001     10.488     -7.895      4.265
  -1  209     20.748      9.720     -1.980
 576   -2     16.574      9.071      6.443
  -1   -2    -18.973      6.069      8.250
 890   -2     -5.112     -3.625      8.977
  46   -2    -16.022     -1.925     10.993
 334  238      7.964      5.411      6.594
 603  450     22.842      0.638      7.736
 620  130     27.037     -4.496     12.379
 216  350      0.964      8.364      5.666
 645  726     20.497     15.897      8.112
 747   -2     -0.193     -6.636      9.253
  -1  649     10.906      8.168     12.242
  -1  564      1.141     -4.042      7.341
  -1  227     17.266      1.457      3.138
  -1  315    -12.617      1.386      5.613
 247  370     -1.319     -2.946      4.971
1320   -2     12.803      4.741     10.852
 622   -2     -1.425     -8.792      4.941
 536   -2      7.942     15.110      2.168
 888   -2    -18.157      5.537     11.053
  -1  258     10.390      7.434     -2.984
 844  635     17.237    -13.524     -1.809
 167   -2      1.022     17.455      9.310
  -1   -2     -4.224      9.697     12.280
  -1   -2      1.457     -0.065    -11.666
  -1  548     -0.471     -0.375      8.179
 601  282    -14.135     -7.538     11.670
 312   -2     16.307     -0.339     11.325
1259  380     -6.849     -1.223      6.298
  -1   -2     19.424     -7.523      4.039
  -1  696     -6.554     -9.030      7.890
1260   -2     19.229      3.495      4.463
 676  279     18.508     12.817     -5.681
  -1  187     14.502      6.810      8.010
 830   -2    -16.025     -2.668      2.690
 381  325     20.851      2.739      7.882
 484  445    -10.438     -6.410     12.395
  -1   -2     16.921     -2.666      1.478
 230  292      0.371      2.338      9.235
 968   -2     20.168      2.862     10.049
  -1  673     -4.034      8.264     -5.942
  -1  373      0.941      9.733      3.679
  32  488     -1.775      4.350      9.364
  -1  352     18.422      7.216     -3.516
  -1  318     -7.662      8.228     -5.575
 393   -2     21.056     16.450      3.901
 561   -2     -3.250     -1.840      7.072
  -1   -2     -8.615     -6.289     10.922
  -1   98     17.507     12.234     -1.181
 818  560    -15.824      3.806     -7.441
 113   -2     -2.096     14.561     11.822
 832  100     -9.425     10.209      6.924
1281   -2     10.043      2.624      9.004
  -1  400     -5.863     -9.879     10.968
 491  374     24.131      7.061      7.799
 262  291     15.900     -6.421     11.383
 338  189      9.781     14.887      4.483
 306   91    -18.440     -0.928      9.923
  23   -2     13.578      2.414     -4.362
  -1   -2      5.212     -4.698    -11.439
  -1   -2      1.253      8.500     -7.733
 188 1085      6.807     -2.548      4.888
1048  746      3.324    -11.051      2.039
 500  217     -0.497      2.319     -8.899
 513   -2     -5.698     -1.748      8.181
1052   -2    -12.264    -11.270      4.352
 242   -2     -9.131     -5.393      3.220
 488   88     11.188      4.639     11.606
  -1  171     15.342     -3.300     10.747
 531  630     -3.144     -4.341     11.391
1069  123      4.279     -6.928      9.665
 937  616     -2.390     -7.656      6.541
  -1  995      9.064     -5.779      5.862
 525   -2    -11.287     -3.136      4.279
 149  391     10.986     16.041      6.934
  -1  368     16.472      7.019      8.263
  -1  843    -17.843     -9.037     11.861
  -1   -2     -5.807     -6.703     -6.568
1172   -2     14.731      2.527     10.092
  -1 1018     16.102      3.045      2.202
 349   -2     21.984     -6.477     11.468
  10  749     -3.028      0.729      8.428
  -1  756      4.325     -4.120      8.625
  88   -2     23.844      5.149      5.882
1002  409     10.118     11.679      1.359
 572   -2     14.590      8.623     10.904
 696   -2      2.820     -1.992      7.679
 440   -2     -0.154     15.065     11.916
 326  685      8.193     14.441     10.456
  -1  542    -15.581     -3.885      4.644
  -1 1256    -20.011     -4.870      8.984
   0  242    -10.830      7.171      7.797
  -1   -2    -17.218      2.806     10.144
  -1   -2     25.363     -2.343     11.133
  -1   -2     18.107      9.041     12.020
  -1 1188     13.334     -2.029     -1.538
 599  688    -13.295     -9.096     -7.642
  -1  416     19.828     10.766     10.259
 469  188      9.127     12.179      9.175
 231  720      8.739      6.168     10.836
  -1  476      7.327      1.046     12.228
 731   -2     24.039      2.253      6.674
  -1   -2     17.538      9.106      0.205
 415  378    -16.000     12.733      9.517
 638  287     11.098      1.136      8.652
  -1   -2      8.186     -4.480     -6.108
  -1  298     23.996     10.942     12.057
  -1   -2     15.061     -6.137      1.035
 322 1145     -6.034     -4.713      1.621
 861   -2    -14.652     -4.966     12.505
1306   -2    -16.234     13.947      6.991
  -1   -2     -9.991     -6.283      7.426
 651  924      5.270     -2.036      5.273
  -1   34    -15.391      1.649     -7.446
  -1 1115     -6.728     -6.251      1.884
1015   -2     -2.874      4.926      5.144
 423  447      4.998     -8.510      2.808
 550    9     18.000     12.417      4.868
 453  277    -18.717      4.456     11.449
 447  119     13.876     14.918      9.211
1018  667     25.459      3.164      8.167
1254   -2     20.751      3.777      4.883
 579   -2      9.832      4.073      7.335
 483 1158     11.083     14.446      8.120
 102  740      9.473      7.217      3.280
  -1   -2     18.911      7.526     -8.519
  -1   84    -19.812      4.421      8.341
  -1   -2     19.567     12.516    -11.329
 786 1250      0.055     -2.544      9.319
  -1   -2      3.806     -7.001     10.664
 182  711     18.520      3.585      5.269
 431  244    -17.052      4.954     -5.067
  -1   -2     22.901    -10.317     10.536
 413  496      2.183      2.397      9.988
  -1  393    -11.025      1.947     10.210
  -1   -2     16.620      3.888      8.587
1004 1277      6.667      5.299      0.803
 602  495      4.074    -10.208      5.712
 264  725      9.599     -6.735      9.253
 395  182     14.793      1.822      3.233
1194 1189     24.846    -18.021     10.388
 368   -2     -2.789      6.403     -3.503
1106   -2     14.495     -8.707     11.425
 360   -2     26.047      1.481      9.635
  -1  226      7.713      7.558     -5.544
1049  402     21.057     -6.907      1.663
 236   -2      8.268     11.596     -6.844
  -1   -2     10.247     -8.261     -8.173
 684   -2    -18.862     12.625      7.244
  -1  259     13.689    -10.444     -1.447
 979   -2     18.032     -9.239     10.400
  -1   -2     12.636     11.513    -10.715
1125   -2    -10.320     12.695     -1.780
 986  679     24.946     10.294     10.859
1016  342     -8.553     15.103     12.264
 822  494     -6.477     12.705     11.361
  -1   -2     14.804     -1.297     11.609
 351   -2     20.425      3.584     -7.686
1083  405      1.661     -6.668     -5.185
1159  674     -6.677     -6.277     10.080
1014  637      4.848     -7.946     -0.468
 782   -2     -9.997      5.852     -4.767
 760   -2     11.860      8.557      7.574
 547   -2     21.124     -3.110      9.857
 625   -2     19.475    -12.848     -1.404
  -1   -2     10.477     -5.052     -4.347
 805  811    -11.912      1.204      9.538
1271   -2      3.219    -11.731      7.236
 301  341     -4.022     16.699      7.081
 548  379     16.025     13.082     11.955
 655  629     14.016      0.297      2.139
  -1  280     22.138     -6.056     11.727
  60  459     -3.967      7.145      3.207
 919  419     22.898     10.994     10.335
 291   -2     23.512      5.392     -0.605
  -1   -2      7.948      2.382    -11.971
  -1   -2     25.460     -3.797     11.411
 560  515     18.952     -6.139      3.596
  -1  452     17.906      8.113      5.093
  -1   -2     -2.910      5.625     -6.991
 273   -2     11.298      8.851      9.701
  -1  418     -2.017     -1.597      9.099
 150   -2    -13.368      3.589     -6.330
  -1   -2    -10.252    -13.350      2.145
  -1   -2      2.959    -12.145     -8.373
 764  107      0.096      8.038     -7.888
 158  556     17.604     14.156      0.002
 688  625     22.425     -4.535      2.184
1095  448     22.517     16.160      3.035
  -1   85     11.990      1.181      4.008
  -1  594     -1.312    -10.597      1.704
 449  670     10.820     -6.174      6.735
  -1   -2     17.256      5.917    -11.782
  67   33     14.283      2.252      6.656
  -1   -2      6.412    -10.837      4.395
 126   -2      2.777      8.285      0.544
  -1 1049     -1.814    -12.800     -6.628
 672  973     -1.135    -10.213     11.715
  -1  157      6.689      3.833     -5.438
 198  530     11.179     -4.723     10.698
 720   -2     18.339     -3.214      7.768
 492   -2     14.260    -11.664      5.108
  -1   -2    -10.570     -7.455      3.538
  -1   -2     -8.578     -6.440      6.777
  -1   -2      9.426     -7.218      5.446
  -1   -2     15.900     12.560    -12.175
  -1   -2     -1.245     -2.412      9.073
  -1 1149     16.088     13.686      6.997
  -1  748     12.517    -10.806      4.917
1084   -2     15.089     -6.431      7.539
 309   -2    -11.362     -1.830     -3.872
 348   -2     23.659      6.874      0.975
  -1  647     12.466      7.447     10.170
 793  703      4.218     12.906      7.852
 867   -2    -16.694     -2.498      7.289
 855   -2     18.989      3.948     12.113
 406   -2     13.575     11.465      8.318
 439  738      5.089      2.478     -2.361
1134  820     23.114     -9.645     12.012
1114  224     12.987      8.414      6.151
 159  613    -11.123     13.945     -0.634
 631   -2     15.976     14.239     -1.267
  -1  392      4.804      9.955      8.579
 399 1260    -11.158     -2.418      7.775
 501  541     18.383      9.063     10.011
  -1   15     -3.685     12.071      9.748
 934   -2     26.023      9.719     11.491
  -1  124     12.935     -8.153     -5.259
1064 1084    -16.958     -7.480      9.842
 103   -2      6.551     -9.642      8.473
 238   -2     13.760     -0.497      6.437
  -1   -2     21.815     -8.161     -1.661
 616  501     24.211      8.522     11.191
  -1   -2      9.361      8.452      8.512
 931 1051     -5.574     12.591     12.317
 473  832      3.482      3.804      9.205
1173   -2      3.904    -11.782      8.696
 455  160      3.735     -2.557     11.050
1068   -2     17.893    -10.924      6.635
  -1  899      9.090    -17.540      8.799
  -1   -2     20.031      4.977     -8.450
1034 1150     -1.016     -8.910     -4.699
  -1  528    -10.507      5.966      4.212
 843   -2      8.267     12.197      9.306
1136   -2      5.136    -15.515      3.853
 865  404      8.087     -7.263     11.662
  -1   -2     20.270      6.072      2.911
 776 1108      2.934     -7.125      9.045
 410  112      4.290     14.295      4.304
  -1   -2      4.571     -2.834     -1.716
  -1  676     13.030      9.348    -10.493
  -1  305    -17.898     -2.769      4.804
 215   -2     -0.942      1.040      8.611
 591  632    -16.482    -11.898     10.175
 668  303     -4.495    -10.256     -1.030
  -1   -2      5.387     -7.506     -3.786
  -1   -2     -4.237      4.637      4.864
 535   -2     15.986      3.840      8.381
 171   -2    -11.676     -0.641     11.239
1027   -2    -17.958      7.344     10.746
  -1   -2     19.019     -1.244      8.860
 810   -2    -16.142     14.749      2.165
  -1   -2     25.553      8.317      9.747
 503   -2     21.575     -0.605      0.577
  -1  690     13.101     -6.880      9.999
 269  453     -0.531    -10.813      1.252
 118   -2     -2.834     14.827     11.860
  -1   -2     14.187     12.299     -7.453
 523 1264     11.825     -2.962      8.541
  -1  497     -2.838     -7.881      3.946
  -1  705      8.924     11.225      8.102
 414   -2    -19.536      5.840     11.023
 305  885      9.229      6.756     -1.559
 683  178    -12.102     -4.543     -3.253
 465   -2     -4.035      5.290      0.943
1038   -2     -7.685     -4.752      8.963
 886   -2     18.114     16.128      5.509
1158   -2     24.561      6.308     11.296
 838   -2    -18.219     10.734     10.936
 341   -2      6.645      2.190      5.061
 996   -2     28.913      0.513     11.491
 741 1124     11.182     -8.581     11.791
  -1   -2    -10.083     -0.393     -3.978
 401   -2     20.503     10.825      9.456
  -1   -2     -0.364      0.761     -9.603
 730  682      8.301     -9.888      5.869
 519   -2     16.005     14.318      3.601
 332  947    -19.782     -6.565     10.118
1011   -2     -2.326     -5.948      9.662
1242  434     19.896      3.646      1.770
 950 1274     19.742     11.306      2.974
 722  326     21.113      6.696      8.324
  -1 1155     10.492     -9.171      1.604
  -1   -2     20.712    -13.727     11.230
  -1  194      4.164     11.599    -11.529
  -1   -2     -0.132     13.107     10.509
 714   -2      5.728      9.540     10.900
  -1   -2     19.457     10.633     -9.622
 320   -2      1.676    -10.568     10.350
  -1   -2    -13.268    -13.519      9.870
  -1  835      3.827      4.275     10.555
 863   -2      7.901    -17.385      4.674
 255 1034    -19.248     -2.381     10.717
  -1  865      6.465    -10.738     11.496
  -1   -2      5.912    -12.633      7.649
 359   -2    -10.768    -12.972      4.424
 482  335     17.034     10.326      6.084
  -1  398     16.860     12.476      5.966
 908  390      8.666     -4.246     11.826
 116  356    -13.127      9.741      0.507
 914   -2     -0.582      3.889      9.125
 132   -2      5.293      0.076      6.846
1188  663     -4.017    -18.117      7.985
  -1  591     -9.976    -14.672      2.958
1211  264     24.351     13.952     12.268
 710  245     23.782      0.569      9.882
  -1   -2    -15.804     -8.329      9.230
1127  110     -6.599     -5.511      7.102
 615   -2     17.331     17.375      6.192
1191  871     26.152    -17.090     11.107
 826  936     19.882    -14.188      3.013
 380   -2      3.966      2.159      9.759
 744   -2    -16.703    -11.859      2.313
1248 1091     -3.686      0.064     10.793
 556  114      3.233      6.891      5.516
 665  122     15.821      2.695      4.566
 789   -2     22.123     13.824     10.207
 899   -2     27.547      2.883     12.147
  -1  957     -1.038     -7.363     10.150
  -1   -2     11.768      0.164    -10.983
 820   -2     -7.040    -12.008      6.915
1121 1113    -19.135    -11.318     11.986
  -1  818     21.878      5.180      2.599
 737  490      9.754     -2.623      2.665
  -1  552     16.490    -17.983      8.172
 454   -2    -15.757     -4.524      7.324
1286   -2     19.437     -7.298     -1.964
  -1   -2      6.830     -9.249     -3.185
  -1   -2     22.311     -0.421     -3.768
 250   -2     -6.338     15.801     10.892
1147   -2     -4.883    -11.280      8.983
 421  587     -4.136     -4.970     10.946
  -1   -2     14.384      7.293     -6.171
  59   -2      0.754      7.541      8.651
  -1   -2      6.330     -4.394     -4.172
  -1 1179     -8.814     12.503      8.139
1024 1090     15.860    -13.685     11.470
 180 1017      4.819      6.375      8.410
 608  724      7.994    -11.882     11.793
  -1   -2     11.160     10.935     -3.216
  -1  646    -10.924      1.980     -1.620
  -1   -2     -5.259      7.656     -2.501
 637   -2      2.971    -12.825      5.406
  -1  909     18.865      7.500      9.055
1135   -2      2.605    -12.646     -6.227
  -1   -2     23.417     -4.370      3.042
 940 1151     -8.681    -10.104      9.874
 698  275     -3.221     -9.352     10.460
  -1  514     25.474      9.920     10.139
  -1 1136     20.896     -5.171     11.227
1096  152      4.483     10.190      9.153
 600   46      8.169     -3.518      8.939
1001   -2     15.165    -15.941      3.621
  -1  456     -8.810     -7.312     -3.697
1031  411      1.786     17.251      9.627
  -1  535     16.424     13.959      3.883
 839  654     -8.339     -1.254     12.397
  97  908      0.571     13.026     -5.026
  -1   -2     -1.679    -12.840      3.722
1182   -2      5.110     16.318     10.799
1263  879    -10.161     -6.204      2.856
 965  699    -11.530    -13.117      8.559
 765   -2     23.789     12.688     10.473
  -1  933     -3.383    -11.289      6.868
 514   -2      5.188    -12.465      1.852
 798  643     -3.663      3.371     -6.025
  -1   -2      9.755     -9.090      1.902
  -1 1082     25.246     -9.354     11.556
1151   -2      1.676     -0.587      3.935
  -1   -2      6.064    -12.846    -11.028
 974   -2     14.026     -2.977     10.281
1179  539     -6.395     -6.182     11.753
 390   -2     21.517     15.499      3.135
  56   -2    -11.204     11.025    -10.168
  -1   -2     20.002     12.283     -4.650
  -1  444      7.961     10.854      1.503
 540   -2     -0.734     -4.921      8.211
1143  506      5.249    -10.143      9.692
  -1 1043      1.086     19.300     12.101
  -1   -2    -16.157      6.528     11.545
 815  808    -11.162     13.220      8.839
  -1  800    -13.750     11.702      9.595
  29   -2    -14.908      6.608      5.693
  -1  354    -14.254      8.333     12.606
1058  628    -15.486      6.929      3.921
  -1   -2     -3.256    -13.675     -3.429
 910   -2     -0.911     12.125      3.146
1246   -2     -2.657      1.514      0.592
 809  967     23.507     11.668     -5.988
  -1   -2     -5.392      3.568     -8.396
  -1 1310    -16.570     15.149      7.639
  -1  764    -16.851      7.517     10.372
 502  134    -18.202      3.220      6.510
 973 1086    -12.276     -2.940      3.979
1230   -2    -13.847     11.411      7.028
 792 1045    -16.095     -4.828     -8.577
 313 1114     27.270     -4.213     10.330
 163   64    -13.312      8.692      9.914
  -1  972     -2.828      7.720      7.784
  -1   -2    -12.510      3.473      9.060
 119   -2      4.490      0.446     11.934
1221   -2    -12.202     14.453     11.882
  -1   -2    -14.169      8.444    -10.947
  -1   -2     -2.587      2.153      8.343
  -1  295    -17.424     -4.294     11.772
  -1   -2     -9.374      6.782     -4.238
  -1  596     24.536     -6.102     10.581
  -1   -2      1.532     -8.136      7.438
  -1   -2    -19.484     -0.173      2.473
1256   -2     -3.160     11.709      9.619
  -1   65     -1.559      3.715      3.510
 811   -2     20.638    -16.166      8.749
 771   -2     -3.957    -13.857     -1.100
1139  949    -16.282     18.053      2.357
 773   -2    -15.919     -4.086     -4.835
  -1   -2     14.450     13.586      8.672
 567   -2    -14.887     12.512      7.950
 391   -2     -8.655     14.850      9.401
1013   -2    -11.391    -14.784     -7.348
  -1 1012     29.443      6.281     11.712
  -1   -2     -8.546      2.193      1.723
  -1  658     20.876      1.836     11.844
  -1  965    -19.435      7.836     11.801
1039 1159     24.219    -13.992     11.189
1041   -2     17.039     -4.354     12.510
  50  241    -10.985      3.440     10.554
 977  735     19.292    -17.472      8.333
 145   -2     25.509     -8.891      8.593
  -1   -2      7.677     -1.306     -8.754
  -1   -2    -12.413      2.745    -10.425
1025   -2    -16.214     14.682     11.446
1252  893    -10.663      8.903      2.964
 862  734     23.830     16.611      8.265
  -1   -2     26.855     13.670      6.758
 808  257    -20.139     -0.279      6.002
 946   -2     25.885     -9.743      2.123
  -1  509    -11.147      3.233      3.384
  -1  944    -18.144     -2.560     -0.128
  -1   -2     -6.751     -0.456    -10.046
1283   -2      1.805     -8.288     -3.887
  -1   -2     15.066    -18.505     11.000
  -1   -2     10.399      0.170     -9.967
  -1  504    -18.620      4.290      8.073
 299   -2     -9.443     13.314      4.758
  -1   82      2.551     -5.666     10.116
1089   -2     -0.710     18.786      7.337
  -1   -2     -9.649      1.748      8.088
 806   -2      1.722    -14.101      5.683
 816   89    -17.165     11.801      9.867
  -1  760    -21.259     -3.115      9.329
  -1   -2     28.932      8.056     12.124
  -1 1083      7.904     -1.384     12.369
1032   -2     -9.126      6.145      4.350
  -1   -2     -8.477      5.167     -5.209
1072   -2      2.937     10.320     11.335
  -1  979     12.620      5.234      7.053
  -1 1072    -14.037      1.823      4.241
1165  585     17.224     -3.314      1.074
 654   -2     10.883     15.915      9.589
 220   -2     24.055      8.313     -5.973
 534  665    -18.968     -4.882     11.730
  -1  777    -16.967     12.835     10.990
  -1  664    -16.187     -9.163      2.351
  -1  759    -14.951     14.455      9.411
  -1   -2     -6.347      3.018      9.064
1080 1081      2.906    -13.579      1.422
  -1  571    -14.380      2.422     12.430
 315   -2     17.055      0.920      4.845
 930   -2      3.029     -0.977      9.684
 174  141      4.811      5.511     -3.890
  -1   -2    -19.816     -3.475     12.164
  -1  394     -0.945     14.199      6.715
  -1   -2     20.813     12.569     12.246
 859   -2     -3.067     14.342      5.382
 369  872    -17.139      5.603     11.711
1131   -2     -5.042    -12.889     -0.236
 695   -2      6.508     -4.412      5.807
  -1  783     26.480     -9.959      4.231
  -1   -2     11.766    -14.375     -1.432
  -1   -2     23.683      7.810      2.543
  -1   -2     12.898     -6.268      8.047
 200  313    -17.329      3.191     12.166
 232  372      8.370      1.950      6.743
  -1   -2     10.549      5.139     -2.017
  -1   -2      2.031     14.648     10.495
  -1  267    -15.222      5.099      5.222
  -1   -2     -0.537     12.487      6.665
 852   -2    -21.614     -4.340      9.207
  -1   -2     25.286     -5.824      9.964
  -1 1251    -13.420     -0.281      8.852
  -1   -2     -9.484    -12.748     -7.462
 293  533      6.806     14.031      6.859
  -1  401     -3.441     16.200     12.191
 142  860     14.589     -8.067      1.331
  -1   -2     10.913      5.035      8.708
  -1  809     28.019     -3.824      8.059
 906   -2    -12.273     13.357     11.239
 408   -2     17.114    -15.710     10.816
  -1  340     11.276     -9.680      6.807
 438  700      8.510     -8.932      4.901
  -1   -2      5.446      9.365     -5.002
  -1  710     -5.146      2.308     -2.925
 371   -2      1.136    -10.600      4.488
 794  815    -12.148     14.852     12.626
1138  825    -12.344     11.760      8.948
  -1   -2    -10.105     14.346      1.056
 887  780     26.806      2.458      3.997
  -1   -2      8.865     -3.138      1.970
 954   -2     -5.639     16.430     10.298
1146  914     24.880     16.789      6.951
 929   49      1.304     13.174     10.453
  -1    7      5.040     -2.724     12.750
  -1   -2     10.801      3.139     11.165
  -1 1054     -3.801     14.279     10.895
  11 1117      7.030     -2.830     10.831
  -1   -2    -12.166     10.423      9.083
  -1   -2     -3.553     15.256      6.461
 374 1162    -15.065     13.731      8.764
1097   -2    -18.611     11.722     -3.629
 970 1275     12.304     11.252      0.399
  -1   -2     20.460    -12.862     -8.195
 853  348     20.818    -13.422      7.595
 824  911     -7.509    -11.922      2.691
 987   -2    -17.101     13.122      9.763
  -1   -2    -16.167      8.606     -6.236
  -1   -2     -4.126      7.656     12.121
  -1  784     -7.150     14.120     10.007
  -1  338      1.026      9.259     -7.907
1007   -2     25.228     -7.432     11.734
  -1   -2      6.971      8.933     -1.655
  -1   -2     18.931      5.064     -7.254
  -1   -2    -20.020     -8.238      6.124
  -1   -2     -4.337     -3.875      0.643
 947  251      6.994      3.860      6.167
 770   -2      5.602     14.688     10.047
  -1 1056    -12.487     19.500      7.440
 900   -2     23.108      4.033     -5.975
  -1  176    -10.421      9.557     -5.605
1107   -2     23.513     17.822      5.525
  -1   -2     16.946    -12.651      2.572
  -1  492     20.370      0.434      8.281
1008   -2     -2.615     -0.673      6.226
  -1 1154    -18.569    -14.277      3.841
 201   -2     -2.124      7.493     12.618
 874   -2     11.922    -18.216      6.336
  -1   -2     10.647    -16.062      0.279
  -1 1062     21.253     -1.297     10.130
  -1  790    -17.021     -5.363     -5.433
  -1  438     -5.756    -10.743      1.436
  -1   96     12.414     12.772      6.975
1116 1125     12.498     11.362      8.896
  -1   -2      5.715     -2.233     -5.959
 943   77     23.494    -10.029      1.188
 517   -2    -11.744     -2.653     12.148
 972   -2      0.546     15.378      9.219
1065  216     25.949     10.906     10.468
 767   -2     12.482     16.419     12.193
   3   -2    -13.516      7.182      6.515
  -1   -2     -2.950      4.466     10.310
  -1  833     -2.956     17.439     12.379
 367   -2     14.260     -6.546      3.851
 755   -2     -6.046     -5.791     -4.000
 570  990     15.238     14.899     11.297
  -1  547      9.633     -9.801     10.419
 135   -2     -8.859      9.897      4.370
1119  662      5.216    -18.804      8.669
 384   -2    -19.479      6.934     10.721
  -1   -2     28.997      5.663      8.166
  -1   -2     11.517      0.686     11.993
 781   -2    -16.267     11.864      9.290
  -1  413      7.616      2.699      3.732
  -1   76     15.656      6.534      8.088
  -1   -2     -5.696     -1.623    -10.734
 933  941     13.194    -18.863      8.116
 496  589     15.482     17.837     10.045
  -1   -2    -10.232      9.312     -1.692
  -1   -2     -4.301     11.858      7.436
  -1 1228     -6.080      0.075      4.587
  -1  406      4.754     14.915      9.428
  -1  969     13.916     -4.459     10.545
  -1  651     -9.694     -5.587     -1.725
  -1  718     -4.092      6.776      7.325
 377  537     19.520     -3.514     11.355
  -1   -2     -9.893     11.690     -1.756
  -1  791    -15.673     -7.701     11.419
 959 1013     23.119     -2.809     -3.068
  -1   -2      6.642     -2.130     12.742
 745   -2     18.153     11.774     10.285
  -1  839     24.159     19.086     10.857
  -1   -2    -11.010    -10.830      0.925
1305  775     -2.002    -15.138      9.210
 418  323     20.783    -10.215      6.688
 935   -2     28.099      8.282     10.400
  -1  534      9.435      5.570      2.264
  -1  773    -16.036     14.238      5.628
  -1  432     10.505      9.579      7.293
  -1  841    -11.330     13.212     11.039
  -1  715     -9.944     15.451     10.316
  -1   -2     -2.277      6.986      3.939
 845   -2     -1.597     13.537      9.664
 510   29     -5.059     -0.068     -6.431
 971  794     -1.594     16.739     12.062
  -1   -2     22.904     12.788     10.562
  -1  464     15.972     -4.033      1.081
1181   -2     -0.492     16.846     11.228
1180  920     -1.030     10.049      8.984
  -1   -2     -0.172      3.252     -2.399
  -1  584     26.376     -1.687      8.083
 592   -2     -3.501     -7.862      2.664
1218   -2    -12.031    -19.116     11.296
  -1  310      9.158      9.131      3.686
  -1   -2      3.977      5.396     10.174
1174  906     16.383    -13.144      7.113
  -1   -2    -17.612    -16.048     11.983
  -1  656    -20.259     12.924      5.193
 577   -2     -2.051     -0.718     10.245
  -1   -2    -15.385     -0.090      4.561
  -1  946    -14.055     -9.840     11.567
  -1   -2     10.243     12.277      9.524
1132 1120     -5.808    -15.521      5.912
 905  367     28.096      4.021     10.542
  -1   -2     -5.374    -16.010     11.999
  -1   -2      9.497      0.875      8.295
  -1 1069    -18.984     10.540     -0.702
  -1   -2     20.914     -4.407     -3.183
 417 1064     -8.180     16.964      7.400
  -1  962      2.027    -15.194     -3.814
  -1   -2    -13.539      3.179     11.731
  -1  507     10.436     16.285      6.778
  -1   -2     -2.418     -8.142     -2.927
  -1   -2     22.540     -4.657     -5.347
  -1   -2    -15.416      4.367      5.533
  -1  174    -16.688      3.092      4.733
  -1  204     -5.162     12.674     -1.417
1118   -2    -10.711     16.977     11.330
 578  895     17.350     17.058     10.742
  -1   -2    -14.357      9.123      7.610
  -1   -2     12.022     13.735     -6.042
  -1   -2     -3.402      1.083     -0.933
 721  590      8.848    -13.074     -4.193
  -1   -2     20.987     -6.186      3.267
  -1   -2     -0.728    -10.797     -3.632
1079   -2     -9.512     10.312     12.316
 554 1070     -1.709     -6.746      2.438
  -1   -2     15.059     -7.483      1.874
  -1   -2    -18.056     -7.483     11.440
 373   -2      6.949      1.934     10.060
  -1   -2      8.741     16.106     10.187
 235   -2      2.887     -2.016     10.334
1168  912    -15.815     15.290     12.453
 964  888     24.194     -9.650      7.686
  -1   -2    -14.385     16.428     10.295
 277 1123     17.216      7.470      8.952
  -1  516      0.802     -0.989      6.239
1086  812    -11.467     18.671     12.611
  -1  851      8.284     -1.071     -3.133
  -1  867     28.980      6.562      8.570
1006  774     24.018     14.155      9.884
  -1   -2     -9.065     -5.147     10.107
  -1 1055     28.775      1.422     12.461
  -1  980    -21.460     -8.757      5.990
  -1   -2      6.173     17.174     11.285
  -1   -2     29.003     10.684     10.329
 437   -2      2.107      6.132      5.583
  -1  598     20.705     16.311     10.192
 901   -2    -17.255    -13.432     10.590
  -1   -2     24.766      6.894      4.944
1273   -2      8.321      2.192     10.561
1234   -2     19.335     -5.006     12.215
  -1  115     -4.769      8.822      4.245
  -1   -2     -5.573     19.947     11.564
  -1  958     10.883     11.843     11.660
 681   -2     11.681      5.413      6.937
1078   -2     23.175      4.436      0.583
  -1   -2     -7.782     15.949     -0.197
 945  645     -8.097     11.668      0.971
  -1 1016     -3.288      5.486     11.254
  -1  810      3.849     16.692     10.071
 706   -2     14.137     -9.673      3.214
1077 1099      8.578    -19.652      9.808
  -1   -2      0.913     10.943      1.276
  -1  487     -8.570     -2.936      2.170
  -1 1272    -19.975     -5.904     11.208
  -1   -2     14.280    -11.267     12.474
 872  634     18.793     -6.193     -2.463
  -1  948     -3.659     16.618      4.441
  -1   -2     16.638      8.600     11.496
 177  132    -15.590     11.928     -6.160
 667   -2      5.232     12.510     11.281
1128  228     -3.749     -1.758     10.840
  -1  779    -14.652     -4.899      8.358
 857  622     19.345     -2.153      7.812
 738  158     21.137     13.534     12.057
  -1   -2      9.738     -3.292     10.811
  -1 1075     23.863      5.388     -3.540
  -1   -2     -0.700      5.476     -8.539
  -1   -2    -18.929      9.654      6.495
1081   -2     21.122     12.399    -10.569
  -1 1047     -7.080     19.191     10.681
  -1  792      0.410     14.451      9.478
 489   -2     21.809    -13.136     11.329
 213  218     22.555      1.083     12.084
  -1   -2    -10.512     13.615      7.039
 736  166      0.241     -1.177      9.175
 419   -2      3.641     15.387     11.324
 127  789     -2.773      9.888      9.391
  -1 1035     27.328      4.145     10.806
  -1   -2     -8.020      9.696      9.931
  -1   -2     12.014      8.303      5.808
  -1  559      4.792      8.310     10.540
 955   -2    -15.523     18.284     11.388
1124  884     19.288      4.947     11.122
 191   -2    -11.315     13.831      7.620
  -1  164      6.182     14.708      3.272
  -1  351      6.940      9.019     -3.645
  -1  694    -18.101     -6.504      7.864
  -1 1060    -20.258    -14.921      8.654
1130  771      4.483    -16.085      9.282
  -1   -2      8.784      2.201      6.516
 700  383      9.623    -11.408      8.170
  -1   -2      4.791     12.122      7.532
  -1   -2     -5.065     11.905      6.304
  -1  708      7.392     13.408     11.925
  -1   -2     -8.585      1.384      8.938
  -1   -2     20.651     13.299      1.837
  -1  529     -5.183    -14.704     -0.685
 689   -2     17.944     15.469     12.028
 912  623     -1.934     -8.402      9.754
 917  106    -11.608     -7.010      8.046
  -1   -2     19.256     -0.655      9.776
  -1  787     11.094     17.963      7.273
  -1  745     15.828    -10.623      4.803
 897  485     12.665     15.962      9.540
1282   -2      0.707     -4.940      1.559
  -1 1178     21.166      4.082     -1.036
 545  550     11.384     -1.515      8.799
  -1  197      7.334      3.636     10.126
  -1  366      5.291     -0.613     -4.115
  -1   -2     -4.958     16.410     12.595
  45   -2    -14.266     13.269      4.129
  -1   -2      4.047    -10.106     -7.531
  -1   -2      1.762     -5.742    -11.756
  -1   -2      0.730     -4.587     11.443
  -1   -2      7.824      2.113      7.210
1090 1191     23.338    -16.144     12.391
  -1   -2     -9.116      8.791     -9.371
  -1  737      4.648    -11.553      5.930
 957  915     21.293     -8.277     10.505
  -1  806      2.739    -14.613      0.407
 657 1182     -9.804    -14.134      5.025
 457   -2    -12.056     -5.326      7.904
  -1 1238     19.034     12.567     11.925
  -1    0     -7.984      2.560      4.295
  -1   -2     18.414     -2.215     10.401
  -1  518    -19.335     -2.057      4.489
 583  798      6.093     10.211      3.431
 336   -2     25.380     -4.392     12.255
 569   -2      7.177     14.120     12.082
 726   -2     -5.273    -12.988      6.214
  -1  989      0.014    -15.257      8.990
 766   -2     18.898      0.229      2.266
  -1  681      6.366    -17.900      2.656
  -1  910     27.663    -14.115      5.152
1284  208     22.525     -3.597      8.739
  -1   -2    -15.251     19.701      8.687
  99  263     21.426      2.996     10.830
 300  687     20.051      0.581      5.502
  68   -2     21.048     10.123      4.295
 138   -2     -0.200      0.461     12.249
 701   -2     -6.319     -3.320     -7.932
  -1   -2      8.356     17.580      8.952
  -1  582     24.016      6.198     -3.368
  -1   -2     -3.213     -1.493    -12.012
 709 1174     20.193     14.564     11.188
 239  866     -2.059     12.270      8.152
  -1  892     13.621    -12.781     -6.403
  -1  987     14.023     -2.354      0.244
 325   -2     21.940      6.220     10.966
 967   -2     -2.643     16.707      3.275
  -1   -2     -5.353     15.000     10.068
  -1   -2    -10.012     12.557      9.039
 817   -2    -14.881     15.667     10.528
  -1  343     18.564     -3.112     11.931
  -1  977    -16.277    -19.799      6.147
1196  332     19.624    -18.849      8.900
  -1   -2      0.594     16.660      9.013
  -1  717     -9.834    -14.858      8.405
  -1 1152      8.721      5.431     11.962
  -1   -2     14.660      4.462      4.906
 704   -2     -7.820     -5.409     11.046
  -1  524     21.367    -11.211     10.829
  -1   -2     -1.675     11.164      0.755
  -1   -2     22.150     12.872      2.599
 364  139      0.974     10.774      4.789
  -1 1036     24.866      7.400     12.091
 633   -2      3.305     -3.645      6.933
1149   -2     15.174     10.139      0.683
  -1  499      5.515      8.537     10.052
  -1 1102      5.054    -15.785      0.495
 799  427     23.891    -11.297     11.602
 922  454    -19.468     -3.234      6.472
  -1  751     -9.409    -15.373     10.349
  -1   -2     22.375     -2.492      7.499
  -1  620      3.536    -11.167     11.884
1204 1148    -10.761    -17.352      9.026
  -1   -2     10.348      3.064     -0.756
  -1   -2     22.575      6.669      5.863
  -1  190      3.103     13.256     11.655
  -1   -2     12.389     -2.734     10.597
 757   -2    -13.874    -14.794     -5.228
  -1  271     20.265     -6.456      9.127
  -1   -2      4.667    -25.177      5.932
  -1 1298     16.011    -19.963     12.033
  -1 1195     11.060    -27.891     -6.397
  -1  975    -14.326    -18.783     12.502
  -1  921    -25.395     -9.309     12.536
1202   -2    -21.240    -14.594     10.256
  -1 1211     14.481    -20.777      7.125
  -1   -2      6.598     23.136     10.921
  -1 1200     16.604     24.722     10.049
  -1 1156      0.640    -23.102      5.344
1205 1204    -23.661    -10.105     12.777
1219   -2    -15.138    -16.635      7.753
1207 1205     27.410    -23.135     10.691
  -1 1207    -24.616    -13.639      7.287
1208   -2    -23.612    -10.753     10.891
1206 1203    -24.778    -13.791     12.569
  -1   -2    -18.131    -16.871      7.473
  -1 1212    -22.515    -18.056     11.779
1192 1209     18.506     25.829      9.527
  -1 1098      0.827    -16.563     10.470
  -1   -2     23.690     19.560     12.497
1203   -2     -5.625    -22.442     -0.448
  -1 1025     23.008    -18.284      8.461
  -1  531     26.615     13.516      9.244
  -1   -2     18.237    -19.562     12.268
1197   -2     27.899    -15.502     12.718
  -1   -2     14.785     28.043     -0.607
  -1   -2     20.896    -15.354      9.313
  -1   -2    -26.755     -9.273     12.154
 834  302    -19.069    -12.925     11.639
  -1 1202     24.351     17.250     12.523
  -1 1052     21.702    -22.089      8.543
  -1 1213     -3.850    -24.276      4.467
 892   -2     14.964    -19.537      8.725
  -1  778      1.346     26.029     11.106
1220   -2    -18.027      2.374      5.963
1293 1329     -3.405      3.530     11.170
 768    6     13.059     -8.882     11.570
  -1   -2    -11.214     13.865     11.047
   2   -2      3.550      2.473      3.204
  -1   -2     15.588     -1.241      1.325
  -1   -2     24.344     -1.981      7.280
  -1   -2    -10.397     -2.214     11.764
  19 1223     18.790      2.863      7.473
  87   -2      0.899     10.119      3.083
  -1  108     -1.644      6.302      0.797
  -1 1222    -14.250     10.538      6.628
  -1   -2     16.310      0.495      5.762
  -1   -2     19.948      2.912      6.301
 100  846     21.768      2.275      8.653
  -1   -2     -5.901     -0.768      4.410
  -1   -2     12.229     14.891      8.150
 146  281      8.887     -3.780      9.677
  86 1236     20.323     -0.545     11.845
1336   -2     18.986      0.444     -7.479
  -1  814    -16.549     15.123      7.703
  -1 1235      6.850     -3.629     -7.811
  -1   -2      1.340      8.429      9.231
1120   -2      1.394      8.442      9.076
1245 1292     16.690      9.560      2.560
 294 1289    -13.541      7.245     -1.512
1085   -2      0.223     -2.620     -0.336
  -1  595     10.470     -1.613      8.384
1249 1066     -9.555     -3.173     11.546
 130 1239     17.349      4.741     -1.745
 153   -2     22.139      8.231      3.335
  -1   -2     26.934      7.966     11.771
  -1  206     -6.895     15.608      4.596
1244   -2     -6.841     15.463      4.868
1261  797     18.915     -2.430     -2.419
 308   -2     -9.370     -8.492     -7.773
  -1  603     23.515      5.429     -0.616
  -1   -2     13.957     -7.940      6.505
  -1   -2     21.272      1.638      5.672
 472  961     18.958     16.601      4.233
 913 1096    -10.957     12.128      5.010
 197   -2     17.302     12.047     -1.095
  -1 1294     23.225      5.693      0.339
 411 1024     -3.135     13.554     11.760
1266 1296     12.741    -13.397     -2.009
 148 1088     -8.548     15.282      1.778
1156  212      2.376     15.234      9.203
  -1  237     -5.780     -3.912      7.923
  -1   -2      1.563     -1.414      9.077
  -1   -2     16.558      9.390      8.838
 594 1267     14.196      9.183     -1.430
  -1  991    -15.301     19.811      8.991
1177  465      9.679      4.456      8.869
1215 1215    -17.713    -16.152     11.750
  22 1019     11.871     16.354      8.538
  -1   71     23.591     10.108      5.962
  -1  498     25.438      9.463     10.348
1003  316     26.321     -4.481     11.609
1189   -2     16.937    -20.903      9.177
  -1   -2    -11.214     13.865     11.047
  -1   -2     16.314      0.471      5.834
1222  693     -3.350      1.034      6.790
  25 1320    -10.428     -2.176     11.753
1300   -2     23.893      2.833      1.639
1231 1305      1.380      4.702      8.544
1267  144     24.344     -1.981      7.280
1233   -2     11.598     -0.123     -7.564
 648  451     20.593     10.839      3.886
1304 1309     13.018     11.320     10.983
  66   55     26.908      7.985     11.658
 507  286     12.797     -6.363      8.408
 515   -2     16.250     11.895      7.771
  -1   -2     20.411     16.778      7.313
  -1  290     14.911     13.172      9.689
1288  757     15.619      2.432     -1.754
  -1 1311     12.123      5.212     10.624
  -1   -2    -11.214     13.865     11.047
1311 1314     -2.147     14.945      7.242
  -1  469     24.123      2.716      1.412
 286   -2     18.578     -4.629      3.917
  -1   -2    -11.214     13.865     11.047
  -1   -2     12.123      5.212     10.624
  21 1224     16.310      0.495      5.762
 530  599     -2.555      9.074     -1.918
1141   -2    -16.549     15.123      7.703
1235   -2     12.123      5.212     10.624
  -1   -2    -11.214     13.865     11.047
  -1   -2    -11.214     13.865     11.047
  -1   -2    -11.214     13.865     11.047
  -1   -2    -11.214     13.865     11.047
  -1   -2    -11.214     13.865     11.047
  -1   -2    -11.214     13.865     11.047
  -1   -2    -11.214     13.865     11.047
  -1   -2    -11.214     13.865     11.047
  -1   -2    -11.214     13.865     11.047
  -1   -2    -11.214     13.865     11.047
  -1   -2    -11.214     13.865     11.047
  -1   -2    -11.214     13.865     11.047
  -1   -2    -11.214     13.865     11.047
  -1   -2    -11.214     13.865     11.047
  -1   -2    -11.214     13.865     11.047
  -1   -2    -11.214     13.865     11.047
  -1   -2    -11.214     13.865     11.047
  -1   -2    -11.214     13.865     11.047
  -1   -2    -11.214     13.865     11.047
  -1   -2    -11.214     13.865     11.047
  -1   -2    -11.214     13.865     11.047
  -1   -2    -11.214     13.865     11.047
  -1   -2    -11.214     13.865     11.047
  -1   -2    -11.214     13.865     11.047
  -1   -2    -11.214     13.865     11.047
  -1   -2    -11.214     13.865     11.047
  -1   -2    -11.214     13.865     11.047
