1338
   0    0     -1.660     -6.559      2.942
  -1   -2     -9.998      6.006      8.593
   2    2     15.942      1.924     10.567
 777   -2      7.917     -7.399      4.469
  -1    5    -18.051      2.296      6.085
  -1   -2     -9.804      2.678     -3.573
  -1   10     12.990     -8.922     11.888
  -1   -2     18.542      5.222      1.745
  -1   -2    -11.217     13.856     11.059
  -1    8      3.954      7.523      0.490
  -1   -2     12.462      7.683      3.097
  -1  505     -3.358      1.050      6.636
  -1    4    -10.602      7.395      9.838
  -1    7     -3.543      3.662     10.911
  -1   -2    -12.782      0.315      6.193
 576  447      7.437     14.357     10.889
  35   -2     10.794      6.920      5.019
 539   -2    -15.430     12.621      3.692
  19  100      4.831     -6.205     12.546
1241   -2     -2.231     14.946      7.315
  12  542    -15.454      7.127      4.748
  -1   -2      6.863     -1.009     -6.713
  13 1245     -2.799      6.619      0.387
1247   56     -5.790     -0.731      4.508
  -1   32     -4.134      8.038      1.046
 419   -2     10.508      3.335     11.167
   6 1316     16.316      0.401      5.688
 198   29     -0.727     14.466      0.316
  -1   22     15.598     -1.596      1.333
 438  697     23.064     -3.553     11.253
  -1   39    -14.184     10.586      6.420
  -1  213     22.964      9.419      8.126
 149  279     11.628      2.897     -0.733
 105   19     -5.027     -1.740      8.476
  -1 1250      1.269      4.688      8.362
 213   78      7.424     -1.558      2.137
 244  417     23.652      4.774      7.746
  -1   -2    -10.449      7.755      7.179
  99 1261    -17.557     -1.713      9.428
  -1   36     -9.115      7.801     -0.458
  -1   20      8.886      3.757      4.207
 126   76     16.959      1.413     -3.086
  -1   -2     26.269      5.284      9.402
1242  124      7.244     -7.283      5.323
 399   17     17.768      3.651      4.956
 972   -2     25.665      9.267      6.153
  77 1256     11.655     -0.186     -7.488
 110   -2    -10.255     10.378      5.491
1185   -2      8.575      5.492      2.244
 433  596      1.135     10.643     10.686
 604   -2     -4.671     -1.398     -7.217
 565   -2    -11.699     -6.213     11.700
  -1   28     18.827     -6.070     11.383
1282   -2      1.970     -9.342      5.326
  -1   -2     -6.822      0.520     -2.185
  -1 1322     12.146      5.218     10.388
  69   68     16.809      0.961      9.262
  10 1243     16.436      3.628     -7.992
1069   35     -3.121      9.303     10.080
  -1   -2     18.546     -0.330     -3.265
 295  234      0.967     -1.145      9.231
 147   -2    -15.338     -4.670      7.674
  -1   -2      8.798      8.952     -1.573
  -1  731     14.975      1.440      0.483
 284  108    -10.837     -2.605      7.952
 454  884    -14.911      7.624     -9.378
  88  136      3.358      0.072     -7.363
1018    1    -11.259      7.965      4.727
 826 1289     -1.250     10.541      5.321
  -1   -2     16.261     11.196      4.485
 431   -2    -11.656     15.790      6.287
1087   -2     -2.059      7.983      1.873
 304   -2      9.652      0.923     12.286
  -1   -2      6.535     13.654     -4.439
 167  197     26.881      8.019     11.844
 746   -2     20.302     -0.712     11.733
1077  128      7.860     11.398     10.150
  45  344      6.038     -0.394      9.622
  -1   -2      5.180     -0.088     -3.822
  -1 1326     24.854     -4.366      7.605
 449 1013      7.796      3.135      8.136
 101   -2      1.420      8.456      9.168
  -1  474    -18.542      5.072      2.829
  -1   38     -1.645      6.344      0.545
  74  409    -11.690     -0.435      7.576
  51  119    -13.369      7.352     -1.065
  -1  164      5.713      0.586     10.598
  -1 1044    -17.042      7.882     10.405
1042  807     -2.836     14.780     11.882
 496   24    -11.547      6.972      2.209
  -1   88    -15.235      1.419      3.281
  -1  776     14.571      1.899      9.677
  -1   -2      1.218     18.201     12.189
  -1   -2     20.047      3.600     10.355
  -1  214      8.156      8.863      7.235
 964   -2    -10.545     -0.920      5.434
  -1   -2      3.673     -6.104     -6.969
 118  260     -0.284     15.108      3.510
  -1   -2     20.269      3.984      3.493
 392  688     11.244      3.622      3.617
  -1   -2      9.057      1.678     -5.289
 919 1142      4.982      8.365      9.671
 477   -2     17.337     -1.332      8.015
 701   -2    -11.852     -2.788     -2.694
  -1  533    -14.981      7.279     -0.327
  -1  412    -10.620     13.396      5.466
 938  411     -5.712     -1.848      5.782
  -1  116     -3.918      9.678      1.953
1196   -2     11.207     -4.477      3.140
  -1  517      1.524     11.595      2.116
 293   -2     18.733      7.864     -2.376
 140  196      6.221     -9.685      3.102
  -1   -2     11.789      0.207      3.811
  -1   -2      8.749      1.213     12.200
 342  959     13.156     -7.737      1.960
 117   -2    -11.869     -1.632      9.437
 712  129     11.322     11.466     10.413
  -1  163     19.525      4.715      2.040
 858  186     13.416     11.876      9.117
 739   -2     19.037      5.541      6.830
  -1   -2     24.307     -1.899      7.212
 131 1353     14.623      4.763     -9.286
  -1   -2     -0.944     11.904     12.085
  67  180     12.433      6.106     -9.706
  -1   -2      0.714     -1.839      3.464
  82 1257     19.673     12.745     10.613
 835   -2     12.871     10.562     11.605
  -1   -2     -5.080     14.592      2.878
  -1  770     -9.693     -2.357      3.563
1301  236     -5.490      9.143     -5.864
  -1  226     -6.867     15.541      4.823
 474   71    -14.870     -1.454      5.991
  -1  118     16.549      9.314      2.058
 715  860     10.512     14.442      4.544
  57  407     -9.574     -3.096     11.592
1134  957      6.545      8.421      8.915
  -1   -2     10.501      4.166     -7.514
 631   73    -17.599      0.225      8.891
  97  133     13.884     10.995    -10.973
 408   -2    -14.118      6.951      6.200
 203   -2     26.406     -6.305      8.058
  -1  968     -3.053     11.229      7.450
 134  486      2.684     -3.172     -5.163
  85 1354     -2.969      5.633      7.665
 661  368     25.879      2.182      9.392
 125   -2    -13.644     11.313     -6.346
1248  210    -12.941      1.576     11.341
 322   -2     -4.765     13.186      5.152
  -1  149     -1.231     -1.158      3.992
  50   96     15.403     -0.955     -1.472
 164  202     18.916      2.832     -2.550
  -1  110     -1.367      3.341      9.782
 605  654     15.306     17.638     10.294
 544  385     13.641      8.205     -2.951
1153  102      0.394      0.420     10.002
  61   -2      5.512     -5.884      4.265
 159   -2     25.738     -4.734      6.411
 420  938    -17.112      5.708     -0.004
 363  113     10.041      0.149     -0.232
  -1   -2     20.813     10.600     11.261
 287   -2     15.179      7.679     12.478
  -1  509     14.537     -2.292      7.685
  -1  336     -2.873      5.350      0.289
1051   -2      8.880     -1.060      9.558
 502   -2     22.383      8.036      3.850
  -1   -2    -14.866      0.702     -4.177
 385   -2     12.135     14.781      8.102
  -1  286     10.038     11.944     -3.948
 318   -2      9.715     -2.340      3.990
 868  173     22.946     -0.169      6.559
1174  130     18.255      4.769      7.727
 710 1288     -2.890      1.608      9.720
  83  104     19.408     -1.762      6.093
 929   37     -5.673     -0.122     -7.696
 548   -2     -7.813     -6.400      9.856
  -1  434     11.688     16.465      8.266
  -1   -2     11.741     -9.512     -6.324
  -1   -2      0.392     12.531     -7.135
 124  227     21.283      8.713     10.763
  -1   -2     14.482     -1.784    -10.113
1240   -2     12.817     -8.636     11.490
 132  153     18.526     12.801     -5.673
 765  618     21.080     10.119      5.283
 177  263    -15.056      0.325      4.300
 608  599     10.439     -4.359      7.875
  70   -2     19.274      7.104      0.443
 335   -2     16.641      7.804      3.129
 111  229    -10.449     -0.534      9.043
 475  758      3.898     10.346      8.467
  -1   82     21.390      5.163      9.305
  -1  154     18.251      0.219      2.024
 793  785    -12.985     10.975     11.206
1124   -2     -1.158     -0.128      2.825
1264 1311     -6.865     -1.101      6.622
 482   -2     11.725      2.269      5.217
1041   -2     25.837     -4.229     11.929
  -1   -2     13.368      7.272     11.095
  -1 1145     10.159      5.521      4.333
  -1   -2      6.692      7.428     -2.978
 462 1279     -5.803      5.985      1.890
 413  188    -19.443     -2.916      9.817
 239   -2     18.007     -0.778      7.993
 144  393      4.145     -3.450      4.157
  -1   -2     22.623     -0.986     11.720
  -1   -2    -10.339     -2.067     12.116
  -1  921      1.911     12.940     -5.974
 783  514    -16.411     12.359     12.343
 706   -2     19.956     12.968      5.872
 933  215     -1.824     13.922      5.367
 530   -2    -18.883     -7.244     10.791
  -1  700     19.924      7.914     12.768
  -1  176      4.618     -1.152     12.472
  -1  349     15.970     -6.364     11.126
  -1   -2     -9.024     -5.857     -4.107
  -1  547     14.287      4.981      7.096
 945  617     15.076     -4.681      6.512
  -1   -2     -6.697      7.292    -10.509
1310   67     -0.445      5.298      4.523
  -1  725     17.264      4.422     12.564
 481   -2     -2.492     -1.697      8.742
  -1   -2     19.175      9.331      1.333
1182 1082      5.336    -12.206      8.083
  -1  619      0.111     -1.420      7.391
 208   -2    -15.189      0.756     10.685
  -1   -2     23.231      3.416      5.605
 194  810      6.065     14.318      4.422
 973  199     21.715      6.061     -3.942
 833   -2     -8.142     -6.655     -4.835
  -1   -2     24.841      4.611      5.995
 504   -2     16.226     11.709      7.838
 418  459      0.571      6.763     10.203
 787   -2     26.087     -7.686      8.976
  -1   -2     16.043     12.570     -9.019
 867   -2     22.555      2.527     11.282
 178  501      2.012     -1.871      7.406
  -1   -2     -7.948      6.213    -11.045
  -1   -2    -16.498     15.152      7.714
1163  869     -6.445      8.613      0.558
  -1   -2    -18.636      1.613      0.928
  -1   -2    -10.815      4.763     -2.558
 387 1274     13.307     -6.434     10.357
 122 1263     20.102     11.246      3.979
 863   -2     18.541     -5.188     -1.042
  18   -2    -12.380     12.919      2.737
  -1   -2      5.464     10.523     12.225
 190  841    -17.423     -4.195     11.968
 434  343     19.310     -2.512     -8.831
  -1   -2      6.619     -5.283     11.675
  -1   -2     -4.189     13.587     -3.810
1001   -2     20.109     -4.237      7.967
 487   -2     17.183     13.659     -0.024
 594   -2      7.822     11.884    -11.599
 854   -2     23.022      1.684     -1.705
 401   -2      7.265      0.833     11.070
 231  112      5.558      4.580      8.390
  -1   -2    -13.651     -3.548      8.732
  -1  511      8.933      6.754      3.724
1175   -2      2.413      6.783      8.029
  -1  158     -9.376      9.009      7.214
  -1   -2      9.471     13.525     11.473
 360  471      5.693     -1.908      5.192
  -1  283     -2.978      4.156     -2.704
  -1  291     20.469      3.387      0.557
  -1  670      8.108     -3.517     11.400
   3  298     14.541     -8.559     11.787
 571   -2    -12.171      1.275     -2.013
 455  249     -2.921     14.710      2.079
 354   -2      2.600      4.380     -2.916
 589  235    -10.382     -1.223     -2.479
 371  715     23.169      1.164     12.412
  -1  332    -10.083     -4.009     11.820
  -1  370      8.207     -5.262     -1.602
 386   -2    -12.011      8.602      5.768
1151   -2      3.783      1.887      8.220
  -1   -2     21.289      4.164     -5.790
 632  668      3.940     -1.399      7.551
 801  961      1.412      1.725      9.662
 805  106    -16.691      1.193     10.965
 831  356    -11.043     16.040      9.850
 847   -2     -6.712     10.337      9.975
 349  711      4.388      7.404     12.524
 622   -2      1.681     -9.833      3.229
 113   -2     -6.971     -3.057     -3.636
  -1   -2     17.932      6.029     -3.999
  -1   -2     17.799     -7.977     -5.594
 505   -2      6.508     -8.127      2.654
 820 1071     -2.355      4.773     10.376
 291  428      3.310      6.100     -0.620
 960   -2    -11.956      1.416      8.512
  49  353     14.144      4.417      9.734
 883  340     -4.045      1.869      9.296
  -1   -2      1.210      4.302      3.983
  -1  297     23.486      5.277     -0.822
  68  162     14.529      2.245     -2.914
1096   -2    -14.312     12.806      8.469
 372  289     -2.273     -1.620     10.158
 249  224     -6.670     -1.881      0.462
 680   -2     13.626      4.137      4.503
 823   -2    -20.173     -1.315      9.042
  -1  268      7.264     13.458      7.658
  96   -2      8.336     15.076      6.512
 694  313     26.116      2.961     11.802
1193   -2    -11.455      2.669     12.389
1214  127     24.316     13.635     12.297
  -1  259     16.064      5.575     -2.915
  -1  730     10.659     15.790      8.950
  -1  395     21.965      4.575      8.125
  -1  638      8.351      5.528      8.011
 888   -2     -9.468    -10.709      2.411
  52   -2      0.426     16.761     11.229
1299  850    -17.928      7.580      3.917
 809   -2     -3.186     -0.397      3.437
 636  569     -1.438     -6.748      7.403
 990  677      3.415     -2.397     11.484
  -1   -2     19.860     12.533    -10.253
  -1  824    -15.990     -1.907     11.146
 814   -2      2.258     -0.043      8.145
 592  248     14.460     -5.014     11.599
 286  331      6.526      1.058      7.634
 549 1355      5.670      3.233      3.725
  -1   -2      3.755      9.105     -9.382
  -1  346      9.969     -6.595     12.458
 880 1188      1.445     13.715      8.931
  -1  558     14.198     11.171      0.162
  -1   -2     -5.944     -1.882      2.504
 440  404      6.357      2.081     10.564
  86   -2      3.110     14.916     10.305
1089   -2    -18.087      5.677     11.137
  -1   -2      1.962     -2.856     12.218
  -1   -2     15.698      9.984     -5.893
 421   -2     17.187    -16.051      9.776
 170   -2    -19.238     11.119     11.923
 570   -2      9.328      1.916      7.683
 684  490    -15.708    -10.812      8.942
  -1   -2     15.663     11.916     -4.282
 772  327    -18.883     -8.369      9.867
 151   -2      7.576      7.328     -1.158
 954  744     15.074    -12.355     10.866
  21   -2     -5.525      6.222     -1.136
  -1  477    -14.613     -1.391     10.415
 299  264     21.969     -6.385     11.652
  -1  480     26.039     12.307     10.038
  -1   -2      0.016     -4.896      7.518
  -1   -2    -16.827     -0.028     -1.644
 288  216      5.757      9.882      7.623
  32   69     18.436      5.625      1.448
 533  218     -0.139     -2.346     10.049
  -1 1050     20.699    -10.397      6.694
 655 1194     -0.343     -7.730      2.165
 256  306      9.655     12.279      0.151
 910   -2     25.451     -9.413      8.562
  -1  525     -6.827     -3.908      5.056
 981  376     18.723      2.011      9.831
 168   -2     20.063      3.699     -1.960
 968  266      9.795      4.299      5.904
 265  521      5.982      8.106      1.261
  -1   48    -19.835     -3.383     12.546
  -1  241     -5.057     14.829      6.096
  -1   -2    -10.375     11.594     -8.028
1110 1296     17.058      5.379      9.914
 538 1136     16.469     -8.447      1.519
 550 1283     20.931      7.698      2.366
 388  986     -4.701      6.910     10.287
 941   -2     -4.230    -11.292     -3.805
 841  902    -17.937     12.141     12.197
  -1   -2     -9.511     -0.322      2.327
 567   -2     15.397     14.883      3.317
 515  605     10.065     -8.268      3.259
 338  143     18.375     -3.501      7.852
 343  195    -15.436     -3.906      3.824
  -1   -2      5.872      4.014    -10.809
 542 1282     14.992     13.317      8.749
 262  756      3.817      7.081      9.831
1101  205     -2.023      0.272     10.038
1002   -2     23.527    -15.259      6.839
 257  549      0.632     10.465      0.913
  -1   -2      7.244     -1.905     11.399
  -1   -2     18.491     -4.742      3.769
 613   -2      5.796     14.704      9.800
  -1  671     16.496      8.476      4.306
  -1   -2      8.916     13.729      5.086
  -1  536      2.708      5.287      9.577
 795   -2    -18.870      6.059      8.693
1277   -2      8.725      8.447     -8.165
 483  296     26.429     -0.076      8.445
  -1 1051    -14.116     -7.602     11.785
1266  540     -2.973     -2.465      4.699
1123  422     19.889     -0.092      7.125
 374  833    -11.193     -9.518     10.174
 100   33      7.649     -2.238      8.969
 219  290      3.114     15.566      4.156
 309  147     -9.764     -4.354     -0.509
 326   -2     12.491     11.453      8.840
  -1   -2     11.782     -0.644      6.659
  -1  463      5.099     -0.647      1.320
  -1   -2      1.304      5.848      8.712
  75   -2    -10.457      0.688      2.804
 245   -2     -8.581     12.762     11.466
 639   -2     13.426     14.113      9.259
1093   72      9.418      7.953     11.866
  -1   -2     -3.473     -6.503     10.221
1280  703     -2.706      3.874     -5.328
  -1   -2     27.703     -7.199     11.264
 405   -2     -6.206    -10.352      6.877
 270   -2    -16.143     12.709      9.463
1170  166     19.620     13.979      6.709
 635 1285     16.726      5.076      0.356
 142   -2    -15.019      6.414      1.778
  -1  577    -20.599      5.273     11.520
 788  840     -5.331     16.190      6.686
 656   -2     15.154      8.031      9.404
  -1   -2      6.973     -6.249     -2.599
1045  782     19.212     -0.176     11.154
  -1   -2     26.151      3.611      4.687
 165   -2    -14.578     -2.127     -4.721
  -1  389     18.924     16.635      3.970
 624  330      5.361     12.159      9.648
  -1  228     13.896     -7.391      4.673
 306   -2     10.493      8.581     -6.948
  -1  689      4.951      9.661      3.868
  -1   -2      5.157      6.019     -6.180
 197   -2     26.508      5.074     12.044
  -1  253     16.829     -1.681     10.167
 653  883     11.888      3.993      7.652
1118   -2     19.937     10.590     10.254
1027  660     22.638      1.918      8.509
 849   55     12.651     11.612    -10.422
 137   -2     13.188     -4.367      3.135
  -1   -2    -11.860      9.678     11.344
1103  350     12.318     15.913      3.386
1306 1043    -17.254     -1.310      6.557
  -1   -2    -12.309     -0.618      9.960
  -1  777    -12.134     -6.041      8.640
1029   -2     18.858     -8.676     -0.480
  87   -2      6.920      7.484      0.815
1132   -2    -18.300     -9.978      8.092
  -1  568      2.470     11.954     -0.929
 522   -2      3.568      5.692      7.500
 872  933    -13.142     12.908      6.954
  -1   -2      7.045      0.229     -8.695
 674  881     18.582      7.471      6.674
  -1  812     -7.607     -6.779     12.228
 940  456     20.403      2.255      8.638
 669   -2     20.484     13.734     -4.858
 762   -2     15.387      2.498      7.646
  -1   -2    -14.727     11.092     -9.401
 766  174     -4.816     -1.795     10.834
 484   -2    -13.187     -8.730      5.447
  -1  716     18.005      7.652      1.001
1186  351    -12.473      7.633     -7.077
1305   -2    -12.501      0.253      1.396
 160  274     -0.133      4.938     10.252
  -1   -2      5.849    -11.101      8.701
 201   -2     -1.476      9.527      7.090
1049 1273     23.868     -3.126     10.624
  -1   -2    -13.384     -4.362     -3.263
  -1  232     15.011     -3.927      2.107
  -1   -2      8.599     -4.652     -6.322
   1   -2     -8.005      0.978     10.044
 217  328      5.594     -8.216      0.261
  -1   -2     19.373     -7.395      3.677
  -1  586      2.857     10.284     11.181
 341  464      9.763      8.298      6.499
 708  462     24.821     -4.444      9.160
 611  191     23.360      4.032      4.105
  -1  575     19.345      4.727     -3.823
  -1   -2     15.156     15.218      1.911
 802  362     -0.027    -12.714      6.681
 774   -2      2.841      0.048      0.565
  -1  956     -0.558     -9.445      9.549
 447   -2     11.723     15.320     12.153
 995  516     -8.753      8.219     -3.156
  -1  270     18.847     -2.621     -2.233
1257   -2      5.969     -4.146      6.077
  -1   -2      3.784     -6.745     10.414
  -1   -2     18.530      6.116     -5.706
  -1  426     18.470    -14.320      9.224
  -1   -2     12.168      4.493     12.201
  -1  109     -1.574      1.388     10.831
 274   -2      4.768     10.668      3.841
 528 1281     14.275     -5.557      6.768
  59   -2      1.600      8.617     -4.123
  -1   -2     16.269     10.684     -6.611
 278  335     21.544     10.559      1.473
  -1  930     27.223     -4.857     11.231
  -1  742     21.833      7.327      9.081
 955  207    -15.212     -5.325      4.774
  -1  443     21.264     -4.038      8.921
  -1  535    -13.624      1.253     -1.814
  -1   -2     25.585     -5.896      9.325
  -1  675     13.471     -3.242      7.439
  -1  900      1.032     12.355      8.176
  -1  506     15.300      3.650     10.665
 810   -2    -15.509    -11.201      4.710
  -1   -2     12.132     10.450     -2.606
 634  303     -7.002     13.439      5.563
 143  449     20.638     -1.024     -0.711
 129  560     10.296     -5.149      8.652
 202  337     -6.691      7.177      0.863
1072  552     -0.358    -10.558      1.534
  -1  307    -11.195     -4.093     10.744
  -1  942     12.438     10.145      5.364
 384   -2     -6.290     -7.223     -5.914
 193   -2     -5.977     -3.147     10.353
  -1   -2     11.821     12.419      9.603
 671   -2      9.053     -8.722     -3.016
 172  493     14.576     -7.719      0.983
1254   -2     -9.391      0.272     10.062
  -1  182     -0.448      7.546     -5.969
 535   -2     19.012     -6.414     10.849
  -1   -2     21.130     15.541      8.831
 383   -2     -6.772     10.590     -6.369
  -1   -2     13.518     14.362     -2.954
 494   -2     -7.115     12.748     -0.570
 187  588     13.000      7.317      7.271
  -1  565     18.201     -2.482     -2.144
 623 1248     -6.195     -0.524      3.792
  -1   -2     21.871     -8.095     -1.235
 537  665     24.934      1.168      1.933
  -1  467     12.682    -13.548     -1.959
 285   -2     -6.396      1.266      4.117
 681   81    -12.648     -3.444      1.496
  -1   74      9.018     -1.148      6.175
 347   -2     24.392     -2.859      8.161
 498   -2     14.720     12.576      1.285
 221   -2     16.013     -4.204      9.447
 485 1097      3.230     -1.738      1.918
 889  487     -3.318      8.582      9.419
  -1  243    -12.492      8.207    -10.522
  -1  864    -19.950     -5.004      9.316
 668   -2     18.352     -1.724     11.803
1114  934     18.932     15.610      6.434
 676   -2      3.152     -1.241      1.641
 937  598     12.232    -10.359      9.655
  -1   -2     22.269     -5.168      8.821
 882  761     16.710    -11.228     12.213
  -1   -2     -4.507    -10.272     -0.989
1125   -2     24.180     16.715      8.435
 339  667      0.766      5.950      4.547
  -1   -2     -0.409     -7.726     -7.422
 348   -2     -5.671     14.441      5.309
 866  792    -12.240     10.088      9.857
 121  728      9.001     -5.682      1.978
  -1   -2     13.138      4.203     -3.729
  -1 1067    -16.106     -7.418     -4.821
 581   -2     16.616     14.264      4.283
 430   -2     19.856     -1.649      9.647
 556 1284    -11.449     -2.299      1.803
 732  939     10.573      6.991      1.481
 103   -2    -10.611     15.775      5.089
 416   -2     21.093      2.292     11.208
  -1  384     23.378     11.833      7.018
 737   -2     11.168     -8.625      0.780
 697  712      9.263     -8.392     11.071
1275  817    -13.628     16.228      8.427
  -1   -2      3.796      4.298     -4.375
  -1   97     23.832      8.131     10.040
 316  608    -16.948     -3.702      7.796
 574  377      4.850     12.463      2.318
1070  502     20.261     11.462      6.637
  -1   -2     22.223      0.652     -0.118
 529  624     -8.170     15.729     10.464
 865  693     -1.851     13.003      6.335
 722  729      6.453     -9.969      9.221
  -1   -2     14.646     -8.780     -9.681
 500  374     23.414     -0.514      3.207
 924   -2      4.873      9.362      6.705
 944   -2    -19.432     -0.705      5.574
  -1   -2     -7.836      4.969      0.351
1105 1012     -8.200     12.612      8.003
  -1  280     20.861     16.654      3.547
  -1    6    -13.867      5.279      8.094
 209   -2     -3.175     -8.441      3.755
1183   -2     10.198     -2.142      7.168
  -1   -2    -15.374      6.558     -8.687
 642   -2    -15.341     -1.282     -0.579
  -1  275     16.650    -12.987      3.868
  90  721     -5.943     -5.061     10.996
  -1   -2     10.066     10.971     11.260
 906   -2    -13.917     -8.983     11.066
 414  139     10.403     10.085      2.937
 690   -2     18.597     -2.507      2.118
  -1   -2    -11.353      0.874    -11.171
 298  566     -5.303     12.481     12.251
1146  925      2.777    -12.590      6.761
 355  607     -0.246      4.673     -6.006
 963  141      4.766     14.849      5.520
  -1   -2     19.815     10.165     -8.595
  -1   -2      5.812     13.043      9.841
1063   -2    -14.155    -14.444      8.161
 892   -2    -18.357     10.458     10.104
  -1   -2      2.925    -13.060     11.714
  -1  755     13.578     -4.024     -0.217
 607   -2     26.259     13.650      7.792
 492  659     27.440      3.388      9.852
  -1   -2     17.978     12.338      4.642
  -1  319    -11.421      7.229     -2.485
  -1   -2     23.148     -6.743      9.896
  -1 1200     20.639      1.654     11.420
  -1   -2     16.340      7.052     -3.130
 488  779    -12.380    -11.783      5.529
1092   -2    -18.322      7.360     11.045
  -1  896     -9.495     -7.098      2.865
 314   -2      0.634     -6.762     -2.118
1181   -2     14.283      9.063      5.160
 564   -2     26.318      4.010      7.018
  -1  632     -1.232     -9.269      7.731
  -1   -2      2.871     -6.758      3.754
  -1  408     10.887      5.126     11.022
 989  636     17.864    -16.082      4.342
 446   -2     -0.395    -11.253      3.413
 782   -2     -1.463     -5.323      7.293
1345   -2    -12.880     -2.253      5.791
  -1  680     19.805     14.968     12.514
 536  160      1.938     -0.791      7.725
  -1   -2     11.792     -7.552      9.706
 568  295     -3.924     -8.795     -7.420
 959  609      1.017    -13.057     11.191
 797 1098      6.461     13.894     -2.396
  -1   -2     12.433     -6.746     -8.668
1020  763     16.753     13.283     10.725
  47 1093     21.617     -0.728     11.188
 450   -2    -17.264      5.684     11.329
  -1   -2     24.282     -0.552      5.413
 845   -2    -16.474    -11.891     10.190
  -1  461     -3.166     15.323     12.328
 560  284      4.199      1.616      5.754
1079  239    -13.713      1.763      8.360
 834  159     20.303      9.828      4.185
 469  541      8.931     -8.026      4.892
1086   87     14.650      0.602      3.389
 852   -2      8.358    -10.150      5.199
 779   -2     17.595     16.071     10.016
1142  103     -3.840    -10.199     -8.968
 277   -2     -1.137      1.030     -2.780
  -1   -2     -3.286      8.784    -10.389
  -1 1313     24.890     12.087      8.440
 289   -2     -0.834     -5.588     -7.256
  -1   -2     12.517    -10.801      4.921
 590   -2      8.294     -3.301      2.081
 756  567     19.645     16.188     11.458
  -1   -2      0.668      6.248    -11.882
1343   -2     16.523      7.979     -2.589
 744  518     22.090     -3.781     -4.384
 569   -2     16.539      2.164      0.774
 740   -2    -15.947      3.371     -5.952
 641   -2     -2.291     -4.124     10.073
  -1  357     -6.267     -0.158      9.467
 703   -2     18.471     12.394     11.796
1064   -2     23.296      2.018     10.224
 908   -2     26.646     -2.668      6.135
  -1   -2     -6.340     -8.606      6.315
 139   -2     19.360     -5.590      2.361
 747  478     -1.987      2.198     -7.453
1130  631      9.170    -12.741     -3.911
  -1   -2     -1.940      4.154      0.379
 806  795    -17.644      4.237     10.164
1111  424      0.810     -4.499      2.947
  -1  951    -17.577     -7.369     10.459
 300   -2    -16.700     -0.328     12.535
  -1   -2     13.044      9.589     11.555
  -1 1147      5.564     16.486     10.832
 768   -2     21.695    -11.146      7.451
1031   -2     16.175      3.756      8.110
  -1 1146     20.003      9.880     12.026
  -1  587     17.657     12.399     -7.096
 491   -2    -13.757     -5.849      8.884
  -1  193      6.073     -1.427      6.773
 751   -2     -8.281    -13.985      0.132
1038 1008     17.929     11.480      2.612
  -1   -2    -13.410     -5.042     -8.363
 290  673     20.104      4.210      7.698
  -1  460     -4.079    -12.618      7.472
1053 1055     10.554     -6.351     11.008
 224  963     -0.903      0.667     10.811
  -1   -2     22.552     -7.832      2.696
  -1  765     -9.991    -14.773      3.144
 423   -2     20.008      7.187      8.819
 752   -2      5.300     -0.753      9.361
 733   -2    -16.435     -4.901     11.153
1189  690     -3.656    -16.350      2.365
 645  494      4.416    -10.605      3.901
 761  469      4.388     -9.511      2.259
 912 1291     25.735      9.431      9.531
 688  225      5.091     12.234     -8.874
 403  783     22.735     13.602      5.030
  -1   -2    -15.426      0.659     -8.771
  -1  805    -16.962     -7.594      9.621
 601   -2      9.353      0.065      2.797
  -1   -2      9.190      5.914     -3.101
  -1   -2     22.583      2.875     -3.353
 606   -2     -0.212     -3.231     11.764
  -1  308    -15.968      4.427     -8.519
 379  267     11.155     -8.731     11.836
  -1   -2    -10.541     12.430     -4.721
1139 1049     15.161     16.514      8.403
1067   -2      6.519     15.499      0.141
 862  382     11.361      9.544      9.722
 415  751     22.554      1.973      6.939
 327  457     16.417      1.610     -5.644
 162  645      2.460     -4.400      7.673
 597  630     20.412     16.458      6.906
  -1  635    -12.810     -9.778     11.905
 506  293     11.052     -8.434      2.483
 646 1170     21.325    -12.749      9.265
 652   -2     10.109     12.394      9.565
 662  815     -7.354    -11.812      2.685
  -1  752     13.559     17.952      8.707
 967  217     19.775    -12.970     -0.455
1054  576     -1.888     -2.856      6.124
 532  992     21.016     -8.414     11.834
  -1   -2    -15.535      6.691     -2.940
  -1   -2      1.964     -2.497      9.627
 736   -2    -15.715     -8.563      9.291
 493   -2     11.652     14.435     -0.401
 356   -2      9.083     15.146     10.379
  -1  706     -1.440     -3.001      9.871
 928  546     18.169    -13.214     -3.412
  -1   -2     13.736     -1.419     -2.125
1167  768     -0.077     -6.459      8.567
  -1  616    -11.277     -4.947      1.123
  -1  870     -3.961    -11.889      9.427
  -1   -2      0.737     -9.050    -10.728
 258   -2      8.660     11.182     10.712
  -1   -2     16.904     -9.480      2.229
 760  373     15.045     -5.910      9.421
  -1  453     24.551     -1.527      0.428
1059  952     15.534    -18.103      8.317
 812  383     -5.142     11.728     -9.338
 704  784     -8.695    -10.102      9.861
1190 1148     -4.717    -13.350      3.342
1137  892     -0.511      6.204      7.101
 480   -2     20.330     14.221      5.507
  33   -2      9.520      3.880      9.543
  -1   -2      5.539     -9.962     -8.096
  -1   -2      0.696     -0.877     -8.323
  -1  719     -2.228    -11.549     -0.904
1129  187      2.864     -5.050    -10.282
  -1   -2      0.845    -10.935     -6.967
 303    3      8.363     -5.341      7.178
  -1   -2     -4.577      7.394     -3.104
  -1   -2     15.626      2.323     -8.590
  -1   -2     15.598     -7.340      3.288
 942   -2      0.214     14.564      9.779
  -1   -2      3.072     -1.312     -3.906
  -1 1064      4.038     -6.336     -0.377
  -1  363     -9.601    -13.868      6.067
  -1  265     19.253      1.413      3.486
 222  482      7.768      1.391      8.544
  -1   -2     21.724     -4.297      1.133
 507   -2     11.587      9.607      1.274
 980 1294     22.821     -1.683      6.371
  -1  451     18.782     12.651      7.302
 695  137    -10.527    -11.700      3.247
  -1  692     14.833     -3.145     -3.258
  -1   -2    -12.602     10.821    -11.363
  -1   -2     17.422     -5.552     10.636
 687   -2     -9.889      5.775      4.818
  -1  496     -5.271     15.340     11.097
 748   -2     18.196     -2.776     11.371
  -1  184     21.955     -5.087     -6.272
  -1  895      1.006     -6.600     -0.164
1157  405     -2.027      3.762     10.245
  -1  622     -3.607     -5.080     10.915
  -1  928      2.410    -11.774      4.025
 330  479     22.578      4.007     -2.250
  -1  962    -15.230    -11.503     -4.978
  -1  285     18.883     -4.089      6.104
  -1   -2     -9.747     -4.601      6.175
 939 1035     -0.095     15.524     11.259
  -1   -2     -2.525     -5.481    -10.704
 619   -2     -2.868     -2.533     -0.947
1255   -2     -0.673      8.751     -4.978
 643   30      9.223     -3.933      7.110
1044 1039     19.951    -11.957      3.614
 448   -2     12.550    -12.068      3.337
 243   -2     18.877     15.105      8.009
  -1   -2     -1.970      8.385     -6.986
  -1  954      2.971      6.631      5.143
  -1   -2      9.532      0.435     -7.768
  -1  922     14.993      7.872    -12.299
  -1   -2    -16.056      6.565     11.793
  -1 1192      4.915    -11.820     -3.718
 453  803    -18.970     12.139      9.003
 621  844     -5.198     15.063      8.762
 228   -2    -19.271     -0.170      8.411
  -1  830     -2.949      1.324     -0.185
 678   -2     20.425     15.617      5.824
  -1  932    -17.121      9.983     12.505
1030  615     26.455     -1.411      8.715
1199   -2     18.726     -9.344      8.723
  -1  740      5.492     -7.952     11.766
 543   -2     21.365     16.650      1.579
  -1  212     -5.908     -4.065      7.953
  -1   -2     12.153    -14.902     -3.154
1165   -2      4.247     15.320     -4.356
  -1   -2    -12.986      5.983      8.442
 677   -2     -3.992    -13.796     -1.120
  -1  734     -0.398     16.435      7.344
  -1   -2     26.234     -7.349     10.741
1195  825     27.158      7.096     10.563
  -1 1021     21.104     13.862      5.310
 486  676     24.247      4.541     11.838
  -1   -2     25.208    -11.780      4.821
1012  906     28.471      3.867      8.774
 591   -2      0.757     -2.224      1.627
 828  185     -6.651     14.908     12.348
 426   -2    -21.924     -5.441     12.140
 807  240     23.392     -9.684     -5.463
1276   -2     13.128     -5.420      8.596
 815  871    -16.280     16.690      6.193
  -1   -2    -10.193      2.872      8.362
 104   46     -2.977      4.033      6.832
 321  219    -15.642     14.368      7.301
  -1   94     19.357     12.252     12.772
  -1   -2      2.339     -1.541     -1.527
 200   -2    -18.586      8.514     10.364
 982  398      0.538     10.875      4.307
  -1  314    -17.222     12.133      0.518
  -1   -2     26.140      9.799     -1.272
  -1   -2     -3.418    -17.373     10.054
  -1   -2     -1.722     12.944     11.105
 860  339    -11.352     10.818      2.396
  -1 1126    -14.841      4.872      9.041
1104   -2     21.571     12.025     -6.991
  -1  983    -15.613     12.939      6.903
  -1 1062      3.828     17.081      9.262
  -1 1025    -16.273     -4.326     -9.502
 313  819    -18.762      7.317      2.540
  55  381     25.236     10.555      5.556
  -1  948     15.437     15.262     11.632
  -1   -2      3.903     14.951      3.145
  -1  827    -17.907      3.802     12.346
  -1   -2     22.689     -6.589      5.372
  -1   -2    -10.040     15.433     10.316
  -1   -2    -13.456     12.355     -1.841
  -1   -2     16.378    -10.952    -10.212
 750   -2     23.496      9.749      8.094
  -1 1065     20.023    -16.847      6.402
  -1   -2    -17.001      4.609     -5.996
  -1   -2      4.653      5.295     -4.094
  -1   -2    -16.818      2.806     11.033
1109   -2     11.647      3.359      1.786
1180   -2     14.097     14.417     10.082
 916 1197    -13.334    -15.659     -4.490
 428   -2    -11.044     -5.188      9.685
 699  663     22.795    -11.562      7.502
  -1  720    -10.056    -14.175      2.156
  -1   -2     22.122    -14.765      4.229
  -1 1053      5.016      3.559      7.914
1060 1133     -4.197     -7.593     10.573
 682   -2     25.465     -0.120      8.358
1211 1216     -2.681    -18.814      9.863
  -1   -2     -8.830     11.315    -10.762
 965   -2     -3.714     15.711      2.511
 794   -2     -1.457     14.613      9.186
 171  372     11.081      0.369      5.834
1149   -2     -3.477      0.099     -1.699
 628  915    -10.501     12.666      9.971
  -1 1054     11.878    -18.266      6.137
  -1   -2     -1.826      0.214      1.886
 161 1002     17.234     11.893     11.002
 157   -2    -11.063     10.109     -1.104
1084   54      6.813      6.092      9.082
  -1   -2    -11.585     15.188     10.142
 850   -2    -11.842     17.651     12.232
  -1   -2    -14.345    -10.248     -4.715
  48   -2      9.298     -9.440     11.518
  -1   -2     -0.390     13.953      6.722
 380   -2     19.358      2.350      9.635
  -1   -2    -19.538    -10.500     10.996
 974  704      8.569    -12.806     10.041
 275  200     14.889      7.220     -0.228
 720 1045     -7.845     -0.583     11.322
 273  444      8.649     14.128      7.120
 315  845     24.591     11.545      5.665
  -1   -2     26.372      2.887      5.314
 479   -2    -15.085     -1.701     10.830
 406  491     -5.576     -9.826     11.759
  -1  570    -12.257      1.963      6.168
 253   15     24.541      6.409     11.360
  -1  472     16.310     10.576     11.704
1286   -2      2.765    -14.558     -5.663
  -1  579     25.488    -10.744     10.657
  -1   -2     13.482      0.215     12.060
 583   -2     -2.741      3.322      0.182
  -1   -2      3.399      2.033     -0.053
  -1  996     21.459    -14.915      7.839
  -1  741     13.176    -12.833     -6.435
  -1   -2      1.772     11.150      4.256
 310  573     12.559     14.552      6.856
  -1   -2     17.428      2.558    -10.033
  -1   -2     -6.072      8.269     10.302
 836  823    -21.858     -3.879     11.848
  -1 1052      2.536      1.325      6.597
  -1  256    -10.048     -1.572      8.898
  -1  982      2.017     10.860      6.943
  -1   -2      8.589     10.698     -3.142
  -1   25      0.797     12.129     -3.259
  -1   -2    -14.379      9.419      9.828
1158  329    -13.895      7.826      2.712
 223  321     15.143     11.208     -0.353
  -1  410     26.252      4.150     11.604
  -1  594     20.992      7.093      6.945
 242  415     -9.280      0.818      9.549
 905  513    -19.350      6.013     11.107
 332   -2    -13.386     -5.742     11.540
1106   -2     -7.942     17.370     11.986
  -1   -2    -15.925     -8.751     -5.418
 625  345      3.483     -1.320      9.130
  -1  678     20.914      3.712      8.813
 827  440    -18.108     13.237     12.064
  -1   -2    -13.399      3.490      9.043
  -1  931    -16.978     13.197      9.577
 358  914     18.651      8.640     10.787
  -1  808    -16.472     17.548      3.381
 551  562     -2.976     -8.209      7.089
  -1 1167     10.844    -11.804    -12.099
  -1   -2    -15.733     15.483     10.511
  -1 1149      9.446     -0.919      6.454
1309   -2    -10.685     11.904      1.935
 317   -2     -1.564     10.922      8.403
1256  642     14.709     -6.894      8.096
  -1   -2      0.096      4.610      7.961
1085 1165     -5.585     19.948     11.576
  -1   -2    -10.706     16.985     11.324
 936  554     26.720      7.012      6.572
1071 1023     -4.947    -11.140      6.576
  -1   -2    -20.858     -3.408      7.497
  -1   -2    -16.845     10.818     -3.099
 511   -2     -3.264     13.840     11.241
  -1   -2     -0.483     13.337      8.517
  -1   -2     28.208     -5.768     12.464
  -1  388    -18.016      6.066      9.915
 540   -2    -13.165     11.387     12.139
 234  534     11.789     -2.136      8.983
  -1  762      7.018    -10.305     -4.247
 901   -2    -11.279     13.043      9.133
  -1  510     10.931      8.592     12.439
  -1  476     23.917      5.193      5.602
  -1 1103      0.400      7.554     -1.250
 721   91      9.506     -2.677      0.095
 846 1068     22.892     15.096      7.554
 267  580    -11.583     11.267     11.419
  -1  452    -17.550     -1.905      6.690
  42  204     17.644     -5.271     -4.834
  -1   53     -0.921      7.735      9.115
 791   -2     26.674    -11.070      4.395
1115   -2     23.648     -3.422     12.518
 957  867    -20.135     -0.933     11.725
  -1   99      8.973     -1.421     -1.748
 114   -2     17.053     -8.307      4.528
  -1  946    -13.080     16.000     10.150
 742  769      4.160    -13.365      1.976
 212   -2     -6.423     -4.337     12.002
 382   -2    -13.044      9.188     -0.810
1107  973     27.698      7.816      6.352
  -1   -2    -15.420     -3.176    -10.688
  44   -2     -4.543      9.593      8.093
  -1  522    -14.413    -10.435      9.687
 961   -2    -16.199      9.303    -11.059
 633   -2    -19.885     -6.436      9.933
  -1   -2     -2.871     -8.160      3.348
  -1  323     -5.102      6.210     -7.017
  -1  458     -5.756    -10.626      1.812
  -1   -2      3.279     -7.725      7.523
  -1  369     -8.318      7.817     -2.122
 842  837    -12.824     10.747     -1.954
  -1  543      6.822    -10.275      7.037
  -1   -2     -4.290     -4.709     -8.796
  -1   -2     -0.881      0.616      3.983
  -1   -2      8.337     14.341      8.391
  38 1018     -3.189     14.020      6.247
  -1 1262      0.335      8.336     10.036
 519  312     22.730    -12.399      9.446
  -1   -2      2.223     16.126     -2.044
  -1  913      2.089     -9.141     -6.114
 182  140      6.965     14.587      9.031
  -1   -2    -12.988     -8.506     11.452
1088   -2     -3.134      9.169      7.048
  -1   -2     20.765      5.984      0.628
1194  305      4.043     13.820     12.301
  -1  735      7.902     16.366     11.846
  -1  820     -0.885      5.024    -11.850
  -1  757     13.965     -6.816     12.561
  -1  683     10.446    -14.771     -3.406
  -1  455     26.909      4.855      3.161
  -1   -2     -6.513    -12.427     -6.975
 998  442     17.584      9.791      4.782
  -1 1011    -11.636     16.730     11.417
 602  766      3.770    -11.212      8.193
  -1   -2     16.821     16.675      3.289
  -1   -2     -4.718      0.917      3.761
 696  749     -6.028    -10.912      9.886
 499  662     17.033     -4.122     12.035
 361   -2     13.838     16.259      8.351
  -1   -2     20.472      1.099      3.669
 711   -2     -9.978     -6.350      9.123
1047 1155    -13.309    -16.125      7.760
 985   -2     -3.341     15.380      6.091
  -1   -2     27.129      0.370     11.886
 915   -2     26.313     15.218      0.261
 394  747     18.272     -8.597      9.869
1160   -2     12.449    -11.662      6.862
  -1  433    -12.175     12.553     10.744
  -1  430     28.631    -11.637     12.082
1013 1212    -13.065    -19.696      9.438
 181  304     24.315      2.505     10.964
 225  500      7.438     -2.871     11.493
  -1  468      6.635     -8.570      8.288
  -1   -2     20.236      2.758      2.600
 771   -2    -16.536    -13.303      7.494
  -1  838    -16.187     13.704      7.156
1102   -2    -18.230     -4.363      8.830
  -1   -2      4.607      8.252      1.657
 979   -2     22.777      8.432      1.832
  -1   -2      4.576    -10.859     -4.567
 725   -2     18.736      3.410      3.300
  66   -2     15.351      3.721      0.529
  -1   -2      3.086     -3.397     -4.194
 767  856      6.283     16.861     11.129
  23 1141      0.245     11.240      5.346
1010  574     -0.486     16.790     11.252
 649   -2     28.009      5.513     11.803
1126  727      6.074    -15.358      8.251
  -1   34      8.870      9.477      0.838
  -1 1020      8.639     13.174     10.748
  -1   -2     21.122     11.952     11.301
 877  644     13.724     11.965      7.276
  -1   -2     10.423      8.139      1.139
  -1   -2    -18.490      5.534     12.398
1065  821     -8.641     14.420      3.381
  -1   -2     13.532    -20.047      4.888
1033  571     16.419    -13.397      5.962
 683   -2     17.598     -6.909      5.620
1075   -2     -4.373      8.490     10.259
  -1  696      5.667    -13.542      5.512
  -1   -2      6.836      9.450     -5.568
  -1   -2     -8.895    -13.975      2.712
  -1   -2    -12.240     -5.926      5.906
  -1  548     25.678     -5.291      9.449
1273  238     16.198      7.036      7.611
  -1   -2     13.107      7.499      2.154
 205  597     -6.595     -5.942     11.377
  -1   -2      8.913    -18.291      8.191
 857  865     -0.126     18.525      7.071
  -1   -2     19.843      4.782    -11.105
 367   -2     -0.511     -9.447      6.096
 102  155    -16.372     -0.546      0.363
  -1   -2     12.433     -7.325      9.962
 127   -2      5.293    -10.806     10.622
1057  394     20.153     11.527      8.352
 864  806     22.044     -5.856      9.358
  -1  786     23.145     14.919     11.462
 660  237     17.054      8.839     10.414
  -1   -2     10.011     -2.180     -6.320
 692  672     21.368     -6.924      1.510
  -1 1118     20.986    -11.013     12.448
  -1  278     22.479     -3.729      8.330
 881  835     12.252     16.793      9.860
  -1   -2     18.571      0.696     -3.641
 411   -2     -2.747      6.444     -3.537
1117 1032     -7.714     15.557     -0.637
  -1   -2      9.234     14.639     -5.739
  -1   -2      5.623     12.452     12.064
 254   -2      9.476     -3.958     -3.175
  -1  489     15.378     -4.745     -1.628
1140  492    -11.050     12.585     -0.839
  -1  142     12.298     -6.142     12.537
 156 1180    -10.580     -2.554      6.156
 717   -2     16.768     -3.533     -0.330
  -1   -2      6.648    -13.627      0.962
  -1 1004     28.107      6.544     11.668
 789   65      1.488      9.221      3.933
  -1   -2      6.034      9.013     -1.896
1201   -2     26.297    -17.142     10.872
 821   -2    -18.799      6.791      5.851
1150  414     16.491     -0.687     12.176
 658  887    -13.029     -8.882      2.688
 588   -2      6.308     10.925      1.880
  -1  691    -15.820     -2.159      7.301
  -1   -2     -0.663      9.553      4.654
 153  585     16.898     12.853      2.368
 914  919     26.628      6.313      3.548
  -1 1129      7.193     -9.050     -0.657
1005  545     -8.672     -5.429     -0.194
  -1   -2     -0.372      9.021      2.850
 759  473     26.347     14.564      5.591
1209 1110     17.452    -19.273     10.908
 917  578     22.108    -15.284      9.932
  -1   84     -4.164     -0.658     10.503
  -1   -2    -11.430    -14.783      3.082
  -1   -2     24.411     12.647     -2.704
 233   -2    -12.823      3.924      9.675
  -1  754      8.960     15.858      6.071
 559  437     -5.443      0.451     10.779
  -1  454     16.174     -5.729      3.750
  -1  804    -18.853      9.282     12.808
  -1   -2      9.830      9.990     -1.901
 627 1042    -17.550    -16.181     11.694
1007  347     22.534     -0.397     10.544
 673  664     21.185      4.868      8.956
  -1   -2     15.287     -9.153      3.923
 227   -2      8.778     -7.271     -8.170
1034  684    -19.144     -9.688      8.203
 719   -2    -11.108     -8.669     11.024
 950  366     25.662     -9.344      4.642
 459   -2     26.075     -2.838      8.841
  -1 1010    -16.439     14.547     12.078
1197   -2      4.713     -8.558     10.984
 595  822    -17.956     -6.741      2.815
 497  736     13.358      1.463     11.430
1156 1169      4.959    -15.541      9.772
1232   -2     18.693    -17.988      9.458
 869  855     16.198     15.838      8.078
1098 1083     24.624     12.819     -0.669
 930   -2    -12.492     11.171      7.630
  -1   -2     12.892     -3.228     12.507
1172  498    -11.638     -2.607     12.002
  -1   -2     -4.559      8.804     -6.573
 780  315      9.377      3.118      8.194
1148   -2     14.595    -18.328     11.009
  -1   -2    -12.703     10.618      1.152
  -1 1112      4.174     18.022     11.785
  89  589     -9.700      5.900      3.377
 365   -2     22.712      1.029     10.861
  -1 1204     -9.431    -17.303      7.086
  -1 1186     18.370      9.783      7.019
  -1   -2      7.136     -5.169      9.265
  -1  230     -8.553     -6.244      7.862
1083   -2      3.145    -16.003     -0.339
  -1   -2     12.423      7.696     11.577
 723   -2      6.495      0.479      8.248
1177   -2    -20.217    -14.909      8.757
  -1   -2    -11.086      1.541     -2.411
  -1   -2    -17.000    -18.222      4.006
 754   -2     10.342     -7.835      7.030
 324  526     11.517      4.892     10.027
  -1   -2     -4.008      0.460      2.569
  -1  780     21.775     15.296     12.168
  -1  380     15.913     -3.437      8.575
  -1  258     12.567     14.003     11.720
  64   -2      7.950      6.434      9.929
 236   -2     -3.527      0.674     10.836
1164  209     22.011     11.047      1.816
  -1  255     24.325     14.201     11.678
1026  310      1.124      1.234      5.966
 501  272      2.247     -9.253      9.005
  -1 1238     20.336     17.973     11.667
  -1   -2     -5.919     -6.439      4.369
  -1   -2      0.038     13.160      3.525
  -1  944    -17.365     -6.794      6.453
  -1  420      5.109    -10.659      5.109
  -1  413     21.844     -0.846      9.010
 775   -2    -12.818    -11.463      9.501
1127 1122      9.787    -17.163      3.025
1223   -2    -17.337    -11.231     10.786
  -1  816    -12.521     14.330     11.300
1090   -2     13.865     -2.137     11.331
  -1   -2     26.321     14.914     10.931
  -1  651     13.350     16.732      4.279
 573 1199     22.279      8.508     -3.436
 612 1196     -4.210    -10.015      1.917
 292   -2      4.413     11.789      8.605
  -1   -2     -4.050     -6.366     -8.073
1062 1056      5.344    -19.001      8.377
  -1  144    -10.781      6.000      5.795
  -1   61     23.466     -1.227     12.458
  -1  894     20.843     -7.178      9.230
  -1   -2     -5.001     -3.737     -6.173
  -1   -2     14.930     -6.778     -9.261
  -1  873     -7.625     19.417     10.639
  -1  355     -5.862      7.619     10.197
 250   98     -8.996      7.471      3.197
  -1  581     -5.978    -13.724      1.523
  -1   -2      9.995     11.402     10.671
1128  687      3.415      3.901      9.982
  -1   -2      1.299     -5.228     -8.350
  -1   -2     16.483     -2.959      9.190
 898  774     20.099     -6.729      8.510
  -1   -2      5.929      6.062      3.827
 934   -2      7.940    -17.144      5.360
 707 1127      5.735    -16.921      5.767
  -1   -2     -6.517    -14.607      9.124
  -1   -2     26.981    -12.990      7.765
 922  527     22.847      2.853     10.793
1154   -2     24.073     10.939     10.288
1032  846     25.927     -9.138     11.015
  -1   -2     12.000     10.978      6.425
  -1 1202     16.916    -20.906      9.259
  -1 1168      7.565    -20.651      7.522
  -1   -2     -9.414    -18.654     10.867
  -1  911    -25.119    -13.942     12.152
  -1   -2     18.803    -26.241      7.467
  -1 1102     26.058     17.535      9.405
  -1 1047      2.883    -18.718      7.783
  -1   -2      4.763    -23.370      7.341
  -1 1069     22.022    -18.297     12.496
  -1 1162    -15.694    -15.048     12.634
1227 1298     17.580     24.098      6.106
1145 1119     10.826    -18.499     10.797
  -1   -2    -15.229    -19.163     10.184
  -1   -2     29.186    -16.687      8.656
1228   -2     27.540    -22.289      9.914
  -1 1236     26.773    -22.908      5.248
  -1 1134    -23.479    -14.655      9.623
  -1   -2    -18.467    -13.054     10.504
1222 1239     24.501     18.735     11.816
  -1 1222      8.547    -20.104     11.138
  -1   -2     23.701     19.547     12.525
1226  832     23.557    -17.580     11.583
  -1 1163    -14.485    -18.987      3.904
  -1   -2      0.636    -23.132      5.364
1224 1231    -11.192    -23.215      8.145
  -1   -2     20.370    -22.507     11.191
1203 1210     23.142    -20.809     12.013
  -1   -2     14.602    -23.803     12.077
  -1   -2     24.315     17.283     12.413
  -1 1138     27.052     12.952     11.254
1210 1226     -7.263    -22.898      4.029
  -1  995     -9.733    -19.681      5.066
 978   -2     13.624    -21.052      7.071
  -1 1095     24.990    -17.295     10.879
1206 1211      4.697    -27.990     -0.022
  -1   -2     13.058     -8.881     11.555
  -1   -2     13.028     -8.929     11.806
  -1  828    -16.472     -0.563      5.911
  -1   -2    -16.562     -0.457      6.159
1233 1299     15.596      2.414     -1.663
  -1 1351    -11.217     13.856     11.059
  -1   -2    -10.396     -2.231     11.802
  -1 1031     -3.452      1.097      6.910
  -1   -2     16.454      0.429      5.471
  -1   -2     -3.581      3.742     10.836
  -1   -2     12.116      5.215     10.467
 811  421      3.930      7.228     10.167
1261 1310      3.784     10.457      4.039
  34   -2      1.349      4.750      8.567
 378   -2      9.469      6.146    -11.072
   9 1251    -12.856     -2.020     -3.383
  -1  528      4.137     -1.155     11.556
 476   -2      2.941      0.354      9.559
1344 1105     16.717      7.809     -5.149
  -1 1308     24.113      2.750      1.422
  31 1249     23.938      2.815      1.683
  -1   -2     18.583     12.653     -6.106
  -1   -2     11.749     -0.759      6.548
 138  222     -9.554     -3.177     11.536
 366   -2     13.817     10.097      9.224
 260 1269      2.587      6.830      8.010
  84 1258      6.707      7.300     -3.217
 362  750     16.552     13.051      1.555
  -1   -2     19.307     -7.285      3.583
  -1 1309     19.346     -7.395      3.807
  -1  371     -9.035     -5.891     -4.166
 640  354     13.184     15.048      3.841
 123   -2     17.914      6.512     -1.024
 191  877     13.835     -7.413      5.038
 472   -2      8.714     -3.865     -1.338
  -1 1312     -3.636     -2.919      7.166
  -1 1139    -15.560    -11.273      4.751
  -1   -2     17.647     -5.354     -2.197
1133 1086     20.604      8.726     11.043
 351  466     19.305    -17.264      7.803
 145 1264     12.953     11.283     11.147
1285   -2     23.653     11.983      8.200
  -1  439     -7.005     -3.329     -6.084
  -1 1247     -4.202      4.466      9.172
1279   -2    -12.014      2.224     -9.338
  -1   -2     -6.868     10.479     -6.221
 136  544      5.189      8.247     -9.139
 975   -2     -7.062    -12.336      1.538
 283   -2     14.324      5.022      7.284
 192 1356     11.637      9.330     -5.852
1252  771     22.924      5.330      6.326
  46   -2     16.269     11.873      7.728
 135 1128     -1.837     12.508     10.557
 513 1280     20.360     16.083      7.679
  -1   57     12.057      3.954      7.984
 871   -2     26.234     -7.349     10.741
 630  699    -14.972      1.360      2.642
 824  834     -3.418    -17.373     10.054
1302 1319    -16.564     15.218      7.702
 463   -2     17.883     12.779      5.461
  -1  392     10.794     11.815      8.829
  98 1260     11.426     -0.776     -2.498
  -1   -2     12.116      5.215     10.467
  -1   -2    -11.217     13.856     11.059
  -1   -2    -10.396     -2.231     11.802
  -1  907     -2.141     14.946      7.291
  -1   -2      8.240     -8.511      2.053
  -1   -2    -16.472     -0.563      5.911
1296 1317    -16.562     -0.457      6.159
1298   -2      9.611     -3.620     -3.611
  -1   83     19.085     -0.043     -8.121
 169 1318     -0.899      7.952     -5.633
  -1   -2     24.854     -4.366      7.605
 279  685     19.307     -7.285      3.583
1141   -2    -15.584    -11.276      4.694
 268   -2     -9.024     -5.857     -4.107
1006 1161      2.577    -14.195     -6.245
1304  888    -12.792      0.404      6.383
  -1   -2     -3.581      3.742     10.836
  -1   -2    -10.396     -2.231     11.802
  -1   -2     -3.414      1.065      6.823
  -1   -2     -3.414      1.065      6.823
1234   -2     12.116      5.215     10.467
  -1   -2    -11.217     13.856     11.059
 566   -2     24.854     -4.366      7.605
  -1 1306     24.521     -1.937      7.534
  15 1246    -10.358     -2.269     11.809
  -1   -2     -3.414      1.065      6.823
  -1   -2     -3.581      3.742     10.836
  -1   -2     -3.581      3.742     10.836
  -1   -2     24.101     -2.256      6.588
 478   -2     24.449     -1.948      7.352
1311   -2      0.214     -2.638     -0.292
 116 1323     -0.024     -2.736     -0.107
  -1   -2     -3.581      3.742     10.836
  -1   -2     -3.414      1.065      6.823
1239 1320     -3.413      1.014      6.698
  40   -2     19.085     -0.043     -8.121
  -1   -2    -11.217     13.856     11.059
1237   -2     -3.581      3.742     10.836
  -1   -2    -11.217     13.856     11.059
  -1   -2    -11.217     13.856     11.059
  -1   -2    -11.217     13.856     11.059
  -1   -2    -11.217     13.856     11.059
  -1   -2    -11.217     13.856     11.059
  -1   -2    -11.217     13.856     11.059
  -1   -2    -11.217     13.856     11.059
  -1   -2    -11.217     13.856     11.059
  -1   -2    -11.217     13.856     11.059
  -1   -2    -11.217     13.856     11.059
  -1   -2    -11.217     13.856     11.059
1009 1295    -11.217     13.856     11.059
   7   -2    -14.599      2.253     -2.516
 593   -2    -12.464      2.815      9.947
