1333
   0  798    -11.137      4.483     12.136
  -1    2     15.938      1.949     10.522
   7 1221     12.946     -8.876     11.753
   1    4     -1.998     -3.609      3.564
  10    1    -10.597      7.382      9.837
  -1   -2     -3.336      1.036      6.671
  -1   -2      3.501      2.420      3.519
  -1   -2    -11.233     13.847     11.077
 399  608     16.263     11.234      4.493
 740   -2    -10.960     -2.068      7.689
  -1  830    -11.725      5.174      4.107
  21   19      7.396     -3.948      3.750
 143   47     -3.624     11.419      8.461
  50  405     17.654      4.564      4.516
1249  133    -13.110      8.474      0.332
1170  244     14.934     11.835     -7.539
  -1  116    -12.913     -1.998     -3.503
 138   12     17.356     -0.857      8.489
  -1  143      1.381      8.528      9.199
 834   -2     -4.828     -1.093      7.876
1023  518      0.994     10.632     10.458
  30   79      8.932      9.418     -0.091
  -1   -2    -16.829      1.150      8.798
  12   34     23.043     -3.529     11.271
 987  691      5.411     -3.113     11.177
  -1   27     20.662      4.489      2.367
  41   14     20.442     -0.300     12.459
  -1   -2     -3.212     13.584     11.590
  -1   -2     10.489      4.169     -7.572
  -1  512     13.899      5.191      7.911
 916   -2      9.629      3.216      5.600
  -1   -2     -2.815      5.366      7.013
  -1   -2    -14.010     10.862      6.620
  -1   -2      5.936      5.304      3.858
  -1   -2    -10.445     -2.223     11.813
  -1  410     10.790     11.667      8.789
 897   -2    -11.158     11.438      8.439
 785 1060     -5.330     -0.682     -5.690
  -1   -2     -6.044      1.538     -4.190
 146   -2      9.361     -2.694      0.822
 890  496     -9.110      7.889     -0.547
 476   22     -3.419      3.493     10.861
   6   54      4.784     -6.177     12.548
  -1   -2     16.468      3.619     -7.979
  -1   -2     -5.720     -0.754      4.513
1075   33      5.959     -5.855      9.521
  -1  542      9.689      4.248     11.548
 557  299      4.874     -0.521     11.890
  58   -2     -3.672      8.111     -0.648
 280  491     15.835     -2.911      3.675
1280  622      5.128     -2.185     -2.658
  45   72    -15.999      1.138      8.946
  -1  784     -7.929      5.194     -0.018
  28   -2     -8.884     -2.413     -2.205
  -1   -2      3.772      2.067      0.160
 896   53    -16.579     -0.592      6.046
 262   65    -17.485      4.575     -1.529
  -1  831     -4.688     -1.121      1.928
 662   -2    -12.856      0.458      6.696
 990   31     14.670      8.491     -1.311
 164   -2    -19.762      3.275      8.675
  37  522     -3.719      3.880      6.969
1011   -2     14.138     11.046    -11.642
  -1   -2      7.108      8.509     10.939
  -1   -2     18.014      5.590      4.338
  -1   -2      0.981      5.133      7.958
1305  107     23.953      2.791      1.530
 422  786      4.199      9.967      5.155
 100   37     10.033      0.805      0.964
 498 1112     10.426     -7.945      4.413
  82   -2     16.772      0.947      9.276
  77   82    -11.415      8.642      4.228
 875    7    -11.873     -1.644      9.393
 103 1234     -9.560     -3.059     11.556
 128   70     15.181      3.161    -10.684
  -1  533     12.052     -1.643      2.306
 985   -2     16.058      5.929     -3.593
  -1 1228     18.881     -6.283     10.453
  -1   -2    -13.468      7.126    -12.308
  -1   -2     20.508      3.975      5.365
 595   -2    -12.225      0.701     10.636
  -1 1139      8.986      9.061      2.251
 918 1259     13.888     -4.217      2.592
1244   -2     16.392      1.191     -2.601
 964  425     17.820     -4.038      5.615
  -1  442     16.843     -0.069     -8.595
 847   10     -8.060      2.562      0.831
1048  541      0.122     -0.107     12.294
 579  550     -5.436     -2.886     10.174
  -1   29     -8.203     -1.529     -0.647
 166  963      5.705      0.667     10.436
  72  144     24.497      4.792      6.171
 158   -2     24.097      2.253      6.989
 688 1151      4.674     -0.425      9.611
 776   -2     -9.275      9.070      7.093
 251  435     -2.149     10.327      9.484
  -1   -2      2.604     10.443     -1.972
 654   -2     26.043     -7.645      8.980
 930   -2     -7.972      7.136      1.285
 134   35      2.494     -4.367     11.724
  -1  728    -11.811      0.411      2.671
1317  204     11.448      4.846      8.806
  -1  393    -20.293     -0.227     12.642
  -1   -2      4.886     11.587    -12.028
 137   -2    -13.791      9.511     -5.464
  -1   -2      2.711     -3.093     -5.260
 444  582    -15.413      6.894      4.412
  -1   -2     12.231      4.219      8.908
  -1   -2    -12.303      8.518     11.499
  -1  173    -16.928      6.514      8.054
 221   81      6.392     -1.011      9.284
  -1 1053    -15.992     -1.879     11.077
 382   89     18.261      1.680      6.945
 240   -2     10.776      8.689     -7.318
  -1   -2      4.483      3.631     -6.250
  -1   -2     -1.695     10.986    -12.167
  -1   -2     13.345     12.435      9.753
  -1   91     -1.390      3.336      9.887
1188  110      0.051      4.607     -7.670
 487   -2     24.688      5.239      9.507
  -1  590     27.782     -3.449     10.846
  -1  100     19.193      1.885     -6.981
 156   -2      7.300      4.498      7.852
1069 1239     -1.175     13.078      6.812
  -1   -2      8.266      2.247     10.994
  -1   -2     17.005     10.771     -2.852
  -1   -2     -8.122     -6.639     -4.693
 317   -2    -18.879      4.671      6.258
  54   -2    -14.310      7.843      1.909
 299   -2     -8.463     10.738     -3.336
 257  316      1.128     12.302      7.914
  -1  762     16.622     -3.350     -4.977
1289   -2     24.087     -2.450      7.627
  -1  892      2.621     15.457      8.980
  80  770    -10.367      4.926      3.582
 611  137      0.058     -2.567     -0.364
  -1  468     23.370      7.881     11.714
 348   -2      1.078      8.198      6.392
  -1  196     11.158     -4.557      3.258
  -1   -2      8.090    -10.507      3.816
 628   -2      4.769      8.162      9.829
  -1   -2    -10.342      2.552     -8.146
 817 1163      9.694      4.812      7.564
 767   -2    -16.442     14.466      3.133
 522   -2     -9.713      0.581     10.597
1081  416    -11.539      6.990      2.147
  -1  813    -16.524     15.191      7.782
 393  106    -11.543     15.896      6.101
 106   -2     12.129     -6.563      6.228
  -1   -2     19.781     12.905      6.292
 119  270      1.016      3.569     -9.581
  -1  822     26.409     -6.357      8.199
  -1  430      6.232     -7.454      1.224
  -1   -2      6.917     12.086     12.510
 102 1056     15.409     -1.352      1.265
 876   -2      9.927     -6.557     12.385
 860   -2    -20.109     -3.651     11.429
  34  252      4.349      6.925     -3.295
1111  771      5.409      5.083      8.503
 278   -2     20.632     -1.815      1.245
  -1   -2     -3.138      9.312     10.036
  -1  799      1.859      3.813    -10.645
  -1   -2     10.856      6.206    -11.701
1230   24      1.231      4.368      4.317
 195   -2     -1.755     13.204      7.314
  -1  748     15.270     -5.472     -4.301
 135   -2     20.912      7.405      7.158
  -1   38     -2.047      3.120     -6.953
 351   -2      6.147     -6.161      2.667
 655  884    -20.409     -0.615     10.239
 239   -2     -4.008     14.109      3.278
  -1   -2     11.669      2.874     -0.628
 446   -2     -5.235      9.364     -4.958
 470   -2     19.420     -7.516      4.036
  -1   -2      3.297      8.946    -10.909
 204  231     -7.805     -6.394      9.836
  -1   -2      5.141     -3.798      0.962
  -1  257    -17.803     -2.337     -0.792
  -1  828    -13.359     -1.192      4.429
  -1  164    -13.272      6.175      4.248
1239  463     24.985     -8.542      5.261
 165   -2    -14.810     -1.931      5.540
 220   28     20.100     11.741      7.955
  -1   -2     16.247      0.564      6.051
  -1  138     13.492     -6.685      8.800
 649  407      4.985     14.935      1.678
1193  319     13.397     11.850      9.136
  -1   -2      1.459     -0.167     -2.314
 843   -2    -19.397     -2.691      9.899
 863   -2     -6.282     -9.601     -7.367
1180  298     14.473      9.043      6.810
 237   -2     18.563     12.836     -5.523
  81  347    -18.826      4.291     11.246
 249   -2     25.176      0.738     12.168
1012  553     13.514      7.997      5.123
  -1  201     18.028      3.561     10.116
 126  669      4.961     15.018      3.840
  -1   -2      0.906     12.959     -1.036
  -1   -2     -7.201     11.549     -3.538
 367   -2    -12.105     -4.158     12.098
  88  993    -15.401     -4.703      7.680
  -1   -2     24.265     -1.838      7.236
1002   -2    -13.693     13.396      7.064
 796  174    -20.405      1.169     10.212
 613   -2     13.447      3.830     -3.820
  -1   -2      4.889      7.447      2.374
1263   -2      5.567     -8.572      0.665
  -1  184      7.538     13.178      6.842
1296   -2      6.884     -3.588     -7.938
  -1   -2      0.375      0.298      6.480
 117  718     13.675      5.534     -6.534
  -1  233     24.593      0.940      6.356
 256  130     -0.975      4.844      7.769
  -1   -2     -2.398      4.840      1.253
 127  365      1.439      9.543      3.975
  -1   -2      1.384     13.138     10.497
  71 1231      6.493     10.738      7.218
  -1   -2    -11.030      4.587    -10.330
 577  754     16.145     -8.542      1.925
 828  303     20.943     -1.336     -7.407
  -1  317    -16.355    -10.222      7.592
 631   -2      5.027     -5.451      1.979
  94   -2     15.260     -0.522     -2.699
  47  176    -12.348      0.040     -6.115
  -1  178     -6.588     -1.822      0.184
  -1 1187     17.828      6.042     -7.500
  -1  819    -12.438     -3.838      5.101
  44   -2      0.577      6.775     10.229
 269  529     13.963      2.024      0.014
 275  643      6.506     13.611     -4.361
 255  331     -7.029     -3.621      5.655
  -1  368      0.481      0.626      9.816
 277   -2     15.635      3.776     10.784
  -1  692      8.280     -1.118      0.482
1147   -2     17.698      6.716     11.842
 124  170     -1.380      0.629     11.239
 714   -2      9.254     15.753      8.468
  -1   13     22.509      3.910      7.954
  -1  747      2.038      0.952     10.719
  -1   -2      0.134     -3.369      2.682
  -1  556    -19.692      6.479      7.429
 302  239     11.147      9.410      8.423
 870  225    -18.174     -6.232      7.722
 986  156    -12.528     13.193      5.556
  -1  888    -14.325     11.828      8.853
 453 1255     23.270      9.615      8.392
 523  671     12.232     -4.391     11.163
  -1  689      5.982      2.532     10.409
 390   -2    -11.645      9.426     -7.335
 600   -2     12.159     15.003      7.625
  -1 1184     23.877     -3.316     12.545
1243   -2     12.274      2.367      8.400
  -1   -2      8.139     -5.055     -1.470
 218   -2    -14.923      0.999      8.755
 566  274     23.590     11.839     11.676
 129   -2     13.855     -6.173     10.561
  -1  118     -5.494      9.443     -1.862
  -1   -2    -11.185     -9.381     10.344
  -1   -2      7.157     11.259    -10.507
  -1   -2     -7.536      4.789     -5.969
 491   -2     -3.290      7.081     -1.413
  -1  282     -5.522     -9.751     11.745
 271  223     13.569     -7.630      4.671
  -1  440      3.613     12.238     -9.203
 398 1247      7.119     -7.654      8.369
  -1   -2     -5.131     -9.691    -10.200
  -1   -2     19.907     -1.363     -8.634
 291  470      8.800      5.504      3.375
 131  476     11.767     -1.855      0.198
 825    9      1.002     11.220      5.753
 368  631     21.814     10.096      5.346
  -1  209     -7.843     -3.962     -0.565
 665  389      7.848     14.505      8.206
  -1  580    -17.091     13.076      9.789
  -1   -2     24.368     -5.545      5.731
  -1   -2      8.578     -2.878     -9.723
1108   -2     -2.742      8.047     10.059
1027   -2     -4.239      8.384      4.825
 328  401     12.308     -0.296      3.315
  -1   -2     17.664      8.477      4.842
  18   -2    -10.136     11.015      0.890
1278  241     -2.202      3.872      0.639
  31   -2      6.166     -0.021      7.267
 640  672    -17.986     10.642     10.318
  -1  573     -6.994     13.433      5.537
 910  921     -3.683      8.555      7.269
  -1   -2     -2.415      1.343      7.025
  -1   -2     25.559     -8.995      7.966
  -1   -2     21.042      7.465      1.423
 497   -2     23.438      9.439     -0.803
  -1   -2     16.039     -4.324      8.978
1088 1061     16.199     -0.807     11.945
  -1   -2     23.957     -2.736      9.648
 263   -2      8.958      6.838     -2.712
  -1   -2     17.444      9.876     -6.743
 941  353     16.166    -10.396      6.145
1120  699     21.651     -2.610      3.531
  32   -2     -1.438      8.458     -3.618
 869  454    -13.261      3.970     -6.725
 322  214     -9.831      8.337     -5.870
 125   -2      9.305     -1.216      6.380
 114  964     10.249     -4.655      8.984
  -1  186      3.015      0.357     11.593
 389   43      4.981      3.476      7.251
1237   -2     18.013      7.251     -0.398
 772  933      7.134      2.278     -3.392
 223  276    -15.847     11.536     12.065
 610   -2      3.244    -10.383      3.688
 413  635     19.253     15.066      5.255
  -1   -2      9.551     14.824      2.955
  -1   -2    -11.178    -11.530     -5.399
  -1   -2     20.937      8.839     10.995
 712   -2     25.624      1.262      6.873
 379   -2      2.939      5.625     11.811
  -1  658     19.382     -1.505      5.054
  -1   -2     23.590     10.536      5.092
  -1  238      7.815     13.729      5.952
 512  101    -18.906      4.860      9.202
 900  530     10.687     15.949      9.339
 425  168     11.805     15.386      1.378
  -1  585     -7.428     13.061     12.433
  73  402      3.034     -4.304      8.402
 794   -2    -13.916     10.385      8.734
  -1   -2    -11.657     -2.028      1.264
1238  269     20.722      2.617      7.680
  -1  315      3.771      3.402     -4.973
 234  510     -2.893     -1.321     11.735
  -1   -2      6.580     -9.293     -9.947
1153   -2     -5.821     14.528      6.133
 618  366     20.562     -3.059      9.335
 403   -2    -15.593     10.108      5.026
 161   -2    -17.349     -2.783     12.123
 766   -2    -18.977     -0.534     11.227
 656   -2    -12.138     -0.151      0.951
1025  337      8.657     11.029     -7.446
 706 1062      7.226     10.353     12.052
 217   -2     21.819     -6.109     11.457
  -1  891     17.266      2.638      1.272
 319 1245     23.496      5.293     -0.837
 496   -2      1.593     13.061      7.960
 243   -2      2.358     11.821     -1.185
  -1   -2    -13.247     -3.466     -9.126
  -1   -2    -14.252     10.228    -10.745
  -1   -2     23.859      8.030      2.174
 341  864     22.270     -5.210     -1.990
 928 1260     17.346      7.709      7.256
  -1   -2     15.880      8.188    -11.813
1099  844     -8.402      0.685     10.536
  -1   -2      4.276     11.129     -4.152
  -1   -2     11.718    -11.629      3.851
 452   -2    -14.358     -7.278     10.919
 468  249     16.537      9.336      2.213
  62   -2     12.261     11.778      8.709
  25  283     -9.045     -0.940      2.741
 193  527      0.718     -9.474      2.189
  -1  202     16.390     13.731     11.366
 427  450    -15.156     -9.431      6.659
  -1  150      3.869     10.307      8.446
 484  356     11.432     14.023      4.798
 718  752     -0.220     -6.343     -8.416
  -1  737     -5.366     10.645     -7.844
 576   -2     21.117     -7.206     10.112
 246   -2    -16.522     -0.974      0.511
  74   -2      1.629     -2.900      9.193
 339  538    -16.259     -2.920      6.045
 578  451     16.647     16.445      3.291
 426   -2     25.317      3.485      7.921
  -1   -2     -1.015     -5.982     -8.551
 153   16     -0.568      9.980      8.477
  -1   -2     -6.429     17.519     10.360
 606   -2     19.984     -5.982     -8.154
  -1  552     17.122      1.008      2.294
 632  449      0.730     16.894      8.877
  -1 1007     15.595      6.240      6.232
 555 1252      7.015     -8.623      1.589
1200   -2      7.692    -17.202      4.461
  -1   -2     -5.201     11.748     -9.489
1186  715     14.536      2.293      9.749
  -1   -2     20.897      3.842     -7.329
 848 1102     -2.646      8.945      4.903
 464  882    -18.291      6.772     11.969
  -1   -2      2.574     -5.727     -0.279
 331   41     -0.181      2.289     -9.061
1265   -2      1.087     -4.939      9.598
  -1  355     27.432      2.629     12.441
 868   -2     -2.055      0.343      9.956
 197  322     20.746     10.447      4.596
  -1  191    -15.842     -4.797      4.821
 575   -2    -18.882     -6.342     11.650
  -1  683      8.292     13.702     11.197
 563   -2     18.493     -5.504      1.893
 554  592      7.261      2.798     -6.497
  -1  199     18.495      8.918      8.521
1114   -2     17.188    -15.965      9.759
 621   -2     -4.909    -10.257     -1.398
 867  652     -6.580    -10.968     -1.507
 677   -2     16.395      2.366      8.535
 293  428    -12.068     -7.294     12.528
  -1   -2    -18.738      5.993      7.110
 173   -2      1.829      8.127     12.397
 823   -2    -15.945     12.898      9.412
  -1  649     -2.825      0.676      4.488
1017   -2     23.191      4.993      9.792
  -1   -2     -5.186     14.495      2.818
 140   -2     -6.793     12.207      1.878
  -1  420     15.311     -2.930    -11.591
 301   -2     15.023     -7.045      9.182
  -1  336     20.872     -4.897     -9.476
  -1   -2     -8.925      8.895    -12.390
 795   -2    -14.745     -1.091     10.104
  -1   18     12.767     11.741    -11.036
  -1   -2     20.953     16.427      3.794
  -1  870     -8.364      8.146     -3.476
  -1  171    -11.129      7.844    -11.614
  -1   -2     -3.080      3.389     -3.782
 841   -2     23.756      0.322     10.075
  -1  536      7.121     -9.686      1.411
  -1   -2     10.774      3.855    -11.117
1175   -2      6.820      1.312     10.139
 517 1219      4.209      3.422      5.028
  -1   -2      7.649     -2.673    -12.178
  -1   -2     11.710     -3.448      2.730
  -1 1093     -3.786     16.501      7.241
 267   -2     15.764     -9.147      0.095
  -1   -2     25.015     -4.041      8.338
1060   -2    -16.191     12.644     12.445
 386  523      1.111     -7.485     -3.102
1063  284     14.645     -6.060      5.943
  -1   -2     10.036     13.364      9.344
  -1   -2      0.472     -9.381     -6.071
 601  326     13.718     -7.111     11.903
  -1   -2     16.262     -2.984      6.433
 528   -2     21.638      4.522      7.021
  -1 1240     -6.758     -6.300     10.292
  -1   -2     -0.717     14.281      0.114
1298   -2     27.168      7.826     10.609
 294 1244      9.286      1.736      7.690
  -1   -2     -9.982     -6.269      7.493
  -1   -2     -2.594     -7.615      6.874
 337   -2     11.515      8.235     11.800
 336  661     24.287     -0.189      6.172
 960  612     16.103     -7.918      6.281
  -1  258     -1.663      2.945     -1.919
  -1  767    -10.973     12.036      5.207
  56   78     13.537      4.514      8.375
  -1  735     24.051      6.387     11.109
  -1   -2    -12.379     -2.154      5.190
1179  855     12.146      1.776     10.426
 599 1057      9.827      2.912      8.940
  -1   -2     24.185     11.033     11.871
1131 1266      7.216      9.010      6.042
  -1   -2      2.285      0.494     -3.567
1079 1264     21.679      8.585     -2.666
 443  374     12.797     -5.477      7.504
  -1  142     26.426     -5.877      7.842
  -1   -2     24.517     -7.564      1.350
 307  154     20.508     -2.544      4.505
1116 1265     -6.422     -0.375      4.335
 864  280     10.649      6.527      8.305
 369   -2     21.492     15.081      5.657
 168  254      7.935     15.224      2.017
 300   -2     17.621     12.893      6.764
  -1  439    -18.266      6.587      3.009
  -1  472    -11.590    -11.584      2.359
1042 1098     -4.084    -14.750     10.212
 219   -2      9.849     11.980      3.250
  63  604     10.462      3.333     11.606
 942  190     24.194      8.301     10.193
 646  561     26.775      9.488     11.064
  -1   -2     18.127     -2.708      3.146
 303  441    -13.248      0.634      1.005
 911 1258     12.058     -3.025     -6.311
  -1  595     25.839     -1.733     12.310
1211   -2     19.530    -17.224     11.610
 737   75     18.023     -0.927      7.968
  36   -2     -2.526      8.191      7.313
  -1   -2    -17.118      4.821     -4.642
  -1  296     -6.394     14.967      2.235
 569   -2      6.815    -10.229      6.976
  -1   -2    -10.466     13.082     -0.249
1166  629     13.645     11.350      8.783
 625  395     21.565     15.104     11.883
  39   -2      2.893     16.360      4.320
 292  991      3.088     -1.907      9.899
  -1   -2    -17.181      1.195      2.934
  -1   -2      1.974      7.337     -5.495
1038  392     -3.810     -4.229     11.001
 535   -2     -9.734     -4.137     -0.827
 893  327     -6.850     -1.501      5.672
1279   -2     26.316      2.838      7.541
  -1  940    -15.733      2.464     12.320
 809   -2     18.044    -11.059     -3.849
1155   -2     20.798     15.430      8.033
  -1  354     12.823     -9.877      5.425
 335  397      8.065     12.308      1.368
  -1  733     16.564     12.292     12.038
  -1  534     22.734      1.707     -4.933
 779   -2    -17.443     12.671      9.849
  -1   -2     -2.822     -8.533      8.140
 473  554     24.980     -5.564     10.169
 914  723     16.447     -9.677     10.585
 232  212     -7.689     -4.034      7.175
 323 1246      2.004     -9.393      9.053
1185   -2     26.524     13.551      7.896
1113  716     -0.354    -10.568      1.570
1045   -2     -0.944     -5.814      8.934
  43  120     -1.484     -0.462      3.389
 734  827     16.706      5.449     10.182
  -1  865    -11.251      1.362      4.434
 242   -2     -9.273      5.731     -2.081
  -1   -2      6.603     -1.598     -0.230
 565   -2     -7.722     15.591     10.530
 211   -2     15.252     -2.532     12.304
 486   -2     -2.103     -1.670     10.686
 547 1129    -16.505    -11.869     10.173
  -1   -2     17.813     -3.005     -1.851
  -1  988     11.733     11.705     -4.038
1065   -2      6.493     -9.509      7.687
 713  264     20.814     -5.143     10.073
 803  841    -15.371     -3.605     -6.088
 994   -2      3.197    -11.650      7.302
  -1   -2     17.591     14.350     -0.254
 402  617     -6.325     -4.764     12.222
  -1   -2     -0.261     10.280     -3.117
  -1   -2     19.692     12.869      0.831
  -1  367      3.906      5.352     11.606
 753  945    -17.802    -12.390      4.260
1176   -2     -6.575     13.590     11.591
 149  526     21.274     -4.490      7.846
  -1  576     19.848     -5.861      6.114
  -1  123     17.786      6.186      2.509
 761   -2     23.479     11.921      8.350
1150  359      6.846    -14.270      5.632
 471  739     16.314     -2.916     -1.818
  -1  221     -2.461      3.764      7.729
  -1  726     -9.380    -12.850     -4.001
  -1  623     22.880      0.771      7.574
 503   -2     -2.340     -7.220      3.519
  -1   -2     15.573     10.358      8.899
 363   -2      6.534      1.437      7.895
  -1  344     25.110      9.230     11.549
 329 1243     19.490     -7.968      1.638
  -1   -2     -5.805     -8.208      4.828
 433   -2     -1.016     13.479     11.168
  -1  285     22.496      0.335     -1.266
 814   -2      6.669    -10.660     11.591
 432  681      9.259     -2.127      7.514
  -1   -2      0.912     -9.535     -0.843
 622   -2     -6.800    -12.213     10.487
 775   -2      1.232    -10.711      5.070
  -1  632     -7.817    -12.071      6.248
 465  569     12.468     -3.087      7.043
 887   -2    -13.041      4.214     -9.814
 260   -2    -19.398      5.783     11.464
 345  616     -5.080      7.633     -2.848
1086  780     -4.651     -9.230     -0.772
  -1  457     17.651    -13.153     10.209
 482  847     25.739     10.782     11.898
  -1   -2      7.028      8.485     -2.906
 252  511      9.273     -2.291      4.342
  -1  571     -1.396     -2.738     -3.506
  -1   -2     16.111    -10.327    -10.458
  -1  505     15.329     -5.415      9.730
  -1 1022     11.911     -3.009     11.835
  -1   -2     22.364      7.703     -4.213
  -1   -2      3.025      0.192      9.105
1144  412      3.460     -3.997     -3.509
  -1   -2     -0.010      0.539     -9.004
  -1  685     14.047      5.704      5.690
 355  519     18.191     -5.371     -1.458
1030   -2    -11.189    -11.997      5.870
 882  175     14.837      2.329      5.152
 534  901     14.456      5.353      1.892
 736  760     19.742      3.775     -2.215
 537   -2    -17.041     -8.934      2.670
1080  114     21.603     12.519      9.647
 120   -2      3.315     11.655      9.928
  -1   -2      7.375      2.513      0.772
1056  349      5.887     12.445     11.360
 691  857      5.214    -15.689      4.063
  -1  159      3.614     15.401      0.643
  -1  687    -15.205     -3.322     -0.420
 762   -2     18.325    -14.783      1.505
 702  192     17.595      3.302      7.341
1107  433     -8.380     -6.446      6.129
 765  458     -9.949      5.685      4.624
 538   -2     -2.863      5.761     -7.376
  -1   -2     -2.332     -4.504     -0.086
1169 1166    -13.107     -8.908     -3.500
1246  936     10.262     -7.367      7.088
 372   -2     -5.535      2.140      9.354
  -1  234     11.127     10.486      3.439
  -1  838    -12.931     12.316      5.110
 932 1127     -1.529      8.057     11.193
 982  301     15.954     12.805      2.652
  -1   -2     17.961    -13.728      9.308
  69 1230    -16.132      6.112      2.884
 937   -2    -19.236     -9.319      9.929
 653 1019     24.868     -5.292      7.814
1196   -2     20.022      0.993      5.448
  -1   -2      1.901     17.234      9.809
 948  625     16.374    -13.477      5.103
  -1  492     13.105     -9.925      9.460
 312  781     -8.482     12.878      8.364
  -1   -2     14.521     13.385     -7.590
  -1  793    -17.574      6.806     12.146
  -1  119      3.747     -1.219     -2.576
  -1  601     23.068     13.935      2.763
  -1  734     17.941      2.925    -11.412
  -1   -2     15.847     12.038     -3.001
 215   -2     16.616     -0.325      1.870
  -1   -2    -11.183     -1.345     -1.509
1024   -2    -10.788    -11.992      9.481
 923   -2     -3.218      3.563     -1.402
  -1  975     -8.016     -9.649      8.707
 175  867    -19.700      9.878     10.570
 696  583     14.937     15.207      2.216
  -1  614    -11.259    -13.126      5.477
 687  714     14.100     15.973      7.116
 483 1082     10.293      6.931     11.788
1032   -2    -17.192      0.251     11.970
  -1 1005      0.907    -14.713      4.657
1146   -2     21.733    -11.552      6.309
1236   -2     -0.333      0.874      5.697
  -1   -2     15.018      7.237     10.929
1040  302     23.549     -8.722      9.437
  17  985     19.587      4.920      9.021
 541  599     -9.477     11.529     -5.287
1062   -2     23.651    -13.987     11.643
  -1  953     10.999      4.923     11.572
 298 1096     25.409      1.182      9.561
  -1  245     18.952     -0.383     11.794
 187  321      8.953    -11.543      2.311
  -1  334     15.274     13.520      8.637
 917   -2     18.286      8.842     10.450
 961  591     22.305     -8.828     11.009
  -1   -2    -12.862     -4.175     -0.213
 623  136     17.589     14.682      2.468
  -1   -2     12.510     -0.645     12.044
 704   -2     22.308      7.317      3.560
 996  746      9.844    -13.697      0.782
 396   -2     19.036      7.797      9.294
  -1   -2      0.991     -5.636     -3.405
  -1   -2      6.458     15.184      8.182
 647  839     -8.297     -7.303     11.866
 370   88     14.662     -2.776     -2.961
1266   -2      9.570      3.492      1.937
 726  637     23.015      4.546      4.697
 532  216     22.780     10.661     10.087
 494  708     20.068     14.749     11.367
  -1   -2     16.774     18.871     11.346
1064  606     -0.830      1.012      8.780
 366   77     20.105      2.985      2.075
  -1 1034      9.990      0.540     10.547
  -1  560      7.541     -3.043     10.873
  76  741    -16.783      1.973     -6.225
  -1   -2     16.995      1.932      4.342
  -1   -2     -6.977      0.103      8.281
  -1   -2     14.901    -18.056     11.966
  -1  745     21.620     -3.360      7.619
 757  493     17.749      8.477     -4.116
  -1   -2     -5.886     -5.805     -2.762
 836  455     -1.283     16.245      5.190
 188   -2      8.435     15.704      8.560
  -1  575      7.080     -7.792      0.251
  -1 1253      9.909     12.548      4.849
  -1   -2    -10.729     13.995     -1.741
  -1   -2      7.749    -13.705      1.911
 602   -2     22.694     -7.916      3.080
1159   -2     17.990     15.310     11.824
  -1  485     -7.708     -8.883     -1.242
  -1   -2    -11.205     -4.767      0.484
 749   -2     -1.117     -9.710      8.611
 539  466     25.029     -1.269     11.803
  -1  307    -15.824     -7.600     11.193
 697   -2      0.589     -3.149      6.053
 283   -2      8.448     -1.946     10.381
 689  676     -3.767     -3.479      1.029
  -1  724     14.351      2.356      5.524
 660  188    -12.136     10.735     -8.872
  -1  360     11.807      7.213     -9.622
 993  140     11.277     10.920     11.801
 995  602     26.091    -10.244     10.154
 493  195     -4.617     16.208      6.709
 639   -2     -1.152     -3.584     10.343
  -1  388     18.923     -9.174      7.401
 499  521     15.673     -4.035     10.340
  -1   20     12.042      8.225      5.740
 839  641     -1.541     17.012     11.590
 946   -2    -14.503      8.947    -10.276
  -1 1081     -3.983    -11.873      9.374
  -1   -2     13.506      1.621     -3.458
 636  378     14.158      9.841     12.034
  -1   -2     18.434    -19.610     12.070
1077   -2      6.399    -12.397     11.153
1213 1003     20.240     17.657      8.442
 113  383     -0.353     -6.264      9.758
  -1  198    -14.845     -4.509     12.216
 598   -2    -10.223     -1.327      8.471
  -1   -2    -10.819     -6.846      0.030
 571   -2    -14.543     -9.290     -9.730
 527   -2      3.184    -12.889      5.562
 384   45      8.077     12.235     10.082
  -1   -2     10.962     -2.730     -4.927
 921   -2      6.526     15.197     10.199
  -1   -2     18.566     -9.933      8.086
  -1  139     17.131     -6.655      7.296
  -1   -2      0.721     -4.138     -2.201
  -1 1004     -4.518     13.180      3.257
  -1   -2      8.567     -7.801     -1.100
 542   -2     20.215     -0.961      4.368
 724 1153     14.622    -10.709      8.938
  -1  153     -7.830     -4.884     -6.371
 509 1070     24.310      1.608      8.070
 591  218     21.442      1.310     10.273
  53 1145    -17.812     12.086      8.147
 708  566     12.611     -0.873      7.986
1269  840      4.846    -10.839      4.680
  -1   -2     13.765     -2.534      1.311
  -1  145     13.923      8.088      6.689
  -1   -2     17.727      7.287      8.631
 858  688    -12.695     -9.626     11.798
  -1  859      5.521      5.305      7.018
  -1   -2     10.886     -9.743      2.015
 690   -2     -2.029     15.475      3.086
  -1  391     19.932     -6.469      9.026
1203 1104     26.091    -14.274     11.516
  -1   -2     17.630      2.464      8.468
 648  607      4.381     -2.793      9.068
 899   -2     14.083     15.815     10.135
 927  311      6.697     -1.049      1.842
 878   -2    -10.640     11.748     11.272
  -1   -2     11.113     -2.752      8.865
  -1   -2     -8.232     -5.416      9.304
 488 1114     20.968     -2.277     11.919
 485  817     12.372     -8.378      8.894
  -1   -2     18.966     -1.583     11.238
  -1   -2    -15.327     15.062      4.459
  -1   -2     19.130     -2.789      3.608
  -1  751     17.072     16.734     11.900
 976  701     -0.601     -8.463      5.084
  -1   -2     -2.414      3.510     -3.633
 679   -2     -8.216      5.525      3.435
1078  338    -10.869     -8.466     11.108
  -1   -2     21.353     10.238      4.482
  -1   -2     10.095    -11.310     -7.803
 790  431     20.001    -12.869     -1.015
 604  484     18.820      6.692      7.893
1016   -2     11.859     -7.758      6.668
 460   -2     -2.861     -7.434      8.413
  -1   -2     -1.586      3.344     -4.113
1020   60     25.470     10.428      5.213
 507  773     26.050     -2.695      5.818
  -1  954     -0.046     -5.528      6.312
 546   -2     18.287     -2.933     11.550
  -1  729    -14.542      7.678     -4.198
1132 1038     12.217     -9.393     -6.345
  -1   -2    -20.578      6.210     10.415
  -1  727    -18.282     13.261      5.737
  59   86     11.513      3.601      6.834
  -1   -2     -7.445     -0.729     -6.492
1198  540     25.652     12.703     12.240
  -1  179      4.254      7.922     -0.928
 675  694     16.294     11.862      7.840
  -1 1041    -12.368     -4.862      6.506
  -1   -2     -8.974      7.028     -5.690
 438  310      1.130      5.625     10.189
  -1   -2    -12.202     14.451     11.866
 286  324    -17.514      8.373      8.632
1273  362     -3.387     12.053      1.022
  -1  765    -16.318     12.121     12.577
1031 1080     15.313    -13.118     -1.828
1068  502    -11.865     17.649     12.262
  -1   -2     21.095      9.894    -11.829
 957   -2      5.759     12.352     -9.217
  -1  330    -15.520     -0.484      2.710
  -1  908    -20.830     -0.868      7.351
  -1  807    -13.261      1.950      5.366
 290  103     -9.628      8.161      4.990
  -1  292      9.508      5.153      2.825
  -1  115    -10.862      1.280      1.924
 912   -2     27.143      6.834     10.772
 831  778    -14.813     15.087      9.382
  -1   -2     -9.843      9.666      7.477
  -1  588     -3.061      5.591     -4.611
  -1   -2      2.440      7.554      1.476
  -1  584      3.779     17.071      9.249
  -1   -2      0.651     12.336     11.550
1010   -2    -17.057      5.481     11.936
 973  551     -3.389    -17.361     10.169
 436  220      6.371      1.690      2.401
 781  848      1.277     17.008      1.003
  -1 1156      0.076     16.618     11.539
  -1   -2     23.232     15.169      9.060
  -1  866     -7.240     11.095      7.822
  -1  265    -11.163     16.058      9.467
  -1   -2      8.178     -4.889      3.684
  -1  586      1.532     -8.120      7.459
 956 1083     27.651      6.492      8.575
  -1 1100     28.897      8.069     12.094
  -1   -2     -4.411     13.958     10.723
  -1   57     -0.979     11.836      8.450
1033   -2     -0.092     11.456      8.878
 343  627     -5.117     16.040     11.446
1217  574     21.623     18.431      7.751
  -1 1115      1.904     14.207      8.021
  -1   -2      4.411      6.283     -4.976
  -1  690      7.789    -10.056     11.555
  -1   -2    -20.028     -1.108      4.033
 974   61    -11.285      5.770     -1.113
  -1 1079     23.931     16.682      8.163
 929  312     15.487     11.784     10.849
 500   -2      9.525      1.215      3.816
 420   -2    -14.517      0.895     11.707
  -1  394     25.135      0.903     -0.575
  -1   -2     -6.527    -12.448     -6.892
 177  369    -10.812     -4.855     10.337
  -1   -2     18.412    -11.659     -8.908
1105   -2     27.929      7.188      5.260
 710   -2    -16.484      0.465     -3.506
 185 1152      8.934     13.763     11.987
  -1   -2    -10.474     13.604      5.404
  -1   -2    -16.339      6.798      7.521
  -1   -2    -10.260     -8.560     -0.973
 797   -2    -19.635    -10.699     11.073
  -1   -2      5.870      2.151     -7.554
1000   93     25.396     -9.160     10.251
  -1   -2    -10.932      2.850      5.254
 906  801     -5.018     13.162     10.639
 192   -2     27.864      4.255     10.135
  -1  697      2.844      8.139      6.696
  -1   -2      9.560     -2.563     11.250
  -1  876    -21.636     -3.747     12.221
  -1  506    -11.267      8.280      1.428
  -1   -2     -4.976      6.534      8.665
  -1   -2    -17.561     -4.202     -2.367
  -1  753     20.469     11.687      4.851
1283  736     22.741      7.997     -1.571
  -1 1118     13.082     14.385      9.892
  -1  456    -14.836     -4.432      7.552
 582 1172     25.924     -0.497      6.969
1124   -2      5.929    -13.132      1.234
  -1  872     -0.374    -14.189     -6.978
  -1   -2      0.236    -12.148      5.292
1001  618      4.272      7.369      4.784
 385  509     19.397      2.222      2.231
  -1 1242    -16.034      1.442     12.224
  -1  782    -13.781     15.095     12.626
  -1   -2    -12.040     15.912     12.306
 820 1131    -16.461     17.464      3.260
 855 1257     -3.883     16.005      3.621
 926   -2     11.204     12.073      2.978
  -1   -2     -5.130      4.227     -5.902
 346   -2     -5.141     -0.319      7.339
  -1  944    -19.058      8.464     10.819
 585   -2      3.749     -9.501     -0.232
 998   -2     -5.373      5.383     10.860
1090   -2    -15.480    -11.390     -0.602
  -1   -2     -2.123     13.830      6.679
1157  816    -10.309     15.814     11.364
 638 1090    -11.179      0.304     11.102
 884  989     -8.748      7.100     -3.410
  -1   -2     -2.640     13.444     11.948
  -1   -2     -8.778      9.194      7.059
  -1   -2     17.276      8.645     11.193
 371  151     25.971      5.686     10.139
 206  396     -4.010     -0.779     10.157
  -1  531     12.099     16.874     11.275
  -1   -2     -2.058      3.496     10.643
  -1   -2    -12.111     13.470     11.033
 838 1106    -15.701      7.711     -9.765
  -1   -2     -3.071      3.666      7.809
 907   -2    -12.212     10.988      1.220
  -1   84      7.837      4.951      7.394
 309  141     12.394      3.016      9.992
  -1   -2     23.987      8.397     -2.724
 898  480    -16.757      5.454     -4.549
  -1   -2     22.427      6.739     10.819
  -1  906     -7.493    -11.844      2.667
  -1  343      2.961     18.493     10.667
  -1  460     26.018      3.995      7.537
  -1   -2    -14.263     14.527     -0.470
 597 1047     17.754     -7.237      6.851
1028  295     23.504     -7.171     -1.373
  -1  594     -3.800    -10.036     -9.249
  -1   -2     -5.414     -4.975     11.859
 115  744     -4.873     -2.752      5.200
 934   -2    -17.558     11.474     -4.856
  -1  648     21.846    -12.253     -0.163
1050   -2     10.455     -5.447      5.197
  -1  570    -20.149     -9.132      5.569
  -1  224     -0.377     -3.437     11.114
 988 1155    -17.394     13.198     12.116
 955   -2    -19.781     -6.387     10.069
 951  779    -17.369     10.693     11.248
  -1  974     -9.645    -14.684     -2.265
 999  619      3.110      4.408      5.771
 210   -2      1.578      1.760     11.777
 849 1069     -3.979    -13.693     -0.770
 913   -2     23.209     14.919     11.386
  -1   -2      8.616     14.283     12.135
  -1  920    -11.551     16.085     -4.452
 965   48    -10.704     13.161      8.616
 502  731     -2.972      7.108      8.790
  -1  453    -15.085      4.782      8.659
  -1 1150      5.068     10.817      7.933
  -1   -2      9.450     13.468     11.132
 769   -2     25.809     -9.442      2.377
  -1  935    -17.821     -7.619     12.552
 971 1262    -11.255     13.332      8.643
  -1 1267      6.660    -13.662      3.927
  -1   -2     -6.080     16.044     11.516
  -1  429     -9.339     -5.791     -0.985
  -1  345     20.265      5.515     12.601
  -1  942     23.825     10.465      7.118
  -1  787      4.876      3.936     10.535
 936 1024     21.226    -13.660      7.150
 633   -2     11.698     16.589      7.972
  -1  446      1.477      9.901      5.658
  -1   -2    -19.528      7.261      9.436
  -1  759     26.105     14.807     11.740
  -1   -2     -1.842    -12.941     -6.886
1139   -2     24.393    -10.154      8.759
 182  659      2.856      1.441     11.591
  -1  587     18.356     -5.604      6.151
  -1  361     -5.926     15.793     10.278
  -1   -2     -5.530      8.782     -7.488
1301   -2     13.000    -13.054     -2.784
  -1  266     22.886     -9.380     -5.887
  -1   -2    -10.095     -9.872    -11.960
 596   -2     22.111     -5.703      9.330
  -1  918     -5.309     -5.675    -10.791
  -1   -2      7.519      8.477     -1.919
  98   -2     19.523     13.739      9.115
 479  675     -1.524     15.236     10.142
1210   -2     13.034    -18.824      8.402
  -1  152     19.745     16.180     11.605
  -1  515     -0.526    -10.728      9.391
 879  381      0.434     15.845      9.672
  -1   -2    -17.824     -4.359     11.150
  -1  950    -14.209    -12.805     12.614
  -1   -2     14.470     -7.216     -8.065
 184  413      9.729     -2.631     -1.461
 954  849    -12.004    -18.533      6.316
 959   -2     26.178     -3.561     10.435
  -1 1158    -15.376    -12.873      4.568
  -1   -2     10.645     -6.931      6.981
  -1   -2     10.504     17.895      8.524
  -1  436     -1.943     -5.567      2.986
 793  166     28.108     -0.564      8.374
  87  860    -14.189      0.993      2.105
  -1   -2     -7.791     -6.060     -9.632
  -1 1011     22.881      5.348      4.322
  42  856     -2.842     14.856      8.925
  -1   -2     26.878      7.171      6.702
  -1   -2      1.228      1.297      6.367
  -1   -2     20.343     14.734      8.080
 763  666      5.658    -10.235      0.777
  -1  294    -15.500      0.681      4.132
  -1  514      3.761      3.210     -7.095
  -1   -2      2.000      9.472      9.806
  -1  528      3.958      4.764     11.266
  -1   -2    -17.712     12.325     11.834
 750  837     17.456    -11.662     10.341
  -1  279      4.704     14.787      5.926
  -1  862     12.259    -16.124      0.053
 467   -2     -9.215     -8.246     -7.938
 430   -2     -1.668     -0.867      8.928
  -1   -2    -17.520     -9.997      1.071
  -1 1179     -5.668    -17.519     12.229
 440   64      6.671      2.941      8.376
 264  339    -18.428     -1.007     10.295
1214  925     -6.345    -16.620     12.296
1256  843     24.934     -3.764     11.638
  -1   -2     18.012      5.070    -10.095
 774  894     28.836      6.036      9.117
  -1  785     -0.662     11.703     12.362
  -1  572      1.091     17.638     12.315
  -1  578     -1.747    -12.877      6.589
  -1 1014     22.386    -11.011      2.052
  -1   -2     14.134      4.817     11.062
 360  755      6.382    -11.652      6.618
1156  966     -7.413      0.894     12.194
 457   -2      3.177     -3.186      2.682
  -1  806      1.172     11.014      5.097
  -1   -2      0.742      4.457     11.697
  -1   -2      3.747      0.110     10.398
  -1  419     -5.796      2.926      5.843
  -1  465    -18.031     -6.609     12.274
 142   -2     15.521     14.918     11.529
  -1  738      2.582    -14.622     -5.362
 551   -2      5.073     15.177      8.610
  -1  668    -13.905     -5.900     -0.955
1311  660     11.865      5.962     10.310
 958  203     -9.074     10.487     12.005
  -1  308     19.031     15.537      7.617
  -1   -2     12.765     11.422     11.570
  -1   -2     -9.232     15.001     11.539
  -1 1124      5.045    -18.994      7.539
 711  559      3.091    -10.449      8.061
  -1   -2    -10.066     19.840      7.870
1015   -2     -3.594     16.404     12.146
 395   -2      4.253     -1.033      6.263
  -1  399      4.375     -7.201      1.194
  -1 1032     22.465      0.333      2.114
  -1  447     14.163     -5.668      8.279
  -1   -2    -18.552      1.243     -0.513
  -1   -2     -6.693     -3.578      9.637
  -1   -2     -6.578     12.087     11.442
 152  498      9.813      4.382      8.804
  -1  426     -9.733      1.734      8.959
1248  358      5.220     -0.680     -4.892
  -1   -2     16.916      6.982    -11.541
  -1   -2      5.123      9.096      3.317
1097 1074    -17.575    -15.994     12.075
1215   -2     23.543    -18.641      9.381
 678  577     -4.136    -11.955     -0.615
  -1  452     18.970     10.859      7.103
1282   -2     -7.877    -14.253     10.319
 589   -2     -6.398    -10.251     11.724
  -1  593     21.557     12.394     -8.165
  -1   -2    -10.703     16.982     11.322
 644  815     29.099      0.777     10.909
 945   -2    -13.590     16.070     10.175
  -1  549     12.104      9.921     -2.296
  -1   -2     17.781      5.199     -2.651
 568  342      9.835     14.637      7.036
 694   -2     14.625      4.894      8.215
  -1  167     13.063     -0.001      1.550
 253  109     -3.052      3.206     11.874
 804   -2     -2.980      5.287     11.458
1281   -2     -2.182     12.410      7.442
 673 1254     -8.471    -11.719      8.947
  -1   -2     23.743     10.579     11.068
  -1  263     22.876      9.855     11.444
 608  667     21.743      4.741     11.452
  -1   -2     -0.476      9.456      3.900
  -1   -2     25.903     -3.590      4.608
 799  189    -13.809     -2.131      8.131
  -1   -2      3.350      7.915      5.396
  -1 1167     12.621      5.146      1.592
 609   -2      0.583     -4.380     11.392
1072   -2      4.570    -10.707     11.513
1098  978     17.726    -20.693      4.173
  -1  346      3.470     11.560     -0.624
  -1 1002    -13.724    -17.500      4.671
  -1  677     23.124     -9.655     12.150
  -1   -2     28.099      3.493     12.490
 943   -2     -5.854    -15.524      5.876
  -1   -2    -16.802     -9.840     12.391
  -1 1188     26.105    -13.237     12.487
  -1  597      0.800    -12.626     -9.024
  -1   76     17.567     -2.332     11.878
  -1   -2     11.412     -6.780    -11.995
 463   -2     18.227      9.957      4.144
 721   -2     -1.460    -14.988     -5.130
  -1  121     -7.056     10.119     -8.209
  -1  719     -6.717     16.131      3.216
1046  995    -20.226    -10.164      1.855
1047  761    -20.268    -14.938      8.671
1148  951      2.834    -17.731      4.368
  -1   -2    -17.744     10.392     -4.921
 380  880     -7.235     -5.347     12.241
 241   25     -4.594     13.170      7.615
 525  732     22.651      7.591      0.401
  -1  647     14.629     17.348      5.872
 978  300     15.894      9.225      8.454
  -1   -2      1.296      4.997     -5.493
1257  424    -17.332     -3.700      7.219
  -1   -2      3.574      2.956    -10.193
 227   -2      7.910      7.456      9.712
1128  242     24.265     13.590     12.012
  -1   -2     10.732     -7.163      1.147
  -1 1030     -8.842     -9.856     10.471
1044  291      3.440    -10.793      1.153
  -1 1210     23.756     19.713     12.109
1106   -2     15.167    -12.732     10.466
  -1 1122    -14.364     -9.533      0.134
 511  479     24.756     11.689      7.723
1061   -2      6.351    -10.425      4.886
 550  725     26.696     14.246      5.177
  -1  211      4.354     -1.327      4.460
  -1   -2    -20.402    -10.443      6.101
 130  645     23.958     14.264      9.926
  -1  897     -4.697     -8.311     -9.708
  -1   -2     22.147     10.964     10.340
 458  146     14.018     -3.645      4.565
  -1 1168     17.225     -8.044      7.312
 692   -2    -17.876     -7.747     10.566
  -1  380     -4.293     -4.088      7.990
 289   -2      5.742     17.409      9.880
1022 1094     -0.121      5.973     -2.250
 683  956     20.768     14.772      7.032
  -1   92     -8.186      8.329      6.061
  -1  980     13.388      9.105      7.371
  -1  348    -16.174      7.343     10.400
  -1   -2     19.343      2.326      0.218
 752  565      1.847     17.586     12.098
  -1   -2    -12.166     17.699     10.032
 922 1027     11.485    -15.242     -0.653
  -1   -2     17.783     13.128     10.342
  -1   -2      3.332     -6.806     11.906
 657   -2     14.590     -7.769      2.191
1194 1144    -12.014    -15.183     10.177
 141   -2     -2.742     -0.756      5.175
 699  421     15.694    -16.777     11.674
 222   68      4.663     -0.202     10.954
  -1   -2     17.504     -9.475      4.052
  -1  823      0.523      9.597      4.035
  -1 1025      4.595     11.952     10.338
1140  885     20.524    -11.143      5.256
  -1  499      7.611    -10.413      1.832
  -1   -2     -7.822     16.068     -0.096
  -1 1134     13.518     17.908      8.896
  -1   32     -1.633     14.116      7.441
  -1  790     -3.879    -10.555     -6.201
 615   -2      9.590     -1.934      4.115
 374  403     -4.390     -9.217     11.513
  -1   -2      3.984     -2.856      3.205
  -1   -2     -3.386      0.310      1.789
1076   -2      4.290      8.413      9.514
  -1  704      8.465     -2.649     -5.341
  -1  740     10.295    -10.253     10.753
  -1 1073      6.086    -10.257      9.127
 949  467     10.217     -8.806      1.212
  -1   -2     27.680      9.210     11.913
 853    3     17.385      5.722      8.470
  -1   -2    -19.397      4.786     11.727
 288  406      1.542     15.579      5.823
 991 1039      8.417      8.650      6.468
  -1 1182     -6.554    -11.701      9.666
 695  698     -5.325     -7.568      8.973
  -1   -2      4.147      6.218    -12.143
 681  670     -2.763     -7.042     10.823
  -1   -2     19.442     17.397      8.633
 147  820    -13.754     10.125     10.693
1083   -2     13.888      3.315      9.963
  -1  968     -3.611     12.968      8.892
 353   -2     23.916     -1.219     10.489
 477 1136     -4.479      7.303     10.933
  -1   -2      9.618     13.616      0.417
  -1   -2     -0.720     -7.928     11.271
 938 1013      6.226    -16.417      6.513
1177  477     21.019      5.002      7.648
  -1   -2     13.286      5.304     -3.624
  -1 1137     -9.978     -9.735      3.460
 505   -2     12.419      4.014     12.465
 157  700     15.413     -4.825      6.702
  -1   -2     12.890     11.281      6.633
  -1   -2     -0.945     -7.847     -8.397
  -1  219     23.306     -6.813     11.954
  -1   -2     -0.302      9.465     11.863
1036  488     24.344    -14.774     10.758
1093   -2     -9.524     17.368     12.106
 747   -2      9.320     -3.376      2.155
  -1   -2    -13.887    -14.754     -5.316
  -1   -2     -5.537     -4.081      9.459
  -1   -2     -5.684     -1.541    -11.528
 842 1031     -4.769     16.131     11.155
  -1   -2     12.682      3.874    -11.690
  -1   -2     -7.872     -3.905     11.305
1041   -2     14.399    -15.033     -1.578
  -1   -2     20.954     14.923      5.538
1187   -2     17.044      4.160      8.423
 764  674    -11.981    -12.158      1.823
1199   -2     14.688    -23.713     11.582
  -1   -2      0.897    -26.208     -8.317
1103   -2    -15.707    -21.785      3.067
  -1 1203     -7.929    -20.611     10.218
  -1 1193    -23.227    -17.316     11.216
  -1   -2     22.204     18.908     11.826
  -1  970     25.065    -17.274     11.063
1226  962    -21.111    -14.460     10.655
  -1   -2     26.421    -17.220     10.557
  -1   -2      2.310    -30.023     -5.666
  -1   -2     15.658    -22.108     10.123
  -1 1198     28.178    -15.855     11.363
  -1   -2     10.061     35.703    -11.606
1208  610     23.057    -17.073      9.266
1074 1207      2.117    -21.837      8.800
1212 1211     18.190     23.614     10.259
  -1  497     20.301    -15.643     12.061
  -1 1205     19.453    -23.559     12.093
1225   -2     18.849     21.155     10.980
  -1 1123    -15.803    -14.335      6.026
  -1   -2      3.398    -18.330      6.786
1216 1194     11.331    -26.620      7.019
  -1   -2     16.608     24.739     10.043
  -1   -2     12.914     25.601      4.984
  -1 1147    -26.949    -10.458     12.286
  -1   -2     -8.585    -23.986      0.894
1206 1072     27.311    -22.632     10.018
  -1   -2    -24.143    -13.100     11.641
  -1  911     20.501    -17.469      5.601
  -1   -2     -4.227    -24.568      3.595
  -1  941    -10.349    -21.071     10.844
  -1 1000     13.170    -20.729      7.970
1151   -2     -1.901    -24.729      6.290
1205   -2    -16.410    -15.805     11.418
  -1 1159      5.675    -20.240     11.271
  -1  955     12.851    -18.566     10.741
  -1   -2     15.701    -19.864     12.198
  -1   26    -18.108      2.507      5.645
  -1   -2     -3.351      0.994      6.572
   3  187      3.415      2.387      3.580
  -1   -2    -11.233     13.847     11.077
  -1  148     23.096     -3.431     11.126
 324   -2     18.835     -6.254     10.644
  -1   -2    -16.524     15.191      7.782
  -1   -2    -10.448     -2.111     11.587
 629   -2     -5.287     15.928      5.800
 105   -2     12.432     15.320      8.247
  33 1227     16.477      3.562     -8.056
1297    5     16.688      9.565      2.571
  -1  158    -14.803     -1.983      5.426
  20   17     -5.728     -0.721      4.597
  -1   -2     12.653      2.295      0.719
  -1   -2     18.932      3.492      3.518
  -1   -2     14.778     -5.176      4.880
1136   -2     16.784      0.795      9.156
  -1  706     -4.329     13.950      2.807
  -1   -2    -13.022      8.523      0.474
1268 1119     12.549     -7.630     -4.310
 276   -2     13.175      9.572      0.384
  -1 1071     25.396     -9.037      8.146
  -1   -2     25.554     -9.169      7.708
  -1  814    -15.047      0.819      8.091
  -1   -2     19.920     13.042      6.222
  -1   -2     -3.376      3.597     -1.343
  -1   -2     13.928      5.240      8.094
 381   -2      5.384     -4.273      6.932
 171   -2      1.151      8.856      5.162
 698   -2    -11.204     -9.443     10.230
 304  165     18.660      0.949     -0.150
 118  711     -5.316     -4.293     -4.008
  -1   -2    -15.186     -4.317      3.365
1234  255     13.615     14.428     -3.766
  -1   -2     12.926     11.298     11.100
  -1   -2     13.011     11.322     11.013
 735   -2      7.379      4.670      7.925
 388  679    -17.468     -4.257     11.784
 359   -2     19.163      1.940     -6.710
  -1 1086     -4.083      1.726      8.920
  -1 1274     24.293     -3.146     10.596
1255   -2     23.834     -2.746      9.360
1138  749     -5.582     -9.828     11.559
  -1   -2     -2.621     -7.570      7.060
  -1   -2     23.603      5.313     -0.885
 447   -2     16.988      7.815     11.196
 616  461     19.745     16.180     11.605
  -1   -2     14.969      1.868      5.327
 116   -2     22.188      4.308      8.867
 310   -2    -18.608      4.339      8.161
  -1   -2    -18.978      7.394      5.226
  -1  657    -12.192    -11.203      4.264
 540 1251     18.520     -9.893      9.037
 754  654      1.662     -0.398      5.213
 387 1319     -4.982      7.353     10.317
 416  621     15.791     17.839      9.768
  65  639     13.858      5.755      5.592
 630  501     15.939    -10.658     -9.202
  -1   -2     21.083     10.137      3.335
 933   -2     -1.084      0.083      9.785
  -1  102     -5.478      8.927     -7.022
 214 1173     18.199      8.974      9.228
 717   -2     15.042      9.714    -11.777
 228   -2      8.846     12.737      6.178
 562   -2     17.493    -13.289     10.515
 545   -2     17.990    -13.688      9.771
  -1   -2     16.684      5.562     10.487
  -1   -2     16.608     24.739     10.043
   2   59     16.052      1.779     10.037
 739    6     13.055     -8.888     11.691
  -1 1268     -3.307      0.983      6.461
  -1   -2    -11.233     13.847     11.077
  -1   -2    -14.000     10.662      6.467
  -1   30    -14.291     10.679      6.463
 755 1052    -14.000     10.662      6.467
1292   -2    -14.291     10.679      6.463
1291 1278     18.757      3.003      7.784
 506 1233     16.288      0.531      5.836
1293 1291     16.296      0.421      5.631
  -1 1284    -10.455     -2.173     11.731
  -1   -2     24.373     -2.012      7.244
1235 1271     19.419      5.084      2.608
1231  605    -10.333     -3.421     -5.549
  -1 1282      6.911     -3.615     -7.996
1299   -2     23.603      5.313     -0.885
 518 1248     18.941     16.618      4.209
 886   -2    -12.202     14.451     11.866
  -1   -2    -16.524     15.191      7.782
 792  628    -17.968      2.333      5.919
  -1   -2    -11.233     13.847     11.077
  -1   -2     -3.600      3.729     10.761
 208   -2     15.446     -1.088      1.253
  -1   -2      1.375      4.708      8.535
  -1   -2    -16.524     15.191      7.782
  -1  213     24.327     -3.141      8.039
1310 1287     15.590      2.462     -1.753
  -1   -2    -11.233     13.847     11.077
  -1   -2    -10.484     -2.233     11.887
  -1   -2     -3.600      3.729     10.761
  -1   -2      1.375      4.708      8.535
1306 1285      1.566      4.473      7.862
1313   -2     24.114      2.734      1.414
  -1  208     12.960     11.286     11.062
  -1   -2     12.909     11.269     11.172
1308 1286     13.011     11.322     11.013
1295  947    -16.524     15.191      7.782
  -1   -2    -11.233     13.847     11.077
  -1   -2    -10.484     -2.233     11.887
  -1   -2     -3.600      3.729     10.761
  -1   -2    -10.484     -2.233     11.887
  -1   -2    -11.233     13.847     11.077
  -1   -2    -10.455     -2.173     11.731
  -1   -2     -3.600      3.729     10.761
  -1   -2     -3.600      3.729     10.761
  -1   -2     -3.600      3.729     10.761
   9   -2     -3.351      0.994      6.572
  -1   -2    -11.233     13.847     11.077
1232   -2     -3.600      3.729     10.761
  -1   -2    -11.233     13.847     11.077
  -1   -2    -11.233     13.847     11.077
  -1   -2    -11.233     13.847     11.077
  -1   -2    -11.233     13.847     11.077
  -1   -2    -11.233     13.847     11.077
  -1   -2    -11.233     13.847     11.077
  -1   -2    -11.233     13.847     11.077
  -1   -2    -11.233     13.847     11.077
  -1   -2    -11.233     13.847     11.077
1344 1318    -11.233     13.847     11.077
  64   -2     18.932      3.492      3.518
1251   55      5.216      9.304    -10.021
