1298
   0   -2     -0.558      2.258      2.947
  -1    0    -11.180      4.503     12.202
   3 1323     12.940     -8.870     11.790
   7   36      7.334     -6.242      5.127
1046   -2     -2.277     14.839      7.081
  -1  483    -11.675      5.189      4.078
 160   -2      0.859     10.577     10.610
  -1   -2     15.840      1.961     10.378
1280   69     -7.128      7.650      2.773
  94  272     17.869      7.400      5.759
  -1 1216     -4.085      6.661     11.593
 295   48     -2.288      2.681     -4.918
  -1   -2     14.923      8.199     -1.509
  14   -2      8.936      9.436     -0.135
 980 1124     23.052     -3.396     11.228
  -1   29    -10.416     -2.190     11.799
  21   -2     23.087      0.451      0.806
  -1   30     -8.782     -2.380     -2.119
 590   -2     16.368      3.795     -8.096
  13   -2     -3.295      1.010      6.657
1249    8      4.892     -6.240     12.305
  25   31     -4.625      9.681     11.755
  -1   -2      3.464      2.421      3.759
 704   -2     -4.606     -2.049      7.707
 978   -2      1.851      5.219      0.765
  -1   -2     17.902     -4.090     11.311
  -1   -2     -9.858      8.658      6.307
  -1  772     -8.551     10.933      4.700
  -1   20    -11.213     -1.034      7.958
  60  508     11.177     -4.505      3.268
 252   58     10.135      3.925      5.681
 628   -2      3.360     -0.512     -1.323
  47  215    -15.012      0.363      4.412
  63   60    -14.271     10.494      6.750
 156   -2    -10.405     10.027     -3.377
  74   51    -15.380     12.682      3.790
  -1   -2      2.857     -4.080     12.374
 850   -2     -3.440      3.557     10.785
 238 1018      6.998     12.059     12.292
  -1   67     18.686      5.023      2.006
  -1   -2     17.535     12.215     12.587
  -1   -2     18.333     11.662      0.328
  -1   78      0.383      5.866     -1.169
 624  679     18.891     12.051      8.849
 841   37     -9.797      4.037     10.024
 361   -2    -13.919      6.956      6.441
  -1   56     18.871     -6.173     11.091
  84 1258      7.066      4.656      7.890
 595  145      6.756     -1.045      7.302
1170   91     10.543     -7.786      4.405
 649   -2     -9.101      7.941     -0.451
 416 1152     18.267      1.583      6.321
 616   -2     24.004      2.822      1.509
  35   -2     -8.083      2.752      0.550
 510   -2    -11.604    -11.147      7.152
 148 1267     22.443      4.168      5.113
 428   -2     19.770      3.506      5.560
  -1   -2      9.454     -5.596     11.047
  -1  950     -1.255     -2.870      4.439
  -1   -2     -3.627      8.123     -0.618
  44  122     16.790      0.987      9.226
  -1   27    -17.342      7.941      9.218
  -1   -2      3.393      0.111     -7.305
  -1   49     11.358      5.685     -3.276
  -1   -2     14.996     10.473     -9.713
 988 1150     -2.529     15.151     10.334
 990  150     12.455      1.650      2.813
  -1   -2     -8.156      3.854     -1.871
  16   -2      5.123     -0.180     -4.044
  -1   -2     18.034     -2.794      3.142
 307  297     19.412      5.102      2.563
  -1  970    -12.106     -0.405      3.478
 653   -2     15.402     11.203     -5.658
 443   -2     25.675     12.910      8.877
  -1   -2      4.135     14.053      4.036
  23  171     16.732     11.610      3.419
  -1    3      3.961      1.964     -0.451
 135   -2      0.769     10.495      6.714
  -1  384     14.401      2.449     -3.351
  -1   -2    -11.544      6.592    -11.330
 796  980    -12.374      2.314     10.481
  87  517      3.357      6.537      2.477
  -1   -2      2.204     10.797      3.559
 287   -2    -17.703      5.545      8.391
  -1  708     23.788     -3.335     12.370
  -1   -2     16.201      0.251     -6.008
1268  701      7.045     14.030      9.475
1047 1112      8.444     15.867      3.030
  -1   -2      5.832     12.333     -8.830
1270  256     -8.771     -0.641      2.446
  -1  805    -14.985     -1.912      5.119
1072  831     -4.612     13.619      9.954
 818   94    -16.489     10.847     11.073
 349   -2    -14.820     13.579      9.766
 113  561     19.098      0.379     -5.342
1231   -2     13.980      4.065      3.768
 114  999     -6.545     -3.272     -1.197
  -1   -2     -8.516     12.672     -4.661
  61  262     18.391      2.214      6.019
  -1  102     20.329     -0.338     12.381
 154 1269     20.177     -5.682      9.777
  -1  388      4.825     -0.197      4.994
  -1  598     21.305     10.618      4.131
  85 1045     -8.442      5.257      2.950
  -1   55     -8.839     11.343     -3.590
  -1  476      0.073     -0.200     12.062
1233  105     16.771      7.774     -5.435
 180 1274      7.746     -8.160      6.469
 803   -2    -19.496     -2.589      9.571
  -1   -2     16.325      0.496      5.713
  -1   -2      2.686     12.112     -1.818
 584   81     -6.862     -0.952      6.482
 133   -2     16.442      1.259     -2.714
  -1   -2      8.315      8.070     -2.989
 661 1030     15.403     -1.283      1.203
  -1   -2      7.319      1.909      9.827
 481  217     25.308     -0.904      3.949
 942   -2      8.580     15.765     10.742
 152   -2     -4.358     -2.401      2.924
  -1   -2     19.181      0.038     -8.277
  -1   -2      3.039      8.490     -3.730
 116   -2      6.060     -0.018      8.798
  -1  306    -20.313      3.078      8.254
1120 1193      1.481      4.446      3.669
 427   -2     19.493     12.990     10.070
 195   -2     23.112     -2.216      7.216
  -1   -2     -8.807     14.561      8.844
  -1   -2     -0.326      0.079      4.425
 576  524     19.371      7.047      0.144
 155   -2     13.404      5.157     12.277
  -1 1164     -5.229     12.170      8.907
 117  454      9.315     14.282     -2.006
  -1   -2     26.408     -6.273      7.970
  -1   -2     -0.668     11.109      3.935
 140   -2    -18.248      0.777      6.406
  -1   -2     14.907      3.136     -3.202
 270  548     -6.163     -4.930     12.425
 895   -2     11.643     -0.970      0.252
1000   -2    -10.723     -1.349      4.833
  -1 1170     -3.866     -3.277     10.051
  40   -2      5.163      6.084     -6.361
  -1   80     11.140      0.872      2.486
  -1  406      5.925      9.676      7.379
  -1  330     -7.800     -3.018      3.858
 128  227     11.463     -6.593     11.554
  -1  181      5.528     -5.937      3.800
 266 1278     -7.817     -6.395      9.831
 716  644     20.266      7.028      5.493
 193  683      7.446     -1.896     11.561
 393   -2     10.364     -1.691      8.312
  -1   -2     -4.997      2.231    -10.323
  -1   -2      9.345      2.117     10.204
 833  289    -16.535      6.274      6.736
 105   -2     -0.907     14.833      2.145
  -1  101      5.375      2.109     10.928
 147  586     13.495     -6.316     10.695
  -1  136      3.285     -9.934      3.001
  58   -2    -11.197     -5.059      9.031
 350   -2     11.463     11.181     10.869
  -1   -2     15.313      3.361     11.643
 442   -2     17.884      9.437      7.915
 161 1293     -9.595     -2.995     11.396
 445  108    -13.857      0.087      7.691
  -1   -2      5.981     -4.225      5.877
 300   -2      4.707    -12.183      5.105
 200   -2    -11.929      0.765      2.348
 439 1138      0.631     -0.408     11.750
  -1 1022     10.680     16.930     12.005
  -1   -2      1.757    -10.365     -7.718
  -1  453     16.090     -8.361      2.315
  -1  506      6.579      7.643      3.878
1283   -2     13.212     -5.362      8.585
 465  254     14.544     -6.499     10.844
 565   -2     23.953      5.688      3.830
 529   -2     -1.804      4.776    -11.374
  -1   -2      2.751     10.409     -2.130
  -1  662     -5.284     16.083      6.273
  -1   -2     -3.316     -7.286      3.136
  -1   -2    -14.920      9.758     11.360
  -1  152     -0.153     -0.265      8.157
 203   -2      5.597      2.818      8.310
 261   33     -3.385     -3.282      6.002
  -1  355    -18.363     -0.290      9.636
   8  617     15.606      7.117      5.790
 425  142     -0.976      8.776      3.675
 227  148    -18.241     -6.207      7.489
  -1  606     -2.159     -7.046      3.638
 310 1279     20.948      7.748      2.231
  34  452      5.563     12.544     -2.075
  -1   -2    -18.106      1.179     11.202
 380   -2     16.623     13.967     -1.912
  -1   -2     -3.598      3.993      7.159
  -1  422    -17.411     -4.141     12.039
 369   -2     23.070     -0.745     10.993
 673   -2     17.023      8.475     -0.098
 519  394    -12.040     -7.258     12.581
  -1   -2      6.691     -5.623      4.238
  -1 1001     11.450     -0.658     -2.592
 191   -2     17.576      4.542      4.703
  -1  512     24.179     12.406     12.747
 303   -2    -11.220      7.866     -6.758
 947   -2     17.365     -1.534      7.789
  -1  729    -19.911     -1.128      9.352
1052  342     10.545      3.525     11.333
1236   -2     18.451     -6.497      1.823
 159  441     23.187      7.098      5.177
 229   -2     -4.008     -0.668      9.161
 308   -2     18.594     11.690     -7.433
 808   -2    -17.781     -4.531      9.305
  -1   -2      1.272      8.035      6.276
  -1  568      8.752      7.289      0.629
1269  573     15.847     -1.645      5.417
 216  364    -16.809     12.265     12.513
 344   -2     -2.139     10.131      4.843
 755  273    -18.198      7.515     10.565
  38   -2     -9.577      1.949     11.309
 811  238    -13.550     11.579      9.944
 928   -2    -12.372     10.031      9.951
  -1   -2     -3.616     -0.093      4.341
1253  349    -15.416      7.650     -9.232
  -1  477     14.673     12.526      8.034
  -1  387      9.853     -9.095      8.115
  -1 1200     23.689      2.785     12.422
  -1   -2     17.608     -1.112     -7.548
  -1  428    -18.915      4.798      9.158
  -1   -2     13.136     -0.674     -7.634
 330   -2      1.142     14.086     10.608
1238 1309     18.032      0.724     -4.810
 144   -2      9.331     -2.765      0.628
  -1   -2      1.880     -7.660    -10.831
 618   -2     13.728     -4.159      2.402
 948 1021    -11.474      7.079      2.059
 569   -2    -14.110     10.141      8.622
  -1  155     -4.860     -2.704      5.591
  42  177     -9.085      9.167      6.513
 173  474    -10.820     16.503      8.446
 598  301     -3.631      8.940     10.102
  -1  267     18.067      7.365     -0.372
  -1   -2    -14.395     -2.430     -4.830
  -1  286     -7.057      8.247     -0.407
 267  899     22.570     13.089     11.835
 120   -2      4.993    -11.024      4.968
  -1   -2     18.478      4.095     11.149
  -1  846     21.871     10.718     11.457
 790   -2     21.725      9.240     -3.426
 825 1176     -1.588      7.354      3.117
  -1  993    -14.146     -7.462     11.813
  -1  190     13.095     -7.797      2.030
 170 1273    -15.358      7.161     -0.753
  -1  159      1.739      0.142     -0.897
  -1   -2     21.796     -8.080     -3.034
 762 1161     -3.492     -6.482     10.362
  -1   -2     -9.610      9.639     -8.357
  -1  689      5.533     11.735      4.837
1005  962     16.314    -13.568      5.061
 943  247     24.735     11.333      8.797
 342  537    -15.277     -4.194      7.088
 373   -2     -5.988     16.190      9.328
  -1  319     17.646     -6.097      1.100
 253   -2     -0.512      5.228     -5.649
 249   -2      6.196     -0.379      6.283
 162   -2     -4.793     -3.548     11.916
  -1  471    -12.600     -2.256      5.421
  -1 1141     -0.727     -9.476     10.315
1246   44     19.364     -0.856      9.930
 432   -2     23.537     -6.654      1.205
  -1   -2     14.689     -4.843     11.310
  -1  997     21.446     12.948      0.226
  -1 1084      4.340     10.895      4.284
 179  128     19.409      3.249     -4.169
  -1  333     12.185     -1.630      2.571
 630   -2     15.982     -6.424     11.503
 794  429     14.294      1.982      9.716
1079   -2     21.400     16.931      7.415
 687   -2    -16.833     -0.024     -1.712
 619  213      5.533     12.816      9.585
 875   -2    -11.014     -0.107     11.153
 283  472     24.052     -2.773      9.986
  -1   -2     14.229     -1.438     10.819
 347   -2      9.043     13.677      5.040
  -1  271     25.596      1.455      6.618
  -1  186    -11.549     -1.905      1.480
  -1   -2     -0.316      1.478     10.497
  -1 1047     10.675     10.047     10.105
  -1  139    -12.345     -1.615     -6.293
 752  411      9.716      8.436      4.841
 197  204     -5.515     14.181      0.726
  -1   -2    -15.940      0.183     -0.826
 753  182     19.029     10.880      5.740
 810   -2     -6.374      0.110      7.467
  -1   -2     -8.180      4.657     -5.017
 547  302     14.898      5.753      1.517
  -1  848     18.288      2.964    -11.534
1300   -2      9.031      0.561      9.178
  -1   -2      9.760     -3.990     -9.830
 316   -2      9.179     12.360     11.879
 228  752     21.434      1.645     11.369
 177   -2      7.060     12.945     -2.503
  -1  151    -12.870      9.076      1.702
 501   -2     25.047     -1.364     10.584
1042  374    -15.590      1.561     10.669
1088   -2     16.266      4.250      7.538
 448  788    -16.685      4.232      1.522
  45  396      3.025     -1.791      7.901
  -1   -2      3.325     -5.569     -7.424
1184   -2    -15.966     -0.160     -6.122
 224  325     14.515     -8.730     11.562
1065  659     13.980     16.110     11.152
  -1  426      1.212     -2.573     11.048
  -1  202     10.205      6.918      6.613
  -1  345     17.415     -3.951      2.281
 522  560     18.119     14.319     10.322
  -1  758     17.991     14.293      2.089
  -1   -2      5.422      4.794      8.384
 381 1284     18.016    -14.564      8.212
 540   -2     -8.519     -0.031     12.212
 277   -2     -1.419      3.761     -4.800
 254   97    -16.126      5.603     -2.505
 554   92     27.070      7.288     10.873
 305   -2    -14.255      0.770     11.511
  -1  554     25.365      7.389      8.869
 972  408     25.904     -7.450      9.920
 352   -2    -15.893     -2.021      9.156
 759  365     -9.820      9.949      5.150
 239   -2     14.225     13.661     -5.501
 983   75    -16.462      6.708     11.552
1077  750      3.179      0.491     11.576
 771   -2     -2.817     -5.331      1.977
1132  323     12.142      7.457      9.106
 241  275      4.719     -1.767      6.630
  -1   -2     -8.796     10.902     -8.016
 340   -2     23.494      5.292     -0.846
1019  603     16.407     11.297     -2.842
 835  585    -16.555      2.769     -4.214
 718   -2     26.186      1.607     10.779
  -1   -2     -1.912     12.788      8.997
 659  206      8.386     -5.320      2.722
 885  791     21.684    -13.194      8.812
  -1   -2      9.110     11.306     -5.560
 429   -2     11.117     13.920      5.559
  -1   -2     -2.689      4.200      2.273
 586 1132     22.940     -1.436     10.364
 325   -2     13.425      7.312     11.236
 294   -2     22.497     -5.375      9.263
 707   25     17.294     -0.491      7.697
 405  635     13.102     -0.805     11.074
 415  414     -5.217     -9.696      2.096
 386    5     23.973     -6.321     10.436
 281   95     25.823     -5.508      8.792
  10 1103    -17.327      5.491     11.598
 256  462    -15.054      6.817      4.953
 475  234    -12.136     -6.428     11.038
  -1   -2     12.547      3.913     10.734
 695  363     -0.099     -2.410      9.634
1277   -2      3.407     11.088     12.123
1148 1096     17.098     -3.392     -0.961
  -1   -2      4.598     -0.489      9.508
 375  482     10.983     -4.539     11.279
  -1   -2     14.080     10.978    -11.819
1245   -2      0.116      3.910     -9.151
  -1   -2     -6.263    -12.322      4.800
  65   -2     12.172      9.371      9.419
 697   -2     15.567      9.741      8.983
  -1  915     -3.122      0.518      9.555
  19   -2     23.071      4.345      4.662
  -1  157    -17.744      5.894      1.301
 822  208    -20.376      1.257      9.945
1252  504     -2.918     14.906      3.186
  -1  655     11.943      8.132      6.062
 472   -2      1.442     -6.471      0.396
  -1   -2    -14.923      0.170     -9.458
  -1   -2      9.129     -5.630     -0.342
 596 1118     -1.096      4.139      7.859
  78  176      1.350      2.432     10.154
  -1  381      5.268      5.048    -10.751
  -1  320     12.506     11.450      8.867
1101  527     23.767      6.170     -0.385
  33   -2      8.756     -0.990     10.018
 402  902     -9.136     14.307      5.192
 260  680     19.575     -0.893      3.624
  -1  258      5.654     -7.819     11.636
  -1   -2      3.366      5.046      7.615
  96   -2      5.928      0.710     10.345
 905   -2     -8.763     -6.700      4.287
 240  299    -18.200     -2.179      7.498
1044   -2     22.366     -9.811      9.746
 485   -2     -0.668      1.561    -10.550
 517   -2     18.453     -4.691      3.854
  -1  137     11.246      3.717      6.578
1034  156      0.132      7.192      9.154
  -1  495     15.045     10.987      7.559
 333 1215     -6.356     -9.674     -7.298
  -1   -2     21.851     11.586      7.951
  -1   -2    -12.604     -7.890     -4.522
  -1   -2     22.691     14.042      1.595
 201   -2      9.415     -1.261      6.605
 713   -2    -15.246      2.686     -9.277
 463   -2     20.578     -8.937      0.595
  -1  509      1.247     -9.504     -1.342
 397  557    -13.416     -8.346      6.110
1250  106     19.659     14.136      6.528
  -1   -2      3.701     -2.887      3.686
 321   -2     -6.131     14.247      6.748
1026   96     25.543     10.051      6.166
 658   -2     17.633      8.152     11.501
1140   -2    -16.913     -0.660      5.148
 992   -2      7.455      5.564      0.399
 102  228     -7.937     15.888     10.238
  -1  160     15.702     -0.150      0.555
1093   -2      0.339      7.190     12.621
  27   -2     11.844      2.634     11.902
 225  436      3.212      0.259      9.546
  -1 1128      6.234     14.575      8.242
  -1  704     20.278     -4.708      2.571
 385   -2     11.723      3.416     10.585
  -1   -2    -20.059     -3.170     12.166
  -1  822    -15.115      3.119     10.961
 437   16     16.782      5.228     -0.270
 421  473      0.515     11.008     -0.007
 599  640     15.878    -10.169     10.134
 538   -2     -2.864      5.746     -0.396
  -1  694     22.524     -0.693     -2.891
 464  903     -3.342      2.305     10.818
  -1   -2      6.811      0.095     -8.918
 846   -2      1.494     15.547      4.614
1243   -2     -1.924      7.940     -5.201
 670   -2      1.831     -9.928      3.020
1150   -2    -12.465      8.068    -10.330
 121   -2      1.458     -3.441      7.777
  80   -2     12.973     -5.988      8.339
  -1  211     12.623     15.095      7.340
 455  532     16.278      6.645     10.398
 773  558      7.741      4.675     11.938
  -1   -2     11.015     11.836      7.660
1009 1171      9.119    -11.075      7.306
  -1   -2     18.156      7.753     -4.942
 363   -2     -8.416     -8.014      2.141
  -1  328     -5.205     -5.829     -1.512
 729  357    -11.800      0.878     -3.244
1085  336     -2.524     16.787      9.656
 999  803     22.489     -9.806      6.742
 671   -2     15.447     17.348     10.834
 183  490      7.977     13.702      5.969
  -1   86     -4.556     13.345      4.880
  -1   -2      6.511     -1.334      2.541
  -1   93     10.706     11.159      2.391
  -1   -2     22.034     -1.176      2.774
 896   -2     25.616     13.458      6.501
  -1  542     24.769      3.223     11.679
 248 1277     27.032     -0.830      6.682
1185 1009    -13.965     12.834      8.794
  -1   52     -3.873      9.631      1.796
  -1   -2      9.943      2.491     -3.633
  -1   -2    -16.567    -11.919      2.323
 282   -2     16.409     -9.604     10.347
  -1   -2     -3.449     10.979     -4.217
  -1   -2     -7.305      7.663    -11.576
 611 1155      6.370      7.195      1.954
 483 1310     -7.425    -10.021     10.174
 677   -2     20.650      3.330      9.326
1089  713     21.136      9.786      3.530
 579 1288      0.310     12.085     -9.689
  -1  697      1.470      2.415    -11.059
 634  754      0.724     -7.211      5.315
  -1  196    -14.381     -1.349      3.947
  -1   -2     18.499      0.858      0.344
1271  391    -10.416      5.222      4.069
  -1   -2    -12.279      0.143     -6.394
  -1   -2     16.167     -4.594     -6.049
 886  582    -17.141      1.273      9.857
 271   -2    -14.797     11.163     -9.151
  -1  593    -20.217      6.158     10.729
 995  130    -15.799     14.298      2.755
  -1  399     14.826      8.470     11.032
  -1  448     21.779     12.875      9.795
 917   -2     -6.978     -6.844     -7.636
  -1  405     26.649     -1.046     10.430
 145   -2     20.709      4.358      2.240
 494  395      8.003     10.896     12.086
  52  303     -8.120     12.539      7.858
  -1   -2     14.343      4.532     10.768
 289   83     13.395     -3.359      2.349
 778  874      3.850     -2.792      1.716
  -1  298     24.127     -0.267      9.013
  -1  233    -17.821     12.365     11.457
1178   -2      2.027     -9.253      5.449
 364  281      6.223     -6.029     -9.582
  -1  212     14.010      7.922      0.116
 504   -2     -8.565     -5.997     11.373
 543   -2    -14.200      7.034      4.032
  -1  475     12.586      4.567     -9.577
 693  470     15.761     14.566      3.426
1138  311     -1.202     -3.635     11.014
 419   -2     24.381      2.001      1.687
  -1   -2     11.603      4.823     -0.109
 392  214     17.487      3.165      5.493
  -1   -2    -13.541     -3.008      9.318
1125  627    -11.762     -5.173      8.684
  -1   -2     -7.118     12.857     -1.555
  72  290     18.568     -6.105     -0.232
  -1  900     -2.872      3.141     -2.238
 909   -2      8.110     13.693     12.339
  -1   -2     17.496     12.563      8.276
  -1   -2      5.038     -2.597     12.646
  -1 1177     16.764      4.696     10.492
 561   -2     12.528    -10.798      4.910
  -1  544      2.906     -3.175     -8.561
1010 1297      7.410     -2.037      8.752
 789  143    -11.464     15.341      9.910
 647  799     15.989     12.888      2.759
1180   -2     17.632     14.123      8.764
  -1   -2    -14.138     -0.689     -4.320
 646   50      9.615      8.811     -0.514
 194  225     18.414     10.170      0.420
 996   -2      4.056     13.365      5.209
  -1  309     16.107     -1.177     11.160
  -1  221     15.303     -6.584      4.989
 218  245     12.585     11.538     11.778
  -1  664     10.146     -1.748      6.738
  -1   -2      2.466      2.556     12.236
 984   -2     12.951     10.119    -10.458
 655 1168      4.593      3.649      5.726
  -1   -2    -16.862     -0.604     10.367
  -1   -2      1.826      0.004      5.855
 459  491     13.278     -9.618      5.965
 787   -2     -2.441     -6.298     10.458
 100   -2      2.188     -3.419     11.687
 403   41     -3.998     -2.477      2.896
 275   -2      8.122     -5.870     -0.307
  -1   -2      0.981     12.316     -4.188
 362  847      4.114     15.434      1.090
  -1  294     -7.279     -0.042      8.054
 817   -2     -0.886      6.506      5.601
 136   -2      7.475      8.408      0.724
1288 1189     16.851     11.410      8.822
 934   -2    -16.594    -11.770      9.960
  -1 1143     -3.637     -8.360      9.194
 558 1214      6.269     -9.141      1.739
 111   -2      4.869     -0.073      9.932
  -1   -2     16.433      2.592      3.758
  -1  741      9.433     -1.770      2.968
 172  467    -15.855     -9.016      6.065
1017   -2    -18.510    -10.680     10.370
  -1  591      4.921     -8.463      2.725
 650   66      5.193    -11.252      6.109
 723  720     24.803      3.498      4.980
 394  954    -20.279     -6.967     11.529
 987   -2    -13.463      1.266      2.114
  -1  488     -0.492     -4.503     -7.368
 612   -2     -4.269     -0.782      1.963
1297  602     -5.554      6.236     -0.474
1118  123      0.387     10.612      3.890
 699   -2      1.543     -3.885     11.545
1022   -2    -15.789    -10.675      8.696
  -1   -2    -15.494      6.455     -8.805
 780   -2     -0.332    -10.560      1.598
 708  144     -1.960     15.290      1.853
1134   -2     18.221     11.457      5.453
  -1   -2     14.278    -12.289     -4.278
  -1   -2     11.000      1.905     -7.091
  -1  849     10.408     10.184      9.060
  -1  263      4.936     13.162      4.923
1289   -2     23.261     15.357      8.675
  -1 1044     24.404      0.754      9.828
 377   -2    -11.289     -4.954      1.176
  -1   -2     19.101     16.595      4.272
 215  867     16.713     -2.664      8.555
 931  528     21.388     -6.509      1.153
  -1  223      4.505     10.322      9.650
 545  778    -18.957      8.647      9.946
1129   -2      8.734      9.290     10.143
 490   -2     24.413      3.875      4.636
  -1   -2     10.204     11.747    -12.555
  81 1033     18.983      5.820      7.944
1175   -2      7.166     -9.720      7.796
  -1  676      8.439     -4.229     12.097
 123  706    -16.594     -2.405      9.058
  -1   -2     -3.812      5.097      5.036
 998  194     15.294     -2.497     12.180
  -1   -2     25.941      3.101     12.033
 714   -2     16.032     15.815      8.658
  12   -2     -5.607     14.064      4.509
  -1  919     24.444      9.505      2.867
  -1  191      0.637      7.183      2.468
 725  668     -4.577     11.720    -10.258
  -1   -2      1.224      8.689     -8.179
  -1   -2     19.538      5.745     -9.732
  -1   -2     20.056     -2.445     -9.987
1161  611     -2.791      1.314     11.514
 727 1085     25.636     -0.683     10.932
 460 1063     -0.558     16.721      6.718
1114  288     18.195      4.821      7.409
 734   -2      3.527     -0.427      6.842
  -1   -2     13.001     17.259      7.136
 382  933     18.755    -11.633      2.321
 866   -2     19.210     11.831      2.405
  -1   -2     -5.464    -11.078      4.373
  -1  315    -15.238     -4.188      2.300
  -1  705    -14.304      5.482     -1.243
  -1 1127     22.145     -5.982     12.123
  -1  530     10.571     -5.040      7.694
  -1   -2     16.781      6.853    -11.691
  -1   -2      4.860     10.384     -7.464
  -1   -2     21.854     -3.858     -3.331
  -1  252     -0.952      3.737     -3.668
 588  817    -17.921     -5.313      3.974
  -1  465    -17.210     -5.770     -0.465
 891   -2     14.889     -0.031     -2.120
 821 1012     25.711     -5.067      9.714
  -1  413     19.424     15.030      3.841
1020   -2      0.194    -14.361      0.713
 785   -2      8.237      2.608     -2.840
  -1   -2      6.330     10.393      6.325
 417   -2     -9.549      5.129      1.698
1147  681      1.115    -13.029      8.002
  -1   -2     15.481     -8.258     -1.304
  -1   53     -8.730     -3.816     11.819
 758  170     13.232     -4.285     11.053
 328  678     14.771     12.788      4.535
 945   -2     18.657      8.292      7.972
  -1  604     -8.370     -5.150     10.917
 692   -2     -3.230    -14.066      0.150
  -1  423     16.638     17.152      7.777
  -1   32     10.748     -7.277      9.126
 632 1289     -9.455    -12.346      4.670
 454  859    -14.447     -6.444     -4.137
1013   -2      9.110     -1.614      6.129
 830   -2     24.393      5.121      6.361
 542  457     12.672    -13.295     -2.339
1051   -2     15.199     17.631      8.474
  28  449     18.071     13.171     -6.002
1060  693     23.864     -9.342     12.631
 126 1266      8.975     -3.461      1.426
  -1   -2      5.137     -4.272    -10.792
  -1   -2     20.877     13.855      8.379
1015  401     -7.276    -11.374      5.422
 710  207    -13.114     -0.905     10.347
 913   -2      7.661     18.801     11.602
 799   -2     12.471     -7.809      6.186
  -1   -2     -2.508     -8.772      2.982
 814   -2     -4.098      4.904      0.240
  -1   -2      3.700      6.855     10.168
 214  326     25.179     10.763      9.865
  -1  516     13.097      9.963      1.007
  -1   -2     17.986     -2.511     11.782
  -1   -2     24.758     -1.638      0.003
 304  158      6.103      8.498     -8.238
 955  343     -4.455      7.039      9.268
 737  370     -8.730     -6.376      1.074
 786  466     -6.633     -3.074     11.549
1177  663     18.962     -3.062      5.689
 648   -2     24.917     -0.411      0.973
 524  946     13.349     -7.931      5.596
 663  888     11.936    -15.951      0.271
 213  762     19.316     -1.161      9.203
 953 1019    -16.847     -8.416     11.760
  -1  978     -4.489     -9.374     -6.135
 719  442     18.384      2.736      0.689
 488   -2      1.621     -3.990     -2.036
  -1   -2     14.975     11.128      9.412
 182  257     13.760      3.061      3.618
 534  375     -3.618      7.873     -3.712
 368 1081     21.044     12.678      2.807
 854   -2      4.470    -12.211      0.080
  -1  686     24.183      9.370      7.887
 760  672      7.881     -9.894     -5.990
  -1   -2     18.438     -4.986      8.219
1183  673     -0.620     -4.499      2.694
1012   -2     13.336    -18.766      8.056
 562  125     -2.917     -8.415      7.940
 745  587      4.738      6.944      5.320
 520   -2    -19.824      4.899     10.883
  -1   -2     14.564     15.512      7.174
 372   -2      3.292     15.559      3.657
  -1   -2      7.304     -3.588      9.429
1282   -2      8.090      1.966      5.487
 564   -2    -15.614     -5.983     11.094
  -1   -2     -7.476    -11.863      2.713
 452   -2      5.769     -5.798     10.330
 667   -2      7.921     -9.885     -1.696
 559   -2      5.498     14.342     10.919
  -1   -2     18.032     -8.557      0.039
  -1  641      7.931      9.689      4.804
  -1   -2     17.597      5.942     -6.889
  -1  164     11.062     -2.469     12.288
 507   -2      2.163      2.417     10.514
 436   -2     -8.346     -3.833      1.676
1004  990      3.577     17.170     10.780
 263  571     22.320     -0.086      5.885
 937  340     10.160      8.957     -6.225
 498 1159     15.746      0.280     11.723
 782  383      8.900      5.883      6.215
1296  646     -4.287     13.862      1.611
 591  927     15.259     16.636      7.682
 466   -2     14.303      8.924      6.652
 242  755    -10.812     -3.650      6.785
  -1   -2     19.537     -2.214      2.964
  -1   -2     -7.620     -8.935     -2.228
 635 1140      5.502     -8.684      5.793
  -1  667     21.666     -6.351     -5.119
  -1   -2     11.970     -7.291     -0.855
 963  730     21.425     10.156      8.857
  -1   -2     -7.740     14.151      8.487
  -1  578     17.935      3.806     11.012
1054   -2     -1.751    -16.124      7.592
1048  308      8.908    -14.679      4.117
  -1   -2     22.106      5.982      3.664
 124   -2     -0.727      0.611      7.396
  -1  765     -2.781    -11.171      1.993
  59  533     -0.269     -3.266      6.013
 546  619      6.564     -8.580      9.580
  -1  656     19.211     -8.558     -0.626
1102  764    -13.806    -14.508      6.269
 273   -2     15.125      6.021      9.014
  -1   -2    -15.637      6.347      2.183
  -1  519     21.617    -11.926      0.125
 338  995    -10.802     -3.956     10.447
 587 1101     21.690     -5.084      4.309
  -1   -2     15.266      3.738     10.341
1063  480     -4.602    -15.159      0.641
 672  447     19.952     17.255      7.731
  -1   -2    -15.094     -2.487    -11.252
1164  198     -4.820      5.871      8.034
  -1  459    -10.234     -6.650     10.822
1141  695      8.878      0.033      9.019
  -1  696     12.501      7.877      0.643
 916   -2    -11.091    -13.187      5.402
 640   -2     -2.115     -9.914      0.071
 894   -2     22.074      5.137      1.869
 552 1076     20.429    -10.067     10.850
1232  332      7.142      1.738      8.923
  26   -2     12.673      6.082      9.003
 859   -2     -5.780     11.770     11.618
  -1   -2     18.756      4.726     10.821
 351   -2     12.943      2.724      9.991
 696   -2     14.939    -12.351     10.617
  -1  230     16.988      7.294     -0.891
 603   -2     -3.274    -11.420     -5.407
  -1   -2     11.826     -3.983     -2.215
 560 1078     21.503     -3.289      7.377
 889  121    -19.195      6.065     10.491
  -1  967     -5.368     16.589     12.090
  -1   -2     16.900      4.861     -1.439
1007 1296     21.609     11.744      5.986
  -1  305      4.009     -2.829     11.641
  -1  293      8.399     -4.217      5.341
  -1   -2     13.987     -5.372     -0.179
 981   -2      3.047    -12.772      5.145
  -1   -2     25.213     14.074      9.101
 174  714    -13.907     -9.451     12.053
 662   -2     24.313     -0.737      5.710
 724  992     -3.963    -11.860      9.338
 234  727     23.280     14.243      3.272
 322   40    -17.389      0.462      3.870
  -1   -2     12.503     -9.696     -0.728
  57   -2     -0.972      5.557     -2.983
1166  971      9.301     11.766      7.185
1080  545     22.727      7.822      1.781
 747  110     22.405      6.375      0.748
  -1  119     12.931     13.499     -3.101
 986   -2      0.402     -6.650      1.580
1144  871     16.150     10.156     11.046
  -1   -2     20.930     -5.083     -9.420
 774 1290     15.357     -7.762     -7.671
 809  317     23.205     16.643      7.300
  -1  599     -8.908    -14.048      5.075
 503 1142     -0.477     -6.376      2.524
  -1   -2     12.090      9.918     -8.917
 927  832     -9.243    -17.033     11.538
  -1  621    -18.352     -3.638      7.386
1137  746     -5.732    -15.730     11.447
1103   -2     21.963    -12.199      7.938
  -1   -2     19.774     12.816      1.441
 605   -2      8.542     -7.089      2.744
 701   -2     16.719      1.789     10.772
  -1 1208     24.320     16.104      9.832
  -1   -2     -7.244     -4.493      6.327
 804   -2     18.008     -7.967     -6.220
 907   -2    -11.225     13.796     11.187
 379   -2     -5.209      9.347     -9.654
  -1 1291    -18.846    -13.996      8.694
 908  559     -9.050     -0.287      2.248
  -1  777     24.155     16.975      7.600
  -1  794    -21.464     -3.228      9.543
  -1   -2    -14.963     16.734     -2.379
 749 1024      4.135    -16.251     -0.810
 812   -2      3.233     10.691      6.979
  -1  790    -12.601     13.121     12.599
 717   -2      5.947     -9.889     -8.237
 797   -2    -16.872     14.773      9.080
  -1   -2     -8.409     16.978     12.404
 553  624      7.205    -13.928      3.101
  -1   -2     25.515      9.674     12.812
  -1   -2     -1.643     10.570     -7.256
  -1  812    -12.187      0.929     10.220
 643  168     11.112      1.008      8.312
  -1   -2     27.095     -6.894      8.554
 186   -2    -12.792     10.531      5.876
  -1   -2    -15.627     -1.375     11.396
 594 1052      7.040     16.359     12.799
  -1   -2    -17.696     12.623     -0.717
 118  703    -15.960     -2.596      6.620
  -1   26     -4.068      2.893     10.316
  -1 1095     21.719    -16.343      2.791
  -1   -2    -17.088      2.747     10.459
 313  904     -3.556      1.920     -2.204
 297   -2    -11.144     13.780      7.623
 966  169      2.024      1.212      0.776
1053  960      5.042    -15.659      4.206
 870  451    -15.809     11.433     12.542
  -1   -2      3.135      7.076    -12.618
 815  932    -13.402     13.500     12.412
 884 1295     11.914    -18.200      6.124
 317  781    -15.809     14.166      7.163
  -1  823     28.528      3.860      8.677
  -1   -2    -12.186     -4.487     -3.512
 861 1292    -11.698     13.905      7.501
 837   -2     29.318      5.347      9.713
  39  117    -13.535      5.844      3.578
 337  335    -11.315     10.996      2.065
 518  193      1.481     -2.589      1.257
  -1   -2    -18.683     -1.150      4.507
1230  376     -2.971     17.412     12.326
   4   -2    -10.281      7.464      7.422
 680   -2     25.304     12.231     11.064
  -1   -2      7.631      5.320      9.323
  -1  438     -4.735     15.468      7.640
  -1 1145     21.645     16.968      2.459
  -1   -2    -15.186     16.004     -1.063
1075   -2    -14.419     12.268     11.695
  -1 1187     -0.316     16.684      7.822
1097  410      1.049     -4.496     11.919
  -1   -2     -7.011      5.636     11.090
  -1  753     26.383     -2.449      4.657
  -1   -2    -13.267     11.487     12.060
  -1  642      6.564    -11.808      5.304
 184 1283     -2.352     14.449     10.338
 806  354     11.704     15.173      9.489
 989   -2    -12.038     12.123      9.023
 473  184    -17.120      0.326      8.783
  -1  709     15.818    -16.844      3.994
 935  807     24.480    -17.088      8.759
  -1   -2     -0.197      3.168     12.075
  -1   -2      4.545      0.172     -6.859
  -1   -2     -6.760     12.032      2.123
  -1  811     -8.726      7.199     -5.274
 447   -2    -15.236     -9.021     -0.835
1035  973     27.776      6.963      8.246
  -1  895     14.414     -1.228     -1.229
  -1  792      2.647     10.735      6.967
 862   -2      0.943     17.435      1.402
  -1   -2    -11.527     -1.496      6.250
  -1   -2     19.657     16.163     11.548
 918  854    -17.524      7.220     12.472
 258  114      8.452     10.383      7.361
  -1   -2     -8.655     -0.221     -0.115
 839   -2      1.216     11.617      1.982
1160  456    -10.473     -8.221      9.434
  -1   -2     -2.255     17.450     10.745
  -1  789     -9.639     13.803      5.461
  -1   -2     20.543    -12.358     -4.786
  -1  231     26.893      2.928      4.800
  -1  615    -19.050     12.283      8.733
 938  733     24.616      1.614      1.335
   6  126      0.634     11.717      9.243
 636 1060      9.065      5.489     11.035
  -1   -2    -11.641     -8.444      8.259
  -1  616    -11.464      5.709     -1.765
  -1   -2     -5.683     15.680     11.937
  -1   -2    -11.160     -8.797      3.462
  -1   -2      2.090      5.311     10.247
 211  786    -20.526      1.448     11.185
  -1   -2     14.462      9.451      9.035
  -1 1134     26.925      7.186      6.764
  -1   -2     22.504     -8.574      1.591
  -1   -2      3.535     10.651      6.689
  -1   70     -3.728     -4.040     10.738
 583   -2    -16.084    -16.766      9.815
 770  649     20.429     -0.020      3.264
  -1   -2      0.484      9.574      3.354
 150  348      7.630      7.049      8.653
 960  810    -20.731    -10.214      6.105
 479   -2     -1.361     -2.246     12.241
 779 1106     10.682      9.130      8.318
  -1   -2     -1.900      5.059     -7.681
1100  875     -0.533    -14.513      8.353
 838  958      4.972    -12.480      7.818
  -1   -2     -6.034     -4.636      1.417
  -1  896    -13.274      8.921      9.458
  -1  118      5.940      0.022     -0.210
 932   -2    -19.350     10.149     10.939
 922  984    -15.076      2.213     12.262
1116   -2    -14.020     14.983      8.764
  -1 1160     21.917     -6.501     11.447
  -1   -2     21.011     -4.713      2.839
  -1  623     -8.301      7.165      6.172
  -1   -2      0.527     -0.753     -7.540
 954  657     -9.293    -11.318     -8.346
  -1  393     19.685      5.995     11.784
  -1  917     24.331      6.748     11.396
  -1   -2    -14.514      6.239    -11.361
 706   -2     14.858     -7.755     10.459
  -1   -2     23.804     10.202      2.746
  -1   -2     -1.757      6.837     -8.198
 705   -2      1.755     -8.068     11.391
1197  501    -19.625    -10.688     11.136
1056  845    -14.386     13.497      1.909
 476  497     21.726     -4.397     11.563
  -1  717     -9.358      1.036      9.426
 985  916     -6.779     17.422     10.909
  -1  104      8.940      0.640     10.964
 222   -2     21.601      9.922      5.871
  86   -2    -13.133      2.241     11.183
 843 1111      0.740     17.383      4.014
  -1  314    -18.757      6.675      0.677
1201   -2    -22.138     -9.761      8.297
 997  887     -4.892     14.220      7.657
  -1  461     -0.115      9.722     -0.895
1084  959    -11.061    -10.777     -9.037
  -1   -2     20.276    -16.007      5.262
  -1   -2     -5.762     18.542     11.870
  -1   -2     18.187      6.423      9.496
 189   -2    -13.057     15.232      9.885
  -1   -2      3.477      8.735     -7.250
  -1   -2     -8.138      7.406     -7.132
 168  435     -4.172     12.002     10.972
  -1   -2     19.629      4.899     -4.099
 834  377    -15.576     -0.332     11.332
  -1   -2    -10.491     -1.986      0.156
 353  934    -17.785     14.495      4.867
 137  856     -2.114     -5.593      1.116
 505 1072     -2.914     11.933     11.273
  -1  844    -19.741     -5.079      8.549
  -1   24     18.036      8.545     10.951
  -1  726     20.737    -12.954      8.494
 864   -2     -2.727      2.399      6.708
  -1  338    -14.794     16.802      8.738
  -1  279     24.364      4.452     11.957
 302   -2    -17.000     12.179     10.494
  -1 1023     19.960      5.585     10.151
  -1 1239     -8.204    -17.844      1.345
  -1 1079     -8.047    -10.864     10.485
  -1  956     -8.186     -7.191     12.205
 660   61     11.343     -6.202      5.333
 968   -2     -5.515     16.651      9.537
  -1   -2      2.774      2.987     10.557
 902   -2    -18.802     -0.514      5.746
  -1  892    -16.647      1.953     12.328
  -1  661      8.446      1.370     -3.872
1223   -2     18.812     -0.632     12.440
 679  220      1.059     -8.937      7.654
  -1  909    -14.708     14.426      4.827
  -1  549      0.022    -11.034      4.504
 506   -2     -7.548    -12.605      7.171
  -1   10      3.732      0.978     -1.715
  -1   -2     -5.987      3.689      5.771
1263  552      7.087     -3.769      3.556
  -1   -2     11.200     -9.593      6.816
 246 1005      3.452     12.998     10.555
1027  797     24.933     -8.392      0.883
 434  183     23.382     11.918      6.861
  -1   -2      9.025     13.434     11.373
  -1 1197     -2.580    -11.464      5.684
 877 1294     10.605    -12.047     -5.439
 950   -2     -5.639     19.987     11.499
  -1   -2      9.213     15.342     11.169
 187  431     -1.115     -4.328      0.187
 306  179     -1.426     10.087     11.188
  -1  450     28.415     -5.754     12.704
  -1  898     20.031     16.632      3.447
  -1  398     -0.063      7.477     12.252
  -1  250     13.888    -11.238      6.837
  -1   -2     11.673      8.329     11.304
 901  386     -5.254     15.337     10.566
1187  687     19.653    -17.195     11.098
1191  763     16.685    -17.358     11.840
 644 1286     -0.226     12.699      9.902
 441   -2    -18.166     -7.530     11.826
1006  566      1.162     16.410     12.018
  -1   -2    -12.052    -19.049     11.419
  -1   -2    -18.306      2.652      9.459
 858 1061     26.092     12.805     11.030
 489  538     20.480      8.173     12.139
  -1  748      2.031    -15.191     -3.784
  -1   -2    -19.950      8.719      7.581
  -1 1207      6.086     -9.496     -1.586
  -1  836    -10.904     12.790      9.097
  -1  861     24.536      7.194     -4.576
 844  631      8.999    -12.172      0.372
 515 1097     -2.293    -15.336      8.343
  -1   -2    -19.719    -10.467      2.320
  -1  339     -3.302      4.330     -2.419
  -1   -2     17.433      8.523      4.793
  -1  404    -13.207     13.856      3.003
  -1  416     23.390     -4.241     10.779
  -1   -2    -11.645      8.185      2.246
  -1  539    -11.029    -12.526     10.144
1145 1121    -14.766     18.808      3.823
 563  131      7.042     -0.524     10.113
  -1   -2    -10.809    -15.299     10.565
1018   -2     -4.081     -3.935     -4.943
  -1   -2    -20.935      9.918      8.337
 863   -2     -2.712     -1.680      3.962
 143  362     -2.175      2.245     11.490
  -1   -2     -9.577     14.668     12.293
  -1  724     13.175     -0.693      4.762
  -1  432     -2.156      4.162      7.122
 324   -2     18.280     -8.353      3.097
 104   -2     -2.344      5.956     -0.721
 925  163    -13.585     -4.081      7.034
  -1  961    -13.882     -8.958     11.081
1086   -2    -16.546     -7.153      9.545
  -1   -2      0.941     14.295     11.585
  -1  929      1.253      8.651      6.555
  77  434     -7.222     -4.261      9.696
  -1   -2     10.866     -0.326     -8.728
  -1  596     14.203      4.099     10.672
  -1  249      0.744     -9.112     12.627
  -1  385     10.038      3.871      9.407
 657  269     21.934      6.876     12.365
  -1  652     -3.284    -19.884     12.752
 721   -2     17.492     -2.195     11.545
  -1  761     -4.667    -13.702      8.267
 371  572     18.063     16.580     11.465
  -1  546      5.001     -0.715      8.913
 832  312     13.471     12.309      7.615
  -1  951    -16.399     14.075      4.430
1092   -2     10.217    -13.024      7.847
  -1   -2     18.233     14.182     11.940
  -1   -2      4.819    -14.278      4.677
  -1  324     -9.291      4.211     -0.700
 979  300     25.654     -2.944     12.317
 334 1026      0.180      2.550      7.131
 606 1206    -15.928    -12.792      9.097
 235  645     18.839      1.009     10.253
 720   -2    -13.511      9.842      1.947
  -1  674      7.435    -18.102      5.457
  -1  282     20.718     -0.867      9.361
  -1 1053      6.262     18.258      7.185
  -1   -2     15.097     -8.549    -10.694
 533  891    -18.419     -0.331     10.706
  -1   -2    -19.303      3.019     11.564
 915  284     -0.583     -0.810      4.500
  -1   -2      5.986     10.765      2.816
1240  419     14.581     13.769      7.936
  -1  721     21.445     14.249     11.576
 286   -2     11.831     -8.754     10.159
 171  174     14.596      9.242     -0.100
1055 1109     -2.230    -14.504     -2.205
  -1   -2      4.995     15.362      8.851
  -1  989     -7.116      9.037     -1.059
1222  514    -10.268     -2.583     10.021
  -1   -2     22.522     14.639     -0.093
1094  521      9.715     -8.866      1.383
1284  535      8.654     -5.235      9.859
 457   -2     13.323     -4.308      3.112
  -1 1195      3.574    -13.098     12.488
1136 1129     18.822      0.049     11.994
 722   -2     20.371     14.443     11.761
 365 1282      9.538      6.331      9.790
  -1  562      9.380     -2.003      7.005
  -1  698     -0.176     -6.524      9.310
 781 1034     18.520    -11.787      7.814
1070   -2     -1.301     -2.197     -3.833
  -1   -2      1.016      3.379     12.078
  -1  358      7.871     14.323     12.046
   2 1083    -10.007      8.511      0.118
  -1  526      4.406     14.661      4.408
  -1  270      1.524     12.918     10.710
 471   -2      3.506    -11.124      7.720
  -1  914     22.973    -11.592      7.841
1153 1243    -20.333    -14.563     10.081
  -1   -2     21.527     11.347      8.751
 320  886     11.605     16.278      8.810
 645   -2     16.267     -4.756      3.747
  -1   -2      5.481     11.006     10.315
  -1 1092    -12.793     16.035      8.222
  -1  737     15.859     18.266     12.220
 557   -2     10.555    -15.312     10.107
 871  266      0.687      5.874     12.060
  -1 1011     25.506     17.718      8.126
1168 1175     26.379     10.244      3.270
1113   -2      9.093    -17.980      7.326
  -1   -2      1.386      4.690     11.975
  -1   -2      7.749     13.131      1.038
 484  612     24.983      5.646     11.439
 754  725     -0.547     -8.549      0.182
 592   -2     26.585     -4.447     10.022
  -1   -2     18.909     11.144      8.701
  -1   -2     14.554     -7.978      2.543
  -1   -2     -8.315      1.250      9.308
  -1  588      5.647    -11.182      9.299
 279  192      5.008     -4.613      5.538
  -1  897     19.401    -18.405      2.601
1099 1043    -15.809     -9.861     -2.734
 461   19      8.244      0.505     -5.654
  -1  224    -15.595     -2.670     -5.566
 617  731     18.823      9.146      6.988
1043 1298      4.723      3.774     10.534
 106  433     23.583      3.307     11.938
1064   -2     27.635      9.502      6.100
  -1   -2      7.183      8.000      6.620
1262  316     -1.096     -7.560      9.729
 230   -2     -9.508      0.231      3.016
  -1 1014     28.556      8.680      9.001
  -1   -2     18.886     -3.059      9.482
  -1 1157     -5.664     17.698      5.027
  -1  855     14.833      7.908      6.990
  -1   -2      5.920     14.566      3.549
 221   -2     24.688      6.460     11.845
  -1  321     11.405     13.714      9.475
  -1   -2     20.222      2.464      0.117
  -1  771    -19.134     12.966     11.107
 958   -2     -7.116     16.395      6.337
 816   -2    -16.056      3.397      2.863
  -1   -2     17.667      7.901     -1.268
1059 1162     14.978    -17.539      9.064
1181   -2     14.043     10.695      9.179
 867   -2    -18.305     10.922      9.041
 509   -2     18.458     -9.765      8.278
  -1  804      4.784    -17.216      4.074
 204 1029    -17.619      4.821     11.986
 828 1071     -5.360      8.260     -7.343
1011 1117    -14.455    -18.020      8.643
  -1  313     14.707     12.162     12.147
1215 1246     21.017    -18.302     11.352
 424   -2      6.223     -9.126      6.738
  -1   -2    -17.635     -2.349     11.575
 359   -2     13.768     13.004     12.399
  -1  525      0.925     16.931      9.906
1188   -2     12.867    -14.657     11.580
 800  352    -16.929     13.530      9.583
  -1   -2    -10.650    -11.962      8.132
 631  236     21.600      4.363     12.244
  -1 1080     17.017     -4.068     10.971
  -1   -2      3.458      9.882      8.098
  -1 1182    -15.749    -20.491      7.707
  -1  996    -19.951      8.201     10.683
  -1  172     14.400     15.613     -0.074
1122  685     25.702     16.133     12.005
  -1   -2     -7.060     -6.834     11.162
  -1   -2      3.022     10.793      2.001
  -1   -2     17.608      3.462     10.761
  -1  690      0.459     15.052      9.399
  -1  675     17.176     16.861     10.507
  -1  402     27.198      0.638     12.486
  18   -2     10.680      8.238     -0.884
 597 1064     11.757      2.816      9.408
  -1  344     -1.670      7.285     12.351
  -1   -2      6.663      8.766     -9.507
 783   -2     -9.501    -15.549     -4.240
  -1  244     -5.975     -2.612      8.933
  -1  510      8.799     -1.052      0.782
 556   -2     14.224     -8.736     -5.330
  -1  943      1.309     15.672      5.945
1205 1233      3.477    -20.369     11.864
 409  222     22.665      3.694      9.949
  -1  907     14.690    -18.033     12.452
 532   -2     -4.232     -7.038      8.219
1124  982     -4.542     18.795     12.196
  -1  894    -13.342    -19.514     10.311
  32   -2     16.759      3.014     -2.470
 827  736     -6.739     -8.398     12.242
 451   -2    -13.723    -11.669      7.559
  -1  563    -18.229    -11.689      6.534
1218 1037     -4.790    -18.233      6.964
  68   -2     -6.923     -3.050     -8.621
  62   -2     12.022      2.111      0.715
  -1   -2      9.400     -2.491     12.338
1107 1202      3.831    -15.153     11.638
1157  356      3.327      8.761     10.776
  -1   -2      1.024     -3.755     11.566
  -1  926      8.419     -5.389      8.481
  -1 1180     -7.043     18.880     11.941
 360  541      8.456      0.526     -8.260
  67   -2      6.825     -7.913      1.341
1083  648     -2.969    -10.088      1.315
1076   -2    -19.489    -11.698     11.678
1008   -2     18.728      9.921      4.137
  -1   -2     20.486      7.712     -3.632
  -1   -2     14.472    -21.014      7.510
  -1 1235     27.220    -16.248     12.897
  -1 1241      7.697    -21.898      8.289
  -1   -2     -3.704    -24.986      5.255
  -1   -2     -3.272    -23.919      5.780
  -1   -2      7.428     22.304     12.790
  -1   -2     11.738     33.643     -7.442
  -1   -2     23.508     23.997      8.760
1194  843      3.774    -19.463     12.448
  -1   -2      3.160    -29.336     -3.675
1211   -2      7.498    -20.645      7.349
1193  547     24.321     18.886     11.323
  -1 1227     23.704     19.588     12.545
  -1 1136     -7.704    -20.590     10.131
  -1   -2      5.220     27.184      4.538
  -1 1204     23.462    -19.408     11.687
1199 1032     17.025    -20.861      8.808
1192   -2     23.842     17.869     11.235
  -1 1041    -10.387    -20.190      3.329
  -1 1108    -10.055    -19.927     11.722
  -1 1074     -5.350    -17.271     12.800
1209 1244    -27.002    -10.469     11.596
1210   -2     11.031    -17.860     10.663
1189   -2     18.010     22.277      8.949
  -1 1077    -21.322    -14.879      9.900
  -1 1191     -1.225    -20.893     11.904
  -1   -2     -5.856    -23.692     -1.408
  -1  276    -11.225     -0.928      7.738
 536   -2    -10.354      6.567      0.783
  -1   -2    -10.363     -2.247     11.793
1224 1317     13.172     -5.365      8.415
  15 1254      3.464      2.421      3.759
  -1   82      7.355      4.729      7.723
 301  241      5.791      5.303      4.325
  88  397     -1.211      8.398     -4.154
  -1 1329      5.185      9.415     -9.949
  -1   90     24.313      5.238      6.495
  -1   -2     12.195     -1.582      2.512
  -1   -2     12.195     -1.582      2.512
  -1 1261      6.034     -0.028      8.605
  -1  226      8.935     13.662      5.101
  -1   -2     19.093     -0.086     11.882
1235  109     26.399     -6.175      7.763
 376  651     20.996     10.261      5.065
  95 1331     19.254     -0.002     -8.356
 153   -2      3.165     -9.872      2.832
  -1   -2     16.297     11.818      7.728
  -1   -2      7.147     12.934     -2.631
 125 1263     23.341      1.305      6.067
  -1  242      0.489      4.330     -8.630
 255   -2     -5.154    -12.943     -0.115
  -1   -2      7.184     15.159      6.915
 736   -2     17.531      8.247     11.254
 651  440     19.678     15.146      5.907
  -1  878     15.305     14.909     11.092
 641   -2     11.284     12.012      7.866
  -1  783     -7.324     -9.051     10.285
 823  318     -2.852     14.565      4.610
 413   99     13.402      0.277     10.540
  -1   -2    -10.380     12.749      0.339
  -1   -2      1.020     13.990     10.672
  -1   -2      6.630     -9.613      8.395
 188   -2     19.891     11.800      6.026
  -1 1253     -2.395      1.464      7.011
 572 1287      8.453     -4.147     11.971
1258 1313     -3.596     -2.815      0.316
  -1   -2     23.341     16.370      5.606
  -1  210      2.827     12.126      4.762
 388   -2     19.705     16.282      5.532
 685   -2      6.515      3.417     10.514
 610   -2     18.735      4.467      8.790
  -1   -2     16.184     -2.521      8.056
  -1   -2      1.712    -11.514      8.497
 109  728     18.675     12.346      8.220
 802   -2    -18.846    -13.996      8.694
 130 1264     -0.657      7.102      2.554
  -1 1321     23.162     17.233      6.466
 544   -2     -1.737     12.898     11.236
  -1   -2     -3.944     12.876      0.488
  -1  751      1.248     -4.149     11.194
1081   -2      1.712    -11.514      8.497
1158   -2      4.666      1.000      4.989
1146   -2      5.346    -12.136      8.350
 158 1003    -11.225     -0.928      7.738
   5 1251     16.077      1.780     10.043
  -1  654     -3.240      1.069      6.907
1221 1301      8.970      9.564     -0.059
  -1   -2    -10.363     -2.247     11.793
 423   -2     -4.395     13.321      1.989
  -1   -2     16.297     11.818      7.728
1247   -2     -7.324     -9.051     10.285
1237 1308     -5.116     12.239      8.769
1251 1311      5.037     -2.034    -11.509
1290 1322      6.616     -9.602      8.422
1228 1306      1.592      1.465      2.886
1259 1054    -10.265     12.693      0.553
1304 1330     12.786     -8.975     11.815
  -1   -2    -10.363     -2.247     11.793
 181   -2      5.185      9.415     -9.949
  -1   -2     12.195     -1.582      2.512
  -1   -2     12.195     -1.582      2.512
  -1   -2     12.195     -1.582      2.512
  -1   -2     12.195     -1.582      2.512
  -1   -2     12.195     -1.582      2.512
  -1   -2     12.195     -1.582      2.512
  -1   -2     12.195     -1.582      2.512
  -1   -2     12.195     -1.582      2.512
  -1 1151     -5.921      5.743      0.305
  -1   -2      9.447     -5.673     10.911
  -1 1259      9.426     -5.579     11.071
  -1   -2     16.814      7.842     -5.584
  -1   -2     12.195     -1.582      2.512
  -1   -2     12.195     -1.582      2.512
  -1   -2     12.195     -1.582      2.512
 169 1328     12.195     -1.582      2.512
1281   -2    -10.416     -2.190     11.799
 537   -2     -3.950     -8.183     -2.511
1336   -2    -11.738     -2.129     -5.346
