1334
 458   -2    -11.145      4.484     12.144
1135 1029     15.833      1.956     10.365
  -1   -2     -9.483      5.270      6.693
  -1    6    -10.901      7.498     10.054
  -1    3      9.377      2.369     12.274
1287  483     12.968     -8.933     11.890
  -1   19     18.167    -10.295      9.866
1049   37     25.334      0.862     12.152
  83 1246    -11.652      0.885      8.293
 110  151      5.894     -3.299      4.605
  -1   55      1.306     11.308      9.005
   3    8      4.827     -6.204     12.553
1242 1299     16.402     11.275      4.056
   7    7     -1.102      9.018      4.770
1289   -2     16.240      3.788     -7.943
  51   -2     -0.754     11.190      3.892
 140   -2      0.676     -0.667     12.107
 597   -2    -10.461      7.533      7.424
  82    2     -5.820     -0.740      4.274
  -1  131     -3.456      3.688     10.900
 474   -2     -2.213     14.975      7.290
  -1   -2     20.352      4.005      3.892
 131   -2     17.382      0.934     -3.656
  -1 1116      9.226      3.026      3.698
  70 1243      7.012      2.181      6.364
  17   12      8.890      9.504      0.098
  -1   -2     13.996      4.531     10.297
 464   53    -14.999     12.621      3.781
 440   -2     -3.443     11.329      9.181
 109   -2     23.031      3.735      4.584
1005    9     13.181     11.097     10.020
  28  276     -7.255     12.523      1.270
  -1  660     -1.399     -1.225      4.497
  19   76     -4.809     -1.344      7.290
  -1   26     17.132      3.082     -3.434
  92  758      3.902      3.207     -4.365
  87  628     17.618      6.357      4.164
  -1   93     -8.069     -1.681     -0.415
 968   -2     -4.905     -1.477     -7.695
 377 1270     -5.767      0.326      5.998
 437   -2    -12.664      7.827     -7.247
  25 1237    -10.412     -2.137     11.745
 161   -2      2.067      1.262      9.789
  47   -2     -3.140      1.038      6.264
  21   -2     13.007      1.622     -1.909
  -1   -2      2.089      9.874     -0.789
1302  182     18.245      1.677      6.330
  99  185    -14.216     10.551      6.421
1172   -2      8.487     -7.245      4.302
  -1   -2      3.466      2.406      3.860
  37   82     -7.985     -1.384      4.073
  36  327      3.269      3.954     -3.804
  -1  127     16.128     10.208     -5.466
  57   -2    -14.878      2.542     -1.145
  40   -2     18.546     -0.235     -3.254
  -1   79    -15.053      0.382      4.331
 502  938    -13.891     -1.930      1.610
 126   -2     18.606     13.814      8.165
   4   -2      4.106      7.199     -0.017
  -1   66     18.912     -1.557    -11.073
 249 1257     24.430     -1.980      7.373
  -1   -2     -0.114     11.281      9.351
  73   -2     -2.997      5.631      7.527
 159   -2     18.866      4.908      1.770
  -1  220     -0.304     10.771    -11.204
  85  816    -13.484      8.330      9.096
 303  727    -10.316      8.732     -4.752
1016  474      5.436      6.091      4.341
1270  858     14.527     -8.531     11.870
 803 1058    -10.864     16.511      8.416
 904 1290     18.671     -5.023      8.900
  42   -2     21.239      2.368     11.954
  -1   54     16.713      9.534      2.541
 321 1267      7.791     -0.423      9.800
  -1   -2      8.525     -2.032     11.901
  -1   -2    -17.620      4.552     -1.678
 856  626      9.100     11.410     -5.835
  -1   -2     13.707     11.865     -4.883
 100 1248     -5.705      0.380     -7.405
  94  490      8.004     -4.521      3.540
1043   -2    -13.019     13.881     10.837
 308  232     21.716     10.056      5.426
 148   33    -20.978      0.397     12.180
  -1   -2    -15.287      0.949      9.832
  -1   42      4.968     -1.239     10.479
  67  123     -0.332      1.922     -5.355
  78   -2     -5.357     12.047      8.332
  -1  170    -13.744      9.925      0.681
 106 1312     16.770      7.789     -5.471
 189 1123    -10.923     -4.419     10.234
 164  600     17.000      0.917      7.367
  -1   -2     22.760      5.924      3.975
  -1  831      6.418     -9.014      1.092
 662   -2     14.219      4.054      3.075
  -1  574      8.137     -6.085      4.135
 430   -2     17.311     -0.853      8.492
  -1   -2     -5.166      8.806      2.595
  -1  115     -1.234      0.200     10.134
 139 1113     11.316     11.424     10.279
 276  440     10.847      3.029     10.389
  -1  566      1.743     -0.620      8.086
 143  891    -10.524     -0.612      8.779
  -1   -2    -13.185      0.979     11.916
 204  535    -17.554      0.205      8.648
 335 1164      7.626     -2.697    -12.087
 505   -2     10.881     -0.169     -0.880
 344  394      3.459     10.573      7.365
 198  206     14.904     12.935     12.545
 218  172      1.139      3.830     -7.410
 137   80     -7.839     -6.381      9.866
  -1   88      9.897      9.784      4.387
  -1  318      1.954      5.266      9.622
1138   -2      7.349      4.489      6.813
 233   -2      8.559      5.467      8.177
 737   -2     19.903    -11.084      4.900
  -1   -2      8.969     16.102      4.407
  -1   -2     19.133      0.092     -8.381
 972   -2     -2.443     15.103     10.446
 240 1256     -1.353      4.045      7.871
  56  953    -17.407     -1.853      0.346
  -1  121     14.441     -0.990      3.621
  14   72     18.443     11.751      7.703
 120 1117     10.635      5.040      5.204
 576   -2     25.792      3.711      7.706
 133  337     23.222      5.457      9.254
 965  821    -19.799      3.472      8.904
  -1  795     18.911     -6.202     10.454
 485  141     16.692     -9.084      7.766
  -1   -2     13.692     -2.420      1.277
 757  401     26.529      7.176     12.315
 208  281    -10.161     -0.702      5.030
 105  323      5.275      9.491     -9.530
 282   -2      3.800     -0.603     11.151
  69  352     19.920      6.174     11.533
1258   -2     -7.861     -4.447      7.341
 217 1253      9.303     -2.714      0.810
  -1  126     -1.606     13.205      7.267
 668   -2     13.517     16.403      8.455
  -1  307     26.298     -6.257      8.298
1116   -2    -11.364     13.805     11.477
  -1  657      7.273      7.050      0.118
  -1   -2     12.309      4.133      8.696
 675  586     -5.677     -2.668      1.598
  -1  109     16.574      0.270      4.496
  -1   -2     10.525     10.322     -2.678
  -1   -2     24.735     -0.926     11.873
 812   -2    -17.001      1.260      2.854
1199   -2     -0.667      4.407      5.897
  31   -2      6.070      0.159      8.612
  -1  728     -4.426     -1.004      2.725
 127   87     -5.166      9.583     -4.518
1202  928     18.174     14.080      2.555
 304  242     13.981      3.209     10.696
 816  895    -10.696     13.383      6.007
  -1  415      1.438     11.747      1.934
 155   -2     -1.662     10.771     -7.083
  -1   -2     -4.360     -0.785     10.411
1062  223    -13.859     -1.597      8.186
 178  369     15.176     -0.448     -2.218
 564 1279      0.599     11.825      9.472
  -1   -2     17.454     13.963     -2.112
  -1   -2     -9.785     -1.581     -3.745
 294  829    -16.444     15.323      7.889
 270  145    -16.642     11.836      2.280
  -1  881    -18.471     -0.696     10.292
 897  734      0.391      5.882     -1.271
 623   -2      5.455     -3.687    -12.077
  -1   -2     16.910      6.902     -0.566
  -1   -2    -11.851      7.025     -4.000
  -1   99     10.988     -1.328     -4.171
 172   67     21.085      7.979     12.178
 188   -2    -11.194      0.840      4.915
  -1   -2      9.239      6.857      2.092
 210   -2     -5.460     -1.373      1.376
 299 1078    -17.539     -6.680      5.184
 108  291     26.225     -7.470     10.852
  89   -2     -9.131      7.873     -0.499
  -1   -2      0.995     -1.099      9.119
 373   -2     -1.392     -2.902      4.590
  -1   -2      5.547     -5.941      4.004
  -1   -2     -3.668      4.188     -8.935
  -1   -2    -13.776     -4.812      1.098
 971  805     -8.687     12.990     -4.462
  -1  576     -3.530      4.558     -2.154
 113   68     -5.311     14.697      3.524
1237  457     10.917     13.688      1.190
  -1   -2     -7.691      6.357     -8.236
  -1  137     25.289     -5.297      5.067
  -1   -2     12.190      6.316    -12.000
 470 1278     10.880      5.468     11.328
 592  611     16.531     -2.840      5.428
 846   -2    -18.867      4.876      9.323
  -1   -2     14.531     -0.032     -3.989
 432   -2    -10.492     -2.065      7.557
 144   50     25.601      2.086      9.876
 103   -2     17.953     12.217     -7.472
  -1   -2     -8.912      9.838      4.731
  -1  105     10.383     -1.627      8.230
 529   -2    -16.375     14.503      3.077
  -1  515     14.876      6.224     -1.068
  -1  443     -3.770      3.934      7.201
  -1  229     17.944      6.048     -3.880
 230  235     15.878     12.097     -5.107
 545   -2      1.163     -6.634     -4.509
  -1   -2      4.265     -1.364     -2.854
 166  297      3.358     12.761     10.890
 710   51     19.935     11.517      6.349
  -1  497     18.456      6.394      8.625
 289   -2     -4.314     12.873      4.223
 747  264     23.100      7.498      5.633
 476  247      6.355     -0.222    -11.251
  -1   -2      9.906      4.562     -0.554
1090 1080      7.586     14.120     11.140
 241   -2      5.267     13.948      5.765
  -1   -2     -7.426     -0.460      4.142
1101  158      1.276      8.092      6.257
 799   -2    -14.643     -0.488      3.852
 793  135    -20.513     -3.986     11.943
 135   -2    -16.058      5.260     -7.755
  34  645    -14.744      1.842     -0.740
  -1  716      8.527      5.638      2.078
 649  683      7.949     -5.935     -0.556
 286   -2      7.479      5.202      9.558
 263   -2    -12.475     10.071     -2.722
1134   -2     21.699     -6.198     11.518
 456  198     -2.760    -11.832      7.261
 821  253     -4.580      0.447      7.139
  -1  184      4.854      1.406     -2.990
 635 1293     25.831     -5.871      8.444
 214  398     21.783      6.594      4.825
 280 1260     12.431     -6.165     -2.403
 555   -2    -18.008     -2.063      8.739
  -1  164     12.808     -5.188      9.100
 618   -2      0.984     11.382    -11.910
  -1  243     -6.456      8.583      0.637
 237   -2      5.479     -1.523    -12.555
1167 1296     -7.754     -2.954      3.679
  22   -2    -10.933      7.705      3.751
  -1  459     18.018     13.511     -4.917
  18  392      9.545      3.278      6.027
  -1   45     -0.950     12.113      3.185
  41  366      2.422     -3.644      7.055
 749   44     17.648      4.535      4.586
 307  792    -16.115     -2.642      2.384
  -1   -2     10.527     -5.139      7.535
 508   -2     21.468     -5.289      1.676
1255 1139      2.767     12.416      7.835
  -1   -2     15.903     -3.524     10.854
1248   -2    -13.808      0.001     11.664
  -1  194      7.539     -0.531    -11.184
 243 1167      5.043      9.114      5.504
  63   -2     15.527     -1.368     -3.848
 945  987     12.394     14.821      8.552
 639  832    -13.930      8.117      1.033
 397   -2    -17.215      6.198      5.855
  39   -2      5.683      4.744      8.523
  -1   -2      0.841      1.448     -8.877
  -1   -2     17.071      5.344     -9.394
  -1   -2      0.656    -11.531    -10.354
  -1   -2     10.045      1.005      1.052
1195   -2      0.795     14.187     11.729
 596   -2     17.854      3.716     10.919
  -1   -2     19.178     -2.940    -12.088
  -1  385     27.227      2.163     12.496
1088   -2     -0.473      0.200      4.816
  -1   -2     18.724     -1.986      7.702
 181   -2      4.960     14.145      4.708
  52   -2     17.234      8.538      3.577
  -1  364    -16.005     -1.612     -1.482
  -1  111     14.269     -6.474     11.435
 728   -2     19.311     -4.482      1.148
  -1  266     23.495      0.392      7.574
  -1   -2    -14.623     -5.147     10.688
  55  155     20.369      2.733     -0.250
 116  215     -3.898     -0.964      5.216
 129  334     11.031     -6.195     -8.888
 298  144     -0.253     -0.826     10.204
 115 1082    -11.512     10.055     -3.165
  -1   -2     25.426      1.444      6.820
  -1   -2     10.212     15.416      1.156
  -1  143      2.905     -2.062      7.469
  -1  703     15.699      0.001     12.479
 722  454     22.606     -9.602      7.023
 379  782     -7.292     -9.080     10.205
  -1   -2     11.980     -3.576      0.586
  -1 1247     16.022     -3.805     -4.325
  -1  258    -14.289     -2.333      4.242
 519  585     22.866     -3.805      6.550
 590 1266      2.688     -4.188     11.771
 881   -2     22.846     -1.633     10.763
  -1   -2     -1.596     11.132    -12.010
 119  153     -2.455      3.791      9.884
  -1   -2      0.146      7.272     11.898
 797  408     17.583     -7.370      5.724
  -1 1302     23.503      5.315     -0.851
 579  700     16.540     -9.429     -2.795
 284  945     -1.130    -11.296     -0.161
1033  861     19.250     -8.793      5.493
 297   -2    -16.207     -2.880      5.987
1148   -2    -14.235     13.592      5.228
 859 1289    -13.698     13.267      7.506
 664   -2      5.281      8.790      8.921
 469  757     15.980     13.028     -6.736
 216   35     -7.285      7.843     -5.575
 353   81     -0.781     -1.561      5.753
 267   -2      4.553     10.220     -3.555
 614  603    -10.893     -2.964      4.811
 182  621     20.227     12.701      9.547
1141  526     11.553     -1.969      1.243
  -1   -2     -8.997     -2.913      0.895
  -1  996     19.422      6.147      3.318
 277   -2     17.888      8.392     10.450
  74  340     16.709     -3.605      0.323
 624 1154     -7.225     -7.905     -5.485
  -1   -2      7.814      8.065      0.759
 895   -2     13.878     -9.435      9.103
 288   -2      7.310     -2.521      1.616
  -1   -2      4.941      7.306      1.438
1020  410     -4.469      7.297     -3.396
  -1   -2     16.624      5.345     -6.908
 730  431     21.990     11.111     11.082
1000   -2     -2.472     -0.458     11.731
  -1  325    -19.492      3.878      7.011
 457   -2    -10.290     -7.883     10.669
1154   -2    -11.640    -10.991      6.624
  -1   -2    -14.054      8.368     -3.025
  -1  638      2.429     10.523     -9.686
 383  195     23.789     11.822      6.856
  -1  339    -13.592      0.756      5.793
 905  316     -3.502     15.257      7.002
  -1   -2    -12.486      4.513     -2.564
 421  756     21.951     11.580      8.213
 552   -2     -1.785     12.114     -4.786
  -1  365    -16.908      1.396     11.201
 746   -2    -10.890      1.040    -11.677
  -1   -2     -0.924      6.190     -6.945
 202   -2      9.171     -9.332     11.252
 111  910    -12.189     10.098      1.186
1004  865     -0.796     10.460      9.030
 542   -2     -1.355      3.163     -6.267
 678  148      7.427     11.101     12.728
  -1  685     10.582     -7.809      4.328
 385  866    -13.747     -7.592      7.667
  -1   -2     12.657      5.153     -1.137
  -1   -2    -13.508     -6.352     -2.313
 351  177      1.282     -7.607     -3.810
  -1  427      7.510    -18.023      5.225
 118   -2     19.520     -6.627      2.334
  -1   -2      9.901     13.756      1.730
 309  760     21.687      4.685     10.147
  -1   -2    -11.776     12.357     11.090
  -1   32    -14.365      0.841     -0.177
 960   -2      7.722     14.691      8.636
  -1  298      2.365     17.242      8.450
 833 1205     25.925     12.943     11.206
  -1  304     15.106     15.243      2.040
 755  880     25.504     -5.111     10.441
  -1   -2     13.403     -4.733      1.714
 609   -2      3.362      6.645      2.565
 151   -2     11.530     11.615      4.130
  45 1242     20.286      2.415     -4.303
  -1  358    -13.841     -2.251      8.481
 346  254    -12.349     -2.056      7.910
  -1   -2      8.160      3.914     -4.908
  -1   -2     17.994     -8.261    -12.437
 248  862    -19.526      6.656      7.506
  20   -2     14.972      8.935     -6.315
 256   -2      6.454     -0.754      8.314
  -1  236     19.194      7.240      0.452
1011  815     11.075     15.131      7.601
1111 1157     -4.822    -12.836      0.903
  -1   -2     12.577     -0.990     -2.870
  -1   -2      4.684      0.108     -6.549
 157  732      5.252     12.103      1.147
 300 1263     10.531      7.578     -2.666
 364  175     11.013      9.321      8.206
 889   -2     -2.485      7.565      3.088
 370  632     -6.258     -4.855     12.533
 630  924    -17.291     -7.828     10.794
  -1   -2     -9.638     -5.033      4.122
  -1  570     -4.948      4.588     -6.761
  68  491     -0.694      6.539     -9.550
  -1 1011    -17.071     13.097      6.243
 659  511     -1.265     -5.254     -7.160
  -1  388      4.363      7.001     -3.315
 607   -2     18.763     -3.086      0.400
  -1   -2      0.467      6.738     -2.577
 461  403     -1.984     15.177      1.978
1264  200     13.448     -6.500     11.061
 570  487     25.087     10.493      5.241
  -1  180     12.768      5.051      7.917
  -1   -2      5.862     13.674      0.630
 967   -2     21.686    -11.218     12.536
1047  376    -11.719     10.943      8.397
 640  598     17.147     -2.441     -6.358
 358   -2     -1.365      5.232     -2.072
 867   -2     15.199     14.947     11.078
  -1  294    -18.364      1.914      7.965
  -1  978    -16.150     11.921     12.192
  -1   -2      4.784     12.583     -8.394
  -1   -2     13.308     -5.037     12.553
 473  514      6.223      2.292      9.719
 507  138     13.916     10.378     -3.708
  -1   -2    -14.452      2.394     12.383
  -1   -2     10.993     11.844      7.589
  -1  613      4.636     -5.928      3.591
  -1  222      7.675      4.661     11.913
  -1   -2    -16.564      9.608     -0.559
 874   97    -14.381      9.476      9.944
 301   -2     21.504     -3.730      5.155
 389   -2     -3.692     -7.910      9.821
  -1  378     18.880      4.192     10.233
 680  306     18.069      3.672      6.780
 558  581     18.516      9.168      5.035
  -1  737     12.462      9.028      7.721
  -1   -2     -0.399     14.422      2.365
 146 1292      8.154     -7.735      6.663
  -1  857    -17.843      7.085     11.757
  -1   -2      3.814     -5.766    -10.801
  -1  982     27.690     -3.283     10.758
  -1  409     19.314      1.993     -6.902
  -1  661     -1.146      9.311     -4.524
  -1   -2     -4.567     -3.827     12.229
 486  536     24.256     -2.469      7.132
 657  257     -5.356     12.020      9.257
 686   -2     -1.446      3.199      9.968
  -1   -2      4.611      5.283      9.292
 281  637     20.818     10.900      7.195
  -1   -2     17.598     10.560     12.366
  -1  731     22.274     -3.096     11.561
 386  787     -4.444     13.919      8.736
  -1   -2     16.493      6.456      7.966
1023   -2     22.618      0.260      6.686
 142  510     18.946     -0.147     11.760
 887   -2     -2.716      8.086      6.361
  -1 1100      3.400    -11.612     -3.605
 478   -2      0.573    -12.159      5.091
 647   -2     16.553      3.440      1.519
  -1   -2     -7.512      8.816     -3.360
  -1  317     -4.839     -8.769     -4.685
 699 1284    -10.788     -5.253     10.482
 611   -2     24.504      7.611      8.330
  -1  738     26.227     -0.671      5.745
  -1   -2     11.848      7.427      2.723
 934  615     13.973     -4.765      8.467
  -1  356     24.117      1.720      4.170
 231   -2     18.836      8.720     10.608
 951  217      1.097     -6.105     11.485
  -1   -2     12.146     -8.973      4.522
  72   -2     17.233     -7.002      2.975
 219   96     24.155     -2.977     10.270
  -1   -2     12.916     11.787     10.679
  -1  671     19.637     14.140      6.479
  -1  573     11.100     16.277     11.155
1290   -2     21.815    -11.354      7.106
 963  804    -10.316      3.599     -5.344
  -1 1045     26.611      4.837     12.181
 792  575    -18.696     10.833     10.125
  -1  667     22.754     15.429      6.921
 641   -2     25.319     -1.185      4.902
  -1  761     -0.920     -8.307     -0.108
  -1   -2      9.635     -5.442      4.083
 428   -2     -2.725     15.046      2.949
  -1 1195     22.816      6.291     12.141
 581   -2     -1.442     -9.689     -1.103
 539   -2     -9.704     -6.894     -1.143
  -1   -2      6.660     12.359     11.882
  -1   -2    -17.743      2.853     10.787
  -1  379    -15.249     -3.437     10.728
 841  416     -8.381      0.713     10.507
  -1  314     27.345     -4.545      9.763
 348   -2      6.750     16.495      6.306
  -1  636     17.257     -9.619      3.806
 637  988    -10.123      4.908      3.543
  -1  116      6.717      4.460      1.317
1282   -2      8.795     11.840     11.745
 352   40    -16.622      3.240      2.143
 471 1281     20.459     -2.980      9.855
  -1   -2     10.035     -2.513      4.635
 642   13    -13.543     -3.577      8.619
  -1  256     17.236     13.603      2.841
 573   -2    -15.814    -10.584      9.041
  -1  508      1.922     -1.047      8.467
  -1   -2     -3.896     17.736     11.806
  58  173      4.230     -2.678     -1.536
 893   -2     16.989    -17.510      8.746
 917  633     16.140      8.268     10.756
  -1  678      0.454     -4.356     12.286
 381  690     18.987      1.918     11.152
  -1  107     20.763      9.843     -1.844
  -1   -2     21.671      2.277     -6.392
 682   84     12.269      4.492      4.158
1143  916     10.758    -11.755      0.805
 603   -2    -16.595      6.194     -0.550
  -1  557     -3.480     -9.520      0.435
 584  100     15.516      4.351      8.473
 794  345     16.729     11.283      9.315
  -1  666     13.000     12.447      9.834
  -1  372      8.804     -8.409     11.749
 770  662     -7.504     -6.094     10.038
  -1  735      3.774    -11.016      8.597
 459   -2     10.135      5.124      3.120
  -1  102     -3.053      2.677     10.277
  -1   -2      8.260      0.473     -4.781
  -1  730      1.103      1.223      5.621
  -1  641     17.708      8.669     -4.406
 862  157     19.624     16.884      4.924
  -1 1125     19.893     -0.907     -2.478
  -1   -2      0.409     -2.943      2.480
 944  271     -6.113     -1.307      9.168
  -1   -2      0.646      2.952    -11.302
 388  516     -2.072     -4.752      5.727
 536   -2    -14.547      4.497      0.835
1151  210      3.877      2.839     -7.735
  -1  418     -1.714     13.936     11.892
 622  822      8.383    -10.160      4.281
  -1   -2     17.851    -15.254      0.625
1099   -2     11.116      1.109      5.958
  -1   -2     -8.513     12.350      8.839
 339   -2     -8.140     -6.005     11.842
 658   -2     -7.363    -12.179      2.313
  -1 1311     19.182      1.930      2.729
 117 1249     23.750      5.864      5.775
  -1  951     -5.137    -10.115     11.984
  -1  414     -7.554      0.867     10.408
  -1  484      7.528    -12.714     -2.946
  -1  231     -4.846     -6.001      6.101
  -1   -2    -11.255      5.039     -1.839
 717   -2    -11.189     13.290     -3.043
  -1  717     21.675     -3.911     -6.291
  -1  163     -4.603     13.379      3.117
  -1   -2     19.337     15.106      4.566
  -1   -2     12.492      6.971     -2.281
  -1  150     -2.549      4.943     -0.738
  -1   -2     16.684    -11.359     -9.112
1283  723     -1.025     15.966      9.142
  -1   -2    -10.352     -5.722      6.543
 674   -2     15.602      9.726     11.968
 446   -2     23.302    -11.421     11.193
 170  724     19.078      7.615     11.949
  -1  186      2.192     11.279     11.710
  -1  674      8.228     13.221      1.739
 631 1093      9.643      5.834      2.392
  -1  422      0.297     -7.502    -10.255
 295   -2     12.586     -3.028      6.803
  -1   56    -14.871     11.033     -9.045
 634   -2     22.420      8.763     -3.017
 479  482     -2.314     -4.584     -0.112
  -1  237    -12.125      3.584     -5.215
  -1   -2      7.697     -2.940      5.230
 574  834     -5.716      7.017     -4.329
  -1   -2      5.886     -7.586      0.871
  -1   -2      8.259     -3.386     -6.556
  -1   -2     -6.672      4.861     -0.147
 533 1198      2.377      5.209      9.992
 808 1035     18.046     16.538     11.426
  -1  639      4.189      1.322      5.511
 268   -2     -6.933      6.663     -2.025
 314 1265     -2.068      2.880     -1.506
  -1   -2     19.876      8.863     -5.490
1025  848      8.644     14.791     11.894
  -1  801    -12.654     -7.871     -4.641
  -1   -2      3.379      5.628      8.327
 272   -2     11.476     -0.037      9.896
 492  664     -2.566     -8.181      7.710
 187   -2     11.442     16.589      7.807
 150  955    -11.119     -1.997      7.836
  -1   -2     16.593     -6.613    -12.416
 838  321      1.090     -2.144      0.176
 396   -2    -18.763     -3.235      8.315
  -1  659     -9.351     13.941     11.544
 292 1076     18.234     -6.368      4.471
  -1   -2      3.820     -6.264     -0.584
1060  439     -0.941     -8.798     10.027
 721  589     -3.772    -15.453     -0.165
 491   -2      4.958     10.143      4.325
 705  604     21.717     -5.688     -7.438
1190  833      5.287     -7.682      6.954
 726  655     12.118     -4.855      9.185
1052   -2    -13.672     -8.050     10.223
 363  572    -16.005      6.518      3.738
 450   -2     20.437      3.776     -7.579
  -1  584    -14.112     -6.999      3.008
  -1   -2     -6.594     -3.958      8.113
  -1   -2    -18.246    -10.060      8.136
1054   -2    -13.593     15.640      8.167
  -1  286    -10.523     -8.892      6.225
 582  860     -6.252     14.189      6.606
 822 1127     10.987      5.620     11.548
  -1   -2      5.186      2.593     12.347
 401  946      5.870     -5.944      9.647
  -1 1074     23.891      7.982      2.212
 477   -2      0.637     -0.492      3.738
 525 1119     20.982     16.216      4.727
  -1 1056     16.512     16.473      3.316
  -1   -2     14.421    -11.537      0.531
  -1   -2     20.801      6.234     11.941
1131  480    -19.795     -9.765     10.218
 920  513      5.718     -9.449      4.350
 530 1050     -2.724      6.618     -2.986
 832  309     12.467     14.492      7.039
  53   -2     13.127     -0.415     -1.334
1120   -2    -12.783      1.020      2.720
  -1  399      5.882     -5.568     -9.376
1008   -2     -7.217    -11.416      5.578
  -1   -2     18.089      9.332      2.425
1003   -2     19.854      6.359      5.924
 305 1118     22.515      5.919     -3.816
  -1  647     14.139      4.212     -8.112
  35  692      8.966      9.125      5.391
 775   -2     24.820     10.207     10.007
  -1  405      6.510     -9.322      8.593
 291   -2     19.682     -1.890      2.618
  -1  762     -6.775     -8.221      4.575
 591   -2    -11.189    -11.982      5.877
  -1  764      0.262     -3.658      4.821
 937  823     -4.565     -9.163      7.377
  -1  704     -1.613     -6.621     -2.588
  -1  382     16.499     -0.871     11.707
 648   -2     12.212     -5.860     12.333
 869   -2     -7.895     14.423      8.197
 915   -2     -2.991     -0.805      6.471
  -1   -2     11.616      2.387     10.319
 734  310     24.258      7.492     12.556
 563  421     -4.891     -3.248      6.601
  -1   -2     -0.816      6.581      4.516
 531  915      5.490     12.895     12.062
  -1  654     24.930      4.101      5.739
  -1  908     -9.922      9.382      6.924
  -1   -2    -13.080     -8.886     -3.505
  -1  125     -5.860     10.607     11.957
 692  308      9.939      0.587      5.757
 548  279     19.773      7.351      5.778
 929   -2     21.289     15.195      5.078
 742   -2      8.392     -5.630      1.814
 128   -2     13.659     -7.449      5.019
 205  630      6.418     13.660      7.113
 407  171      0.276     14.727      7.846
 523  523    -10.842     -7.201      5.375
  -1   -2      3.802     -0.845     -5.609
 125  462    -10.411     -6.715     10.609
  -1   -2     20.042      9.458     -1.268
 819   -2     24.702     -4.948      6.995
 683   -2      6.336     14.972     10.917
1096  695     20.902      4.626     -4.092
1147  679      2.952    -10.367      3.927
 772  644      1.291    -13.374      8.581
 785  389     14.301     -5.792      5.436
 676   -2     25.414     14.679      9.930
  -1   -2    -16.553     -2.974      4.386
 652   -2     -2.098     15.611      2.772
 651 1196      0.989      3.263     11.583
 266   -2     18.172      1.831     -8.413
  -1  512      1.517     17.771     11.650
 697  160    -14.029      6.607    -11.251
  -1  434     24.316      1.906      1.776
 604   -2     19.555      3.162     11.344
  -1   -2     17.057     13.229      7.024
1252  273      3.240     11.914     -0.349
 765   16     22.921      3.113     11.650
 543   -2     21.409     13.878     11.273
 593 1193     21.325      9.854      6.813
1093  610     -7.570    -12.295      8.855
1037   -2     14.015      0.191     10.176
1180  793     -0.412     15.095      2.155
 562  746     -6.169    -12.278      4.821
 936  476    -17.148      8.623     -1.195
  -1   -2      4.953    -12.037     -3.948
 843  110     18.466     -3.638     10.819
  -1   -2     20.349      9.638     -9.649
  -1  768     -0.526     11.817      0.814
  -1  255     17.670      0.138     -0.137
 601   -2     21.875     12.715      9.206
 357  605     18.612     16.641      4.525
  76  877      5.326     -0.680      9.757
 670  432     -4.403    -12.276      9.003
 839 1261      6.068     -2.009      3.379
 762  676    -10.771    -12.952      4.392
 745   -2     -3.416     -3.362      5.623
1014   -2      3.473      2.926      6.761
 323  721      9.076     -7.684      8.526
  -1  425    -16.020      3.233     -6.556
  -1   -2     -3.021    -11.818      2.734
1078   -2      1.010     -7.258      4.871
  -1  553    -17.174      4.762     -4.988
1118  689     20.783     -1.776     10.549
  -1   -2     -5.986      1.146    -10.084
 447   -2     -2.673      1.125     11.308
1044   -2     -5.858      6.603      0.013
1211   -2     21.341     18.019     10.439
 465   -2     10.953      9.576     -8.162
  -1  672     24.105      4.940      0.653
  -1  642     -7.501      5.873     -1.630
  -1  233    -11.966     -0.507      1.868
  -1  863     19.803     16.173      5.367
  -1   -2     -8.015     -1.299     11.709
 290   64      0.319      0.298      6.137
  -1  479     21.606     13.524      6.527
  -1  383    -17.918      9.545      9.258
  -1 1032     19.609     16.257     11.320
  -1  189      8.324      6.753      3.975
  -1  771      9.305     15.079      1.298
 404  658    -13.930    -10.195      1.142
  -1   -2     -0.057     -0.997     -0.321
  -1  449      5.749     -9.181     12.163
 946  819      3.106    -13.028      5.489
 287   -2     23.763     12.120      8.585
 509  551    -17.691     -8.996     11.871
 729   -2     -8.556     17.497     11.290
1045  519     -0.561     -3.363     10.830
  -1  537     22.829    -10.719      3.139
  -1   -2      9.601     12.055    -10.827
  -1  290     18.053    -16.568      3.321
  -1   -2     -7.357     11.730      9.166
 852 1027     -4.537      6.984     10.079
1213  826     24.064     16.299     11.458
  -1   -2      9.441     10.880      6.293
  -1   -2     22.136      2.345     -6.093
  -1   -2    -12.459    -11.915      0.088
 921   -2    -10.579    -14.307      7.862
 868   -2     -4.334      2.589     -1.657
  -1  681     24.020      1.076      8.178
  -1   -2      0.059     -2.013      2.566
1086 1038     15.287    -14.124      0.569
1063   -2     20.074     -5.200     11.875
  -1   -2     17.724     -5.640     -7.183
 948  259    -19.004     -6.777     10.656
 656  920      6.462      4.967     10.352
  -1   -2     15.074      8.862      6.741
1236  733     12.798    -10.042     10.666
  -1   -2     -1.457     -8.516      3.954
  -1  688     22.225     -1.385      9.355
  -1   -2     21.996      7.434     -2.963
  -1  301     17.742     16.463      4.390
 650  705      4.704    -13.888     -2.040
  -1   -2     12.889      7.979     -6.560
  -1  396      1.296     -4.098      7.828
  -1   -2      7.743      7.431    -11.731
 978 1277     19.223     12.771     -9.235
 731   -2     22.895    -15.581      5.799
 612   -2     -6.268     -2.412      8.201
1295  765      9.074     -2.072     -0.320
  -1  559     -5.038    -12.739     -2.793
  -1   -2    -10.935     -5.531     -2.964
  -1  302     -9.661     -6.941     -5.763
  -1 1189     17.975     13.781     11.280
  -1   -2     -9.786      5.365      1.802
1071  505     23.018    -13.792     10.649
 238   -2     16.631      0.280     11.010
 199   -2      5.676     -8.621      0.571
 714   -2      8.936     -3.318     11.013
 615  601     20.537     -2.420      7.511
  -1  130     13.719      4.751      0.935
  -1  488      1.130      7.820     11.430
1130  593     25.999     -2.779      9.319
 420  533     24.028      0.105      8.240
 783   -2     11.707     -1.852      8.049
  -1   -2     14.411     16.592      9.125
1139  929     -7.820    -15.234      7.236
1057  499     12.029     -7.006      9.681
 334 1186     24.264      6.625     11.508
 993 1294     19.035      5.335     10.613
  -1  719     13.958     14.881      9.467
 715  500     15.378      3.723      1.326
1092  347      8.924     16.227     10.521
  -1   -2      9.782      1.611      6.343
 577  329     21.431     -5.142     11.239
1232   -2    -16.678    -11.680      9.444
 696   -2     14.452    -17.813     11.891
1059   -2     16.301      7.168      9.532
 497   -2     10.808     -0.892      1.352
  -1  433     21.307     12.893     -1.593
  -1   -2     19.233      3.937     -7.913
  -1   -2     -1.230      0.466     11.608
  -1   -2     10.844     -4.947     -2.840
  -1   -2    -18.894     -7.335      6.903
 768  517     18.947      7.859      8.936
 766   -2     12.886     -6.609      7.561
  -1   -2      2.805     -1.418      0.597
  -1  469    -10.166     -3.599      1.864
  -1  132     19.314     -1.704      8.873
  -1  351     22.062     -3.474      5.920
 844  702     14.112     13.746      7.452
  -1 1158     -1.378     -3.200     10.938
  -1 1155     24.452     12.556     10.069
  -1   41     19.705     -7.270     -1.257
  -1   -2      8.199      0.524      2.455
  -1   -2     -3.630     -7.565      6.609
  -1  303     -8.288     -7.874      4.966
  49   -2     20.611     -1.377      8.358
1219   -2     14.811    -18.663      7.526
1110 1165      5.284    -15.760      4.315
  -1   -2    -15.088      7.605      1.649
  -1   -2      2.389     -4.262      9.452
 663   -2     18.285     -8.718      9.722
 360 1255     13.070      0.259      6.819
  -1   -2     22.425      8.080      0.952
  -1   -2     22.980     14.271      3.923
 400  718      1.635     -8.818      8.247
  -1   -2    -11.631      5.074      4.372
 606  262     -4.737     -6.453     -3.086
 488   -2    -19.625      1.540     11.217
 851   63      5.813      2.373      4.524
  -1  244    -16.633     -8.139      4.236
  -1  776    -19.989    -12.502      5.736
  -1   -2    -14.852     11.711      0.049
  -1   -2    -13.525     13.676      4.991
  -1   31      9.201     12.454      8.837
  -1   -2     -0.566      7.550      5.432
  98   -2     -9.094     14.279      5.639
 798   -2    -20.232     -1.905      7.807
  -1  742      1.073     -7.070     -1.683
 989  925     23.521    -10.685     12.260
 966  798    -19.795     12.061     10.985
 809   -2    -15.220     -7.178      7.202
 206  544     -2.960     -1.235     11.696
  -1   -2     -6.355     10.016     -5.310
  -1  899    -14.135      6.571      2.006
 355   -2     -5.232     15.991      7.164
  -1   -2      5.115    -15.626      7.104
  -1   -2    -21.276     -2.466      8.449
  -1   -2     -2.821      5.547     -6.734
 990  849     27.028     -6.510     10.238
 818  959     27.979      4.870      7.023
 828  811      3.374     16.186      3.065
  -1  509    -16.163     14.006      5.763
  65   -2    -18.682      8.831      9.944
  -1  311    -15.833      6.482      0.367
 823    0     -8.484      3.725     10.620
  -1 1287    -19.474     -1.740      2.388
 332  252     25.842     -7.447      9.719
  -1  477     -4.702    -12.375      4.823
  -1  451      8.362      4.404      0.440
  -1   -2     16.291     10.545     12.188
 102  779    -16.256     13.698      0.923
 403   -2     23.300      1.794      8.908
  -1  979     -8.113     15.370     11.245
  -1  624     24.431    -11.295      6.601
  -1   -2    -16.746     -9.314      5.331
 384   -2     -3.895     17.064      6.137
  -1   -2    -19.250     -8.154      2.775
 147  937     21.365     -7.432     -4.679
 943   -2    -12.308     13.289      2.022
 101  774    -13.889     13.363      2.383
  -1   -2    -10.550     12.994     -0.124
 619  214     -0.843      1.882      8.869
  -1   48     -2.623      3.048     12.732
 349   -2    -14.067     11.504     10.080
 438   -2     10.915     11.684     11.809
  -1   -2    -10.892      3.401     11.919
1189   -2    -11.961     -8.614     12.735
  -1   -2    -11.285      2.518     -5.902
 908 1083      8.086      5.408      9.075
  -1  142    -12.920      1.985     11.891
 433 1002    -13.902      3.468     11.326
  -1  810    -11.125     13.800      7.631
1109   -2     -1.165     17.607      5.939
 736 1170    -10.775    -16.122      6.824
  -1  187    -11.764      8.215      5.464
  -1   -2     29.451      3.419     12.078
 973   -2     -3.352    -17.326     10.128
  -1   -2    -19.859      3.154      5.771
 229  429    -18.331     -0.046     11.727
 957  489      3.894      6.504      9.756
 365   -2      2.025     11.210      4.922
 494  178    -17.694     -1.282     10.934
  -1 1124     -0.465     17.057     10.979
  -1   -2     17.633     -9.769     -2.328
  -1   -2      1.093      6.693     12.683
1197 1171      6.044     -9.083      6.515
 930  931    -17.586     12.187     12.215
  -1   -2      5.385     10.642     12.157
1122   -2      5.831     11.853      5.945
 933 1047     24.876    -10.492      9.065
 165  450    -14.645      0.758      5.376
  -1  773    -10.133     18.175      8.342
 795   -2    -13.728      0.030      9.631
  -1  888      1.022     10.591      1.796
  -1   -2      0.860     -1.555     -5.200
1157   -2      9.684    -10.826      8.970
  -1   -2      9.629      1.676    -12.877
  -1   -2      1.350      1.374     -7.851
 538  563      8.888     13.177     10.232
  -1   -2     27.449      1.500      7.430
 685 1283      5.892    -11.178      8.430
 947  106    -11.570     15.281     10.018
  -1   43      2.480     10.790      6.860
  -1  649     13.691    -12.149     -0.777
  -1  520      9.658     -1.564     10.478
  -1   -2      9.373     12.682     11.937
  -1   -2    -17.371      1.809     12.419
 152  456    -13.634     12.309      0.163
  -1   -2    -16.167     -4.238     -9.732
  -1  950     10.625    -16.132      0.188
  -1  448    -19.533     -3.395     12.528
1113   47     -5.583     -2.467     -8.175
  -1   -2     21.601     -9.202      4.203
 462   -2     -1.205     -6.987      8.241
  -1   -2     23.253     15.260      9.073
  -1 1053     28.548      3.928      8.844
  -1  287    -19.711     -0.789     11.628
 512  312     19.757     11.365      8.455
 180  193      7.252     13.183     -7.351
 448  883    -11.320     11.490     11.247
  -1 1095     14.130    -16.535     11.256
  -1  744    -10.977    -14.439     11.248
  -1  620    -19.882     -6.016      6.222
 959  854     25.937     13.529      0.030
1056   -2      9.062     10.766      3.999
  -1 1023      3.721      6.875      9.995
 901  326     15.586     -4.392      7.369
1009   -2     27.270      8.690      4.260
  -1   -2     -2.146     13.810     10.388
  -1  648     25.381     -7.551      5.504
  -1  275     25.946     -2.977      5.158
  -1   -2    -16.211     16.700      6.115
 586   -2     18.678    -16.672      6.636
 912  913     23.285     17.810      5.811
  -1  343      3.760      3.982     10.434
1181   -2    -15.648     15.260     12.712
  -1   -2      2.855      8.395     11.275
  -1   -2     -6.608     19.621     11.392
 723  330    -13.213    -12.871      8.007
  -1   -2    -14.309     -1.346     11.969
  -1 1268      0.715     16.041     10.909
1152 1301    -11.072     16.441     10.160
  -1   -2      2.677     15.686      8.288
  -1   -2      9.601     -0.660      4.628
 310  809     11.648     -6.418      5.261
 337  540     -3.893     -9.997     -9.197
  -1  381     -3.009      6.881     -7.168
 414   -2     -2.713     -1.146      9.877
  -1 1075      9.753     15.844     12.310
  -1  799     13.779     12.478      2.344
1299  998     -6.234     13.684     12.382
  -1  445     -1.691     11.034      8.145
  -1   -2     25.410     15.795     12.310
  -1  359     -4.616     13.245      7.532
  -1  839     -8.674    -14.286      1.648
 544  606      3.784     -1.044      7.661
  -1  912    -18.406     -1.953      3.403
1035 1185     -6.125     12.892     10.452
 759   -2     -5.448     -7.502     10.175
  -1   -2     25.646      1.250      8.825
  -1   -2    -19.069     12.206      8.748
1036   -2      4.582    -17.938      9.267
  -1 1055    -11.165     18.327     11.149
  -1   -2     -6.222    -16.517     12.600
  -1  965     26.765     13.515      6.620
 939   -2    -13.061    -19.677      9.526
  62   -2     24.639     -2.072     -0.542
1241   -2     18.720     -8.274     12.297
  -1  335     -6.769     18.809      8.172
1200 1190      9.353     -6.223      5.010
1032  850     17.386      2.355     12.519
  -1   -2     26.524      6.383      4.136
 122  332     11.259     -8.523      3.219
  97   -2     12.174    -11.187      5.694
  -1  887    -16.204     13.763     11.819
  -1  847    -17.355      5.362      8.941
  -1  597     21.915     -2.204      6.736
  -1  498     17.873      7.177      8.628
  -1  590      6.183      7.694     10.116
 130   -2     11.641     10.680     11.644
  -1  693     19.492      0.825     12.540
1168  506      0.536    -10.595      2.741
1183   -2     15.507     11.466      6.448
1097  374     -3.144      2.923      3.023
 991 1061     -5.562     19.984     11.719
 880  227    -14.977      1.552     11.145
  -1  769     26.006     -9.194      7.743
 995  481     -7.110     16.405      3.928
  -1   -2     -1.660      2.456      3.891
 271  397     10.922      5.071     10.976
  -1   -2     -0.268    -13.436     -9.002
  -1  652      4.274     14.222     -7.555
 985  618     -8.978      3.018      7.953
  -1  871     29.157      0.816     11.289
  -1  889     -4.077     16.256      3.790
 318  962     17.389      1.928      3.724
  -1   -2     -9.444     -8.329     -7.994
1117  208    -18.031      8.133      5.212
  -1   -2    -11.303      1.409     -9.260
  -1   -2      7.116     16.256     12.214
  -1   -2     -0.461     -1.541    -11.873
 425   -2     14.392      7.295      6.428
 702 1104     11.445     -9.242      8.689
 942  556     26.492      2.448     11.874
 776  709    -10.870    -13.434      2.109
  -1  767     25.929     11.113     -1.368
1132  269    -14.637     16.933      7.082
  -1  602    -10.865      2.877      5.425
 391 1089     20.192     -9.229      7.423
 368  631     19.557     -1.737     -3.858
  -1 1197     -2.544     -7.707     12.389
  50   -2     15.240      1.231      2.653
 490   -2     16.686     -9.258      0.658
 679  373      9.879      8.404      8.727
  -1   -2    -17.813      3.920     12.621
 994  944      1.994    -14.853      0.017
  -1 1040      3.796     14.418      2.954
  -1  147    -11.328     14.702      9.675
   8  407     15.225    -11.021      7.269
  -1  851     23.966     19.327     12.511
1065 1133     -7.454    -19.164      5.513
  -1  561     23.476      8.445     -2.625
1142  558     -7.263     -7.034     11.953
 620  542     13.598     11.000      5.447
1179   -2    -15.669    -12.288      4.238
 524 1153    -11.338    -15.143      2.910
  -1   -2     23.331     -2.653     11.479
  -1  755      9.029    -15.259     -1.238
 583   -2     15.030     -9.600     12.501
  -1  362     14.518     17.718      8.786
 725  958     14.721      9.458      3.251
1177 1017     25.643     10.968      0.142
  -1   -2     11.271     11.260      6.696
 408 1176     22.380      5.503      4.710
1163   -2      0.979     11.042      6.080
  -1  673     -4.338     -3.962      9.783
 932   -2      8.352     -9.942    -10.926
 873   -2      3.048     18.180     11.298
 441   -2     24.392     -0.265     10.615
  -1  331      1.076     -2.177      8.920
 999   -2     -2.728     10.298     11.199
  -1  759      4.896     -2.863      8.596
 252  503     18.940     10.508     -7.871
1235 1156    -19.625    -14.301     11.493
 653   -2     -6.225     16.324     11.009
  -1 1025    -13.074    -14.054     10.703
  -1  670    -19.761    -10.935     10.353
 836  777     28.594      5.662     10.594
  -1  838     10.612    -11.283     10.820
  -1   -2     21.140      3.796     10.511
  -1  766      2.020    -15.205     -3.765
  88   -2     -2.641      5.713     -0.418
  -1  149      3.961     -7.325      6.375
1153   -2     -6.880     -7.664      8.226
  -1   -2    -17.227     10.668      8.603
 786   -2     17.395     -2.098     11.992
  -1   -2     15.739      0.362     -9.963
  -1   30    -16.302     12.020      9.239
1161 1173     25.153    -11.454     11.924
1067 1054     -1.600      6.940      6.250
 689   -2      9.722    -16.445      4.768
 449  650    -14.034     -9.365     10.010
  -1  691     10.043    -17.978      5.429
 753   -2     18.337      0.551      7.780
  -1 1169     -3.434    -13.934     12.743
  -1  524     18.009    -12.291      9.480
1159   -2     -6.247     -5.150     -4.155
1102  885    -20.217      8.208     10.307
 211  669     -6.604     -1.679      5.368
  -1  665     -8.457      5.499      3.541
  -1   -2     -3.840     -4.151     -9.741
 412 1110     -0.184     -4.224     -5.050
 347  444     22.839      5.255     11.934
 718   -2     -2.944    -15.668      7.028
  -1   -2     -8.398     -5.480      9.283
1230  892     19.960    -18.131      8.441
1265  835     -0.379      9.057     10.546
 316   -2      1.835     -2.733     12.021
  -1   -2     -4.183      1.940      9.433
  -1   91      3.036     11.356     -1.495
  -1  682     19.304    -15.443     10.663
 504   -2     27.251     -0.344      8.574
1027   -2      6.013     12.570      3.863
1207   -2     14.480    -20.819      7.207
 625  525     -5.758     15.932     10.041
  -1   -2     25.021    -10.266     11.192
  -1   -2      4.774    -11.439     -3.969
  -1   -2     21.873     -7.524      3.996
  -1   -2    -15.193     12.487      9.121
  -1  612    -12.127    -16.277      7.378
 906   -2    -13.920     12.048     10.496
  -1  952    -17.713    -13.105     11.182
1240  280     -3.947      3.716     12.087
  -1   -2      1.844     -4.396      3.526
  -1 1305      6.299     11.615     11.966
 761   -2      5.281    -11.079      9.828
  -1   -2     -6.134    -12.858      4.493
1198   -2     -8.013    -18.027     12.186
  -1  128     -3.603     16.136     12.274
  -1  656      4.069    -11.579     11.368
  -1  753     26.975      9.470      7.505
  -1   -2     21.136     13.369     12.355
 495  653     24.151     11.491     11.077
  -1   -2     13.209     -5.427     12.639
  -1   -2     -2.491     16.709     11.808
1175   -2     13.711      7.145      6.919
 780  183     13.126     12.941      6.519
  -1  395    -16.480     -4.594     10.766
 521  502      0.146     12.889      1.690
  -1   -2      6.490      1.333     12.647
1091   -2     13.597    -17.386     -2.586
 331  521    -13.827     -4.217      6.595
1155   -2      6.626      9.442      9.756
  -1  486    -17.727     -4.831      9.985
 750   -2     16.634    -13.599     12.126
  -1   -2    -17.593     11.462     -5.518
1010  467    -12.268      7.144      4.785
  -1  720      1.960     14.126      8.628
1234 1177    -13.343    -17.297     11.609
  -1   -2    -12.596      4.246      3.193
  -1   -2    -14.985     -6.814      0.822
  -1   60     -8.765      9.515      7.531
 209  697     23.087      9.246      6.929
 860   -2    -12.400     -7.662      8.417
 569   -2     13.179      9.056      7.568
  -1  375     17.742      4.325     -0.108
  -1   -2      5.161      8.167      0.096
  -1   -2    -17.350     -8.439     -5.974
  -1   -2     24.891      9.097      4.376
  -1   -2      6.501     -1.229     10.197
  -1  406      5.894     -3.899      8.038
 986  911     29.014      7.693     12.006
  -1   -2      7.819      6.785     -7.843
  -1  564      7.211     -1.222      2.701
  -1   -2     24.906     12.625     -3.892
 754  594     11.884     -1.663      9.555
1106  827     15.334     11.175      9.332
 756 1175    -18.530    -12.925     10.461
 551 1049     22.456     -6.594     11.280
  -1   -2      8.092      0.664     11.267
 892  283    -13.581     10.549      8.789
 903   49    -11.973      9.087     -5.377
  -1  837     -1.843     12.851     10.582
  -1 1077     23.788     14.864     -1.805
1051 1183      6.515    -17.647     11.359
 156   -2     21.338     10.817      9.307
 876  997     14.577      8.504     11.462
  -1   -2     23.326      2.999      4.719
  -1   -2      3.878      8.993     12.406
  -1  532     22.667      8.132     -6.458
  -1   -2    -11.966    -10.000      9.452
 463  136    -11.180      1.159      1.063
 824   -2     -1.885      9.626      8.705
1196   -2    -15.901    -15.624     11.344
  -1   -2     11.532      5.865      2.942
  -1  956     14.923     -9.190      4.859
1217 1213      0.098    -19.418      8.323
  -1  567     19.602    -17.497     12.279
 870  346      2.167     12.614     -8.575
  -1  722     23.387     16.854      1.269
  -1  248      5.038     -1.135      7.189
 262 1041     17.006     -2.428     10.137
 923 1168     -1.237    -14.608      0.999
  -1   -2    -15.790    -13.775      9.330
  -1 1161     -5.970     15.783      7.558
 621  963    -20.445    -10.894     11.864
  -1   -2     20.709      4.839    -10.911
  -1 1010     27.651     -1.287     10.511
 197  239     12.409      2.639      6.805
  -1  686     -1.132     -7.056      6.631
1055 1121     -5.959     18.430     11.810
  -1   58     -3.329     11.003      7.507
  -1   -2      1.066      1.735     11.522
  -1  423     13.736     -7.056      3.397
 896   -2    -10.596     -3.278     11.798
 884   -2      5.220    -14.269      7.882
  -1   -2    -11.402     -1.089     -8.437
 514  166     21.156      1.530      5.568
  -1   -2     10.743     -1.457     -1.908
  -1   -2      5.013    -10.964      0.429
  -1   -2     -3.071     13.879     11.901
 837   -2    -17.912     13.144     12.064
 807   -2     11.357     10.846      3.563
 660   -2     -6.558    -11.659      9.728
1038  428     -3.476     13.367      6.981
  -1 1012     20.266     10.773     11.934
  -1   -2     -3.574    -16.088      2.064
  -1  112     -5.904     -1.428    -12.428
 500 1051      0.499     10.563      9.408
  -1   -2     17.915      3.131      1.096
 646  292    -10.158      6.687      1.128
  -1   -2      1.787      1.290     10.578
1082   -2      8.186     -3.032     11.880
  -1   -2     -6.368    -15.023      6.532
  -1   -2      8.383      7.817      5.961
  -1   78      4.127     10.765     10.080
1079  390     14.485    -12.285      9.066
 602   -2     14.580    -15.307      8.759
1087  591    -16.950     -9.863     10.757
 706  763      3.798      4.530      4.953
  -1  197    -12.832     -4.362     12.480
 192   -2     -2.903     -9.669      1.435
  -1   -2     17.443     -4.552      7.138
 616  708      8.573     -2.821      9.149
  -1  983     -3.045     17.345     12.559
  -1  750     -3.712    -19.862      9.168
  -1  710    -11.317    -12.372     10.601
  -1  188     19.372     -3.800      4.271
  -1 1179     25.407     17.525      8.760
  -1  411      9.803      3.052      8.543
  -1   -2     24.832      5.885     11.778
  -1 1180     23.233     11.122     -6.162
  -1   -2     18.916     -6.855      8.216
  -1   -2     19.319      1.407      1.133
  -1  752     23.063    -12.516     11.195
1267 1091     15.656     14.125     10.105
  -1   -2     -5.543      0.566    -11.965
 974  741      9.275    -13.012      8.432
 423   -2      3.628     -9.275     -6.381
1074  967     -1.266    -12.614      3.516
  -1 1020    -15.199      2.838     12.155
1126 1072      9.831    -17.289      9.632
1145  226    -10.159      7.263     -2.858
  -1  174      8.488     18.180     10.110
  -1  579    -15.332     -8.989      8.541
  -1   -2     18.172      5.560      6.995
  -1   -2     -1.224      8.000     -0.453
1094   -2    -16.516    -12.710      9.893
1193  412      9.521     -5.565      8.268
 325  890     -1.624     16.975     11.441
  -1  538      8.381     -0.263      3.392
  -1 1033     18.496     17.601     12.083
1061  687    -13.564    -11.844      6.937
 410   -2     -1.909     -5.478     12.064
  -1 1199     -7.349     -5.405      7.283
  -1   -2     13.663      0.448     10.864
  -1   -2    -19.362    -15.380     10.710
 941   -2      6.005     10.789      5.636
1286   70      5.955      1.441      9.614
  -1   -2     -9.956    -11.801      5.523
  -1 1001      5.900    -12.008     -5.529
  -1 1220     19.749     24.134     12.646
  -1   -2    -10.345    -20.789     12.842
1233 1042     24.584    -17.084      9.439
1208 1204     20.050    -25.375      9.646
  -1 1178    -17.513    -19.665      9.550
  -1   -2      3.205    -20.877     11.352
  -1 1227    -27.470    -13.488      7.044
  -1 1207     23.844     17.638     11.296
  -1  729     22.757    -19.487      6.921
  -1   -2    -15.268    -19.160     10.443
1182   -2     14.452    -23.508     12.036
1209  587     23.769     19.522      9.879
  -1  353     25.594     12.350     12.995
  -1 1210     22.159    -19.597     12.121
  -1 1034     -7.784    -20.548     10.186
1216   -2      8.087    -20.781      9.839
  -1   -2    -15.715    -20.997      9.387
  -1   -2      8.469    -16.877      5.933
1218   -2     27.368    -22.985     10.376
  -1 1228      5.219    -23.552      8.318
1214 1062      9.534    -18.811     12.163
  -1  919    -12.024    -19.143     11.454
1224  855     27.870    -15.778     11.745
  -1   -2     16.233    -19.901     11.862
  -1 1219    -26.829    -10.003     11.227
  -1 1209     14.476     27.467      1.104
1204   -2     17.944    -20.071     10.661
  -1   -2      6.066    -22.057     10.375
  -1 1216     -2.474    -24.164      8.298
1225   -2    -23.638    -13.999      6.413
  -1 1016      1.939    -18.320     10.082
   2    1     15.859      1.925     10.543
  -1   34     16.237      3.956     -7.980
  -1 1251     15.044     15.381      2.865
 800 1285     -3.411      3.630     11.074
  -1   -2      0.038      1.156      8.911
  64  168    -12.939     -1.859     -3.258
 174   -2      7.477     -8.782     10.552
1244 1300     11.122     -4.466      2.935
  -1   -2      3.545      6.214     -5.547
 258 1238     15.620      2.477     -1.753
  -1   -2    -10.762     16.591      8.576
 343   23      1.075      1.422     -0.245
 168 1252     16.597      5.317     -6.924
  11   57     13.691     11.747     -5.276
  75 1244     13.628      8.631     -4.168
  93  104     13.569     -2.580      1.485
  -1   -2     -0.945     -7.172      6.236
 608   -2     23.422      4.896      5.413
1084 1172     -9.933     -2.499      6.673
1266 1304      8.973      9.804     -1.378
  -1   -2     15.664     12.136     -4.660
 279   -2      5.237      4.197     -4.441
 173   -2     -1.763     13.169      6.878
 234  319      5.527     -0.559      8.437
  91   -2     23.126      1.028     -3.268
  -1   25     -2.192     13.831      9.781
 589   20    -17.193     -3.408      5.928
 261   -2    -17.123      5.586     11.771
  -1  494     23.666     12.007      7.984
  -1 1274     25.509      1.966     10.237
 806  976    -12.573     -3.602      4.494
  -1   24      9.126     -3.009      0.170
  -1   -2    -16.022     10.427      3.608
  -1  646     18.085     15.932      2.789
  -1   -2     14.321     -6.507     11.286
1259   -2     23.508      5.454     -0.633
 390 1273      6.107     -7.503      1.053
1269  622    -13.408     -6.319     -2.597
  -1   -2     -1.107      0.303     -0.995
  -1 1236     13.060      1.625     -1.724
  -1 1272     -7.295     -9.024     10.200
  -1  684     -7.335    -11.576      5.596
  -1  875     -8.526    -13.044      9.371
  23   -2      2.576     11.488     10.590
  -1  942     -1.644     18.711      5.508
  -1  549     23.495      9.024      6.604
  -1  668     22.678      9.557     -2.261
  -1  754      5.445    -10.546     -0.154
1150 1052      2.454    -14.062      9.272
 422 1218     24.195     16.090     11.155
  -1   -2     20.250      7.086      5.270
 735  393      6.371     -9.126      1.076
1285   -2    -12.052    -16.244      7.543
1281  580      6.753     12.325     11.831
 831   -2    -19.474     -1.740      2.388
  -1 1111    -11.968     10.509      0.327
 636   -2    -19.591      4.089      7.446
 487  209     21.239     -4.956      2.753
  -1 1043     12.999     -8.862     11.641
 417 1276     11.285      8.119     -1.055
  -1   -2     15.648    -11.806    -10.839
  -1   -2    -10.762     16.591      8.576
 982  404     15.115     15.408      2.745
 232  934    -15.686     13.586      6.356
  -1   -2     16.237      3.956     -7.980
  -1   -2     15.648    -11.806    -10.839
1294 1307     12.999     -8.862     11.641
  -1   -2      3.466      2.406      3.860
  -1   -2     18.295      1.642      6.269
1297 1308     15.648    -11.806    -10.839
  48   -2     16.237      3.956     -7.980
  -1   -2     18.295      1.642      6.269
  -1   -2      3.466      2.406      3.860
  -1   -2      3.466      2.406      3.860
1239 1298      3.466      2.406      3.860
1250   -2     15.967      0.432     -4.695
1246  228     13.298     -2.890     -4.581
1307   -2      5.989     -4.655     -7.853
