1278
   1    15.739     1.969    10.557  569  903  892  830
   2     0.720    10.683    10.634  283  371  431  494
   3    12.760    -8.847    11.951 1065 1416 1384 1519
   4    25.685    -6.696    15.210  974 1419 1277 1147
   5     1.047    12.861    -4.625   55   34  567  683
   6     4.511    -6.093    12.586  984 1298 1221 1448
   7     6.697   -10.111     1.477 1004 1335 1519 1798
   8    -6.220    -2.056     8.852  796  992 1035 1409
   9   -19.515     2.898    14.958  689  747  617 1137
  10   -12.327    14.902    10.950  142  106  213  396
  11    10.161    12.812    13.673  206  335  322  199
  12     0.020    12.852    15.254  247  322  262  282
  13   -18.197     2.169     6.284  595  649  826 1342
  14     2.598    10.289     4.536  218  298  546  613
  15     8.847    -0.350    14.828  745 1065  908  971
  16     0.911    -0.023     3.842  606  823 1052 1296
  17    24.172    -2.188     7.922  681 1143 1185 1034
  18    12.455     5.337     2.906  376  557  838  837
  19    -1.941     9.764     7.369  284  357  506  646
  20     7.030     7.794     6.697  341  500  631  649
  21   -10.920    -0.396     0.531  611  738 1095 1537
  22    -9.331    -2.036     8.435  784  975 1050 1454
  23    15.766    -3.329     4.560  722 1102 1266 1286
  24   -12.431    12.948    13.533  255  243  246  458
  25   -19.401     0.754    14.297  779  850  733 1270
  26   -11.312    -4.296     8.777  903 1098 1147 1591
  27    15.620    -2.045     2.214  624  997 1239 1275
  28    20.430     7.495    -7.341  146  338  958  824
  29    16.533    -8.035     6.529  952 1346 1429 1535
  30    -3.655     2.476    11.249  604  774  764 1038
  31    27.698    11.928    11.422  165  421  461  127
  32    -0.471    -9.861    13.849 1148 1423 1354 1677
  33   -11.370    -1.191    10.810  791  954  947 1370
  34    -8.485    13.844    -1.228   71    3  456  667
  35    20.530    -0.935    11.913  702 1117 1023  921
  36    18.658     1.940     5.586  517  819  989  902
  37   -14.828    10.321     6.293  285  264  458  806
  38     0.278    -4.472     8.814  880 1164 1195 1487
  39    -8.995     5.982     4.689  420  496  684 1017
  40    -4.847    13.631     6.395  130  121  355  478
  41    -4.984    14.850     5.313   86   46  305  440
  42   -16.468     1.975     9.108  636  707  781 1266
  43    -2.893     4.234    15.107  577  750  618  833
  44     5.507     0.063    -4.613  501  672 1225 1424
  45    -3.521    -0.349     8.105  693  891  988 1272
  46     0.659    -0.558    11.091  740  973  954 1166
  47    16.844   -16.764     9.589 1273 1497 1621 1847
  48   -13.930    -0.949     2.868  675  788 1060 1554
  49     4.991     9.260     3.388  241  345  605  686
  50     6.963    -9.630     6.395 1048 1373 1454 1715
  51    -8.817    -2.514     9.391  830 1025 1042 1467
  52    23.295    -3.551    11.897  808 1247 1169 1052
  53    18.073     1.934    13.195  594  960  853  732
  54     8.276     8.914     1.973  229  353  656  674
  55    21.410    10.659     4.215  155  346  594  369
  56    18.279    -0.296    14.317  713 1111  943  845
  57     7.008    13.070    -1.583   66   81  542  520
  58   -12.448     1.263     9.219  660  773  840 1269
  59    12.526    10.071    12.274  297  480  475  342
  60    18.594     4.686     2.646  375  604  920  810
  61     5.345     0.467    10.462  650  938  934 1065
  62     4.623     0.510    14.204  711  993  868  976
  63   -17.517    -1.660     9.258  825  930  975 1508
  64    13.715     5.377     8.640  430  639  727  691
  65   -10.350     8.960    -4.906  195  183  708 1062
  66     7.341    17.886    15.024   57   86  113   51
  67   -16.998    -3.364     4.735  828  948 1151 1672
  68   -10.503    -2.263    11.658  857 1035  984 1411
  69    -7.835    16.598     8.477   69    6  188  302
  70     0.198     5.577    -4.633  302  400  930 1155
  71    13.699     3.798     5.317  453  668  887  852
  72     1.886     9.543    12.163  347  464  459  500
  73    22.293    -5.638    -1.538  724 1148 1445 1513
  74    17.211    -1.015     8.959  671 1045 1073 1035
  75    15.731   -10.824     4.314 1035 1413 1529 1728
  76     2.837     6.782    13.063  459  596  558  634
  77    15.600     4.318     3.599  411  625  897  847
  78    -0.895    -1.025    11.673  762 1012  950 1211
  79    -2.928    -2.585    -0.126  680  882 1241 1576
  80    14.237    -0.256    -6.244  477  718 1287 1374
  81    -3.119    -3.672    11.157  886 1144 1094 1422
  82    -4.921    -1.268     7.261  731  942 1022 1384
  83    -6.890    -3.497     9.574  873 1089 1105 1486
  84    17.852    14.626    -2.783    8   25  527  343
  85    -2.472    14.593     4.832   88   66  339  417
  86    18.864     9.672    13.091  309  525  505  274
  87    -9.050     0.993     8.322  651  782  894 1253
  88    -5.504     8.013    -7.549  183  206  832 1138
  89     9.566    -2.945    -0.127  655  968 1305 1470
  90    17.027    -1.923     9.522  720 1122 1114 1067
  91    20.665     4.459     2.584  382  623  929  794
  92   -13.565    11.620     6.520  231  207  411  693
  93     7.145     5.628     8.440  441  597  681  752
  94     7.251     9.321     5.726  260  378  583  601
  95   -12.379    -7.379    12.836 1095 1289 1220 1688
  96    21.601    -6.138    11.550  915 1344 1293 1250
  97   -21.869     2.975    15.176  699  736  601 1158
  98     0.752     2.801     6.335  532  686  879 1055
  99    -2.044    13.180     7.594  145  177  368  445
 100    10.456    12.738     7.630  140  248  424  326
 101    -6.251    -4.917    12.566  972 1200 1127 1500
 102    22.247     7.051    13.902  406  679  597  363
 103     7.004    13.994     9.346  124  199  325  254
 104   -10.443    10.069     8.861  320  324  455  695
 105   -11.181    -5.437     9.377  960 1169 1201 1639
 106    10.310    -3.689     2.033  718 1053 1300 1459
 107    10.844    -4.046    14.684  908 1258 1100 1174
 108    11.900     6.344    13.085  447  648  609  550
 109    13.709     5.643    12.996  476  700  637  566
 110     1.532     7.907     5.907  338  453  610  737
 111    16.693    -6.492     5.979  871 1281 1383 1463
 112    14.079    -1.208    -0.779  561  868 1242 1318
 113    -4.257     4.834     4.971  452  550  755 1041
 114    12.413     2.627    -0.292  440  630 1037 1087
 115    25.625    -5.223     5.715  785 1251 1341 1276
 116    12.316    -0.377     3.791  590  913 1121 1169
 117     7.421     1.918    13.143  623  904  804  876
 118     6.699    -8.432    10.095 1045 1369 1371 1596
 119   -16.883     4.003     1.314  472  505  835 1328
 120     9.946    -8.770     0.469  923 1265 1502 1745
 121   -12.534    -3.727     2.215  797  957 1228 1687
 122     7.259     5.049     9.488  469  635  710  770
 123    -7.247     2.277     6.398  565  687  866 1194
 124    18.025     9.914    -7.380   87  197  807  705
 125    14.941     2.938    -6.774  350  545 1157 1177
 126    -7.367    11.548    14.952  326  351  291  452
 127    13.731     2.826    13.617  568  894  771  735
 128     6.900    -3.152     6.914  770 1093 1186 1351
 129     6.107     0.502    -1.422  514  716 1142 1334
 130   -10.358    -3.830    -1.666  738  901 1303 1729
 131     3.613     8.736    14.269  389  527  472  488
 132    13.805    14.570    12.350  126  232  278  134
 133     7.534     2.497    13.333  607  865  774  832
 134    12.559    11.745     8.034  167  327  470  339
 135     6.023     9.871     7.977  265  391  519  532
 136     9.115     8.877    -1.248  190  305  715  755
 137    23.576     0.449     7.842  576  970 1038  884
 138     0.921    -4.256    -3.365  703  945 1375 1692
 139    17.260     8.340    -2.189  173  362  795  699
 140    23.755     3.303     3.220  424  724  986  807
 141    23.900    10.987    12.144  224  483  477  178
 142     7.226     6.920     0.233  304  428  788  860
 143    13.410     9.518    -7.927   92  192  844  813
 144   -13.825    12.357     8.386  220  190  336  620
 145     7.703    -0.212    -0.493  539  793 1172 1325
 146    17.808    12.594     7.236  132  280  464  250
 147    18.121     5.902    -4.030  259  463  964  881
 148     7.854     0.708    13.824  688  988  865  940
 149   -13.882     0.121     2.567  625  720 1008 1511
 150    -2.289     2.320     6.501  555  705  889 1130
 151    27.126     2.611    13.950  558  974  831  565
 152    20.571     6.473     6.852  359  583  747  564
 153     2.502     0.176    12.734  712  984  904 1054
 154    13.910     0.454    -5.327  455  680 1251 1306
 155    11.387    11.405     6.271  174  302  502  409
 156    18.741     2.073    -7.137  369  588 1212 1205
 157    -2.667    15.129     8.486   98   91  261  324
 158    10.788    -6.672    11.200  976 1329 1285 1441
 159    12.450     5.885    -1.856  307  473  911  900
 160    18.189     0.819    13.071  634 1027  912  815
 161    -9.047     2.349    11.030  622  763  759 1108
 162    12.591    14.028     3.105   67  113  451  323
 163   -12.535    -4.734    -6.509  721  841 1405 1831
 164     7.975    -1.429    13.018  781 1094  991 1098
 165   -17.438     0.426    -0.033  587  633 1033 1571
 166     6.605    -0.416     0.627  566  812 1166 1312
 167    21.212    14.944     1.850   18   82  462  197
 168     7.036     3.025     2.072  461  627  963 1075
 169    11.833    12.771    14.417  210  373  308  176
 170    -4.535    -0.818    10.423  747  961  956 1265
 171    16.681     0.867    -2.808  470  728 1181 1195
 172   -15.831     9.507    13.585  399  424  373  706
 173   -19.758    -3.395    11.184  920 1046 1020 1585
 174   -13.126     1.405     4.241  582  669  932 1387
 175     5.628    -0.171     4.653  605  872 1071 1223
 176    18.488    -6.395     2.288  818 1222 1421 1522
 177    19.575    11.947     8.867  160  349  471  226
 178     9.978    -0.906    -9.346  478  670 1348 1528
 179    16.877    -0.575    -7.638  462  713 1332 1404
 180   -18.878     6.978    12.249  495  512  495  925
 181    11.731    -0.564     7.179  639  969 1068 1107
 182    15.999     6.493    -2.610  256  451  899  836
 183    -3.946    14.289    13.734  181  201  222  280
 184    20.183    -3.336    14.237  840 1254 1108 1027
 185    20.438     1.651    15.069  619 1017  842  684
 186    25.560     3.268     8.188  480  826  901  662
 187     8.584    -2.534    13.144  827 1168 1039 1151
 188    15.113     9.710    -9.271   78  174  857  818
 189    22.303     3.807     8.256  468  770  859  679
 190    -9.579    13.960    -0.070   76   17  423  645
 191     8.122   -11.671    -4.422  985 1322 1609 1885
 192    -4.909    -4.268    10.952  904 1166 1123 1485
 193    14.635    -5.334     5.678  832 1201 1326 1437
 194   -12.502    11.593    10.534  281  267  344  609
 195    22.906    -3.484    13.723  833 1269 1132 1014
 196     8.616    -3.940     9.567  844 1174 1189 1319
 197     0.296     7.186    -4.781  237  311  849 1047
 198     5.052     6.339     7.134  404  542  667  779
 199     1.433    12.093     4.075  144  194  479  528
 200    -6.487    10.610    14.707  353  396  342  498
 201    26.328     3.027     6.161  460  811  961  714
 202    11.293    14.324     3.271   62  103  437  303
 203   -17.744    12.027    12.234  305  253  267  600
 204    -5.436    12.260     8.872  205  238  376  516
 205     6.494     2.619    13.043  601  852  752  856
 206    -7.695    13.500     5.103  133  109  365  541
 207    14.672     3.194     9.641  519  790  827  800
 208    12.275    -3.604    12.813  854 1217 1124 1179
 209    21.430     0.422     0.086  499  825 1182 1092
 210    18.496    -4.051     0.500  695 1083 1357 1408
 211    23.173    -5.694     4.053  801 1233 1389 1388
 212     5.137    -3.944     1.372  736 1032 1309 1551
 213     4.799     5.657    -8.609  245  342 1010 1181
 214    19.323    15.478     3.434   21   73  406  175
 215    17.084    17.966     8.666    6   28  214   54
 216    15.212    -0.127    -1.067  521  808 1205 1239
 217     4.019    -9.538    13.087 1130 1422 1359 1630
 218   -17.762    -7.412    10.283 1077 1243 1250 1764
 219    -5.116   -12.889     5.883 1169 1427 1536 1889
 220    19.223    -0.179    11.475  662 1051 1001  890
 221    -2.652    10.171     3.927  221  284  539  716
 222     7.015    13.786     0.378   63   75  489  447
 223    24.603     9.261     7.176  239  490  615  346
 224    22.514     3.504    11.255  504  846  821  621
 225    19.487    -4.045    14.014  865 1283 1145 1097
 226    22.620    -1.810    10.842  717 1158 1110  958
 227   -14.744     2.468     9.209  614  697  754 1222
 228     6.482     0.204     8.108  633  900  995 1123
 229    -4.219     0.445     5.876  628  796  983 1278
 230    22.932     9.106     9.406  280  519  582  325
 231   -10.995    10.856    -1.014  161  135  561  873
 232    19.844    -2.095     0.502  596  987 1282 1255
 233    19.507     7.489    11.851  373  608  606  401
 234    -0.772     2.809     7.827  552  711  839 1042
 235    20.684    -6.559     3.935  838 1270 1419 1469
 236    17.491    11.489     7.404  164  339  500  296
 237    18.899     3.614    -2.686  361  577 1057  993
 238     5.198    -2.404    -2.249  621  873 1296 1531
 239     1.706    11.807     9.992  223  301  410  416
 240    -6.849    10.761    10.440  296  326  400  589
 241    24.408     6.618    11.143  392  650  662  420
 242   -14.162     3.507    10.605  589  656  669 1118
 243    -8.438    -5.208    10.576  954 1181 1171 1568
 244     9.574    10.600     4.931  196  313  543  509
 245   -16.880    -6.265    12.537 1057 1223 1156 1676
 246    23.536    12.119    12.950  191  422  417  130
 247    12.251    -2.462     2.807  661 1010 1238 1338
 248    -6.902    -1.629    14.909  851 1080  919 1238
 249     2.640    11.114    -6.168   83  107  668  805
 250   -19.013    -4.004     4.871  869  977 1168 1720
 251    12.412    -0.769    11.967  719 1052  990 1022
 252     9.101     6.132    12.093  450  646  619  607
 253    21.495    14.196    15.048  143  331  286   63
 254    19.647     3.896    -2.420  352  580 1040  946
 255     4.915    -6.250    12.023  983 1293 1234 1472
 256    19.865    -7.410    14.342 1009 1414 1313 1282
 257    20.202    12.153     6.149  129  297  503  263
 258   -14.168    13.257     7.893  187  129  306  571
 259     4.321    15.468     0.975   20    7  390  370
 260    26.316    -0.213     8.537  603 1037 1070  874
 261    19.844     5.074     1.494  354  564  923  780
 262    -4.288    -2.920     1.264  723  933 1230 1574
 263    21.407     2.267     9.771  534  897  913  747
 264   -14.417     5.251    -5.345  343  354  909 1363
 265    23.830     8.874    13.907  342  581  524  252
 266    -8.396    -1.655    -0.104  644  810 1174 1599
 267    -1.970     3.364     9.233  548  704  769  987
 268   -11.018    14.186     6.734  123   79  297  511
 269    25.421     8.274     9.510  314  558  624  344
 270     3.294    -3.566    11.050  858 1160 1115 1337
 271   -15.153   -11.098     0.793 1090 1288 1517 1911
 272     2.404     4.958     4.513  423  566  792  945
 273     5.505    11.413    14.634  293  409  356  306
 274    -0.142     0.804     5.676  591  807  987 1215
 275    16.673   -11.580    -8.705  900 1301 1641 1877
 276    10.614    11.288    -8.218   52   83  729  736
 277    21.603     9.623    -5.374  105  261  814  628
 278   -14.483     9.704    -0.662  216  200  586  986
 279   -13.234    -0.831    11.085  786  944  916 1362
 280    22.782     7.435     0.791  233  476  808  624
 281    -4.121     4.996     0.081  388  498  864 1142
 282   -13.909    -9.416    12.829 1160 1360 1311 1772
 283    10.929    -5.577     9.604  898 1262 1269 1396
 284    11.345     3.298    11.084  545  798  786  783
 285    -6.349    14.298     5.734  110   77  320  480
 286    19.389    16.604     4.065    5   40  332  123
 287    13.428     5.256    -7.019  264  430 1029 1049
 288    12.007     1.531    10.345  588  911  906  911
 289     2.640    -1.653     5.605  692  963 1117 1346
 290     0.418    -1.391     5.388  685  941 1089 1353
 291    22.255    -6.205    14.880  955 1394 1255 1164
 292    10.492    -3.552    13.062  864 1210 1101 1201
 293    10.106    -5.797     2.899  826 1172 1381 1559
 294     9.500    15.411     3.161   29   50  381  277
 295    13.619     4.353    11.073  496  762  740  673
 296    10.269     2.019    13.322  616  931  803  826
 297    13.823    -6.090    -7.024  690 1040 1505 1718
 298    21.376     7.408     1.979  253  497  783  618
 299     3.405     0.491    14.132  716  994  861  992
 300     7.313    11.572    14.352  274  405  350  288
 301   -16.554     4.872    -5.049  374  367  903 1414
 302   -14.988     7.171    -0.082  332  329  688 1150
 303    25.533    12.305    12.522  179  416  413  118
 304   -11.152    10.550    -5.566  128   90  639 1006
 305     4.336    12.015    11.622  228  320  375  347
 306    11.080     5.149    12.565  487  726  655  642
 307    22.867    -4.266     1.158  697 1123 1370 1348
 308    -7.168     7.837    -8.740  185  188  871 1189
 309     0.836   -21.232    14.863 1445 1523 1661 1932
 310     9.202     0.845    -1.546  497  719 1136 1257
 311    25.328     3.463     3.262  417  703  980  789
 312    13.293    -8.068     6.021  947 1327 1425 1590
 313    -9.555    -5.696     5.468  916 1130 1268 1709
 314   -18.704     5.098     3.888  467  491  719 1218
 315    20.137    -3.975    -1.465  647 1042 1394 1430
 316    -9.925    16.082    11.709  117   65  159  287
 317     4.583     8.721    10.625  356  486  526  553
 318    -8.377    -9.808    -9.909  882 1103 1586 1924
 319     3.205     4.069     9.931  516  691  736  866
 320    19.937     1.474    11.401  585  965  910  781
 321    26.660     8.139    12.435  340  609  592  278
 322    11.390     2.044    13.108  615  920  819  814
 323    -2.164    -2.414     7.083  776 1013 1111 1406
 324     5.555    14.878     9.544  102  150  289  220
 325    -2.040    -6.686    -9.427  732  981 1514 1859
 326   -19.276    -2.995     8.769  867 1003 1047 1601
 327   -14.379   -12.283    13.014 1241 1443 1427 1857
 328     4.521    -2.945    14.042  868 1178 1031 1190
 329   -17.176     0.403    13.140  766  874  779 1300
 330   -12.659    16.878    14.774  120   70   96  223
 331   -12.073    -4.408    -4.513  725  870 1367 1795
 332   -10.723     0.510    10.319  704  848  876 1256
 333    -8.890     4.991    -5.706  345  384  940 1307
 334    21.084     4.553    12.722  494  801  726  552
 335    24.486    13.620    12.053  131  315  360   98
 336    -0.975    12.758    -5.972   46   14  587  743
 337   -13.793    14.541     4.300  103   30  301  584
 338    -2.559     7.392     3.799  348  427  659  868
 339    -5.416    -5.526    11.768  975 1224 1178 1540
 340   -10.731    -2.227    -6.366  600  722 1310 1731
 341     6.537     5.306     3.035  387  540  820  914
 342   -12.054     5.512    -5.958  328  321  918 1336
 343   -13.379     0.976     9.291  667  797  850 1297
 344     0.589     5.956    -1.420  334  437  862 1037
 345   -13.825     4.712     0.440  429  472  818 1264
 346    17.921     8.471    10.242  325  538  574  418
 347    19.780    12.337     4.217  113  249  525  298
 348    10.462    17.637    10.387   30   42  183   84
 349    18.295     7.671    -2.844  203  393  858  729
 350    23.497     6.666     1.705  278  529  836  638
 351    -1.540    16.905    12.869   81   69  145  160
 352    13.262    -6.832     4.788  881 1261 1409 1539
 353    22.661     8.993    13.314  335  563  535  256
 354    15.886    -7.550     9.949  973 1364 1349 1464
 355    19.140    -9.138     0.647  907 1339 1520 1690
 356    14.416    17.538     9.866   23   51  204   71
 357   -16.955    10.621     8.118  303  271  408  759
 358    24.926    10.700     5.147  158  375  584  311
 359    10.379    -3.352    -8.258  567  839 1428 1645
 360    15.550    10.803     9.990  232  420  488  305
 361   -14.302    -2.564     4.620  774  927 1126 1613
 362   -21.483    -3.325    13.603  956 1070  962 1564
 363   -16.302     4.065    -4.264  407  415  933 1452
 364    16.035     9.247    11.530  316  520  528  359
 365    14.526    -1.521    -9.589  491  731 1399 1512
 366    21.888    -1.605     9.073  684 1120 1120 1004
 367     4.959   -12.187     8.845 1157 1452 1504 1797
 368    17.018     6.971    -1.707  243  445  856  773
 369     5.747    -1.955     5.538  701  998 1152 1302
 370     7.999    -4.182    13.352  895 1242 1131 1247
 371    15.299     9.929     7.745  249  417  553  402
 372   -16.800    14.228    15.009  234  178  156  405
 373    13.288    11.291    14.369  267  443  396  229
 374    15.278    15.376     7.307   59  117  334  157
 375     6.160     4.227    -6.503  324  474 1053 1187
 376    23.161    -1.810     7.083  664 1097 1176 1039
 377    16.266    15.212     0.770   12   54  442  257
 378    -1.306    -4.971    -1.234  763 1020 1360 1711
 379     8.505     3.337     3.464  464  643  922 1007
 380     4.253     0.670    12.171  676  952  877 1030
 381   -10.301    12.957    -0.279  104   45  478  720
 382    25.005     1.359    12.854  592 1016  921  698
 383    13.240     3.012    13.394  562  858  776  724
 384    13.577   -12.310    -5.456  986 1350 1633 1880
 385    -2.307     7.939     9.781  383  494  554  701
 386    12.536    -2.143    11.248  759 1134 1072 1111
 387    -4.141    -7.877     9.797 1047 1304 1324 1681
 388    18.824    -0.519    -6.843  471  740 1330 1345
 389    13.484    -3.275    -9.356  550  844 1438 1620
 390   -16.306    -2.017    10.915  848  995  965 1483
 391     6.516    13.081    12.579  188  295  310  242
 392    -2.557    14.581    11.824  147  163  234  283
 393    17.839    12.191    -0.899   74  181  590  433
 394    -5.022    -2.516     8.562  812 1026 1066 1425
 395     2.581    10.106     1.332  193  275  593  692
 396     6.529    -8.768     2.790  959 1290 1466 1738
 397    14.800    -2.441    14.429  821 1198 1049 1028
 398    -7.084     7.082     0.495  327  380  718 1024
 399   -17.163    13.733     9.209  186  112  251  562
 400    12.659     7.112     9.966  384  575  633  554
 401    -5.001     9.989    14.506  363  448  386  502
 402   -14.140    -1.398     7.452  758  884 1005 1502
 403    13.264    10.864    -0.877  122  224  638  559
 404    22.395     4.118     3.733  409  671  928  760
 405    -3.541    -3.195     6.950  802 1044 1160 1482
 406    22.272    -1.584     5.895  642 1054 1177 1069
 407    -6.117    -7.143    14.542 1078 1336 1203 1589
 408     1.491    -0.197     6.694  638  885 1013 1245
 409    18.704     1.775    11.478  574  947  893  787
 410    13.788    16.812     7.124   22   43  276  116
 411    17.465    14.086    11.582  125  260  326  132
 412   -20.297     1.612    10.735  696  730  751 1309
 413   -13.881     1.324    13.549  727  835  731 1193
 414    23.448    13.430    12.674  141  336  362   93
 415    -4.651    -8.056    14.287 1111 1374 1258 1612
 416    15.081    -8.133    -5.167  814 1188 1546 1755
 417   -13.807    -6.096    13.290 1053 1239 1150 1619
 418   -18.858    11.997     9.484  258  210  327  668
 419    14.936   -11.042     7.132 1087 1436 1511 1702
 420    -5.939    -2.035    12.815  835 1071  972 1315
 421    -6.052    15.528     6.544   77   37  271  375
 422    22.759     6.162     5.531  351  601  785  579
 423    24.385    11.247     9.214  169  410  512  213
 424   -12.059    -7.429     4.031  981 1177 1362 1804
 425    15.971    18.107    12.044   25   59  154   42
 426    25.129     3.715     5.064  425  723  942  721
 427   -11.095    11.826     1.246  149  114  501  765
 428    15.729    -8.781     1.545  924 1306 1498 1678
 429   -15.151    -3.148     9.524  872 1029 1063 1553
 430    14.949    11.407    13.698  248  442  401  227
 431    24.914     0.592     9.994  597 1009 1000  819
 432    -0.335    16.515     9.567   73   39  202  207
 433    16.497   -15.920    11.881 1261 1498 1592 1813
 434    -2.212    -4.588     0.070  768 1015 1321 1679
 435    16.306     4.609     1.926  381  582  924  853
 436     7.358     8.135    -4.800  178  299  815  906
 437    12.238     5.684     9.353  428  632  701  661
 438     7.562   -10.297    -8.351  885 1209 1608 1888
 439     5.540    -8.149    -3.076  861 1187 1507 1791
 440    14.748     0.236    14.401  698 1069  900  869
 441    20.429     6.861    14.486  427  676  596  372
 442    -0.531    -4.169     4.844  823 1066 1236 1555
 443    11.044    10.903    -2.629  114  179  650  636
 444    -4.053     0.871    -9.596  439  530 1235 1600
 445    22.367    14.359    11.954  106  279  331   82
 446     2.581   -11.703     3.942 1108 1405 1534 1838
 447     7.493     8.116     0.350  236  376  732  777
 448    11.019     7.757    11.737  380  568  568  490
 449    21.891     9.257    -3.408  135  300  793  623
 450   -16.805     5.087    -1.705  408  401  816 1330
 451   -11.520     4.342    12.054   -1  645  627  998
 452    15.152     7.117    13.310  415  634  578   -1
 453    27.159    -6.895     8.966  901   -1 1382 1280
 454    -4.778    13.274     2.502  109   92   -1  582
 455     8.373    13.763    -5.700   13    8   -1  557
 456   -11.658     8.887    11.942  394  444   -1  727
 457     1.999     0.675    -7.555  449  592   -1 1498
 458    -9.581     8.971     7.331   -1  370  521  785
 459    20.427    -4.110    14.191  870   -1 1153 1070
 460   -12.887     6.307     8.120  448   -1  607  974
 461   -11.911     9.448     3.522  276  278   -1  880
 462    -8.709    -7.706     0.149  927 1154 1435   -1
 463    -9.486     5.937     0.876   -1  435  758 1129
 464    -2.725     0.470     4.511  610  779   -1 1284
 465     0.923    10.148     2.961   -1  282  564  678
 466    -0.783     1.639    13.358  672  875   -1  991
 467   -20.181     6.640     7.671   -1  455  571 1057
 468    10.457    -4.501    13.919  910 1274   -1 1231
 469    -5.608    11.548     3.915  172  198   -1  659
 470    16.655    11.001     0.871   -1  272  612  482
 471    -1.538     5.828    -6.845  273  343  948   -1
 472   -20.602    -1.760     7.552   -1  877  999 1580
 473   -10.551    -4.549     3.814   -1 1034 1245 1685
 474    12.065     8.666     0.958  215   -1  702  670
 475   -16.003    12.305    -4.496   95   12   -1  931
 476    -7.239    -6.366    13.497 1032 1282 1191   -1
 477    15.917     7.137     8.949   -1  574  645  536
 478     1.914     7.627    13.946  436  562   -1  574
 479   -14.680     2.866    -2.453   -1  523  978 1451
 480     0.309     5.591    13.705  511   -1  589  725
 481     7.870     9.973    12.703  323  468   -1  392
 482     5.796    -5.884     9.703  929   -1 1263 1481
 483   -10.825     9.254     2.259   -1  281  575  899
 484    -6.884     1.051     0.815  546  667   -1 1393
 485     7.095    10.070    14.248   -1  489  425  367
 486     5.478     8.917     7.824  321   -1  556  590
 487    -1.454    -0.933     4.976  668  881   -1 1359
 488    10.324     3.430    11.235  538   -1  773  791
 489    -9.715    -3.121    11.769  887 1091   -1 1457
 490   -12.134     7.158    14.386  493   -1  486  769
 491   -17.996     5.201     8.036  506  533   -1 1110
 492    21.630    -1.508    10.743  709   -1 1080  967
 493    13.846    -9.760     8.422 1060 1412   -1 1628
 494    -3.863     3.906     7.214  512  622  768   -1
 495     8.646    -0.881     5.776   -1  956 1086 1212
 496    18.549    14.148    15.060  151  314  275   -1
 497    25.087     5.282    10.763  435   -1  738  496
 498    12.403    -7.547     2.417  883 1260   -1 1642
 499    24.749     3.163    11.963  526   -1  828  598
 500   -12.616     9.562     4.610  289  289   -1  854
 501     1.468    11.019    11.414   -1  368  407  448
 502    -5.465     6.836    14.264  490   -1  515  713
 503     9.188     9.916     5.206  226   -1  565  543
 504    19.619   -15.489    11.353 1238   -1 1591 1780
 505    11.434    -6.035     4.991  859   -1 1351 1518
 506     7.372     3.181     5.703   -1  688  886  973
 507   -13.581    -8.384     6.280 1054   -1 1365 1815
 508    24.736    -5.645     4.504  793 1248 1392   -1
 509    -2.953    -3.975     7.816   -1 1105 1173 1509
 510    -8.147    15.578    10.887  119   84  193   -1
 511    16.010   -11.798     5.242 1092 1439 1555   -1
 512    -1.038    11.590    -8.600   61   -1  677  879
 513   -15.710    -5.348    -3.003  807  943   -1 1829
 514     3.857    11.418    -9.981   47   35   -1  859
 515     5.237     6.876     1.595   -1  449  753  858
 516   -12.995    -9.503    -1.824  994 1186   -1 1904
 517    -8.757    -1.915    13.819   -1 1062  939 1304
 518    -1.328    -6.386     6.055  918 1205 1319   -1
 519     7.048    11.481     8.530  207  316   -1  403
 520    13.431     3.284    -5.281   -1  543 1104 1140
 521    26.712     9.192    15.002  330   -1  513  186
 522    -8.287     1.950     2.989  549  640   -1 1287
 523    -4.252     4.635     9.296   -1  612  680  951
 524     2.040     5.569    10.991  479  617  636   -1
 525   -10.077    13.591     5.656   -1  100  345  558
 526   -12.018     3.161    12.153   -1  709  678 1079
 527     0.961    13.075    10.224   -1  234  328  357
 528    -0.515     4.450     7.163   -1  611  756  948
 529     2.488     9.329    -3.247   -1  237  711  848
 530   -11.439    -5.178    14.442   -1 1221 1081 1536
 531    -7.512    -1.871     3.539  705   -1 1138 1521
 532    -5.570     9.669    -2.271   -1  203  643  910
 533     0.172     2.849    14.463   -1  828  692  896
 534    19.199    11.900    -4.718   -1  142  664  512
 535    -7.983    11.472     0.113   -1  137  537  767
 536   -17.640     5.998     5.121   -1  469  641 1135
 537   -19.842     4.380     7.922  542  553   -1 1192
 538    10.432    -8.469    10.985 1046 1389   -1 1549
 539   -13.375    -1.001    14.388  847 1002   -1 1291
 540   -13.138     9.673     2.531  261   -1  550  895
 541    11.524     3.005    -0.397  431  606   -1 1077
 542    -1.075     2.617    -8.288   -1  503 1146 1421
 543    -6.073    -1.915     2.413  687  878 1158   -1
 544   -19.192    -1.702     2.978   -1  817 1084 1644
 545    20.148     9.378    15.227   -1  569  483  240
 546     3.950   -13.787    -8.020 1036 1348 1673   -1
 547     5.627     3.013    13.003  583   -1  744  834
 548   -17.134    11.008    -3.641  150   71   -1 1001
 549   -17.845    -3.988     0.882  803  928   -1 1758
 550     5.458     4.361     8.239  484   -1  760  863
 551     4.702     2.428    -6.600  396  537   -1 1329
 552    15.492    -1.586     5.600  657   -1 1159 1176
 553    -9.994    13.640    12.763   -1  212  237  388
 554     5.597    11.837    -7.729   49   -1  675  744
 555    17.942   -13.850    12.214 1203   -1 1549 1722
 556    -6.037     5.588     0.668   -1  462  800 1102
 557   -17.233     3.795    12.667   -1  659  622 1085
 558    15.002    -6.953     9.467  945 1337 1336   -1
 559    -2.171     4.509    -6.553   -1  413 1011 1277
 560    12.705   -10.182     5.170 1030 1392   -1 1717
 561    24.007    -0.012    -1.297  503  831   -1 1120
 562     2.767     6.199    -1.075   -1  440  841  989
 563    26.003    -6.282     7.353  856 1321 1376   -1
 564    -1.956   -12.394     5.704 1154   -1 1530 1865
 565    22.550    17.787    14.531   -1  122  160   20
 566     6.315    10.196    -6.886   -1  146  746  840
 567    21.495     3.245    14.843  553  935  766   -1
 568    12.004    10.745    14.784  298  485   -1  266
 569    -1.843     5.624    -1.363   -1  441  867 1096
 570    -9.615    16.270    15.153  137  104   -1  215
 571    -2.225     9.176    -5.673  154  182   -1  979
 572    17.163   -10.470     7.780 1070 1432 1486   -1
 573    -3.714    -2.943     0.621   -1  922 1246 1595
 574    22.122     1.176    11.201   -1  989  946  768
 575   -12.414     7.263     3.746  365  394   -1 1016
 576     4.265    -5.412    -0.995  780   -1 1398 1669
 577    10.070     8.919    -4.120  153  276   -1  809
 578    11.505    12.039     2.927   -1  222  530  439
 579     1.881     0.086    -3.306   -1  693 1192 1440
 580    19.928   -17.033     6.790 1246 1492 1658   -1
 581     5.362    14.144     7.379  108  151   -1  308
 582    22.031    10.651    -8.843   45  144  823   -1
 583    11.160    -2.734     5.195  715   -1 1213 1299
 584     0.234    -5.264    14.812  989 1278   -1 1398
 585     0.898     2.205    -3.801   -1  571 1083 1327
 586   -17.050     2.800    10.819   -1  684  697 1196
 587    11.870     8.258     6.395  312   -1  623  585
 588     1.631    -5.154    13.617  969 1259   -1 1399
 589   -20.742     0.716     8.569   -1  759  854 1416
 590     6.977    -2.310    12.803   -1 1141 1030 1163
 591    11.427     8.713     0.364   -1  344  707  697
 592    -6.963    -1.800     0.694   -1  830 1183 1565
 593    26.658     6.205    11.881   -1  714  676  397
 594    10.199    -3.589    11.014   -1 1195 1141 1241
 595     6.337    15.258    13.908  127  205  216   -1
 596     0.955    12.326     8.232  180  246  398   -1
 597    -0.008    15.751    10.084   -1   93  224  238
 598   -11.798     0.866    13.148  742   -1  778 1203
 599    -4.893     6.733     9.984  443   -1  576  822
 600     0.877    -4.310    14.738  944   -1 1077 1321
 601    26.039    -5.918     9.243  876   -1 1328 1230
 602   -16.753    14.139     6.823   -1   64  281  583
 603    28.086    11.116    13.241   -1  502  469  128
 604    -0.822   -11.938     5.063 1137   -1 1525 1855
 605    -7.628    -8.395     8.461 1068 1294   -1 1749
 606    -1.833     5.648     2.974   -1  510  761 1000
 607    -3.426    13.819    10.542   -1  185  285  350
 608     0.636    -0.951     2.476  627  849   -1 1386
 609    20.004     2.446     3.259  466   -1 1016  901
 610    14.514    13.415    -6.240   11   26  613   -1
 611    -7.493     3.926    -5.243   -1  446  997 1360
 612    17.145    -5.848     2.193  805 1194   -1 1499
 613     2.073     8.113     9.622   -1  509  557  635
 614   -17.984     7.550     3.791  371  359   -1 1068
 615    -6.200     1.506     5.199   -1  725  925 1261
 616    14.204    -5.092    11.648  892   -1 1222 1267
 617     4.063    -7.031    12.651 1022 1338 1259   -1
 618   -20.248    -8.349    13.405   -1 1317 1231 1771
 619     7.101     3.694     6.648   -1  681  833  918
 620     9.949    10.649    14.003  295   -1  418  313
 621    -4.061   -11.471    -3.956 1014 1280 1587   -1
 622    23.794     9.598    -5.859  101  257  825   -1
 623    19.944    12.920    10.170   -1  309  405  172
 624   -19.152    -6.587    10.754   -1 1208 1196 1736
 625    13.261    15.970    12.746   -1  167  223   85
 626    17.328     5.470    14.098  481  755   -1  513
 627   -20.493    -7.082     7.959   -1 1189 1260 1794
 628   -12.063    -2.804    12.591  897   -1  993 1444
 629    -5.733    -9.374     4.658 1051 1297   -1 1818
 630   -23.174   -11.170    11.463   -1 1388 1380 1882
 631    18.941    14.362     4.995   64  157   -1  192
 632   -21.217    -3.271    10.097   -1 1005 1018 1624
 633   -20.163    -3.349    12.361   -1 1067 1002 1560
 634   -14.790    15.532     5.672   -1    9  248  497
 635    14.241    12.995    12.691   -1  328  340  180
 636   -17.357     8.411    14.593   -1  477  403  762
 637    -3.288     6.855    14.293  485  579   -1  688
 638    13.683    16.859     8.772   31   -1  241  104
 639    16.874     5.520   -10.280  198   -1 1087 1071
 640    21.642    11.150    13.055  235  471  448   -1
 641     9.672     4.356    11.570  513  733  721   -1
 642    21.753    -3.268     2.272  666 1085 1306   -1
 643    17.581    -4.855    13.919  912   -1 1175 1168
 644    10.626    10.749    12.042   -1  418  446  330
 645    21.352    12.488    10.246   -1  340  433  174
 646    -7.894    12.037     9.086  230  241   -1  546
 647   -13.498     0.246    12.531  751  899   -1 1263
 648     5.846    -5.092    -5.541  691  976 1440   -1
 649     8.101    -8.566    13.805 1096 1410 1317   -1
 650   -14.865    -3.446    11.273   -1 1078 1027 1545
 651     4.743    -0.468     0.082  570  794   -1 1366
 652     6.808    -5.911     0.783  815 1136   -1 1634
 653   -13.394    12.227    12.083   -1  262  287  539
 654     3.166    17.876    11.833   39   27  144   -1
 655   -12.989    10.641    12.092  344  332   -1  633
 656     1.471    -4.281     3.836  809   -1 1270 1552
 657     5.963    -1.734    -8.499  520  732 1350   -1
 658    17.241    13.987     6.251   -1  191  422  209
 659    12.211    12.225     8.577   -1  306  444  293
 660    17.795     4.143    12.899   -1  818  737  599
 661     0.591     8.307     2.306  286  355  651   -1
 662    17.273    12.730    11.330  159   -1  395  179
 663   -14.485    -0.072    14.807  813   -1  790 1249
 664   -10.656    11.203     5.989  227  231   -1  696
 665   -19.192    -8.655     8.605   -1 1267 1329 1825
 666    -1.627    -7.372     7.328  980 1263   -1 1684
 667     9.545    -1.664    14.691   -1 1156  982 1040
 668   -11.267     9.811     3.419   -1  274  534  846
 669    22.516     1.826     2.735   -1  791 1062  928
 670    23.432    -0.266    10.031  629 1055 1041   -1
 671   -10.499   -13.430    -2.065 1133 1355   -1 1935
 672     1.564    -9.583     4.192 1021 1326   -1 1779
 673    25.940    13.048     8.418  116   -1  454  142
 674    13.836    -6.830    12.553  992 1353   -1 1380
 675     9.772    -6.074     9.550  925   -1 1284 1450
 676    27.930    -5.642    12.193  888   -1 1280 1116
 677   -12.594    13.889    -4.215   50   -1  482  790
 678   -10.376    -2.491     6.364   -1  964 1096 1534
 679    21.161     7.757    14.539  390  638  555   -1
 680    -3.574     6.778    -5.362  257  310   -1 1145
 681     1.675    11.058    14.696   -1  412  353  368
 682    -4.694    15.974     6.482   -1   21  253  331
 683     0.302    -3.951     6.125   -1 1099 1214 1501
 684    -9.057     7.634    -2.805   -1  296  742 1090
 685     2.674     2.625    -8.082  379  511   -1 1372
 686     9.309    14.946     9.781   -1  160  283  191
 687     6.250     5.642    14.618   -1  695  595  622
 688     8.688     2.360     8.939  554  816   -1  927
 689   -10.423    -7.364    13.584 1097 1309   -1 1656
 690    19.195    -1.538     7.566   -1 1058 1139 1081
 691    25.903     2.356     9.616   -1  916  935  677
 692    -1.337     0.251    13.898   -1  985  846 1083
 693    13.740     8.467   -10.138   -1  214  931  923
 694     4.017    -6.299    14.528 1018   -1 1198 1415
 695    20.469     7.520    11.306  367  600   -1  399
 696   -11.876    -7.652    -3.228   -1 1086 1456 1871
 697     0.480    -2.760     8.527   -1 1063 1106 1382
 698    13.359    -2.298    -2.652  586   -1 1320 1432
 699    10.962    -7.750     4.664  937 1284   -1 1617
 700    13.037     7.672    -9.738  136  263   -1  970
 701    12.459   -10.151     7.005 1061 1408   -1 1682
 702    11.806    17.537     7.195   -1   13  233  109
 703   -18.214    14.006     4.564   -1   36  315  647
 704   -19.342    12.034     7.420  240  168   -1  726
 705    -8.385   -11.151    -9.669  938 1176   -1 1934
 706    11.732    15.419     4.303   34   -1  369  231
 707    21.735    -6.697     6.419  875 1314   -1 1397
 708     4.609    -9.953     3.057   -1 1341 1495 1787
 709    12.709    10.045     7.705   -1  408  547  431
 710     7.192    -9.679    12.698 1119 1429 1387   -1
 711     2.182    11.905     4.253   -1  215  493  523
 712     6.193    -2.327    15.083  853   -1  992 1119
 713    22.284     1.722    14.320  612   -1  869  657
 714   -12.824     3.559    -3.095   -1  482  951 1403
 715    -6.665   -10.369    10.871 1150 1398   -1 1785
 716     4.484    10.145    -9.926   80   99   -1  926
 717    13.507     5.502    -3.969   -1  466  971  968
 718    24.840    -8.741     9.336  990   -1 1434 1427
 719     0.909    -9.290    -0.090  957 1257   -1 1821
 720   -15.351     1.139    -2.690   -1  572 1054 1566
 721    12.528     6.869    -2.859  246  406   -1  867
 722    -0.180    14.871     3.508   -1   49  359  408
 723    -1.784    -6.494    -3.702   -1 1056 1443 1792
 724    -0.597     0.596     7.720  635  842   -1 1186
 725    27.830     2.149    14.820  581   -1  843  561
 726    10.386    -7.810    10.693 1012 1359   -1 1515
 727    18.887    -4.934     8.405  839 1246 1274   -1
 728    19.674   -14.033    12.261 1215 1486 1554   -1
 729    -1.425   -13.757    12.708 1251   -1 1494 1835
 730    -0.718    -7.079    13.120 1052 1325   -1 1558
 731    22.847     3.337    14.662  540   -1  772  551
 732    27.070    -4.137    13.552   -1 1308 1193  997
 733    -3.764    -1.609    14.412   -1 1084  927 1221
 734     3.663     6.102    -3.782   -1  398  898 1051
 735   -14.972     3.918     1.063   -1  515  847 1305
 736     1.169    15.143     8.946   -1   97  269  272
 737    29.223     6.310    12.741  405  744  666   -1
 738    20.519    -5.832     8.687  878 1292 1318   -1
 739   -20.749   -10.200     8.755   -1 1324 1391 1872
 740    -5.870    -0.778     4.510  670  838 1051   -1
 741    11.762    13.469    10.177   -1  270  357  214
 742    -2.618   -11.355     1.942   -1 1347 1537 1874
 743   -15.200    10.984    10.245  310  288   -1  669
 744    -0.523    11.638    11.430  252   -1  380  425
 745    -5.057    -3.589    -6.548  632   -1 1385 1747
 746    28.033     8.406     8.210  270  552  640   -1
 747     1.884   -14.623     4.485 1192 1457 1602   -1
 748     9.511    15.484     0.622   -1   15  421  319
 749     3.886    13.760    13.698   -1  273  257  221
 750     9.092    -3.737     2.399  734   -1 1292 1473
 751     8.992     0.357    12.729  677 1007   -1  963
 752    -7.351     1.713    11.829  654  822   -1 1128
 753    -3.145    12.856     7.598   -1  189  377  476
 754   -14.710    10.548    -1.971  163  128   -1  960
 755   -15.972    -1.317    -0.170   -1  756 1144 1647
 756   -12.133     8.122     2.750   -1  330  608  988
 757    21.121    -5.945    -0.020  755 1180 1441   -1
 758     3.065    -4.450    13.252  921 1230   -1 1335
 759    -8.248    10.098    11.683   -1  372  412  614
 760   -17.353    -4.961    11.621   -1 1157 1093 1640
 761    -6.586     7.544     0.579   -1  360  698  980
 762    17.704    -7.469    15.028 1023   -1 1290 1289
 763    12.724     7.480    11.629   -1  578  588  495
 764    -6.876    -4.060     5.168  829   -1 1215 1602
 765    22.746     5.145    11.735  454   -1  716  515
 766     1.555    -0.776    15.146  789 1076   -1 1076
 767    -9.367    18.848    13.710   48   -1   64  141
 768    22.884    -4.216     6.950  769 1206   -1 1224
 769    11.763     0.950    13.310  659  986   -1  872
 770    14.542   -12.827    -5.937 1000 1370   -1 1900
 771    23.890    -3.624    14.563  842   -1 1133  983
 772     0.259    13.481     7.583   -1  169  361  394
 773    -3.398     8.295    -9.945   -1  161  873 1154
 774   -12.290    -0.625    10.828  772  925   -1 1344
 775    22.132   -14.113    15.221 1230   -1 1531 1638
 776    14.462     2.460    10.956   -1  871  863  798
 777     6.147     8.903    -5.391  152  233  789   -1
 778    14.943    -1.549    10.835  733 1109 1056   -1
 779   -10.555    -7.907     4.220 1001 1211   -1 1801
 780    22.449     0.523     7.383  571  958   -1  909
 781    -3.869    11.576     4.579  182  209   -1  616
 782    -1.099    -0.530     7.319  682  907   -1 1271
 783    23.208    -2.182     8.438   -1 1133 1165 1046
 784   -14.763    14.600     2.130   -1    4  346  625
 785    10.692    -0.511    12.875   -1 1060  953  996
 786    17.868    -4.471     9.560  837 1237   -1 1228
 787    20.853    16.585    10.578   37  127  250   -1
 788    -2.774     5.294    -7.464  291  366   -1 1260
 789    -3.733   -11.021     9.629 1152 1415   -1 1805
 790    -4.426    -6.682     1.253   -1 1142 1401 1753
 791   -13.431    17.542     5.439   28   -1  182  377
 792    19.316   -13.400     5.066 1134 1463 1589   -1
 793   -13.863     6.985    -1.577   -1  312  728 1178
 794    24.205    -8.061     6.798  926 1379 1437   -1
 795   -17.727    -9.111     6.882 1104 1273   -1 1850
 796   -15.887    13.452    13.022   -1  187  225  479
 797    23.503    11.822     1.027   90   -1  602  345
 798     3.965   -11.153    13.743 1172   -1 1416 1706
 799   -12.805     4.589    -4.255  377  414   -1 1357
 800     7.191    14.232    11.477   -1  218  290  201
 801    20.658     0.190    12.841  649 1073   -1  823
 802    -9.581    17.778     6.649   27   -1  171  289
 803    16.551    10.920     8.282  202   -1  511  328
 804     5.088   -12.294    13.943 1200   -1 1451 1730
 805    -2.014   -10.946    13.256 1174 1440 1402   -1
 806   -11.434    -9.797     3.795 1071 1286   -1 1861
 807   -18.801     2.560    11.090   -1  706  696 1226
 808    15.417    12.982    12.413   -1  325  358  171
 809    27.364     0.144    10.527  608   -1 1021  788
 810    17.320    -1.398    -5.940  509  806 1342   -1
 811    24.019    -3.384    15.008  841   -1 1109  959
 812     0.525    -7.248    -1.469   -1 1150 1452 1769
 813    20.602    -3.664     9.686  799   -1 1207 1149
 814   -17.596    -0.624    13.290  822   -1  848 1358
 815     7.390     4.217    13.859  541  776  670   -1
 816    -6.948     7.191    11.036  438  524   -1  796
 817   -20.149    -2.413    15.160  934 1059   -1 1475
 818    18.845    16.973     6.487   -1   57  288   88
 819     5.253    -4.305     9.172  860   -1 1199 1394
 820    24.358    -5.950     6.317  834   -1 1368 1320
 821    13.925     5.646    13.946  486  712   -1  547
 822     4.730    11.388    12.879  263  383  389   -1
 823    26.511   -12.866    14.269 1179 1487 1512   -1
 824    10.312     3.852    11.168  522   -1  748  763
 825   -11.104    -8.717     7.621 1079 1287 1364   -1
 826    -2.143    15.580    14.800   -1  165  164  182
 827    26.914    -3.888     9.954   -1 1252 1237 1063
 828   -13.740    -7.294    -0.925  906   -1 1422 1852
 829   -18.886   -10.154    11.698   -1 1368 1338 1840
 830    23.810    11.897     6.852   -1  341  510  228
 831    -1.310    -3.622    12.255   -1 1163 1069 1381
 832     9.002     2.721    -0.336  442  620   -1 1121
 833    -8.112     2.319    14.943  674  832   -1 1026
 834   -16.389    -3.239     5.778   -1  967 1129 1641
 835    -5.722    -9.094    15.265   -1 1402 1289 1659
 836    -6.787     0.845    12.302   -1  879  822 1152
 837     1.237    16.893     0.813    3   -1  307  341
 838    16.170   -17.943     8.424 1296   -1 1657 1893
 839   -11.203    -7.912    14.409 1127 1342   -1 1670
 840    15.104     3.204    11.636  531   -1  799  730
 841    11.629    11.205    13.750   -1  439  393  271
 842    -6.168    16.378    10.533   -1   44  176  264
 843     0.533    10.223     1.248   -1  258  585  722
 844    -8.924    -5.063    14.664 1008 1228 1074   -1
 845   -16.862    -6.094     8.799   -1 1175 1210 1726
 846   -19.526     9.203     7.557   -1  317  474  903
 847    -9.086     6.955    -5.630   -1  283  845 1191
 848   -17.570    16.238     5.702   75   -1  217  491
 849    13.513    -6.096    10.274  914 1310   -1 1383
 850    26.824    -8.818    10.694 1010   -1 1424 1377
 851    -5.944    14.405    12.028   -1  173  231  322
 852    22.891    -0.960    -1.677   -1  880 1278 1200
 853   -13.282    16.137    14.461   -1   95  119  267
 854    22.112     9.852     4.689  189   -1  626  385
 855   -14.553    -7.466    12.135 1100   -1 1229 1719
 856    -6.308    11.475    10.218  262  292   -1  537
 857   -15.214     0.593    -3.724  537   -1 1103 1609
 858   -11.688     0.981     4.749   -1  735  944 1368
 859   -13.959    -0.118     9.014   -1  845  915 1385
 860     5.000    -9.320     3.667 1007 1319 1470   -1
 861    28.917    10.596    10.424  212  492  532   -1
 862   -19.009    -4.876    11.268  995 1132   -1 1652
 863   -17.772   -12.289     9.539 1214   -1 1450 1901
 864    -3.489   -11.844     3.127 1118 1386 1542   -1
 865   -20.138    -6.530     9.786 1042   -1 1206 1756
 866   -12.370     3.176    -6.985   -1  447 1043 1506
 867    28.718     0.108    14.525  656   -1  955  681
 868   -15.214   -19.323     9.842 1395 1491 1625   -1
 869   -21.596   -10.969     9.923   -1 1371 1396 1887
 870    23.156    13.031     0.093   53   -1  560  312
 871    14.052    13.541     7.179  107  219  416   -1
 872    -9.050     3.601    -0.684  446  522   -1 1303
 873    -0.893    12.282     2.545   -1  149  491  588
 874    21.250    13.132     4.328   82  225  498   -1
 875    18.924   -18.847    14.647 1361 1520 1629   -1
 876     0.591   -12.094     4.912 1135   -1 1533 1856
 877   -11.297     8.493    -9.533   -1  132  813 1219
 878    21.129    -7.574    -4.131  765 1203   -1 1675
 879    -8.412    -6.655     6.330  967 1191   -1 1721
 880    15.432   -12.276    -5.064  979 1362 1632   -1
 881    10.677    -2.291    -3.774  580   -1 1323 1496
 882    27.067    -3.131     9.166  746   -1 1208 1043
 883    17.013    11.810    -6.862   38  102  699   -1
 884    -8.037    -5.230     3.459   -1 1074 1288 1703
 885   -18.178    11.579     5.725   -1  166  404  782
 886   -18.249    -9.939    -5.783   -1 1131 1551 1927
 887    -5.040    14.161     2.790   -1   62  388  519
 888     7.494   -12.884    -1.390 1076 1397 1610   -1
 889     4.178   -16.336    -0.794 1191 1461 1677   -1
 890    27.445    -2.352    12.896  749   -1 1116  885
 891    17.553    10.537    14.405  294   -1  435  218
 892   -13.174    -3.765    14.239  964 1147   -1 1494
 893   -11.080    -1.886     5.960   -1  923 1058 1523
 894     8.906    -1.948     0.140  617  910   -1 1401
 895    -2.321    -9.010    10.783 1106   -1 1355 1705
 896    -4.283    -6.812    -4.836   -1 1041 1465 1824
 897    -3.311   -14.083    11.697 1255 1474   -1 1864
 898     5.482   -10.756    10.635 1136 1434   -1 1723
 899    -2.391    14.506     6.954   -1   98  309  379
 900    -8.836    13.569     9.559  166  162  284   -1
 901    -5.696     7.863     8.806  391  460   -1  772
 902    -8.708     4.478    -1.411  413  470   -1 1254
 903   -20.215     3.122    14.738   -1  734  616 1114
 904    16.513     1.755     8.050  551  854   -1  897
 905     0.536     4.299     8.944   -1  655  730  913
 906    22.558    10.063     7.799  217   -1  566  314
 907    -1.116     4.553    14.142  560  715   -1  804
 908     4.808   -15.300    13.235 1289   -1 1558 1837
 909     3.387    -4.436     0.520  752 1033   -1 1597
 910     6.912    18.580    12.182   19   -1  129   60
 911    26.182     7.755     7.050   -1  551  687  419
 912    22.165    -9.011    11.099 1031 1430 1417   -1
 913     3.741   -17.573    14.016 1352   -1 1595 1892
 914   -18.551     9.415    12.746   -1  388  385  748
 915    18.664    18.858    10.556    0   18  162   -1
 916    -2.013     0.044     2.675  599   -1 1064 1352
 917     9.545     1.820    10.212   -1  857  881  935
 918    23.056    -7.307    -4.114  748   -1 1528 1637
 919   -13.551    -5.754    11.346   -1 1202 1163 1649
 920    19.059     3.304    14.147   -1  906  762  611
 921    -7.905    -9.634    12.066   -1 1390 1343 1748
 922    -4.362    -1.493    12.872   -1 1036  949 1246
 923    -9.907    11.813    11.872  268   -1  313  531
 924   -11.211    -5.853    13.188 1029 1229   -1 1593
 925     9.884     0.009    12.881  707   -1  936  961
 926    21.827     9.594     7.682  238  461   -1  358
 927   -14.560     2.028     1.044  536   -1  941 1438
 928     0.433     9.938     7.543   -1  363  509  591
 929    21.701   -11.237     7.277 1075 1451 1521   -1
 930   -10.154    11.273    14.299  329  350   -1  503
 931    10.659    11.447     5.280  157  287   -1  437
 932     4.105     7.297     1.561  301  425   -1  850
 933    -5.401   -13.880     6.138 1201 1449 1562   -1
 934    -7.912    -1.798     8.390   -1  959 1024 1431
 935     9.947     5.292    -9.992  222   -1 1076 1165
 936    15.737     1.879    14.627  618  978  809   -1
 937    28.465     7.306    14.334  395   -1  599  269
 938    21.987   -14.021    12.264 1207   -1 1557 1700
 939     4.574     3.415     6.837   -1  685  830  972
 940    -9.050    -7.145     7.264  996 1226   -1 1725
 941    12.928    -7.783     6.046   -1 1320 1418 1570
 942    19.061    -7.245     5.383  894 1312 1415   -1
 943    26.734     4.688     9.322  433  765  805   -1
 944    -8.750   -10.072     9.887 1138 1378 1406   -1
 945    28.071     3.851     8.379  451  803  880   -1
 946   -18.278     8.765    10.828  403  399   -1  843
 947    -2.683    11.974     5.649   -1  213  440  563
 948     7.247     9.831     2.113   -1  303  611  643
 949    18.393     6.309    10.050  400   -1  673  534
 950    20.971    -3.438     5.997  730   -1 1256 1217
 951   -17.538   -11.710     1.741   -1 1315 1522 1919
 952    25.012     7.613    12.575  368   -1  603  327
 953     5.269    18.938    13.448   24   11   93   -1
 954    -2.575    -8.661     0.079  949 1214   -1 1820
 955    22.740     6.678    14.742  422  729  604   -1
 956     0.070    -1.580     7.467  729   -1 1067 1322
 957   -12.213   -11.494     5.291   -1 1358 1484 1898
 958     0.450    12.587     9.873   -1  266  363  387
 959    19.032    -6.256     3.919  831   -1 1403 1477
 960    11.432    15.669     9.815   72   -1  266  146
 961    23.880    -0.816    12.209  683   -1 1032  851
 962   -22.221    -5.897    12.563   -1 1184 1113 1716
 963    11.864     3.673     5.277  457  678   -1  894
 964    13.016     6.070     8.385  401  602  705   -1
 965    21.294    -4.592    -7.924   -1  979 1481 1586
 966    19.984     6.635    14.466  432  701   -1  400
 967    -0.060    12.653     1.659   -1  120  487  575
 968    -6.519     4.120    14.254   -1  737  620  887
 969    16.209     3.905     4.637  434  664  907   -1
 970     9.427     1.333    -7.688   -1  593 1226 1361
 971    -8.407   -12.145    -1.297 1091 1330 1576   -1
 972    -8.669   -14.948     1.336 1195 1437 1612   -1
 973   -12.018     2.310    13.088  663  784  709   -1
 974    -4.168    16.055     5.198   -1    0  265  361
 975    -3.118    -1.498    -6.840   -1  698 1298 1655
 976    20.837   -13.717     6.737 1147   -1 1588 1766
 977     3.390     1.349     6.873  584  802   -1 1105
 978    -1.859     0.139     7.675   -1  853  969 1240
 979     7.407    -8.937    -5.780  852 1183 1569   -1
 980     7.206   -11.850    10.829   -1 1455 1474 1739
 981     0.008     3.078    -7.934  366  481 1118   -1
 982   -16.987    -4.376    11.440  962 1125   -1 1598
 983   -14.608    16.631     9.476   -1    5  155  356
 984   -13.701    13.685    13.568   -1  196  211  434
 985   -14.186    -9.915    15.086 1189 1406   -1 1765
 986    -1.998     4.541     0.105  398  518   -1 1139
 987    18.318    13.309    11.760  139   -1  370  145
 988   -21.595   -11.006    13.229   -1 1396 1344 1860
 989     2.113    16.376     2.795   16   -1  304  315
 990    -7.723     7.194     3.101  355  402   -1  965
 991    -9.512   -11.413     4.034 1131   -1 1509 1883
 992   -14.248    -1.702     2.969   -1  829 1112 1588
 993     3.302    12.086    -0.421  111  131  544   -1
 994    22.567     4.018     2.843   -1  658  957  775
 995     7.548    13.762    11.340   -1  250  295  235
 996   -13.855    15.534    15.040   -1  133  131  292
 997     7.191   -11.005     9.032   -1 1428 1467 1734
 998    -5.045   -10.595    10.138 1145   -1 1423 1786
 999   -18.814     7.110     8.516   -1  458  545  994
1000   -15.733    13.642     8.725  168  125   -1  545
1001    27.933     6.174    13.464  418  764  654   -1
1002     3.856     2.747     7.248   -1  741  870 1008
1003    19.375    -3.322     3.952  700 1116   -1 1259
1004    -5.668    15.922    14.270   -1  124  149  204
1005   -22.212     5.325    14.547   -1  586  514 1023
1006    18.256     3.671     6.731   -1  746  885  764
1007   -13.758    15.404     7.933  112   38   -1  461
1008    22.323    12.252    13.924  197  434   -1  120
1009     2.743    -7.450    -3.166   -1 1138 1477 1790
1010    26.341    -6.349     4.705  824   -1 1411 1371
1011    24.740    -8.314    13.125 1016 1438 1358   -1
1012    -8.945    15.070     3.815   -1   10  314  492
1013     6.122    -6.914    15.085 1039 1367   -1 1429
1014    26.973    -3.301    10.933  778   -1 1190 1010
1015    -6.010     0.665    12.378   -1  908  829 1157
1016    22.972     5.592     9.545  416  683   -1  527
1017    25.190    -5.235    11.989  877 1334 1267   -1
1018    15.501     6.768     6.043   -1  555  717  627
1019     0.754    17.300    12.524   70   -1  141  139
1020    -6.950    11.182     3.989  194  221   -1  689
1021   -15.179    -2.810     4.645  798  926   -1 1650
1022   -12.941    11.733     7.368   -1  227  394  650
1023   -14.246     2.837    11.822   -1  708  690 1141
1024    16.355    17.543     7.939   10   24  240   -1
1025     4.331   -18.416    10.729 1348   -1 1630 1912
1026    11.291    -4.812     8.471   -1 1212 1253 1367
1027    21.161    15.543     8.687   51   -1  319   94
1028    21.872   -10.333     9.134 1066 1447   -1 1561
1029   -11.979   -19.018     4.828 1346 1482 1678   -1
1030   -16.404    13.243    14.894   -1  229  199  463
1031    25.794     6.306    11.843  402  696  672   -1
1032     2.017    -6.469     6.645  919   -1 1327 1608
1033    -7.733    -1.977    11.789   -1 1038  981 1355
1034    13.324    12.226     1.048   94   -1  551  457
1035    11.822     7.450     2.641   -1  457  735  711
1036    -8.757    -5.162     8.697  933 1152   -1 1618
1037    15.712   -15.290     3.941 1180 1480   -1 1870
1038     9.249     3.594    11.890   -1  799  750  766
1039    15.021    15.469    13.116   96   -1  235   89
1040   -12.444   -16.206     5.995 1290 1465 1603   -1
1041     5.886     9.187    14.281   -1  516  465  423
1042    -0.373    15.148    13.082  134   -1  215  210
1043    20.197     2.300    12.226  564  936  855   -1
1044     3.650    -0.077     7.726  646  919 1004   -1
1045    -6.896    -9.170    -7.896   -1 1108 1568 1908
1046    15.156     9.093    -3.892   -1  286  794  710
1047   -17.684    -3.227    14.370  946 1113   -1 1503
1048    23.861     8.520     7.425  272  521  642   -1
1049    17.206   -10.465     3.914 1015   -1 1524 1712
1050    12.150    -5.881     1.245  811   -1 1407 1573
1051    15.233    13.981     7.903   93   -1  391  196
1052    18.117     0.152     1.770   -1  843 1149 1127
1053    27.065     4.825    12.572  458   -1  734  474
1054    23.075    -2.035    11.940  741 1182   -1  942
1055    14.334   -19.891     6.288 1332 1509   -1 1925
1056    -9.435    12.013     6.830  209  204   -1  603
1057    -5.131    11.389    -9.868   -1   19  703  957
1058    28.307     1.362    12.264   -1 1023  938  656
1059     5.771   -18.306     5.120 1300   -1 1675 1930
1060    15.033    -6.120    14.065  966   -1 1233 1268
1061    17.707     6.183    13.490   -1  702  630  468
1062   -14.850   -11.713     8.831 1181 1400   -1 1878
1063   -12.433    -7.364    -5.662  846 1024 1479   -1
1064     2.484    -6.561    15.174 1038 1345   -1 1439
1065    21.046    10.573     4.861  162  356   -1  374
1066    23.020     8.143     6.957  282   -1  657  443
1067     3.895    11.344    13.248  279  382   -1  362
1068    27.741   -14.159    14.804 1219   -1 1553 1582
1069   -18.693    -2.227     4.536   -1  876 1092 1627
1070     1.461    12.437     1.617   -1  138  496  573
1071    14.149    14.518     3.921   -1  108  428  258
1072    20.117     5.631    -4.345  254   -1  996  877
1073    25.950   -17.014    11.344 1274   -1 1624 1788
1074    12.160    -2.970    -6.351   -1  851 1404 1562
1075    -3.847    -7.032    13.207 1063 1313   -1 1572
1076    16.301    12.612     2.398   85   -1  531  365
1077    16.332    -8.602     1.643  913 1299 1492   -1
1078    -5.898   -10.863     5.299 1112 1363   -1 1848
1079     9.241   -13.288    -1.252 1083 1420 1619   -1
1080    20.211    16.533     9.896   36  116  255   -1
1081    14.209    12.288    -0.576   -1  164  577  469
1082    21.912     0.796    -0.030  489   -1 1162 1064
1083    -5.696     3.198     6.414   -1  647  811 1117
1084     5.535    15.935    10.167   79  101   -1  181
1085    18.653    15.766    -0.494   -1   16  450  234
1086     4.610    -3.130     4.659   -1 1047 1217 1419
1087    18.704    15.189     7.132   56   -1  351  144
1088    -5.999     1.869    10.833   -1  815  798 1103
1089   -19.705   -15.109    11.730 1324   -1 1510 1923
1090    24.200    -6.518    10.406  911 1357 1334   -1
1091    10.763   -12.557    12.853 1188 1479 1482   -1
1092     4.792    -2.350    10.418  795 1088 1078   -1
1093     0.464    14.462    -6.448    7   -1  541  626
1094   -11.060    11.948     9.864   -1  251  335  580
1095    25.721     3.578    13.398  524  892  782   -1
1096    -1.857    14.826    10.053   -1  123  258  294
1097   -13.155    11.331    12.357  317  307   -1  587
1098     4.623    12.138    -7.761   -1   31  658  745
1099    20.865    -2.010    10.401  726   -1 1119 1009
1100   -10.848    -1.146    -7.871  547  618 1286   -1
1101    -6.750    -3.719    -2.415   -1  902 1316 1713
1102    15.744    -8.073   -10.085  728 1124 1585   -1
1103    -6.539    12.491    -5.583   -1   22  572  827
1104    19.523    -9.051     5.381  968 1382 1471   -1
1105    19.824   -17.124    11.235 1288 1506 1620   -1
1106    -9.218     1.697    -8.896  419   -1 1167 1583
1107    -4.699    -5.714     6.908  917 1171   -1 1621
1108    27.068     6.617     8.547  357  628  712   -1
1109    -1.505    13.106    10.870   -1  244  299  371
1110    12.736   -14.712     1.276 1144   -1 1627 1895
1111    19.980    -3.069     3.947  694   -1 1276 1236
1112    12.616     0.403    13.145  673 1028   -1  892
1113     8.493   -13.289    -5.833   -1 1372 1655 1910
1114    23.209    -4.119    14.447  874 1302 1161   -1
1115     4.518   -11.190    -5.272  961   -1 1601 1899
1116   -18.965    20.955    11.751    4   -1   30  166
1117    14.428    -9.418     5.484  999 1383   -1 1660
1118    -3.195   -17.186     9.806 1320 1488 1607   -1
1119    17.210    -1.616     8.011  686 1064 1128   -1
1120     4.013     8.895     9.454  331  459   -1  586
1121    19.947   -10.053    12.439 1105   -1 1433 1497
1122    21.623    11.522     9.362   -1  392  484  224
1123   -11.758    16.795    13.675   -1   61  106  246
1124    20.516    17.649     7.834   -1   32  243   56
1125    -9.069   -14.010    14.707 1293 1478   -1 1868
1126    -2.530    -6.282    -5.168   -1 1030 1448 1808
1127    -3.879    16.144     0.096   14   -1  354  446
1128    14.295     9.054    10.377  318  508   -1  436
1129   -11.195    -8.182     4.998   -1 1225 1377 1811
1130    15.950     9.287    13.739  346  535   -1  318
1131    -3.709    16.716    10.959   -1   47  168  211
1132     3.940    13.398    10.373  156  239  317   -1
1133    17.696    -7.799     5.984  931 1331 1426   -1
1134    16.780    10.571    14.915  308   -1  426  217
1135    22.944    16.855     4.101    2   29  338   -1
1136   -14.269     0.370     8.990   -1  820  895 1341
1137    -9.349    -8.500    -2.404  932 1146   -1 1876
1138     9.626    16.105    13.997   -1  158  191   91
1139    24.823    18.755    11.472   -1   48  178   19
1140    25.119   -18.987    15.061 1357   -1 1639 1812
1141    14.819    -4.064     6.071  782 1161   -1 1310
1142    14.341   -10.942     3.704 1043 1403 1548   -1
1143    19.245    -1.430    10.138   -1 1104 1090  995
1144     3.439    -9.381    -4.978  893 1204 1561   -1
1145     4.346     3.181    14.468  598  837   -1  808
1146     3.193   -20.367    14.817 1423   -1 1638 1921
1147   -17.858    -8.397    13.738 1149 1323   -1 1750
1148    -6.433    12.147    14.656   -1  318  277  406
1149   -17.309    13.841    11.235   -1  130  226  514
1150    -2.445    -5.861    12.818  998 1275   -1 1495
1151    -2.874    15.705    14.164   -1  126  157  203
1152   -14.424    -8.408    -9.112   -1 1022 1547 1915
1153   -11.262    16.779    11.123   -1   33  143  284
1154    14.048    12.013    10.989  192   -1  420  260
1155   -10.808     2.749    10.539   -1  727  741 1112
1156    13.781    16.071    14.296   97   -1  196   68
1157    -3.633     3.661    12.037  573  717   -1  938
1158    -5.567     7.296    14.886   -1  561  494  666
1159    16.095    -5.324    -4.520   -1 1057 1460 1603
1160    16.107     9.209     0.520   -1  348  686  608
1161    -2.627    16.628    14.876   -1  110  124  153
1162   -14.630    17.364    12.329   89   -1  107  261
1163    27.126     1.618     9.840  544   -1  977  708
1164   -13.663   -10.873    13.996 1208   -1 1345 1814
1165    24.413     3.368    13.792  535  914  791   -1
1166    -1.954   -15.139    -2.112 1165 1426 1643   -1
1167     3.978    11.381    15.062   -1  419  333  316
1168   -19.838     7.620     4.525  378  369   -1 1060
1169    -8.175   -11.925     8.755 1173 1421   -1 1858
1170     8.132   -19.345     9.712 1358   -1 1666 1920
1171    -0.961    14.180     4.271   -1   76  379  451
1172     6.134     5.660     9.029   -1  599  671  761
1173   -17.948    13.711    11.298   -1  152  228  518
1174    27.923     5.045    14.660  475   -1  691  389
1175    12.661     1.447    -8.548   -1  587 1247 1333
1176     2.940    -2.878    10.282  819   -1 1099 1298
1177    12.014    -4.923     0.765  754 1106   -1 1527
1178    -8.413   -13.167     6.171   -1 1435 1540 1903
1179    10.225   -13.606    12.577 1217   -1 1516 1763
1180    -6.941    -5.773    10.885  988 1215   -1 1587
1181    16.754    -1.395     1.224   -1  939 1227 1243
1182    13.024    -0.671     4.363   -1  937 1135 1167
1183    16.804   -15.219     1.172 1158 1468 1646   -1
1184    10.837    -8.620    14.155 1093   -1 1322 1491
1185    21.575     7.046     9.821  362  610  649   -1
1186    -8.074     1.249     8.988  645  781   -1 1234
1187     2.974   -14.678    11.374 1260   -1 1559 1844
1188    -7.019    19.143    14.024   41   -1   63  105
1189    15.469     8.258    -0.519   -1  395  767  676
1190     7.044     2.888    -5.568   -1  541 1107 1237
1191    11.217    -0.730    -3.092  523   -1 1261 1364
1192   -16.494   -12.773     2.087 1156 1365   -1 1926
1193   -13.496   -14.572    14.694 1316   -1   -1 1896
1194    25.047    23.698     9.690   -1   -1   54    2
1195     6.596    20.302    14.401   -1   -1   55   29
1196   -26.064   -14.155    10.852   -1 1445   -1 1928
1197    -5.668   -24.286    -6.024 1375 1502   -1   -1
1198   -14.352   -13.889    10.568 1266   -1 1499   -1
1199    -1.606    24.721    12.044   -1   -1   10   17
1200    20.619   -15.472    13.320 1258   -1 1581   -1
1201    22.163    21.596     6.949   -1   -1  132   15
1202    22.690   -24.431    13.993 1458   -1   -1 1929
1203   -10.260    29.105    -1.662   -1   -1   12   40
1204    -7.062   -21.309    12.178 1438   -1 1670   -1
1205     9.572   -22.737     5.365 1392 1521   -1   -1
1206     5.808    23.222     6.724   -1   -1   53   31
1207    13.328   -14.162     9.495 1199   -1   -1 1793
1208    13.589   -19.946     9.396 1356   -1   -1 1916
1209   -13.818   -12.727    13.003   -1 1450   -1 1867
1210     6.299    26.382     5.543   -1   -1   24   11
1211   -25.571   -11.385    13.534   -1 1404   -1 1881
1212     7.001   -26.560     4.730 1470 1533   -1   -1
1213    20.014   -14.061    15.210 1232   -1   -1 1663
1214    -9.767   -19.135    14.417 1416   -1 1605   -1
1215    28.675     8.848    13.599   -1   -1  552  202
1216    29.241   -11.454    13.526 1132   -1 1480   -1
1217    18.877   -16.372    12.088 1284   -1   -1 1802
1218    27.148    14.579    14.086   -1   -1  296   44
1219    18.569    20.721    12.896   -1   -1   85   13
1220    27.159   -13.961    12.885 1196   -1   -1 1622
1221    28.442    11.242    13.954   -1   -1  453  113
1222    27.611    13.211    15.191   -1   -1  352   50
1223     8.570   -22.574    12.795 1442 1530   -1   -1
1224     3.871   -16.915     6.939 1285 1485   -1   -1
1225    10.890   -22.723     9.344 1422 1526   -1   -1
1226   -11.316   -19.860    14.092   -1 1511 1615   -1
1227    26.093   -18.841    13.267 1338   -1 1654   -1
1228    23.284   -17.807     8.304 1277   -1 1664   -1
1229     4.982   -20.895    12.909 1418   -1 1676   -1
1230    10.617   -19.553     3.231 1306 1500   -1   -1
1231    27.411    12.621    14.413   -1   -1  384   74
1232    27.468   -15.297    14.934 1254   -1 1575   -1
1233   -24.680   -10.907    10.342   -1 1356   -1 1894
1234   -17.960   -19.861     8.882 1406   -1 1650   -1
1235    20.985    21.655    12.457   -1   -1   71    8
1236    -9.972   -18.983    12.933 1401   -1 1611   -1
1237     5.570   -19.300    -1.584 1263 1483   -1   -1
1238    22.721   -15.440    15.164 1272   -1 1571   -1
1239   -20.162    -9.859    15.454   -1 1391   -1 1799
1240   -10.085   -19.293    10.888 1389   -1 1626   -1
1241    25.825     8.339    14.349  360   -1   -1  241
1242    15.026   -19.025     9.415 1331   -1 1671   -1
1243   -13.843   -19.486    10.176 1399 1496   -1   -1
1244    25.070   -13.330    14.574   -1   -1 1515 1581
1245     7.433   -19.035     9.891 1350   -1 1659   -1
1246     8.059   -16.610    10.973   -1 1490 1600   -1
1247    -4.739   -14.579     9.726   -1 1469   -1 1897
1248    25.774   -11.296    14.267   -1   -1 1459 1468
1249    14.452   -20.774    15.223 1413   -1 1665   -1
1250    -0.933   -25.244    -4.235 1402 1512   -1   -1
1251    12.644   -18.337     9.369 1315   -1 1653   -1
1252   -11.889   -10.211    11.789   -1 1393 1361   -1
1253     4.573   -23.260    -0.209 1374 1514   -1   -1
1254    30.805    -2.494    13.388  753   -1 1122   -1
1255     9.052   -17.509    11.504 1319   -1   -1 1890
1256     0.250   -22.793    13.476 1465 1528   -1   -1
1257     9.933    28.084     7.257   -1   -1    3    3
1258   -17.320   -15.121    14.284 1339   -1   -1 1909
1259    -4.346   -14.337     6.877 1221   -1 1573   -1
1260    -3.900   -20.415    11.162 1408 1513   -1   -1
1261   -17.674   -15.182    -4.953   -1 1361 1656   -1
1262   -12.970   -16.327    13.615   -1 1484   -1 1914
1263    -0.562    27.644     2.703   -1   -1   16   18
1264   -12.047   -19.028    10.377   -1 1494 1622   -1
1265    26.534   -17.114    15.047 1303   -1 1606   -1
1266    -6.982   -21.392    15.464 1456   -1 1645   -1
1267    28.050   -15.332     7.714   -1   -1 1617 1762
1268   -12.379   -13.638    14.926 1291 1471   -1   -1
1269    -3.948   -14.720     8.025 1239   -1 1574   -1
1270    17.751   -16.092     9.150 1240   -1   -1 1832
1271   -14.805   -26.729    -1.378 1471 1518   -1   -1
1272    -4.387   -22.351    15.396 1475 1525   -1   -1
1273    16.985   -24.035    15.175 1469   -1   -1 1931
1274    -2.132   -22.706     7.865 1429 1519   -1   -1
1275   -14.191   -21.419     7.014 1419 1504   -1   -1
1276    19.066   -16.374    -6.922 1116 1453   -1   -1
1277    15.090    22.512     9.943   -1   -1   59   14
1278    13.743   -21.713     5.044 1368 1516   -1   -1
