1602
   1   -11.139     4.507    12.106  536  639  642  982
   2    -9.079    -0.453     7.842  672  863  992 1369
   3    15.954     1.728    10.174  554  879  925  852
   4   -18.052     2.158     6.199  567  641  843 1351
   5     4.583     3.639     2.950  446  602  909 1036
   6    -2.200    13.127     4.195  114  125  432  518
   7   -11.587     5.040     4.515  441  511  740 1113
   8    12.884    -8.898    12.013 1013 1362 1421 1512
   9    25.830    -5.293     5.566  755 1199 1395 1291
  10    16.408    11.128     4.394  142  312  573  399
  11     0.844    10.602    10.650  266  368  438  498
  12    -3.405     0.227     8.022  630  852  957 1251
  13    -5.912     6.124    -7.874  239  303  953 1260
  14    -3.304     1.096     6.751  584  773  942 1217
  15    -9.349     5.324     6.400  462  514  697 1032
  16    -4.798     1.850   -11.539  374  466 1272 1563
  17    -8.444    10.805     1.878  178  188  549  777
  18    11.968     5.396     5.994  395  583  788  756
  19    -2.230    14.993     7.291   88   82  294  357
  20     5.596     0.463    10.399  628  910  940 1070
  21    -4.239    -0.412     4.974  623  828 1050 1373
  22    -5.815     0.303     5.942  606  791  995 1320
  23     3.176     9.614     5.751  238  356  579  624
  24    15.191     3.771   -10.506  255  463 1222 1208
  25   -11.845    -6.483     8.248  944 1157 1282 1726
  26    -4.207     4.440     9.132  500  612  711  967
  27    -5.822    -0.783     4.458  643  830 1076 1428
  28     8.894     9.448     0.002  179  296  670  683
  29    -2.602     3.029    12.682  574  760  721  952
  30    -3.714     8.147    -0.371  258  297  689  954
  31    18.880    -6.143    11.163  866 1288 1328 1298
  32   -14.286    10.635     6.461  249  248  462  763
  33     9.546     3.411    11.542  529  778  762  799
  34    -9.486     4.018     5.410  480  577  791 1162
  35     7.453    -2.583     1.747  649  945 1283 1429
  36    -9.056     9.117     6.610  304  348  536  794
  37    -9.214    13.514    11.052  189  177  259  448
  38    -5.279    -0.763    -5.667  530  660 1265 1623
  39    22.813    -3.693     7.914  731 1158 1278 1157
  40     3.777     5.612    -1.380  317  457  889 1027
  41   -15.972    -5.452     4.537  869 1031 1284 1765
  42    23.028     8.014    11.378  325  578  612  369
  43     3.302    12.041    -8.612   45   23  681  800
  44    12.170     2.325     0.476  447  664 1060 1090
  45    13.868    -3.653     0.758  667 1006 1365 1432
  46     7.865     1.947    12.128  579  869  831  896
  47     9.757     3.230     5.211  475  661  924  942
  48    20.658     6.489    -1.029  240  479  912  741
  49    14.929     5.726     5.170  361  572  805  714
  50    20.376     9.521     6.993  219  447  614  394
  51   -13.331    10.864     0.191  162  140  557  881
  52     1.681    -2.827     5.225  713  984 1214 1433
  53     1.876    -1.790     7.262  701  964 1116 1315
  54    12.391    10.212    10.769  251  434  507  377
  55    19.902    12.659    10.998  148  342  415  182
  56    17.505    -1.962    -3.265  546  878 1360 1390
  57   -11.971     8.574     6.685  332  380  551  853
  58     5.836    -2.014     5.052  663  962 1188 1337
  59     7.999    13.915    -5.470   18    6  578  546
  60     6.589     4.040     5.931  457  637  833  929
  61    14.968     7.352     2.467  269  469  751  681
  62    17.237     0.402     0.634  506  806 1181 1152
  63    19.437    15.016     5.311   44  116  414  167
  64   -11.870     8.119     4.545  319  357  611  938
  65    13.517    13.662     4.818   87  152  451  289
  66    25.461    -1.499    10.247  654 1093 1132  925
  67   -13.914     6.886     6.319  399  433  624 1001
  68    22.123     6.049     4.201  316  576  837  622
  69     7.238    16.821     5.745   28    5  267  203
  70     1.958     8.515     0.086  232  314  694  828
  71   -16.579    -3.172     4.048  772  912 1175 1678
  72   -13.553     5.481    -2.240  351  393  840 1278
  73     6.097    -0.686     9.809  680  952 1011 1167
  74    -1.061     3.532     2.307  440  589  927 1139
  75    -8.191     6.558    -4.186  272  313  863 1189
  76   -16.404    -0.496     6.214  682  801  977 1496
  77     2.948    -0.977    -3.835  537  740 1281 1504
  78    16.747     5.426    10.454  430  671  716  606
  79    19.116     5.676     7.912  380  630  764  615
  80     5.429     8.873     8.405  302  436  572  578
  81    14.883     9.882    -9.855   80  128  870  809
  82    -4.206     2.631     9.459  573  706  795 1072
  83    11.800    -5.379    11.969  872 1227 1243 1342
  84     1.261     4.509     8.225  473  610  747  919
  85    16.355     6.430    -9.237  169  344 1045  996
  86   -12.189     7.147     1.867  343  366  680 1069
  87     5.927     5.199     3.977  387  558  798  915
  88   -13.873    -0.893     2.688  648  766 1092 1547
  89    18.061    10.473    -0.333  124  266  674  508
  90    10.280    -0.012   -11.653  390  600 1389 1524
  91    -0.728    11.035     4.009  180  233  520  639
  92    16.102     2.506     8.771  521  794  902  838
  93    21.804     0.472     8.550  560  960 1047  871
  94   -14.549     0.029    11.584  724  866  861 1323
  95     9.823     4.289    11.390  504  719  732  727
  96   -11.646    15.179     9.472  117   67  221  412
  97    16.526     0.260     4.570  552  867 1122 1079
  98   -12.670    -0.983     5.125  675  832 1048 1500
  99   -11.958    -1.628     9.199  749  924 1010 1444
 100     6.227     4.804   -11.004  226  374 1130 1284
 101     5.740     7.559     7.019  330  490  651  679
 102    13.375    11.847     9.109  177  325  448  312
 103    -1.805     0.781    11.855  660  874  865 1120
 104    -2.824    -5.487     7.550  860 1129 1292 1585
 105    -3.182    -1.960     7.284  707  956 1111 1401
 106    23.395    -2.562     8.990  688 1136 1197 1060
 107    17.218    -2.246     8.071  684 1072 1170 1160
 108    18.243    -4.853     8.454  799 1192 1307 1297
 109    15.644    -1.598    -0.998  555  894 1319 1319
 110    18.908     4.677     7.289  413  674  824  689
 111   -10.559    -2.426   -12.229  534  626 1442 1822
 112     7.243    -7.553     5.062  885 1229 1457 1641
 113    21.363     0.422    -0.474  486  799 1215 1131
 114    -0.016    -2.004     8.431  719  979 1097 1346
 115    19.863    13.032     6.019   95  244  477  233
 116    20.017    11.691     7.967  153  346  512  272
 117    12.386    14.786     6.563   71  134  361  228
 118     6.904    -0.983    -6.882  498  717 1352 1515
 119     4.639    11.908     3.937  137  203  511  506
 120    13.638     9.247    -9.630   92  166  896  854
 121     4.929    -6.193    12.177  935 1249 1259 1463
 122    19.445     8.137    -1.182  190  390  806  664
 123    -9.423     8.803    -2.651  209  204  696 1039
 124   -19.797    -1.072     8.430  756  855  944 1513
 125    10.426     7.138     0.669  260  446  783  798
 126   -18.213    -4.202     6.226  846  985 1169 1717
 127   -12.127    14.554     9.568  138   91  244  446
 128    -0.604     0.179     5.543  597  814 1033 1267
 129    18.893    -1.565   -11.111  451  704 1469 1508
 130    11.302    -4.620     3.296  744 1078 1370 1468
 131   -10.536    11.235     5.458  208  193  468  706
 132   -15.043     0.374     4.610  617  728  969 1465
 133    -5.714    -0.640     9.077  694  909  994 1304
 134    16.457     7.726     2.151  244  458  744  654
 135    -0.471    -1.074     5.126  651  893 1107 1356
 136     9.485     4.971     8.133  436  621  746  771
 137     5.657     6.919    -5.497  214  340  907 1016
 138    14.241    11.512    -6.098   60   99  714  627
 139   -14.696    -2.415     5.294  743  903 1139 1571
 140   -17.384    12.606     9.128  206  167  305  649
 141     6.700    -9.939     1.247  951 1281 1559 1798
 142    14.394     7.209    -9.454  150  285 1003  974
 143   -12.781     0.304     7.097  641  783  954 1379
 144     6.887     1.547     8.046  562  812  929 1043
 145    15.683     7.335    -4.078  196  377  897  831
 146    23.472    -6.662     1.080  753 1203 1493 1506
 147    18.231     0.929     7.821  556  914 1012  924
 148    22.647     9.177     7.704  231  484  616  380
 149     9.719     0.299    -7.299  452  625 1309 1438
 150     0.677    11.450    -1.950  110  126  610  704
 151    16.591     2.549    -0.625  409  648 1102 1044
 152    -5.566     4.854    -4.075  340  420  950 1254
 153     2.754    -1.530     6.059  662  937 1129 1321
 154    24.995     2.800     3.767  433  751 1024  813
 155     3.478     4.817   -11.766  233  339 1140 1314
 156     3.531    -0.007    -4.722  495  670 1252 1475
 157    19.543     5.786    -0.308  289  510  922  790
 158   -11.040    10.780    11.071  285  328  383  630
 159     9.684     1.848     9.899  559  837  904  928
 160    15.476   -10.873     4.629 1007 1359 1569 1719
 161    -1.099    -1.507     3.920  640  895 1159 1421
 162   -18.790    -8.131    10.051 1048 1218 1318 1804
 163     6.942    -8.618     4.899  934 1256 1483 1707
 164    25.231    -1.112     5.385  576 1004 1219 1010
 165    16.678    13.304    -3.422   40   81  598  439
 166   -18.062     7.565     3.834  347  361  619 1078
 167    -4.846     8.894    10.426  331  426  516  668
 168    19.324     1.819    -6.849  363  604 1255 1202
 169    24.092     5.978     8.038  364  631  770  509
 170     8.868    10.261     6.356  212  371  550  496
 171    22.782    -8.227     1.472  833 1266 1548 1579
 172     3.764    10.634     0.628  147  229  621  659
 173   -13.220     1.123    12.344  692  823  775 1229
 174    16.680     9.361     2.156  188  364  677  555
 175     5.659    13.876    10.275  131  202  311  271
 176   -14.416     5.666   -11.791  241  226 1014 1489
 177    -9.599    -3.201    11.792  845 1051 1066 1460
 178    21.697    -2.640     3.484  635 1025 1286 1234
 179    11.419     8.446     7.362  286  472  629  562
 180    12.509    11.820     7.923  166  292  473  353
 181   -11.874    -6.947    -4.429  807  982 1496 1885
 182    22.472    -0.810     3.763  564  944 1208 1080
 183    16.800     7.005    -0.301  242  442  854  737
 184   -19.104    -2.862     8.939  819  950 1049 1589
 185   -12.755    10.925    11.820  293  317  348  633
 186    28.064    -4.802    11.623  801 1275 1288 1088
 187     8.100    15.040     2.787   50   47  395  347
 188   -12.075    11.791     1.612  159  102  492  784
 189    19.470    -3.153    -2.300  589  951 1412 1408
 190    12.161     4.064     8.957  482  690  799  766
 191    -5.986    -3.070     6.421  764  976 1171 1514
 192    14.984     2.962     8.835  508  772  879  824
 193     6.111    10.044    11.650  288  435  480  430
 194     4.794    11.016    -8.313   77   69  733  827
 195    -1.080     3.454    -3.908  386  502 1041 1282
 196    -1.237     0.892    11.359  647  870  885 1105
 197   -13.780    -8.932    11.479 1074 1286 1346 1775
 198    17.030     0.733     9.355  571  930 1004  903
 199    13.010     4.729     6.445  416  620  820  783
 200    -6.098    -1.923     1.956  659  845 1187 1550
 201    -2.414    10.307     8.970  265  349  475  581
 202    13.672     0.291     0.999  522  804 1168 1183
 203    16.839    -1.614    10.277  683 1077 1103 1045
 204   -12.638    10.971    -5.363  118   65  637  985
 205    -1.100    -3.556     7.506  775 1045 1195 1464
 206    10.390    -1.674     8.309  687 1005 1118 1185
 207    -7.809    -6.290     9.381  945 1166 1268 1655
 208    -0.291   -10.790     1.538 1004 1289 1574 1864
 209    -3.192    -6.462   -11.188  665  913 1581 1881
 210    -3.304     5.717     1.846  365  481  782 1041
 211     6.513    -0.958   -12.763  438  607 1431 1637
 212     7.233    -4.041     2.708  714 1026 1339 1503
 213    12.172    -3.252     7.680  726 1095 1231 1281
 214     8.434     9.264    -6.889  119  190  819  850
 215    18.009     0.639    -5.170  434  692 1270 1250
 216     7.859    13.242     6.545  120  186  426  344
 217   -13.475    11.588     6.521  220  195  413  698
 218    16.295     7.237     9.553  353  570  648  511
 219    16.334    -9.344     5.893  938 1343 1517 1626
 220     6.216    -2.629    -1.801  595  884 1336 1528
 221     5.787    -7.488     0.413  823 1170 1505 1723
 222    -3.225     9.548     0.516  215  249  634  814
 223    13.362     4.997   -12.560  197  362 1174 1207
 224    -7.116     2.274     6.316  550  677  877 1201
 225    -7.387    -6.496    11.202  971 1196 1264 1617
 226     8.152    13.670     9.340  123  221  351  267
 227    22.757    10.836     9.791  201  425  529  250
 228     4.820     2.282    -7.357  383  528 1200 1360
 229   -15.313    -0.639     5.129  668  789 1020 1509
 230   -14.885    -8.250     5.366  983 1180 1402 1831
 231    -3.056    14.259    10.922  143  151  256  343
 232   -10.202    -2.239     7.635  768  932 1081 1494
 233   -10.697     7.580    -1.574  273  284  730 1099
 234    23.380    -1.091     5.796  587 1003 1179 1029
 235    23.078    -0.938    11.160  653 1080 1068  901
 236    -0.017    -1.967    11.905  769 1032 1031 1245
 237    20.204     4.120     7.469  442  710  858  701
 238    14.632     8.675    10.390  305  512  574  445
 239    -9.885     9.369     8.243  315  360  493  749
 240    13.573    -6.801     3.444  818 1191 1459 1575
 241   -17.924     5.458     4.101  437  461  699 1200
 242    -9.964     9.596    -6.749  139  108  731 1085
 243    12.002    -6.556     6.385  854 1215 1388 1518
 244     7.235    13.958    -0.189   55   52  503  457
 245    12.694    13.980     2.972   69   97  455  329
 246     0.660    10.246     1.095  167  236  608  722
 247    10.665    16.606     5.647   20   26  290  177
 248   -12.173    -0.182     1.137  586  715 1091 1523
 249    -1.691     8.519    12.463  377  494  498  605
 250    12.702     2.003     6.446  518  774  965  962
 251    -5.036    -9.716     2.398  974 1232 1531 1843
 252    22.836     3.114    10.440  503  850  852  667
 253     6.589    10.669     6.537  199  330  528  504
 254    -1.383     7.152    -0.480  278  375  755  991
 255    14.358    -8.387     1.914  864 1245 1527 1675
 256    -2.058     3.301    10.213  544  695  774  989
 257    -4.876    -6.665     7.529  914 1177 1337 1680
 258     5.200     2.616     1.557  468  640  999 1126
 259    -2.066     4.912    10.645  505  614  663  875
 260    -5.641    -1.647     5.997  698  921 1104 1425
 261     5.719    -5.069    -7.099  642  934 1501 1739
 262    11.735    -0.093    -7.543  453  658 1347 1431
 263   -20.705     2.534    11.470  624  689  705 1238
 264    25.201    -2.533     5.641  646 1081 1258 1121
 265     9.077   -11.163    -6.395  880 1242 1670 1896
 266    -2.837     3.630    -5.031  367  477 1030 1343
 267    -8.997    -1.824     5.212  700  885 1123 1497
 268    18.136    13.176    -6.358   17   50  649  500
 269   -15.525     7.820    -4.508  237  220  756 1203
 270   -13.407     7.214    -1.541  298  304  734 1155
 271     2.145    11.450    11.049  224  345  416  431
 272    -6.510     8.479     1.115  254  301  657  933
 273     7.547    12.889    -8.592   21    4  655  696
 274   -16.665    14.410     3.626   97   10  334  640
 275   -11.328     1.887    -1.543  494  567 1026 1459
 276    17.495    12.944     6.873  102  255  467  257
 277   -13.045    -0.838    10.345  741  902  932 1388
 278    -0.144     4.950    10.553  488  635  671  835
 279    -2.942     9.880   -10.586   90   73  818 1040
 280    -2.179     3.812     0.841  429  544  926 1173
 281   -11.289    -3.379     9.251  822 1002 1124 1537
 282    -5.874    16.197     9.480   82   39  208  292
 283    -2.949     4.173    -2.725  375  489  964 1225
 284    12.170    -1.502    -6.042  509  784 1372 1472
 285    13.111     0.406     6.614  568  873 1043 1071
 286    -2.293    -7.899     6.793  953 1224 1417 1714
 287    16.296    11.278     0.214  100  235  627  486
 288    20.918     2.741     7.841  489  811  923  765
 289   -18.274     5.309    11.000  515  547  599 1058
 290     8.601    -7.711    -7.388  745 1073 1592 1815
 291    26.005     2.926     7.664  470  807  943  702
 292    19.299    -1.636     8.176  639 1068 1160 1086
 293     4.221    10.193    -7.245   99  115  763  862
 294    25.516    -0.808    10.484  619 1057 1098  885
 295    19.659     9.728    -5.993   91  217  822  680
 296    -5.313    -1.630     0.729  618  822 1206 1536
 297    17.463    -1.511     8.084  645 1024 1147 1100
 298   -14.645     8.242   -11.633  149   90  867 1341
 299   -12.692     1.691    -0.205  517  592 1016 1447
 300     2.154    -1.357    10.555  710  992 1029 1218
 301     0.124     7.313    12.129  408  541  570  657
 302   -16.518    -1.894     4.453  720  835 1101 1606
 303     8.285     8.173     2.168  246  396  707  716
 304   -12.238     2.077     2.680  539  609  937 1366
 305    -9.566    -6.842     6.252  923 1143 1357 1742
 306    19.400    -7.549     4.084  850 1255 1484 1530
 307    24.373     6.449    11.495  371  672  675  432
 308     1.175    -0.437    10.977  691  954  967 1172
 309    16.061    -3.620     4.001  689 1076 1317 1336
 310    -2.414     9.777     3.528  235  273  589  715
 311     2.720     0.171    12.584  685  939  914 1064
 312    13.780     8.311     4.580  248  455  668  608
 313     1.432    16.766     5.720   30    0  257  246
 314    15.502     9.785    -8.910   81  161  881  773
 315    -6.888    -1.174     6.523  696  880 1046 1412
 316    -4.651     9.875    -5.446  130  154  712  960
 317   -20.302     1.229    10.016  666  743  796 1355
 318     8.929     2.770     6.334  502  718  915  975
 319     3.077    15.277     4.819   65   41  335  337
 320   -13.838    -0.625    -7.711  519  593 1262 1721
 321    24.252    13.522    12.397  125  333  379  109
 322    15.794   -10.920    -8.678  834 1220 1691 1890
 323   -17.543     5.633     8.660  484  522  632 1056
 324   -14.374     2.997    11.840  590  701  682 1142
 325   -16.342     4.909    -7.360  327  326  974 1445
 326    -3.392     8.618    10.653  356  459  506  673
 327     5.539     4.277     8.017  469  651  768  887
 328   -12.980    -6.292     2.092  858 1064 1373 1794
 329    19.722   -17.180    11.299 1228 1458 1682 1835
 330    15.202    -4.184     8.637  758 1169 1263 1289
 331     8.771     2.516   -10.277  322  495 1246 1378
 332   -13.991     6.988     3.716  360  401  650 1065
 333     0.218    12.496    -7.292   43   27  635  768
 334     6.822    -8.387    10.348  990 1320 1396 1586
 335    21.520     4.918     1.312  336  574  949  772
 336    18.351    -0.367    -3.509  483  792 1304 1271
 337    -1.761    -7.685   -12.734  702  947 1625 1913
 338     7.152    -9.274     5.742  972 1305 1502 1701
 339    21.789    -6.160    11.556  871 1298 1326 1262
 340    12.431     2.042     8.791  533  840  920  904
 341   -13.523    13.774     2.785   98   48  392  645
 342   -11.376    -5.384     9.570  903 1128 1196 1643
 343    20.587    15.228     7.084   54  143  365  140
 344     6.813    13.135    -1.251   70   71  539  519
 345   -18.355     8.624    10.196  384  400  479  855
 346    18.811     7.236     6.136  307  539  713  557
 347    20.196    13.683     7.832   93  227  424  184
 348    -2.460     2.464     6.537  538  685  887 1137
 349     1.689    -2.306    10.458  765 1036 1065 1306
 350    21.698    -1.624     7.589  638 1039 1161 1074
 351    21.207    -3.169     9.782  735 1149 1212 1118
 352     7.609     9.117    -0.431  203  290  687  730
 353    16.887   -10.633     7.960 1025 1385 1525 1654
 354   -10.520     8.241     4.452  324  369  605  892
 355    16.493     1.610    -4.154  406  642 1209 1188
 356     1.232    -5.755    -3.634  739  987 1473 1757
 357    21.366     5.143     8.841  414  665  769  629
 358    12.506     2.577   -11.933  300  485 1294 1345
 359    16.564     8.217    11.472  334  545  587  415
 360    10.155     7.926     5.823  281  475  654  646
 361   -17.165    -3.501    10.068  861 1008 1080 1592
 362     4.008    -1.259     0.347  591  816 1234 1414
 363    23.867     8.017     5.645  253  513  703  472
 364    13.736     1.341    -4.765  424  634 1224 1259
 365    -5.537    13.951     4.256  101   64  390  502
 366     9.004    -0.563    10.301  655  999 1007 1092
 367    23.647     6.190     3.497  290  569  856  631
 368    -0.134     2.075    -8.874  382  504 1223 1466
 369    -1.573    12.805     9.527  171  228  357  424
 370    13.255    -2.004     9.328  686 1060 1131 1178
 371   -19.316    -0.670    11.082  766  876  888 1430
 372    -6.453    -9.668    -6.967  868 1126 1619 1918
 373   -16.571    13.414     8.135  181  117  283  593
 374    -9.583    10.649    12.437  308  351  381  590
 375    23.920   -11.809    12.243 1072 1429 1540 1553
 376    -7.597    -9.161    -2.009  908 1152 1554 1893
 377   -16.544     4.758    -4.210  359  397  921 1391
 378   -10.973     5.529     5.616  432  506  693 1077
 379    25.042     3.704    10.995  472  846  823  580
 380    -5.632     5.986    -0.510  333  415  810 1114
 381    -7.444   -10.105    10.192 1084 1334 1425 1807
 382   -11.974    14.465     3.645   89   22  354  561
 383    -4.350     8.058    -2.735  223  280  757 1006
 384   -16.302    -5.385     7.261  904 1066 1238 1718
 385   -16.879    -8.281     3.808  975 1159 1433 1847
 386    12.584    -2.296    -8.095  520  788 1441 1543
 387     3.372   -11.293     0.817  996 1306 1606 1866
 388    -7.331    11.574    -3.117  111   80  582  826
 389    18.636    -5.395    -0.540  695 1111 1479 1507
 390     8.005    10.959    11.964  250  387  429  365
 391    15.154     8.201    11.906  338  550  576  443
 392   -11.543    13.839    -1.619   74    3  446  721
 393     7.883    13.874    -2.530   37   44  545  481
 394     6.041     2.665     9.340  540  758  855  947
 395    -2.014    13.946    11.066  145  194  269  336
 396    19.991     6.739     4.361  301  536  787  620
 397    13.551     9.477    10.275  277  473  537  410
 398    15.658    -5.513     8.457  826 1214 1335 1371
 399    16.127    13.931    11.581  128  259  337  153
 400    24.270    -7.880     7.210  881 1330 1465 1427
 401    -1.586    -5.125     0.078  757 1011 1397 1695
 402     0.263     3.169     2.726  474  591  933 1147
 403     4.329    11.180     4.736  174  271  517  539
 404   -14.257    -1.457    10.693  779  923  972 1435
 405     8.500     2.357     4.113  501  698  951 1061
 406    19.759   -16.996     6.975 1190 1445 1719 1883
 407    10.854    -6.271     5.614  837 1181 1392 1516
 408     6.788    -2.786     4.256  690  996 1248 1384
 409    21.320   -10.955     3.870  968 1366 1607 1693
 410    13.212     0.715    12.491  625  949  916  897
 411    -8.003    -5.411     3.355  809 1059 1331 1731
 412    20.077    12.510     9.265  144  322  450  205
 413    24.141    -5.683     7.417  794 1239 1377 1293
 414    19.335     9.875     7.192  225  423  588  367
 415    -0.899    -2.237     8.379  736  990 1115 1359
 416     0.703    -9.631    -0.245  929 1212 1562 1836
 417    25.954     4.491     8.121  423  712  847  597
 418     1.934     9.236     4.237  243  352  602  694
 419     3.420     9.886    12.127  310  427  470  460
 420    15.181    -0.130    -8.459  435  667 1358 1409
 421    -3.110    16.484     8.300   56   14  219  291
 422     7.067    -7.680     8.262  922 1274 1411 1600
 423    -5.922   -13.866    -2.556 1069 1336 1684 1944
 424    14.177     2.519     1.085  455  657 1034 1035
 425    -4.285    14.032     2.943   86   54  409  515
 426    -1.213    -2.835    -3.941  598  819 1364 1650
 427    13.929    11.423     9.174  194  350  482  330
 428     9.091    -3.640    12.273  816 1147 1150 1252
 429    -9.289     1.003     9.355  632  805  882 1249
 430   -11.807     2.117     6.657  577  663  862 1269
 431   -11.793     7.422   -12.229  163  146  930 1364
 432    18.203    -9.350     1.216  884 1287 1565 1699
 433     9.801     2.109     7.582  523  802  938  946
 434     5.825    -3.011    10.728  777 1118 1133 1275
 435   -13.547    -2.825     2.561  708  886 1201 1663
 436    -6.062    13.004    10.858  192  206  314  429
 437    27.977     3.938     9.786  445  796  868  554
 438    21.973    -4.766     8.577  800 1204 1314 1220
 439    -5.481   -11.462     7.695 1096 1348 1530 1834
 440    -2.304    -7.070     4.298  882 1165 1404 1730
 441   -11.587    -4.752    10.208  889 1113 1172 1580
 442    -9.919    -0.619     2.721  622  776 1082 1491
 443    17.795     8.495    -4.654  141  299  866  726
 444   -13.427     9.844     2.364  236  230  553  895
 445     5.680    -3.444    -5.822  593  859 1435 1630
 446     1.751    12.135     3.484  140  172  496  523
 447    -5.636    14.887     4.664   79   36  329  467
 448     4.604    10.710    11.756  267  381  442  428
 449    -4.655   -12.998    -3.003 1036 1299 1668 1936
 450    11.368    10.479     2.590  155  295  603  550
 451    19.960   -12.244     3.541 1014 1394 1630 1774
 452     9.063    -0.426    -6.862  466  691 1334 1467
 453    -0.079    -6.660     8.714  915 1210 1341 1597
 454   -16.449    12.052    11.218  270  223  303  612
 455    12.269    -2.466     2.552  637  975 1266 1344
 456   -20.095     7.078     9.609  456  464  525  995
 457    -2.829     5.502     0.037  349  452  834 1117
 458     8.221    -3.089    11.901  805 1130 1112 1222
 459    23.667     4.369     1.354  348  615  971  781
 460    14.267   -10.895    -0.536  926 1324 1622 1811
 461    -3.989     3.525     0.023  450  537  939 1219
 462    21.806    -6.959     1.760  792 1207 1494 1519
 463   -19.963    -2.906     9.572  839  970 1040 1583
 464    -5.817    16.046    11.919  106   60  179  275
 465    -7.657    -2.948     3.859  728  935 1218 1578
 466   -12.538    16.493     8.771   78    8  177  388
 467    -0.249    10.639   -11.282   63   53  802  986
 468     7.476    15.341     4.549   53   61  341  284
 469    25.629    -6.049    10.019  828 1294 1362 1242
 470     3.990    -1.294    -3.338  551  782 1297 1492
 471     4.733    -3.373    -4.868  602  864 1413 1629
 472     7.327    13.730    11.930  154  242  296  238
 473     1.688     7.003    10.161  400  535  609  711
 474    11.429     8.457    11.046  337  505  563  485
 475     8.207     5.393     7.543  426  590  735  762
 476    21.362    -1.450    10.948  669 1089 1114  953
 477    21.170     7.479     4.267  257  500  748  571
 478   -12.701    -0.234    10.088  712  871  908 1352
 479    23.479     9.137     4.745  211  453  660  423
 480   -11.725    -3.424     6.440  786  974 1186 1590
 481    -1.680    -7.756     4.002  898 1185 1456 1743
 482     7.611    11.527    -5.820   72   88  673  699
 483    -2.429     3.803     4.667  479  582  832 1094
 484    17.263    13.387     0.665   57  114  530  363
 485    19.198    -5.232     8.036  798 1200 1349 1309
 486    15.898     2.647     3.756  465  709  997  951
 487     7.867   -10.594     5.090 1008 1342 1549 1772
 488    12.032    -2.830    11.279  763 1124 1128 1181
 489     2.012    10.648     3.932  176  270  567  621
 490    25.356     1.444     7.255  531  888 1027  796
 491     5.253    -0.528     6.733  607  916 1074 1213
 492     8.297    -1.914    10.620  729 1053 1085 1166
 493     6.435     2.001    11.414  565  851  842  945
 494    20.258     4.669   -10.900  216  421 1189 1101
 495     3.881     2.888   -11.385  309  451 1229 1413
 496    -7.698    14.135     8.443  133  122  292  441
 497    -1.469    -1.960     9.190  750  972 1071 1347
 498    17.689    -2.275    10.900  715 1120 1134 1073
 499   -10.224    -0.144     7.941  670  824  959 1370
 500    -8.646    -6.433    10.703  961 1184 1251 1651
 501   -17.631    -4.691    10.573  910 1075 1151 1638
 502    16.447    -4.192    -7.801  569  931 1510 1596
 503   -11.897     2.780    12.064  611  702  695 1127
 504    13.154    -3.937    -4.212  599  955 1453 1555
 505     3.089    12.610    10.748  191  261  360  358
 506    16.866    -2.396    -2.705  563  898 1378 1396
 507     6.133     3.448    12.322  542  770  754  804
 508    17.928    14.106     9.584  108  211  359  166
 509    -6.338   -14.454    -0.264 1107 1365 1672 1947
 510    26.168    13.081     8.684  107  306  452  141
 511    -8.714    -0.841    -6.609  535  623 1285 1670
 512    17.702    -7.797     6.464  878 1296 1475 1498
 513     7.297     5.812     2.811  355  501  808  880
 514     5.848    -1.705    10.454  725 1028 1054 1193
 515    -9.781   -12.993    -3.300 1044 1291 1659 1950
 516    15.153    -3.059    10.329  748 1131 1178 1180
 517    13.414    -5.770    10.591  867 1235 1298 1374
 518     2.003     2.569    -9.779  344  483 1220 1441
 519     5.396     7.757     3.948  287  429  692  732
 520   -11.527    -7.301    -7.707  780  969 1555 1906
 521    -6.913    -7.795    10.082  998 1243 1333 1715
 522    -9.669     7.834    -8.930  187  170  848 1253
 523    -2.224    12.011    10.434  222  282  378  454
 524    20.148    11.800     5.595  126  287  541  306
 525    17.347     2.711     3.257  439  730 1013  920
 526   -16.043     0.334     3.877  620  722  989 1482
 527    20.773    -0.276    11.959  633 1035 1023  872
 528    14.716    14.747     3.466   46   86  433  269
 529    17.244    -3.587     7.752  730 1137 1257 1240
 530   -14.710    13.622    12.011  213  150  224  499
 531    10.958     2.724     0.129  427  636 1051 1084
 532     9.853     8.214    12.208  354  538  565  475
 533    -0.215    14.399     2.126   75   42  412  479
 534   -19.416    10.297     8.581  297  277  419  810
 535    16.087   -13.951    -4.001 1009 1379 1727 1909
 536     7.695   -10.894     9.091 1059 1378 1521 1737
 537    -1.453     2.418     6.040  532  680  894 1151
 538    16.651    13.962    -1.823   27   62  560  372
 539   -15.760     9.459     6.631  312  302  499  844
 540    -6.153   -14.366     9.004 1189 1410 1595 1910
 541   -20.020    -5.668    12.569  985 1139 1125 1697
 542     8.318     4.135     0.440  379  562  956 1012
 543    17.082    -7.502     2.049  825 1221 1503 1598
 544    15.435    17.768    10.238   15   46  206   72
 545    18.308     4.742     7.277  417  669  821  690
 546    -4.916    -5.367     7.896  873 1138 1261 1601
 547    -3.957     7.694     1.235  275  354  685  971
 548    17.045     6.298     5.444  335  553  777  655
 549    -3.588     2.369    11.680  582  790  767 1028
 550    -1.522     1.624    11.232  604  827  829 1054
 551    -2.017     4.155   -11.178  271  385 1141 1419
 552    -6.139   -12.437    -7.020  965 1222 1685 1946
 553     8.286    14.728    -1.268   29    9  489  414
 554    -4.095    13.439     4.942  122   95  385  524
 555    14.008    -6.466    -7.002  674 1029 1567 1732
 556     2.025    -5.208     1.491  762 1065 1380 1632
 557    -0.566   -16.497     3.201 1195 1419 1701 1941
 558    18.901    -2.783     8.337  699 1123 1207 1150
 559   -11.207    -9.705    10.027 1071 1315 1401 1818
 560    20.482     6.615     5.741  320  554  766  589
 561    12.604    15.749     2.938   31   37  376  240
 562     8.937    -6.686     3.441  824 1175 1454 1611
 563   -16.675     7.762     3.071  326  338  636 1034
 564    -1.096    -6.547    -7.028  732  958 1542 1826
 565    -3.267     4.712   -11.418  247  343 1110 1398
 566    10.758    13.305     7.331  113  214  428  283
 567   -18.568   -13.412     6.276 1166 1363 1566 1933
 568    20.250     3.542    -1.509  357  595 1079  955
 569    19.324    13.791     3.275   66  153  478  263
 570    13.675    12.264    -9.699   26   20  719  695
 571    -2.266    10.220    -0.609  175  192  623  792
 572    10.258     9.184    -7.948  103  200  850  868
 573   -10.098    12.745    -0.899   94   55  485  761
 574    24.222     7.530     3.254  245  492  780  535
 575    23.343   -15.761     6.303 1141 1438 1695 1828
 576    12.504   -10.790     4.940  995 1357 1563 1752
 577     2.490     3.607     9.344  514  688  753  944
 578     8.342     1.892    -9.994  352  529 1276 1403
 579   -19.937     8.477     9.428  393  373  472  922
 580     3.132    -3.132    11.916  811 1096 1100 1302
 581     0.473    14.010     9.946  129  180  298  346
 582    -7.586    -8.545    -0.328  900 1153 1513 1851
 583     5.618    -8.019    -3.468  813 1141 1552 1797
 584    26.803     2.019    11.583  541  941  911  663
 585    -3.565    -7.401    -5.650  795 1033 1545 1848
 586    -1.656    14.220     3.874   83   78  384  456
 587    13.543    -2.410     5.947  679 1015 1211 1264
 588    14.179    17.544     9.997   24   45  218   80
 589    -8.514    -9.834     4.551 1021 1258 1486 1850
 590    21.702    15.981     7.819   48  100  327   87
 591    -3.075   -11.318     1.840 1035 1301 1579 1894
 592     6.960   -14.359    -3.495 1052 1376 1725 1928
 593    22.771     7.396     0.689  227  468  815  644
 594     0.261    15.313    11.062  112  121  229  242
 595    10.437    -7.748     4.267  887 1237 1470 1631
 596    10.774   -16.214     0.494 1130 1418 1732 1932
 597    24.675    11.102     8.967  186  411  531  222
 598    -4.173    -2.054     4.976  705  915 1148 1476
 599     5.393     5.348     7.148  419  585  736  816
 600    10.672     1.618     2.755  496  745 1053 1103
 601    -4.987     1.859    -7.572  398  523 1198 1499
 602    16.824     6.953   -11.574  134  288 1067 1003
 603     8.934    -3.658    -2.975  609  943 1419 1565
 604   -15.738    -0.079    -5.683  527  603 1192 1674
 605   -19.569   -10.215    11.107 1117 1321 1387 1845
 606   -14.694    -9.219    11.582 1087 1292 1348 1802
 607    21.624   -11.598     6.401 1023 1396 1596 1696
 608   -15.638    -8.665    -0.280  936 1133 1492 1900
 609    -5.487    -9.110     3.425  954 1225 1495 1823
 610    -3.418    -3.666    -7.721  594  798 1445 1766
 611   -14.111   -11.892    12.284 1162 1375 1468 1863
 612   -14.376    -4.173    12.582  902 1091 1087 1542
 613    17.145   -16.092     6.160 1164 1437 1693 1874
 614     7.295    13.815     8.429  105  184  367  295
 615    10.293    10.074    10.401  256  441  515  407
 616    22.087     0.334     0.737  493  854 1213 1066
 617    24.126    10.494     8.654  193  445  544  276
 618     8.431    -4.355    12.293  851 1182 1182 1296
 619   -19.308    -6.047     8.147  949 1110 1235 1753
 620    13.666   -10.500    -5.258  863 1253 1651 1841
 621    -1.013     2.177    10.745  581  775  814 1018
 622    18.719   -14.200    -3.405 1024 1387 1745 1899
 623   -12.454    -3.862     1.653  760  927 1275 1705
 624     4.154    -0.042     8.485  644  897 1002 1164
 625    19.746    -5.741     5.760  803 1183 1403 1380
 626    14.969   -15.969     3.942 1146 1431 1709 1902
 627     8.245    -8.902     9.482  988 1335 1449 1615
 628    22.206    -4.891     2.120  697 1140 1427 1385
 629    16.018    16.387     2.500    8   12  382  181
 630    18.243    -9.110    10.236  992 1360 1460 1521
 631   -14.000    13.124     7.999  185  118  318  582
 632    24.737    10.582     5.648  161  391  600  318
 633    18.874     3.204     0.437  401  629 1039  950
 634   -15.171     2.820    -8.996  392  416 1121 1588
 635     6.185     9.198    11.335  306  476  521  474
 636     4.845   -11.764    -4.157  958 1283 1658 1911
 637    25.661    -4.273     6.250  727 1173 1345 1206
 638     0.239     8.527    11.707  362  486  509  625
 639    21.250    17.881     7.498    1   19  250   58
 640    -0.782    -3.579    -0.307  676  925 1329 1628
 641    -3.816   -10.089     7.817 1062 1311 1476 1803
 642    25.810     5.789     4.755  328  596  827  611
 643    23.513    -4.694     1.839  693 1119 1423 1365
 644    -1.847     2.975    -1.288  428  566 1019 1256
 645    11.768    -7.676     6.233  893 1264 1443 1584
 646     6.857    12.043     5.766  151  247  476  436
 647    18.208    -2.450     3.464  614 1017 1296 1246
 648    -0.140   -12.944     7.394 1119 1395 1572 1861
 649    11.581    -4.134   -10.894  557  848 1533 1713
 650     5.946   -10.712    10.135 1075 1377 1481 1724
 651    -3.130   -10.460    -0.730  966 1233 1577 1891
 652     7.577     6.512     9.132  394  568  653  678
 653    21.608     3.699    -5.658  294  540 1142 1047
 654     2.000    -0.108     5.410  615  842 1059 1241
 655     4.462    -2.655    10.086  770 1050 1106 1292
 656    24.076    12.449     9.223  135  335  463  171
 657    -3.745    -8.297     9.265  997 1280 1368 1720
 658     8.396    -3.923     8.235  787 1132 1232 1349
 659   -18.847   -13.116     9.134 1178 1374 1537 1922
 660    -1.834     5.598    -1.599  321  450  878 1098
 661    20.422     9.717    10.902  262  480  546  303
 662   -20.177    -0.188    10.531  734  825  875 1449
 663   -18.559    -4.780     2.858  815  968 1290 1771
 664    14.192     2.377     5.410  499  735  984  941
 665    -6.113    14.347     8.994  127  119  272  421
 666     0.329    -9.660     2.534  959 1251 1529 1825
 667    14.998    -1.838     5.488  634  991 1191 1205
 668    20.919     5.632     8.362  388  654  761  568
 669    13.346    15.265    10.857   85  138  289  143
 670    25.101     0.204     8.450  570  961 1062  882
 671    24.706     6.033     2.527  299  564  880  635
 672    16.134     6.764     7.011  350  551  702  618
 673     7.965     2.839     8.834  525  754  859  908
 674     9.501     1.075     7.137  558  839  986 1057
 675    12.930    11.550    10.996  200  383  434  302
 676    20.688    13.693    -5.307   12   43  626  427
 677    -1.573    14.981    10.486  115  107  237  299
 678    18.685     1.638     1.873  477  753 1117  998
 679    24.246    -2.207     8.895  677 1088 1194 1024
 680    16.356   -10.716   -10.516  790 1201 1707 1895
 681   -19.282     6.621     9.800  461  471  561 1023
 682   -14.440    -5.927    -3.581  789  933 1432 1860
 683    -4.235    -8.218    -9.580  759 1020 1603 1912
 684     9.799    -3.541    -2.345  603  948 1410 1534
 685    10.923   -10.283     8.960 1026 1368 1509 1683
 686   -16.057   -11.621    -1.940 1039 1230 1605 1938
 687   -13.862    -7.805     0.501  909 1108 1463 1857
 688   -12.303   -11.406     0.559 1049 1262 1588 1919
 689     8.648     6.594    -2.226  268  407  874  905
 690    26.043    10.194    10.023  205  488  562  245
 691    14.846     8.734     3.847  228  418  679  566
 692    -5.024    -3.937    -8.221  605  787 1467 1784
 693     4.051    -7.265     5.603  891 1213 1409 1656
 694    16.775   -14.777     1.177 1085 1414 1713 1886
 695    16.276    -3.594     9.810  752 1160 1226 1187
 696    26.717    10.052    12.279  252  503  527  202
 697    10.814    -2.782     9.683  721 1097 1164 1230
 698   -11.044    -0.028   -11.336  459  542 1310 1734
 699    14.291    -1.350    -1.871  548  826 1303 1376
 700     3.000     6.161     9.462  425  571  652  736
 701   -14.558    -4.550    -2.095  746  901 1371 1778
 702    16.793    16.450     3.470   11   30  374  159
 703     1.477    16.826     8.795   49   38  216  210
 704    11.659    -8.989     9.256  979 1346 1447 1604
 705   -11.825     2.224   -10.420  385  440 1183 1621
 706    -6.678    -6.768    -7.812  740  953 1543 1873
 707    22.270     7.943    -2.379  184  376  853  672
 708    19.637     0.457     7.214  553  919 1063  963
 709     4.439     1.674    -9.768  372  527 1267 1448
 710    15.698    -7.586     5.270  862 1265 1472 1540
 711     5.929   -12.621     7.460 1095 1401 1578 1814
 712   -12.851   -11.130     8.870 1103 1344 1482 1865
 713    21.119    10.350     1.010  136  300  665  462
 714     3.052   -14.782    11.869 1198 1432 1593 1862
 715   -16.514     2.677    -6.383  431  462 1069 1569
 716   -10.070     5.934     3.849  397  460  717 1062
 717    21.136   -14.795     8.267 1129 1436 1661 1781
 718     4.440   -10.536     8.282 1061 1352 1499 1750
 719   -13.905    -6.829     8.997  963 1178 1289 1722
 720   -12.383   -10.534     3.097 1051 1238 1519 1907
 721    10.344     2.982     7.978  511  749  845  899
 722     9.758     8.128    -7.975  152  251  890  939
 723    19.793    17.051     7.192   16   51  274   93
 724     6.660    -9.888     9.962 1038 1358 1471 1668
 725   -11.308   -10.356     0.148 1002 1211 1544 1914
 726    19.271     9.584    12.098  283  496  519  305
 727    25.410    15.136    11.409   84  205  299   70
 728    25.381    -1.160     2.136  561  942 1244 1111
 729   -10.968     1.097    10.438  636  818  844 1224
 730    16.641    -7.628     0.020  808 1195 1538 1624
 731    20.281    13.459    -2.887   36   74  590  395
 732    23.553     5.920    11.359  389  708  684  473
 733     2.490     0.324     8.823  610  904  960 1145
 734    -8.356    -3.653     7.266  817 1007 1166 1568
 735   -12.150   -14.306     2.479 1139 1373 1634 1949
 736    20.154    10.870    12.239  230  443  490  219
 737   -15.385   -10.623     0.950 1030 1208 1546 1923
 738    -6.040    10.960   -10.366   73   24  741 1013
 739    23.351    -0.265    10.705  626 1014 1025  858
 740    -8.846    17.228    11.358   68   13  139  260
 741    23.582   -14.098     4.894 1078 1430 1664 1791
 742    10.400   -14.797    -4.047 1045 1384 1736 1934
 743   -15.673   -14.150     2.982 1151 1369 1617 1951
 744    21.757    13.182    10.868  132  327  408  138
 745    -1.868    -9.201     0.860  924 1205 1524 1833
 746    16.646    12.582    11.344  160  358  405  188
 747    19.443   -11.415    -8.395  838 1267 1717 1870
 748    15.800     8.061    -0.956  195  392  785  723
 749    14.107    -9.451   -11.061  747 1146 1676 1868
 750     5.636   -14.129     5.846 1132 1406 1629 1887
 751    10.583    -5.921     1.223  774 1125 1430 1602
 752   -11.726    12.891     3.079  116   87  435  675
 753     1.543   -10.456     3.731 1005 1325 1541 1820
 754    10.918     9.666     3.278  204  320  638  584
 755    -8.673    -4.391    12.148  896 1135 1119 1485
 756    13.032    13.954    -0.893   35   70  542  397
 757    -2.735    -1.961    12.661   -1 1034  996 1276
 758    -3.122     1.225    -0.267   -1  645 1084 1372
 759    26.623   -10.189     4.912  937   -1 1570 1581
 760   -19.615    -8.380     2.921   -1 1134 1437 1889
 761   -19.738     5.294     6.895  490  493   -1 1175
 762    -0.280   -11.011     9.578 1092   -1 1490 1782
 763     2.860    16.744     4.976   25   -1  262  256
 764    16.541     1.991     0.576  454  700   -1 1050
 765    14.366   -13.941    -6.010  994 1353 1739   -1
 766   -18.985     2.234     8.744   -1  656  778 1308
 767    13.082     4.106    -2.953  339  534   -1 1042
 768    -2.800     1.902    -0.847   -1  605 1052 1335
 769   -15.609    14.233     7.447   -1   79  275  542
 770   -17.822    10.219    11.202   -1  324  389  725
 771   -13.736     8.056     2.558   -1  323  630 1015
 772    11.405    -8.480     3.159  894 1254   -1 1684
 773     5.815     7.330    11.118   -1  555  594  609
 774     6.614     4.643    11.858   -1  681  691  746
 775    -3.850   -10.125    -9.324   -1 1122 1654 1929
 776   -14.790    11.766     5.506   -1  185  423  717
 777     1.203     9.744     3.828   -1  308  584  685
 778    -7.416     4.001   -10.871   -1  367 1126 1481
 779     1.602    10.363    -5.444   -1  132  704  847
 780    -9.198     2.957     8.691   -1  666  772 1144
 781    -3.498   -17.415     9.963 1279 1440 1663   -1
 782   -21.368    -3.082     9.372   -1  973 1038 1618
 783     7.643     9.275     5.535   -1  394  597  600
 784     8.575   -13.481    -2.548 1028 1355 1696   -1
 785   -14.768     1.374    10.176   -1  750  811 1286
 786   -11.721   -11.132     7.096   -1 1328 1500 1884
 787     4.675     4.418    -7.672   -1  431 1078 1243
 788   -16.125    -4.861    -8.580   -1  810 1477 1875
 789    25.896    -7.431     9.691  888   -1 1426 1322
 790    -4.689     1.939    12.583   -1  817  779 1051
 791    17.961     4.598     6.116  405  653   -1  729
 792    -1.770    14.761     6.126   -1   76  316  387
 793    19.749   -15.364    11.028 1183   -1 1638 1785
 794   -11.303    12.977     9.337   -1  168  309  529
 795     9.094     3.792     0.649   -1  581  968 1025
 796   -10.983    14.360    10.053   -1   96  245  437
 797   -19.890     0.872     5.892   -1  686  913 1455
 798     7.473    14.763    10.687   -1  169  278  208
 799   -17.246     1.763    12.712   -1  769  725 1223
 800    27.653     4.896     7.964  391  724  825   -1
 801   -13.141    14.842     4.024   -1   15  312  548
 802   -16.502     1.998    12.258   -1  763  722 1211
 803    27.989     6.224     7.558  342  617  792   -1
 804   -15.491    16.366     4.670   59   -1  234  483
 805   -17.619    -1.414    12.264  806  940   -1 1434
 806    -3.192     3.590     1.196  444  557   -1 1195
 807   -13.767    19.208     6.078    4   -1  129  290
 808   -19.172     0.856    10.063   -1  768  816 1367
 809    24.092    15.382    10.071   -1  189  321   79
 810    21.000    14.921    -2.179    5   21  535   -1
 811    23.482    11.688    -5.971   47  131  727   -1
 812    -1.084    -2.670    11.872   -1 1069 1064 1317
 813    -1.163    12.615    12.156   -1  269  313  381
 814   -11.974    11.895    -4.985   -1   29  585  921
 815    20.823    -9.392     1.588   -1 1304 1571 1662
 816   -11.741    -3.669    -2.474   -1  849 1340 1755
 817    -5.288    15.929     7.023   -1   28  240  351
 818    -0.494    -0.583    10.771   -1  938  961 1209
 819     8.312     0.214     0.700   -1  767 1165 1265
 820    20.322     9.425   -10.345   76  175  936   -1
 821    -7.387    -1.259     5.283   -1  862 1088 1457
 822     4.030    -5.938    11.722  913 1228   -1 1450
 823    -2.225    -0.962     0.499   -1  786 1190 1473
 824    -7.005    13.527    -0.782   -1   35  457  669
 825    25.558    -5.182    10.036  804 1261 1325   -1
 826    22.858     7.551    -5.316  157  378  934   -1
 827    24.313     9.360    12.156  280   -1  543  265
 828     5.975     1.268    11.525  601  883   -1  983
 829    -5.917    -2.156     6.245   -1  928 1135 1469
 830     8.023    14.304     5.258   -1   98  398  321
 831     4.055     7.177     4.468   -1  474  701  779
 832    26.593     7.152    12.214  346   -1  656  334
 833   -11.875     0.384    10.195   -1  838  884 1303
 834     9.495   -11.257     8.445 1065 1386   -1 1740
 835    -5.353     9.566     8.160  292  365   -1  691
 836    -7.131     5.107   -12.284   -1  279 1095 1440
 837    -5.236   -15.302     8.962 1218 1424 1616   -1
 838     1.488     3.649     4.067   -1  597  883 1075
 839   -11.646    -0.808     6.099   -1  841 1028 1454
 840    -1.973     1.420    -1.027   -1  619 1096 1361
 841    25.154    -8.931     0.181  827   -1 1573 1634
 842     2.388    20.111    11.830    7   -1   81   69
 843    19.594    -2.427     2.497  612   -1 1300 1248
 844    21.165    10.206     5.186  173   -1  617  383
 845     8.087    16.699     6.539   39   -1  254  190
 846   -16.950     4.797    -1.454  402  422   -1 1340
 847    20.098    -5.157    11.697  835 1259 1273   -1
 848   -19.733     7.000     2.900  358  370   -1 1174
 849    -7.376   -12.988    -3.903 1033 1293 1665   -1
 850    20.731    15.897     7.421   42   93   -1  113
 851   -12.358    15.481     9.700   -1   66  204  400
 852   -16.047    17.853     1.477    6   -1  220  482
 853    16.525    11.770     7.967  158   -1  486  310
 854   -14.441   -11.244     0.348 1047 1240   -1 1925
 855     5.719    -0.296    -6.194  487   -1 1305 1483
 856    -2.582    -5.439    11.534  907 1179   -1 1501
 857     1.089     6.442    -1.467   -1  402  838 1011
 858    -6.254    11.466    12.189   -1  311  363  494
 859    24.481   -11.191     4.265  980   -1 1600 1682
 860     1.002    14.782    10.194   -1  133  255  279
 861     1.129    10.671    12.378   -1  399  418  453
 862   -13.243   -15.182    -3.832 1111 1347 1716   -1
 863    27.008    -1.130     6.075  580 1022 1204   -1
 864   -14.813    -2.599    11.270  832  988   -1 1493
 865    14.035    -9.099     4.403  916 1307   -1 1666
 866   -15.484    -3.527    -6.265   -1  757 1379 1817
 867   -16.706    -8.355    11.346 1063   -1 1323 1773
 868    24.143    14.720     9.894   -1  210  368   94
 869     8.777     3.533    -8.905   -1  465 1167 1277
 870   -12.605    11.607    12.586   -1  289  307  567
 871    -0.403    -4.833     5.049   -1 1082 1306 1577
 872     3.633     4.128     9.432   -1  673  750  866
 873    13.331    -2.153     2.062  608   -1 1269 1327
 874    23.857    10.862    12.104  217   -1  488  206
 875     4.556    -4.390     6.277  784 1102   -1 1478
 876    25.213    11.970     2.547   96  243  593   -1
 877    26.863     2.592     4.443  448  781 1017   -1
 878    -3.260    14.597    12.025   -1  144  231  307
 879    -6.643    12.174    10.184   -1  252  362  497
 880     8.021   -11.634    -5.144  925 1278 1666   -1
 881   -12.276    13.911     7.917   -1   92  288  521
 882    11.332     5.413     9.798   -1  633  710  688
 883    24.345    -6.078     9.602  840 1285 1367   -1
 884   -17.001    -2.101     9.584  788  946   -1 1510
 885   -17.672    10.847    11.903   -1  294  338  677
 886    -2.142    10.173    11.623   -1  386  439  537
 887    -6.062     2.458     6.752   -1  678  871 1168
 888    -2.055    11.395   -12.510   41   -1  773  990
 889    -0.453     0.931    -9.710  420   -1 1279 1545
 890    17.944    -0.216     8.534  592   -1 1077  978
 891     0.967    -7.149    -4.000   -1 1054 1532 1812
 892    -0.385     9.687    -2.144   -1  198  678  829
 893     3.528     2.178     7.839   -1  748  892 1049
 894   -12.703     8.238    -5.918   -1  182  765 1184
 895    -0.099    15.884    11.305   -1   83  213  218
 896    26.886    -1.618     8.440  631 1083 1180   -1
 897    -4.713   -10.465     9.575 1081   -1 1466 1790
 898    -6.727    -9.709     8.362 1058 1302   -1 1788
 899     4.021     7.385   -10.212   -1  222  980 1107
 900    24.417   -16.093     6.334 1143 1443 1708   -1
 901    19.528    -1.038    11.083  664   -1 1070  958
 902    23.081    10.755    -7.277   61  156  803   -1
 903     5.925   -15.234    12.172 1221 1435 1611   -1
 904    24.476     3.873     4.583  404  687  958   -1
 905    24.496    11.882    12.174  170   -1  465  147
 906   -14.471     7.161    -0.410   -1  318  709 1148
 907     2.674    12.579     0.927   -1  109  522  563
 908    -3.776     3.269    11.967   -1  736  723  968
 909    -6.859   -12.228    10.365 1142 1383   -1 1849
 910    14.004   -15.610     3.183 1131   -1 1698 1903
 911   -17.030     2.922    10.750   -1  676  698 1199
 912   -11.992   -17.747    11.936 1322 1442 1653   -1
 913    17.421    14.163    11.962  121   -1  315  136
 914    10.014     5.738     2.837   -1  524  817  842
 915    25.213    -4.237    12.301  802 1246 1227   -1
 916    22.085    -6.518    11.302   -1 1317 1354 1280
 917    22.110   -14.575    12.016 1158   -1 1626 1711
 918    -1.171    19.287     8.631    3   -1  127  142
 919     3.841   -16.348    -1.002 1136 1409 1742   -1
 920    12.149   -16.186    -5.533 1076 1398   -1 1945
 921    17.125    15.001    11.231   -1  196  293  123
 922    -5.470     9.056    -5.298   -1  176  728 1033
 923    -8.965    -5.584     9.592  911 1145   -1 1608
 924     5.247    13.860     7.772   -1  164  370  316
 925     9.402    13.693     5.795   -1  141  420  335
 926    25.731    15.887    11.968   -1  197  268   54
 927   -16.379    15.965     8.530   -1   11  200  440
 928     0.720     6.979     5.499   -1  491  669  812
 929    -9.843     5.482    -4.279   -1  384  905 1266
 930    22.175     1.754     7.353  513   -1  998  823
 931    -3.492     6.740    10.600   -1  549  592  764
 932     4.165    10.404     4.086   -1  286  554  619
 933    18.601    -4.620     5.286  742 1151   -1 1326
 934    -1.017    13.748     8.847   -1  163  319  378
 935     0.556    -2.895    11.396   -1 1090 1093 1310
 936    20.215    -8.157    -3.401  781 1189   -1 1700
 937   -11.419    11.707    10.602   -1  245  350  583
 938   -17.469    -6.740    12.013 1019 1194   -1 1709
 939    22.709    -2.457     6.735  657 1084 1241   -1
 940    -6.178   -13.889     2.640 1121 1371 1636   -1
 941    21.627     4.252    -9.619  234  467 1203   -1
 942     9.228     0.893    -2.094   -1  696 1177 1273
 943     0.166   -12.292    -7.228  950   -1 1689 1935
 944    -5.425     7.313     0.181   -1  372  724 1002
 945   -12.016   -18.507     6.308 1296 1433 1700   -1
 946     8.390    17.185    12.306   -1   68  180  101
 947    -9.589    17.844     5.943   32   -1  182  313
 948    12.275    16.153     9.500   -1   85  247  146
 949    21.638   -12.139     3.165 1000   -1 1635 1751
 950   -16.216    11.621     9.711   -1  234  364  651
 951    -1.274    14.170     3.515   -1   59  396  476
 952    15.654     9.472    11.387  284   -1  524  376
 953     3.983   -11.665     7.314 1070 1380   -1 1813
 954     8.043   -14.196     1.521 1090   -1 1677 1908
 955   -14.088     1.100     3.506   -1  652  983 1417
 956    24.848     1.768     3.630  464   -1 1090  876
 957    21.191    13.161    12.032  146   -1  387  134
 958    -5.775     4.914    -7.343   -1  363 1009 1332
 959     3.933    -5.914     1.115   -1 1085 1428 1664
 960    -7.623     5.008    -5.887   -1  389  963 1311
 961    -5.597    19.942    11.621    9   -1   73  124
 962    -0.844    18.796    11.865   33   -1  115  117
 963    15.052    -8.323     1.629  859 1247   -1 1660
 964    24.979     2.886     9.394  497  843  910   -1
 965    18.729     3.861    10.655  467   -1  804  674
 966     1.875     3.627    -9.954   -1  432 1153 1383
 967   -12.492    -4.743     5.802  847 1030   -1 1669
 968   -12.432     9.654    11.415   -1  404  431  676
 969    13.991     3.723    -6.985  313   -1 1136 1156
 970    12.320    12.269     7.905   -1  274  449  331
 971     1.467    18.052    12.207   -1   18  132  120
 972    16.991   -14.317    -3.182 1029 1388 1740   -1
 973   -14.088    10.133     7.347   -1  257  456  801
 974    -0.900    15.691     6.487   -1   32  286  315
 975    23.307    15.165     9.205   -1  174  353   91
 976    -5.821   -15.627     5.636 1192 1416 1660   -1
 977     0.677     3.249    -9.241   -1  444 1156 1407
 978    22.336     0.523     3.468  512  875 1146   -1
 979     2.757     5.074     4.264   -1  543  801  948
 980    16.233     3.198     7.710  478   -1  895  808
 981     6.255     2.309    -1.192   -1  599 1075 1210
 982    -0.536    10.821     3.260   -1  231  538  661
 983    18.761     8.720    10.939  296  530   -1  382
 984    15.296    15.261     3.398   38   -1  404  244
 985    24.965    10.482    10.858  210   -1  534  223
 986     8.856   -14.117    12.362 1185   -1 1575 1789
 987    11.970    -5.282     7.952  836   -1 1316 1404
 988     8.430    10.564    10.163   -1  410  495  393
 989     6.051     8.569    -8.016   -1  218  864  969
 990    -9.353    12.006    11.551   -1  267  325  510
 991    -3.964     1.849    -1.959   -1  598 1089 1358
 992    26.449     6.888     3.978  279  548  776   -1
 993    -1.667     3.398    -1.756   -1  526  993 1255
 994   -10.678    16.991    11.332   -1   25  149  264
 995   -10.049    16.160    10.061   -1   33  184  341
 996   -18.417     7.381     8.343   -1  405  547 1000
 997    -7.191    11.850     2.074   -1  123  502  708
 998    11.914    15.258    10.610   -1  147  273  154
 999    22.069    -1.037     7.795  600   -1 1145 1009
1000   -20.759    -5.836     7.397   -1 1087 1249 1763
1001    24.962     7.685    12.515  341  616  613   -1
1002     7.087   -13.815    11.525 1170 1428   -1 1805
1003   -18.381    10.968     9.206   -1  250  399  720
1004    16.261   -13.538     5.242 1088 1415 1645   -1
1005    21.826    -0.578    10.456  621   -1 1056  916
1006     1.768    -5.597    -2.387   -1 1013 1452 1736
1007   -13.582     0.368    -0.169   -1  659 1073 1539
1008     3.369     6.644     9.894   -1  556  625  718
1009    -8.982    15.078     8.973   -1   58  236  409
1010     2.798    -7.921     7.503  943 1260   -1 1661
1011     1.093    -5.308     9.455  865   -1 1274 1487
1012    27.627     6.479     5.826  314  584  793   -1
1013    10.832     4.161    10.306   -1  739  752  752
1014    -4.480     1.435    12.052   -1  829  800 1112
1015     7.257     6.743    -2.847   -1  406  873  943
1016    13.227    -0.537     4.450  588   -1 1144 1169
1017    22.714     0.817    10.699  578   -1  991  795
1018    14.170    -8.728     8.098  948 1340   -1 1570
1019     6.894     5.221     5.902   -1  575  759  861
1020   -11.876     0.584     4.692   -1  726  962 1418
1021     4.174   -10.074     5.253  999   -1 1522 1777
1022     0.323    16.214     0.452   14   -1  375  385
1023     6.141    12.752    12.169   -1  283  332  294
1024    14.658   -12.532    -5.004  942 1332 1694   -1
1025   -13.396    -5.998     9.568  930 1154   -1 1687
1026    18.464     7.064    -5.996  165   -1  975  841
1027    -4.986     8.463    12.813   -1  482  494  641
1028    -7.776    -5.629    11.427  939 1171   -1 1560
1029    -7.734     4.312     1.543   -1  516  860 1198
1030    27.519    -0.405    10.179  596 1047 1083   -1
1031     1.465    -2.646    -2.963   -1  853 1350 1595
1032     5.341    18.639     7.722    0   -1  188  122
1033   -12.419    10.906   -11.289   -1    2  726 1143
1034    22.677     5.848    12.036  410  703  700   -1
1035    15.088     1.519     7.803  547   -1  979  917
1036    23.304     7.676     8.380   -1  561  662  449
1037    -4.596    -9.008    12.398 1066 1327 1363   -1
1038    -4.170     9.935    11.395   -1  395  447  572
1039   -11.393   -16.044     9.183 1257 1427 1627   -1
1040   -15.333    19.640     9.171   10   -1   89  236
1041     8.539    -2.837     1.415  658   -1 1301 1439
1042     4.473    -2.304     8.053   -1 1019 1149 1299
1043    18.068   -10.688    10.587 1053   -1 1506 1603
1044     1.895   -12.709     6.665 1100 1392 1576   -1
1045    15.835    -6.331    11.805  901 1279 1321   -1
1046   -13.749   -14.713     8.296 1213   -1 1602 1930
1047   -11.762    -4.446     4.888  814  998   -1 1688
1048    -2.011    -5.921     7.798  879 1156   -1 1613
1049    12.284    -7.930     9.368  952   -1 1408 1529
1050   -17.986    12.203    11.925   -1  241  279  596
1051   -16.553   -10.065    12.542 1123 1326   -1 1816
1052   -12.788   -11.431    12.266 1153 1364   -1 1840
1053    -6.738    18.901     9.855   19   -1  118  173
1054     1.269     7.645    -0.345  264  347   -1  900
1055    -4.391   -15.985     0.773 1155 1402 1706   -1
1056   -20.309   -12.444     8.728   -1 1351 1504 1920
1057     9.224    -1.063     4.912   -1  911 1143 1258
1058   -18.572    -4.029    12.369  912 1070   -1 1574
1059    -7.011    -3.801    -5.392   -1  847 1407 1760
1060    -5.081    -2.396    11.235   -1 1012 1037 1375
1061    -1.587    -2.910     0.622   -1  922 1287 1554
1062    25.544    12.007    12.086  172   -1  440  150
1063    17.547    -1.738     9.148  656   -1 1158 1068
1064     8.449   -11.893    -1.089  969   -1 1644 1880
1065   -12.786    -1.839    -2.879   -1  734 1271 1676
1066   -19.772   -14.992    12.381 1274   -1 1553 1931
1067    -2.914     7.016     3.656   -1  428  690  909
1068    -8.773    15.892    11.445  104   75   -1  298
1069    21.620    11.952     9.108  156  341  497   -1
1070     8.684     6.545     3.984  345   -1  742  775
1071   -15.087    15.956    11.261   -1   31  163  379
1072    15.311   -18.716     9.686 1278 1461 1720   -1
1073    -0.214     4.482     0.354   -1  518  906 1108
1074    -3.918   -16.591     3.525 1193 1422 1702   -1
1075     4.047    -7.053     2.807  849   -1 1451 1694
1076    12.945     8.838     0.234  207   -1  720  658
1077     0.817    18.788     6.953    2   -1  175  152
1078   -15.992   -14.415     8.425 1210 1397 1584   -1
1079    21.608    15.585    11.406   -1  179  291   74
1080    21.140   -13.526     7.141 1089   -1 1632 1762
1081   -12.353    13.111     9.763   -1  160  287  536
1082    -5.035   -11.467     5.937 1086 1337   -1 1872
1083    24.481    14.490     4.497   -1  129  454  168
1084    -3.306    16.335    10.811   -1   63  193  232
1085    24.884    -4.225     7.598  737 1188 1295   -1
1086   -15.608    -3.593    10.514  853 1041   -1 1559
1087    17.248    16.821    11.140   58   -1  228   67
1088     0.332    -1.808    -6.662   -1  731 1356 1635
1089    -2.792   -13.489     4.766 1116 1389 1613   -1
1090   -11.139    -0.779    -2.604   -1  679 1193 1614
1091   -10.435     1.906    -2.852  485  560   -1 1452
1092    -8.372   -17.795     1.553 1234 1423 1730   -1
1093     9.685     9.933    -1.933   -1  225  688  707
1094    23.826   -13.481    12.011 1138   -1 1586 1648
1095     9.670    15.808    11.952   -1  145  233  131
1096     7.221    -0.114    11.610  661  971   -1 1052
1097    25.445     4.740     9.114  422  721  813   -1
1098    19.830    -1.561    11.857  703   -1 1072  977
1099    16.993    -7.944    -4.810  754 1155 1598   -1
1100     5.579    15.604     8.721   -1   94  266  213
1101     4.815    13.314     4.198   -1  136  459  411
1102    16.293    -9.189    11.179 1015   -1 1440 1522
1103    15.076   -10.916     6.640 1031   -1 1556 1706
1104   -10.270   -10.199     8.895 1079 1312   -1 1832
1105     5.220   -15.539     4.592 1157 1421 1679   -1
1106     7.461    11.001     7.547   -1  309  487  478
1107   -13.497   -17.127     5.516 1259 1420 1687   -1
1108   -21.016   -13.779     4.350   -1 1356 1594 1948
1109   -20.139   -10.274    12.219   -1 1322 1361 1854
1110    -7.510   -14.310     0.275 1105 1370 1671   -1
1111    17.025     7.731     9.136   -1  546  647  484
1112     3.886   -13.031    -8.878  941 1271 1735   -1
1113     2.883    -3.873     9.563   -1 1086 1185 1405
1114    24.077     3.121     7.551  449   -1  947  700
1115    -6.094   -12.087   -12.076  892 1164 1721   -1
1116   -15.815   -20.453     7.405 1362 1446 1738   -1
1117    17.731     6.170   -11.820  164  310 1099   -1
1118    -0.722     4.657     1.946   -1  517  869 1076
1119    -0.807   -12.452    -3.207 1011   -1 1657 1927
1120     3.889    -1.499    11.988  738   -1 1000 1196
1121    -6.122    11.691     9.462   -1  253  397  545
1122     5.883    -4.185     9.520  820 1127 1216   -1
1123    14.123     4.043    10.182  492  716   -1  742
1124    -4.508    12.200    10.226   -1  260  352  480
1125   -10.624    14.859    12.317   -1  120  211  354
1126    -3.284     8.719     7.169   -1  382  556  744
1127     1.638   -14.098     1.968 1102 1390 1656   -1
1128    27.188     9.024     9.741  263  520  607   -1
1129    -3.255    13.994    10.454   -1  178  276  359
1130   -10.612    -5.979     9.898  927 1172   -1 1625
1131   -12.461    -9.057     8.829   -1 1250 1383 1821
1132     4.274    -1.160     9.284   -1  993 1032 1216
1133    -1.859    -8.285    10.003 1006 1284 1390   -1
1134    17.277     3.207    -9.469  276  509 1242   -1
1135   -20.078   -15.014     8.730   -1 1400 1590 1943
1136    24.690    12.245    -5.865   34  106  706   -1
1137    23.727     8.398    11.324  291   -1  606  332
1138    20.651    -5.633    10.259  821 1277 1344   -1
1139    15.596    10.979     9.215  218   -1  505  326
1140     1.847   -10.567    -5.090  897 1198 1640   -1
1141    17.398     5.073     4.790  376   -1  835  758
1142    19.298    18.445    10.879   13   -1  170   41
1143    23.117   -17.989     8.850 1222   -1 1726 1878
1144    22.576    -6.420    12.372  874 1333 1330   -1
1145    22.936    17.387     3.801   -1    1  346   86
1146     0.147    16.557    11.321   -1   57  181  198
1147     3.452    17.133    12.051   -1   72  168  129
1148    -7.280    17.013     7.880   52   -1  202  285
1149    27.234     1.466     7.923  510  918 1042   -1
1150     3.200    10.100     6.120   -1  319  555  585
1151    19.441    -8.575     3.912  886   -1 1512 1607
1152    21.583     1.502     9.681  543  926  948   -1
1153    14.736   -12.543     8.994 1099   -1 1585 1733
1154   -14.245   -15.206     8.676 1227 1411 1615   -1
1155    18.324    16.079     9.602   64   -1  270   96
1156    -3.060    -4.402    -1.568   -1  965 1385 1691
1157    19.768    -6.559     9.957  877 1290 1353   -1
1158     3.457   -20.525    11.732 1345 1472 1743   -1
1159   -19.403    11.408    11.601   -1  268  324  653
1160    15.652     0.238     8.302  566   -1 1058  981
1161   -11.348    -9.013    -1.168  917 1150   -1 1898
1162   -15.497    13.908     3.798   -1   34  369  643
1163     9.275     9.757     7.045  229   -1  559  526
1164    10.544    -7.216     4.888   -1 1206 1439 1609
1165    22.764     8.972    11.241  295   -1  571  319
1166     3.346   -11.774     3.647 1040   -1 1599 1844
1167   -10.709    -6.807    10.793  993 1186   -1 1692
1168    14.787   -18.097    10.782 1264 1460 1715   -1
1169    -8.263    -5.702     6.649  890 1092   -1 1690
1170    20.331     8.045    11.945  329   -1  580  398
1171   -15.240   -10.938     7.966 1112 1309   -1 1882
1172     3.769     2.645    11.039   -1  815  790  937
1173    19.180   -24.396    -5.261 1291 1468   -1   -1
1174     7.431   -20.720     7.297 1321 1462   -1   -1
1175    25.264    22.868    11.935   -1   -1   68    4
1176    18.638    22.506     7.826   -1   -1  102   17
1177    -1.540   -23.564    10.258 1417 1480   -1   -1
1178     3.935   -28.788    -1.808 1430 1487   -1   -1
1179     2.610   -17.460    11.456   -1 1450   -1 1917
1180    11.901   -18.477     6.101 1248 1451   -1   -1
1181    19.140    25.061    11.137   -1   -1   27    1
1182    16.560   -23.221     7.230 1356 1482   -1   -1
1183    29.076   -16.706     8.696 1174   -1 1705   -1
1184    23.606    18.500    12.555   -1   -1  171   23
1185    26.466    13.466     9.768   -1   -1  422  126
1186    24.624    16.810    11.359   -1   -1  239   44
1187    25.088   -22.811    12.388 1370   -1   -1 1926
1188   -17.352   -16.411     9.703 1284 1425   -1   -1
1189    24.754   -17.533    11.338 1233   -1 1697   -1
1190    14.476   -22.547     3.683 1318 1473   -1   -1
1191   -17.701   -12.784    11.438 1197   -1   -1 1904
1192     9.240    27.091    10.600   -1   -1    3    2
1193    -7.996   -20.667     6.697 1343 1453   -1   -1
1194   -18.586   -22.121    12.229 1427   -1 1737   -1
1195    16.132   -22.829    11.576 1383   -1   -1 1942
1196    -1.611   -20.775     4.605 1323 1454   -1   -1
1197   -24.174   -14.749    11.659   -1 1404   -1 1939
1198    -9.125    -0.526     7.898   -1  863  992 1369
1199    -3.392     1.056     6.854  584  773  942   -1
1200    -2.206    15.007     7.390   -1   -1  294  357
1201   -11.237    13.867    11.126  178   -1  245  446
1202     6.105    -0.512     9.771   -1  952 1011   -1
1203    16.389     3.708    -7.845  286   -1 1168   -1
1204    16.498     3.488    -7.805   -1  510   -1 1157
1205     8.569    -1.996    11.683  744   -1 1060 1166
1206    19.917    12.664    11.292   -1  342  415   -1
1207    18.064    10.444    -0.425  124  266  674   -1
1208    16.842    -1.882     9.315  684   -1 1142   -1
1209    14.345     2.985    -1.585  395  600   -1   -1
1210     0.572    10.201     1.127   -1  236   -1  722
1211    19.014    -6.186    11.362  877 1288 1328   -1
1212    -2.140    -5.396   -10.955   -1  853 1545   -1
1213    -2.739     3.702    -9.915  308   -1 1141   -1
1214   -11.619    15.154     9.688   -1   -1  221  412
1215   -17.365     4.614    -1.402   -1   -1  867 1352
1216    19.493    -7.613     4.213  850   -1   -1 1530
1217   -13.581     7.159    -1.550   -1  304  734   -1
1218    -9.597    -7.016     6.408   -1   -1 1357 1742
1219    -3.920   -10.153     8.814 1062 1337   -1   -1
1220    13.763    10.192    11.395   -1  451   -1  353
1221     9.457    14.446    10.743  113   -1   -1  203
1222    25.583    -5.212    10.179   -1 1261 1325   -1
1223    14.179    17.544     9.997   24   45  218   80
1224   -16.926    -3.265     4.924  789  923   -1   -1
1225     6.861    13.211    -1.309   -1   71  539  519
1226   -10.453    -6.946    11.061  993   -1 1265   -1
1227    19.810    -1.885     0.027   -1  931 1321   -1
1228   -14.296    -6.439    -4.440  789   -1   -1 1875
1229    22.791    10.247    -3.502   95  243   -1   -1
1230   -15.984    -7.479    -4.706   -1  998   -1 1907
1231    -0.815     5.684     0.204  344   -1  832   -1
1232   -12.129    11.846     1.410   -1  102  492  784
1233    23.033    -6.949    -5.021  699   -1 1571 1634
1234    21.376    15.156     8.921   -1  166   -1  113
1235    -3.483   -17.487     9.799 1279 1440   -1   -1
1236    26.348    13.063     9.038   -1  306   -1  141
1237    23.576     1.115     7.968   -1   -1 1024  841
1238   -16.350     4.677    11.412   -1   -1  630 1056
1239   -11.237    13.867    11.126  178   -1  245  446
1240    -2.259    15.076     7.196   88   -1  294  357
1241    -9.028     9.137     6.502  304   -1  536  794
1242    -3.591     3.744    10.797  538   -1   -1  967
1243   -12.278    -0.141     1.130   -1   -1 1091 1523
1244    16.532     9.386     1.963   -1  364   -1  555
1245    -0.181    -7.941    -7.036   -1   -1 1579 1866
1246   -13.581     7.159    -1.550   -1  304  734   -1
1247    -6.153   -14.366     9.004 1189 1410 1595 1910
1248    16.498     3.488    -7.805   -1  510   -1 1157
1249    -3.461     0.285     8.095  630  845  957   -1
1250    -3.416     0.271     7.968  630   -1  957 1251
1251    -9.125    -0.526     7.898   -1  863  992 1369
1252    -3.114     3.561    11.613   -1  706   -1  952
1253   -18.049     2.163     6.027   -1   -1  843 1351
1254   -12.754    -1.041     5.328   -1  832 1048   -1
1255   -14.167    10.730     6.860  249  248  446   -1
1256    -2.206    15.007     7.390   -1   -1  294  357
1257    10.787     3.832   -10.366   -1  443 1188   -1
1258     6.105    -0.512     9.771   -1  952 1011   -1
1259    16.498     3.488    -7.805   -1  510   -1 1157
1260     8.569    -1.996    11.683  744   -1 1060 1166
1261    18.064    10.444    -0.425  124  266  674   -1
1262    14.345     2.985    -1.585  395  600   -1   -1
1263     0.572    10.201     1.127   -1  236   -1  722
1264    19.014    -6.186    11.362  877 1288 1328   -1
1265     0.269    -1.656     7.595   -1  953 1097 1332
1266    -1.106    -3.877     3.109   -1  992 1292   -1
1267    23.045     8.060    11.464  325  578  612   -1
1268    -2.140    -5.396   -10.955   -1  853 1545   -1
1269    -2.739     3.702    -9.915  308   -1 1141   -1
1270   -11.619    15.154     9.688   -1   -1  221  412
1271    -5.986    -0.938     8.735   -1  909   -1 1341
1272    20.431     9.540     6.776  219   -1  614   -1
1273    -3.625     2.327    10.322   -1  760  800 1072
1274    18.745    -6.339    10.632   -1 1288 1349   -1
1275   -13.581     7.159    -1.550   -1  304  734   -1
1276    -9.597    -7.016     6.408   -1   -1 1357 1742
1277    13.763    10.192    11.395   -1  451   -1  353
1278    -5.784    -1.610     5.992  698   -1 1104   -1
1279   -15.281    -0.529     8.521  708   -1   -1 1435
1280    14.179    17.544     9.997   24   45  218   80
1281   -16.926    -3.265     4.924  789  923   -1   -1
1282     2.214    12.216    -0.309   -1  109   -1  619
1283    27.870     3.908     9.225  445  796   -1   -1
1284   -10.453    -6.946    11.061  993   -1 1265   -1
1285   -16.326     4.852    -7.295  327   -1  974 1445
1286    19.826    -1.883    -0.022   -1  931 1321 1271
1287     8.335    -4.911    11.964  863   -1 1224   -1
1288   -18.596   -13.336     6.569 1166   -1   -1 1933
1289    -1.833     9.646     6.924  265  354   -1   -1
1290    22.791    10.247    -3.502   95  243   -1   -1
1291   -15.984    -7.479    -4.706   -1  998   -1 1907
1292     4.014    -4.240    -2.516   -1   -1 1413 1641
1293    -0.815     5.684     0.204  344   -1  832   -1
1294    21.369   -10.698    -0.587   -1 1330 1630   -1
1295   -12.253    11.849     1.137   -1  102   -1  784
1296    21.376    15.156     8.921   -1  166   -1  113
1297    -3.483   -17.487     9.799 1279 1440   -1   -1
1298    -2.622   -10.886     0.698   -1   -1 1579 1891
1299   -12.472     4.974     4.742   -1   -1  730 1148
1300   -12.200   -14.256     2.936   -1 1373 1634   -1
1301    26.348    13.063     9.038   -1  306   -1  141
1302     7.485     5.823    -2.402  287   -1  914   -1
1303   -13.466    -5.837     9.292  930   -1   -1 1687
1304   -16.875    14.041     7.019   -1   -1  279  593
1305    15.267   -16.304     4.228   -1   -1 1717 1902
1306    23.576     1.115     7.968   -1   -1 1024  841
1307    -9.058    -0.523     8.056   -1  863   -1 1369
1308    -2.259    15.076     7.196   88   -1  294  357
1309    25.906    -1.577     3.845  576   -1 1258   -1
1310   -12.278    -0.141     1.130   -1   -1 1091 1523
1311    16.532     9.386     1.963   -1  364   -1  555
1312    23.003    -0.704    11.761  646   -1   -1  871
1313    -0.181    -7.941    -7.036   -1   -1 1579 1866
1314    17.121     3.417    10.509   -1   -1  821  714
1315   -12.222    -8.574     0.387   -1 1143   -1 1875
1316   -13.581     7.159    -1.550   -1  304  734   -1
1317   -13.581     7.159    -1.550   -1  304  734   -1
1318    -6.153   -14.366     9.004 1189 1410 1595 1910
1319    19.895    13.181     5.875   -1   -1  477  233
1320    -5.596    15.112     5.092   79   36   -1   -1
1321    16.458     3.617    -8.058  286   -1   -1 1157
1322    -9.058    -0.523     8.056   -1  863   -1 1369
1323    -2.344    15.145     7.147   88   -1   -1  357
1324    -3.416     0.271     7.968  630   -1  957 1251
1325    -9.028     9.137     6.502  304   -1  536  794
1326    25.906    -1.577     3.845  576   -1 1258   -1
1327    25.505    -1.571    10.528   -1   -1 1132  925
1328   -12.278    -0.141     1.130   -1   -1 1091 1523
1329    23.003    -0.704    11.761  646   -1   -1  871
1330    -0.181    -7.941    -7.036   -1   -1 1579 1866
1331    17.121     3.417    10.509   -1   -1  821  714
1332   -13.581     7.159    -1.550   -1  304  734   -1
1333    21.267    -1.327    11.191  669   -1   -1  953
1334    16.458     3.617    -8.058  286   -1   -1 1157
1335   -11.237    13.867    11.126  178   -1  245  446
1336    -2.622   -10.886     0.698   -1   -1 1579 1891
1337    18.878    -0.368    -8.623   -1  687 1378   -1
1338    11.358     8.393    11.481  337   -1  563   -1
1339    -5.594   -11.108     4.380 1058   -1   -1 1872
1340    16.498     3.488    -7.805   -1  510   -1 1157
1341    -3.461     0.285     8.095  630  845  957   -1
1342    -0.181    -7.941    -7.036   -1   -1 1579 1866
1343    16.038     1.787    10.113  554  879  925   -1
1344    -3.461     0.285     8.095  630  845  957   -1
1345    -3.416     0.271     7.968  630   -1  957 1251
1346    -9.125    -0.526     7.898   -1  863  992 1369
1347    -3.114     3.561    11.613   -1  706   -1  952
1348   -18.049     2.163     6.027   -1   -1  843 1351
1349   -12.754    -1.041     5.328   -1  832 1048   -1
1350   -14.167    10.730     6.860  249  248  446   -1
1351    -2.206    15.007     7.390   -1   -1  294  357
1352   -11.237    13.867    11.126  178   -1  245  446
1353    10.787     3.832   -10.366   -1  443 1188   -1
1354    12.331    -5.365     7.960  818   -1   -1 1404
1355     6.105    -0.512     9.771   -1  952 1011   -1
1356    16.498     3.488    -7.805   -1  510   -1 1157
1357     8.569    -1.996    11.683  744   -1 1060 1166
1358    18.064    10.444    -0.425  124  266  674   -1
1359    23.270    -2.650     9.297   -1 1136 1197   -1
1360    14.345     2.985    -1.585  395  600   -1   -1
1361     0.572    10.201     1.127   -1  236   -1  722
1362    19.014    -6.186    11.362  877 1288 1328   -1
1363     0.269    -1.656     7.595   -1  953 1097 1332
1364    11.212    -7.050     8.107  893   -1   -1 1512
1365    -1.106    -3.877     3.109   -1  992 1292   -1
1366   -15.313    -0.639     5.129  668  789 1020 1509
1367    -2.739     3.702    -9.915  308   -1 1141   -1
1368    -5.986    -0.938     8.735   -1  909   -1 1341
1369    20.431     9.540     6.776  219   -1  614   -1
1370    -3.625     2.327    10.322   -1  760  800 1072
1371   -13.581     7.159    -1.550   -1  304  734   -1
1372    -9.597    -7.016     6.408   -1   -1 1357 1742
1373    25.583    -5.212    10.179   -1 1261 1325   -1
1374    11.288     5.311    10.066   -1   -1  710  688
1375    14.179    17.544     9.997   24   45  218   80
1376     2.214    12.216    -0.309   -1  109   -1  619
1377    27.870     3.908     9.225  445  796   -1   -1
1378   -10.453    -6.946    11.061  993   -1 1265   -1
1379   -16.326     4.852    -7.295  327   -1  974 1445
1380    19.826    -1.883    -0.022   -1  931 1321 1271
1381     8.335    -4.911    11.964  863   -1 1224   -1
1382   -18.596   -13.336     6.569 1166   -1   -1 1933
1383    -1.833     9.646     6.924  265  354   -1   -1
1384   -15.984    -7.479    -4.706   -1  998   -1 1907
1385    -0.815     5.684     0.204  344   -1  832   -1
1386    21.376    15.156     8.921   -1  166   -1  113
1387    -3.483   -17.487     9.799 1279 1440   -1   -1
1388    -2.622   -10.886     0.698   -1   -1 1579 1891
1389   -12.200   -14.256     2.936   -1 1373 1634   -1
1390    26.348    13.063     9.038   -1  306   -1  141
1391   -13.466    -5.837     9.292  930   -1   -1 1687
1392   -16.875    14.041     7.019   -1   -1  279  593
1393   -12.306    13.269    11.700  208  185   -1   -1
1394    15.267   -16.304     4.228   -1   -1 1717 1902
1395     5.880     9.600     8.068  267   -1   -1  539
1396    -9.058    -0.523     8.056   -1  863   -1 1369
1397   -11.237    13.867    11.126  178   -1  245  446
1398    -2.259    15.076     7.196   88   -1  294  357
1399    25.906    -1.577     3.845  576   -1 1258   -1
1400   -12.278    -0.141     1.130   -1   -1 1091 1523
1401    16.532     9.386     1.963   -1  364   -1  555
1402    23.003    -0.704    11.761  646   -1   -1  871
1403    -0.181    -7.941    -7.036   -1   -1 1579 1866
1404    17.121     3.417    10.509   -1   -1  821  714
1405   -12.222    -8.574     0.387   -1 1143   -1 1875
1406   -13.581     7.159    -1.550   -1  304  734   -1
1407   -13.581     7.159    -1.550   -1  304  734   -1
1408    -6.153   -14.366     9.004 1189 1410 1595 1910
1409    19.895    13.181     5.875   -1   -1  477  233
1410    16.458     3.617    -8.058  286   -1   -1 1157
1411    -9.058    -0.523     8.056   -1  863   -1 1369
1412   -11.237    13.867    11.126  178   -1  245  446
1413    -2.259    15.076     7.196   88   -1  294  357
1414    -3.494     0.297     8.106  630  845   -1   -1
1415    -3.416     0.271     7.968  630   -1  957 1251
1416    25.906    -1.577     3.845  576   -1 1258   -1
1417    25.363    -1.486    10.253  654   -1   -1  925
1418   -12.278    -0.141     1.130   -1   -1 1091 1523
1419    23.003    -0.704    11.761  646   -1   -1  871
1420    -0.181    -7.941    -7.036   -1   -1 1579 1866
1421    17.121     3.417    10.509   -1   -1  821  714
1422    16.351     8.281    -3.126   -1  341  820   -1
1423   -13.581     7.159    -1.550   -1  304  734   -1
1424   -13.581     7.159    -1.550   -1  304  734   -1
1425    19.895    13.181     5.875   -1   -1  477  233
1426   -11.237    13.867    11.126  178   -1  245  446
1427    16.458     3.617    -8.058  286   -1   -1 1157
1428    14.102    17.575     9.982   -1   45   -1   80
1429   -11.237    13.867    11.126  178   -1  245  446
1430    17.249     7.174    -6.993  166  344  965   -1
1431    -9.058    -0.523     8.056   -1  863   -1 1369
1432   -11.237    13.867    11.126  178   -1  245  446
1433    -3.416     0.271     7.968  630   -1  957 1251
1434    -9.028     9.137     6.502  304   -1  536  794
1435    25.906    -1.577     3.845  576   -1 1258   -1
1436    25.505    -1.571    10.528   -1   -1 1132  925
1437    17.268     7.192    -7.063  166   -1  965   -1
1438   -12.278    -0.141     1.130   -1   -1 1091 1523
1439    18.064    10.444    -0.425  124  266  674   -1
1440    18.050    10.522    -0.251  124  266   -1  508
1441    23.003    -0.704    11.761  646   -1   -1  871
1442    -0.181    -7.941    -7.036   -1   -1 1579 1866
1443    17.121     3.417    10.509   -1   -1  821  714
1444   -13.581     7.159    -1.550   -1  304  734   -1
1445   -11.237    13.867    11.126  178   -1  245  446
1446    16.458     3.617    -8.058  286   -1   -1 1157
1447    18.064    10.444    -0.425  124  266  674   -1
1448    18.050    10.522    -0.251  124  266   -1  508
1449   -11.237    13.867    11.126  178   -1  245  446
1450   -11.237    13.867    11.126  178   -1  245  446
1451    16.458     3.617    -8.058  286   -1   -1 1157
1452    18.064    10.444    -0.425  124  266  674   -1
1453    18.050    10.522    -0.251  124  266   -1  508
1454    -2.622   -10.886     0.698   -1   -1 1579 1891
1455    -3.461     0.285     8.095  630  845  957   -1
1456    -0.181    -7.941    -7.036   -1   -1 1579 1866
1457    -3.461     0.285     8.095  630  845  957   -1
1458    -3.416     0.271     7.968  630   -1  957 1251
1459    -9.125    -0.526     7.898   -1  863  992 1369
1460    -3.114     3.561    11.613   -1  706   -1  952
1461   -18.049     2.163     6.027   -1   -1  843 1351
1462   -12.754    -1.041     5.328   -1  832 1048   -1
1463   -14.167    10.730     6.860  249  248  446   -1
1464    -2.206    15.007     7.390   -1   -1  294  357
1465   -11.237    13.867    11.126  178   -1  245  446
1466    10.787     3.832   -10.366   -1  443 1188   -1
1467    12.331    -5.365     7.960  818   -1   -1 1404
1468     6.105    -0.512     9.771   -1  952 1011   -1
1469    16.498     3.488    -7.805   -1  510   -1 1157
1470     8.569    -1.996    11.683  744   -1 1060 1166
1471    18.064    10.444    -0.425  124  266  674   -1
1472    23.270    -2.650     9.297   -1 1136 1197   -1
1473    14.345     2.985    -1.585  395  600   -1   -1
1474     0.572    10.201     1.127   -1  236   -1  722
1475    19.014    -6.186    11.362  877 1288 1328   -1
1476     0.269    -1.656     7.595   -1  953 1097 1332
1477    11.212    -7.050     8.107  893   -1   -1 1512
1478    -1.106    -3.877     3.109   -1  992 1292   -1
1479   -15.313    -0.639     5.129  668  789 1020 1509
1480    -2.739     3.702    -9.915  308   -1 1141   -1
1481    -5.986    -0.938     8.735   -1  909   -1 1341
1482    20.431     9.540     6.776  219   -1  614   -1
1483    -3.625     2.327    10.322   -1  760  800 1072
1484   -13.581     7.159    -1.550   -1  304  734   -1
1485    -9.597    -7.016     6.408   -1   -1 1357 1742
1486    25.583    -5.212    10.179   -1 1261 1325   -1
1487    11.288     5.311    10.066   -1   -1  710  688
1488    14.179    17.544     9.997   24   45  218   80
1489     2.214    12.216    -0.309   -1  109   -1  619
1490    27.870     3.908     9.225  445  796   -1   -1
1491   -10.453    -6.946    11.061  993   -1 1265   -1
1492   -16.326     4.852    -7.295  327   -1  974 1445
1493    19.826    -1.883    -0.022   -1  931 1321 1271
1494     8.335    -4.911    11.964  863   -1 1224   -1
1495   -18.596   -13.336     6.569 1166   -1   -1 1933
1496    -1.833     9.646     6.924  265  354   -1   -1
1497   -15.984    -7.479    -4.706   -1  998   -1 1907
1498    -0.815     5.684     0.204  344   -1  832   -1
1499    21.376    15.156     8.921   -1  166   -1  113
1500    -3.483   -17.487     9.799 1279 1440   -1   -1
1501    -2.622   -10.886     0.698   -1   -1 1579 1891
1502   -12.200   -14.256     2.936   -1 1373 1634   -1
1503    26.348    13.063     9.038   -1  306   -1  141
1504   -13.466    -5.837     9.292  930   -1   -1 1687
1505   -16.875    14.041     7.019   -1   -1  279  593
1506   -12.306    13.269    11.700  208  185   -1   -1
1507    15.267   -16.304     4.228   -1   -1 1717 1902
1508     5.880     9.600     8.068  267   -1   -1  539
1509    -9.058    -0.523     8.056   -1  863   -1 1369
1510   -11.237    13.867    11.126  178   -1  245  446
1511    -2.259    15.076     7.196   88   -1  294  357
1512    25.906    -1.577     3.845  576   -1 1258   -1
1513   -12.278    -0.141     1.130   -1   -1 1091 1523
1514    16.532     9.386     1.963   -1  364   -1  555
1515    23.003    -0.704    11.761  646   -1   -1  871
1516    -0.181    -7.941    -7.036   -1   -1 1579 1866
1517    17.121     3.417    10.509   -1   -1  821  714
1518   -12.222    -8.574     0.387   -1 1143   -1 1875
1519   -13.581     7.159    -1.550   -1  304  734   -1
1520   -13.581     7.159    -1.550   -1  304  734   -1
1521    -6.153   -14.366     9.004 1189 1410 1595 1910
1522    19.895    13.181     5.875   -1   -1  477  233
1523    16.458     3.617    -8.058  286   -1   -1 1157
1524    -9.058    -0.523     8.056   -1  863   -1 1369
1525   -11.237    13.867    11.126  178   -1  245  446
1526    -2.259    15.076     7.196   88   -1  294  357
1527    -3.494     0.297     8.106  630  845   -1   -1
1528    -3.416     0.271     7.968  630   -1  957 1251
1529    25.906    -1.577     3.845  576   -1 1258   -1
1530    25.363    -1.486    10.253  654   -1   -1  925
1531   -12.278    -0.141     1.130   -1   -1 1091 1523
1532    23.003    -0.704    11.761  646   -1   -1  871
1533    -0.181    -7.941    -7.036   -1   -1 1579 1866
1534    17.121     3.417    10.509   -1   -1  821  714
1535    16.351     8.281    -3.126   -1  341  820   -1
1536   -13.581     7.159    -1.550   -1  304  734   -1
1537   -13.581     7.159    -1.550   -1  304  734   -1
1538    19.895    13.181     5.875   -1   -1  477  233
1539   -11.237    13.867    11.126  178   -1  245  446
1540    16.458     3.617    -8.058  286   -1   -1 1157
1541    14.102    17.575     9.982   -1   45   -1   80
1542   -11.237    13.867    11.126  178   -1  245  446
1543    17.249     7.174    -6.993  166  344  965   -1
1544    -9.058    -0.523     8.056   -1  863   -1 1369
1545   -11.237    13.867    11.126  178   -1  245  446
1546    -2.259    15.076     7.196   88   -1  294  357
1547    -3.494     0.297     8.106  630  845   -1   -1
1548    -3.416     0.271     7.968  630   -1  957 1251
1549    25.906    -1.577     3.845  576   -1 1258   -1
1550    12.429    10.202    10.857   -1  434  507  377
1551    25.363    -1.486    10.253  654   -1   -1  925
1552   -12.278    -0.141     1.130   -1   -1 1091 1523
1553    18.064    10.444    -0.425  124  266  674   -1
1554    18.050    10.522    -0.251  124  266   -1  508
1555    23.003    -0.704    11.761  646   -1   -1  871
1556    -0.181    -7.941    -7.036   -1   -1 1579 1866
1557    17.121     3.417    10.509   -1   -1  821  714
1558   -13.581     7.159    -1.550   -1  304  734   -1
1559   -13.581     7.159    -1.550   -1  304  734   -1
1560    19.895    13.181     5.875   -1   -1  477  233
1561   -11.237    13.867    11.126  178   -1  245  446
1562    16.458     3.617    -8.058  286   -1   -1 1157
1563    18.064    10.444    -0.425  124  266  674   -1
1564    18.050    10.522    -0.251  124  266   -1  508
1565   -11.237    13.867    11.126  178   -1  245  446
1566    -3.556   -17.371    10.098 1279   -1 1663   -1
1567   -11.237    13.867    11.126  178   -1  245  446
1568    16.458     3.617    -8.058  286   -1   -1 1157
1569    18.064    10.444    -0.425  124  266  674   -1
1570    18.050    10.522    -0.251  124  266   -1  508
1571    -9.058    -0.523     8.056   -1  863   -1 1369
1572   -11.237    13.867    11.126  178   -1  245  446
1573    -3.416     0.271     7.968  630   -1  957 1251
1574    -9.028     9.137     6.502  304   -1  536  794
1575    25.906    -1.577     3.845  576   -1 1258   -1
1576    12.429    10.202    10.857   -1  434  507  377
1577    25.505    -1.571    10.528   -1   -1 1132  925
1578    17.268     7.192    -7.063  166   -1  965   -1
1579   -12.278    -0.141     1.130   -1   -1 1091 1523
1580    18.064    10.444    -0.425  124  266  674   -1
1581    18.050    10.522    -0.251  124  266   -1  508
1582    23.003    -0.704    11.761  646   -1   -1  871
1583    -0.181    -7.941    -7.036   -1   -1 1579 1866
1584    17.121     3.417    10.509   -1   -1  821  714
1585   -13.581     7.159    -1.550   -1  304  734   -1
1586   -11.237    13.867    11.126  178   -1  245  446
1587    16.458     3.617    -8.058  286   -1   -1 1157
1588    18.064    10.444    -0.425  124  266  674   -1
1589    18.050    10.522    -0.251  124  266   -1  508
1590   -11.237    13.867    11.126  178   -1  245  446
1591    -3.556   -17.371    10.098 1279   -1 1663   -1
1592   -11.237    13.867    11.126  178   -1  245  446
1593    16.458     3.617    -8.058  286   -1   -1 1157
1594    18.064    10.444    -0.425  124  266  674   -1
1595    18.050    10.522    -0.251  124  266   -1  508
1596   -11.237    13.867    11.126  178   -1  245  446
1597    16.458     3.617    -8.058  286   -1   -1 1157
1598    18.064    10.444    -0.425  124  266  674   -1
1599    18.050    10.522    -0.251  124  266   -1  508
1600    -2.622   -10.886     0.698   -1   -1 1579 1891
1601    -3.461     0.285     8.095  630  845  957   -1
1602    -0.181    -7.941    -7.036   -1   -1 1579 1866
