1368
   1     0.713    10.677    10.652  285  359  457  499
   2    15.726     1.942    10.500  566  897  932  843
   3    25.687    -6.703    15.226  971 1387 1325 1154
   4    10.848     4.554     8.323  468  667  807  781
   5    12.790    -8.832    11.917 1057 1385 1430 1531
   6    -3.481     1.100     6.931  608  792  970 1213
   7   -13.074    -3.979    -0.637  770  906 1334 1748
   8     8.897     9.515     0.178  182  291  692  686
   9   -13.146    -6.842     5.296  969 1144 1364 1783
  10    11.508    11.535     9.620  208  333  469  352
  11     4.539    -6.127    12.583  980 1267 1267 1453
  12    -5.977    -0.772     4.441  664  839 1092 1429
  13   -13.942    -0.924     2.807  673  783 1101 1564
  14   -12.044    -1.650     9.170  801  943 1030 1465
  15     5.314     4.742     3.685  422  574  867  944
  16     8.371     5.702    11.353  474  636  683  673
  17   -11.231     8.010     4.566  345  360  627  945
  18     7.350    17.888    15.015   61   80  126   62
  19     0.805     3.158    -8.350  350  472 1164 1388
  20    16.741    -1.596    10.378  713 1094 1111 1043
  21    19.215    -0.294    -7.783  452  705 1375 1357
  22    -2.915    15.098    10.879  117  115  257  298
  23    -3.550     2.213    11.738  620  804  809 1036
  24     3.962     3.074    -4.165  392  537 1089 1255
  25     6.715   -10.061     1.390 1000 1294 1555 1804
  26     3.389     6.393    14.049  481  615  598  652
  27    19.059    12.279     8.260  142  306  486  249
  28     6.664    -4.250     7.396  825 1128 1277 1413
  29   -16.441     1.996    13.028  685  782  735 1190
  30   -15.324     0.558     4.646  632  710  991 1476
  31    16.573     4.908    14.283  497  787  698  561
  32     3.250    10.280     1.075  179  244  632  694
  33    -4.730    -0.610     5.363  658  863 1074 1384
  34    -0.059    12.869    15.124  239  311  290  303
  35    23.997     2.811     1.947  430  718 1064  886
  36     1.753    -0.066    11.071  703  955  976 1122
  37    -9.239     8.045    -2.584  251  264  755 1063
  38   -16.411    -1.993    10.788  851  966 1007 1500
  39     9.730     4.297    11.382  516  730  751  748
  40    -1.908     9.789     7.311  284  349  542  657
  41     8.393     2.328    10.049  563  832  895  923
  42   -12.335    14.867    10.944  140  101  230  403
  43     6.113     8.155     0.179  245  361  752  796
  44    25.316     3.203     8.319  480  833  944  693
  45    24.132    -2.130     7.838  676 1112 1221 1030
  46    21.507    10.634     4.001  157  335  630  384
  47    10.046    13.312     9.419  135  239  392  281
  48    -6.218    -4.237    11.191  916 1140 1155 1496
  49    -8.071     7.223     1.654  329  372  720 1003
  50    16.145     7.806    -1.890  215  370  847  745
  51    -1.911     0.975    12.289  683  890  871 1093
  52     9.625    -7.242     2.565  888 1206 1471 1659
  53    14.427     0.146    -6.348  464  681 1322 1365
  54    19.884   -16.999     6.817 1232 1462 1707 1879
  55    -1.569    -7.093    14.339 1058 1303 1263 1552
  56    14.439     2.033    -2.458  441  635 1157 1152
  57    18.682     2.039     5.551  508  822 1026  905
  58     5.909     9.936    -5.699  114  170  776  830
  59    -9.800    10.254    -3.643  151  131  662  966
  60    -4.023    -0.547     9.667  730  936  997 1260
  61    -8.255    -2.402    10.383  836 1027 1063 1408
  62     0.248    -0.759    11.640  746 1002  993 1172
  63    -2.612     4.157    13.489  562  713  680  875
  64     8.259    13.860    -5.802   10    4  606  565
  65     3.759     2.313     0.795  484  628 1049 1186
  66    21.790    -2.036     8.372  697 1099 1202 1057
  67   -16.560    -2.757     6.352  823  940 1115 1622
  68    19.060     4.883    -6.958  259  476 1109  992
  69     9.234     7.330     3.851  313  480  739  730
  70    -8.575    10.816     1.988  184  199  564  786
  71   -15.579     1.970    15.132  728  830  709 1141
  72    -0.818     3.617     1.494  458  565  961 1150
  73    -5.726    -2.083    10.067  810 1010 1062 1387
  74   -19.248    -2.856     8.777  866  970 1067 1616
  75     5.506     7.257    11.407  403  556  615  630
  76   -14.520    -2.142     3.969  743  877 1153 1617
  77     1.362     7.530    12.123  423  540  568  646
  78    -2.600     3.774    -5.023  380  471 1047 1306
  79     8.804    -3.584     1.740  705 1025 1350 1486
  80    21.634    -2.553    15.107  813 1217 1085  941
  81    13.318     9.685    -7.717   93  187  841  810
  82    10.807     1.601    11.559  613  907  914  889
  83    16.278    -1.261    13.355  744 1119 1038  959
  84    10.872    -7.007     8.599  942 1279 1397 1523
  85    25.224     0.726    11.587  605 1030 1012  751
  86   -19.280     1.073    14.743  779  848  737 1248
  87    -1.223     8.691     0.178  236  294  704  861
  88     5.629     3.016    12.936  581  821  777  835
  89    10.137     2.852     4.429  487  702  971  982
  90     6.388    12.147    12.761  228  326  382  314
  91    24.473    -4.262     8.042  788 1208 1321 1173
  92    18.117     1.957    13.337  594  949  883  736
  93    10.472     9.934     3.107  201  316  633  594
  94    -3.243     6.836    14.587  488  594  548  675
  95     7.001    14.001     9.353  120  195  353  273
  96   -17.576     0.170    13.256  789  891  829 1314
  97   -13.067    11.315    -1.676  138   94  580  904
  98    16.283     7.752     3.127  265  468  764  644
  99    14.990    -4.804    10.462  869 1232 1271 1263
 100   -12.398    -7.331    12.793 1078 1260 1266 1692
 101   -14.844     6.354     5.233  429  437  676 1079
 102    13.153    11.374    14.214  267  436  419  240
 103     7.970    -1.428    13.005  782 1076 1027 1105
 104     5.115     6.361     6.945  401  534  710  771
 105    15.705     2.226    -1.493  435  657 1135 1091
 106   -14.061    -1.890    -6.864  588  663 1331 1760
 107    22.579    -1.825    10.833  709 1138 1148  967
 108    11.928     6.360    13.001  454  645  651  557
 109    22.896    11.891    14.859  220  446  424  130
 110    19.084     6.892    13.529  417  665  644  425
 111    15.765    -3.285     4.511  722 1074 1306 1298
 112    -9.539    -3.188     0.069  717  895 1293 1688
 113    11.252     3.447    10.890  531  790  816  787
 114    -2.340     3.744     0.687  448  549  958 1183
 115    11.914    10.973     1.959  133  265  618  524
 116    -0.852    14.827     2.020   56   25  418  467
 117    -0.478     6.490     1.618  344  441  787  960
 118    23.015     9.711    13.484  298  536  525  236
 119   -12.021    -6.301    11.644 1028 1196 1239 1656
 120    -2.506    -0.845     4.712  668  864 1106 1383
 121    10.888     2.446    -7.786  359  531 1219 1292
 122   -12.216    -0.171     1.312  612  720 1099 1533
 123   -13.140    13.008     5.961  164  116  385  637
 124     5.568     0.539    10.383  655  927  974 1040
 125    -2.050    13.270     7.696  145  172  393  435
 126   -12.203    -9.106     2.022 1016 1194 1496 1874
 127    19.953     2.919     6.463  482  776  978  807
 128     2.245     1.048    12.866  670  926  881  996
 129    12.462     5.971    -1.673  301  466  931  913
 130    -3.009     4.097    -2.350  395  499  992 1217
 131     5.892     2.091    -0.480  479  625 1079 1210
 132    -5.398    16.217     6.360   62    2  265  353
 133   -12.964    -2.868    14.609  921 1085  998 1418
 134     3.074     1.980    12.846  629  876  821  947
 135    14.411     2.536    11.128  564  868  870  799
 136    12.594    -6.276     7.739  908 1235 1383 1470
 137    17.005   -10.486     8.268 1061 1409 1525 1638
 138     6.983    13.186    -1.538   66   72  560  530
 139    25.297     5.737     5.815  357  612  855  584
 140    -4.997    14.857     5.324   83   43  336  450
 141     4.821    12.336    -7.912   36   31  695  741
 142   -13.011     1.544     4.274  578  670  969 1367
 143     9.497    15.407     3.123   32   48  410  295
 144    -8.779    -4.083     6.493  858 1052 1226 1603
 145   -16.789     9.285    -0.725  244  206  637 1052
 146   -18.707    11.999     9.107  256  202  357  696
 147    24.330     8.969     5.882  234  481  677  401
 148    -3.254     9.005     7.310  317  379  571  719
 149    14.521    17.425     9.245   24   44  246   82
 150   -16.666     2.790    -3.831  465  490 1037 1519
 151     5.296     0.003    -3.311  519  709 1247 1397
 152    23.626     8.301     6.795  277  510  694  437
 153    -6.048    -4.326    -4.772  699  898 1424 1769
 154    16.339     8.843    10.001  307  506  600  418
 155    21.379    12.425    10.388  162  329  460  185
 156    -4.688    -3.094     3.907  773  968 1236 1561
 157    10.543    -7.299    -8.859  734 1051 1600 1809
 158   -10.034     2.044    11.546  646  768  795 1147
 159    -2.678     3.619   -10.131  323  398 1161 1438
 160    10.515    -2.770     2.748  682 1003 1289 1389
 161   -14.367     2.286     0.162  520  570  999 1422
 162    23.688    -0.015    14.795  678 1100  984  758
 163     9.320     1.059    10.489  615  924  955  973
 164    26.308    -5.537    10.805  864 1300 1347 1174
 165   -16.454     6.900    14.605  507  551  513  844
 166     9.000    -2.338     0.344  630  930 1308 1437
 167    23.023     6.384    11.614  405  674  701  443
 168   -15.884    14.642     6.404  116   52  300  555
 169   -17.994    10.568    10.305  325  283  414  737
 170    18.746    -6.250    10.666  914 1301 1351 1331
 171   -10.989     6.948     7.064  415  467  641  936
 172     2.566    10.691    -3.607  113  147  688  782
 173     6.496    -2.117    14.187  832 1131 1028 1125
 174    17.569    -1.415    -9.965  475  727 1451 1502
 175    15.857    -1.119     0.956  573  917 1257 1242
 176     0.050     5.962    14.855  513  656  593  679
 177     8.594    -3.921     9.595  848 1146 1227 1328
 178    -9.079     2.525     9.948  601  732  797 1138
 179   -17.091    -3.549    10.203  903 1036 1087 1607
 180   -17.140     1.148     9.114  684  748  851 1355
 181    25.848     4.306    11.957  483  818  813  520
 182    -9.585    11.897    11.183  271  269  347  545
 183    16.385     1.813    -8.557  368  575 1279 1264
 184    -0.268     5.774    -9.180  240  309 1041 1232
 185     0.349    10.827     7.883  237  295  503  553
 186    13.303    14.391    -2.925   14   19  557  415
 187    13.176    -3.777    15.018  882 1238 1129 1127
 188   -17.438     0.465     0.025  584  626 1061 1583
 189     4.304    10.232    -6.801  100  129  767  872
 190    15.126    12.158    -7.708   29   68  734  632
 191    11.654    -4.178    11.016  861 1188 1218 1269
 192    -0.079    -2.894    15.088  893 1152 1033 1240
 193     3.987    11.344    13.095  279  371  408  369
 194    13.466     1.723    -1.852  455  666 1163 1163
 195    -2.931     4.397     6.315  492  584  801  997
 196    14.238     8.327    14.924  388  579  538  379
 197    16.060    -8.431     2.452  915 1272 1522 1655
 198    -2.723    15.185     8.355   96   90  284  340
 199     8.491     5.115    -4.338  303  454 1014 1070
 200    -1.044     3.410    -3.691  397  509 1060 1279
 201   -14.118    13.262     7.937  178  124  332  596
 202    14.835    -2.608    -6.619  548  851 1436 1547
 203   -16.150     5.580    -2.301  366  369  842 1313
 204   -20.181    -1.089     9.171  800  887  981 1516
 205    18.497     5.321     2.103  354  561  928  778
 206    -5.707    -3.543    15.024  929 1159 1046 1366
 207    13.558     0.205     1.529  541  828 1179 1181
 208     1.345    -9.784     3.740 1025 1296 1521 1801
 209    11.115     1.916     9.004  556  849  946  929
 210    13.783    -7.497     4.939  910 1254 1472 1589
 211    -2.047    -1.304    10.693  774  996 1022 1266
 212     2.609    -3.249    -4.361  622  875 1408 1651
 213    14.773    15.963     9.186   57  105  306  125
 214     2.144     0.062     6.242  624  858 1050 1226
 215    22.700     1.498     9.808  565  945  989  780
 216    -0.543    -2.957    10.764  840 1088 1122 1352
 217     5.351     8.025    -8.818  144  228  941 1027
 218     1.254     1.360    -0.472  512  655 1096 1312
 219     2.288    -1.347     8.405  725  981 1091 1250
 220    12.389     1.385    13.930  639  962  892  828
 221     3.246    -4.442     7.762  853 1136 1262 1480
 222     8.080     8.670     6.321  291  438  643  607
 223    -5.359     8.159    -7.579  174  201  869 1129
 224    -4.657    14.090    -1.662   52    7  483  629
 225     4.588    -2.492    -5.745  577  817 1398 1614
 226     3.234     0.734    12.879  695  938  897 1012
 227   -17.642     0.655     9.357  707  777  878 1390
 228    18.617     0.568    13.390  656 1028  965  811
 229     0.764    14.052    10.943  152  186  302  315
 230     3.365     2.169     8.000  558  771  924 1042
 231    21.749    -0.780    -5.117  486  808 1371 1287
 232    17.929     6.319    -2.566  254  463  967  818
 233    19.670     3.889    -2.326  349  578 1075  956
 234   -13.056     9.693     2.593  269  237  569  909
 235    21.565    -9.509     9.392 1039 1398 1494 1520
 236    11.329    15.930    12.418   86  151  237  114
 237     3.517    -0.085    -4.181  522  678 1256 1484
 238   -18.155    12.255    14.967  319  273  250  542
 239    17.989     3.188    -9.591  293  503 1244 1204
 240    13.924    -2.115     7.671  714 1061 1183 1178
 241    23.024     8.062    11.231  339  580  631  368
 242    24.983    10.982     4.533  141  328  622  331
 243    23.423     4.916     0.046  332  566 1000  785
 244    22.610    13.914     2.318   51  142  528  230
 245   -12.563    11.912    11.604  282  257  331  578
 246    13.789     3.737    -4.340  347  538 1104 1077
 247     2.201    -3.989    15.098  925 1204 1098 1289
 248    12.070     7.183     2.209  290  456  781  753
 249    -3.945    -4.555     9.227  897 1133 1216 1526
 250    12.148    -2.473    -5.930  553  853 1422 1545
 251     6.265   -11.742     6.753 1112 1396 1558 1795
 252    10.636    -8.157    11.421 1026 1358 1403 1525
 253   -10.118     5.177    -3.757  360  387  934 1276
 254    19.631    -1.254    10.580  693 1087 1107  974
 255    17.561    10.017    14.663  312  516  479  263
 256    18.001     8.113    -3.914  171  337  889  738
 257    11.998    -1.404    13.825  771 1113 1023 1010
 258    -1.584    13.402     1.869   89   86  462  560
 259    12.860    -3.712    -4.348  619  947 1440 1575
 260    26.597     8.322    12.724  334  600  609  285
 261    14.714    15.771     4.884   31   66  384  193
 262    20.850     6.990     9.415  363  597  702  480
 263    -1.023    15.337     1.845   38    9  403  428
 264    23.459    -3.528    12.198  814 1222 1211 1038
 265    14.217    10.180    -3.633  115  219  738  672
 266     4.734    11.396    12.917  268  377  417  359
 267    22.552     8.860     8.437  272  508  636  388
 268   -13.313    -0.846    11.100  793  935  956 1370
 269     5.335    -5.437     4.979  856 1143 1366 1563
 270    -5.145    10.281    -3.516  146  135  685  907
 271     7.292    -3.522     4.033  748 1042 1303 1439
 272    13.244     9.007    -2.275  160  297  779  714
 273     5.348    -2.141    10.293  784 1059 1100 1231
 274   -16.436    14.281    15.119  224  175  174  412
 275    16.706     1.038    -3.152  463  693 1223 1195
 276    13.534     2.520     4.841  500  746  996  950
 277    18.272    10.928     5.843  167  332  587  367
 278    19.157    -7.448    -4.748  772 1155 1569 1706
 279   -17.852     5.242     9.685  530  539  640 1085
 280    25.300    -8.220    13.630 1014 1410 1415 1295
 281    -1.203    11.305     9.696  242  298  450  503
 282    12.966    11.677    10.222  211  331  464  310
 283    -2.452     9.745     0.221  194  241  657  819
 284    -6.694    15.196    11.672  129  118  220  323
 285    13.384     8.493    -7.689  121  245  933  881
 286    12.547     9.796     7.950  262  417  577  453
 287   -12.480    13.408     9.217  185  153  311  522
 288    -7.074     7.508    -4.457  248  266  819 1134
 289    -4.596     5.531    -2.197  348  410  904 1177
 290    22.549    12.462     8.246  131  299  496  207
 291    16.935     1.534    -0.391  471  723 1151 1108
 292    25.527    12.304    12.534  181  411  440  126
 293    19.400    12.210    12.413  190  390  431  177
 294     4.646   -11.197    12.939 1161 1419 1484 1716
 295    13.860    -9.201     4.294  974 1321 1527 1670
 296     5.639    -8.029    -3.191  852 1156 1543 1800
 297    17.403     9.457    14.551  338  541  500  305
 298     0.770   -21.217    14.869 1430 1493 1711 1944
 299     9.090    -0.195    -6.154  485  688 1312 1436
 300   -19.372     6.710     9.970  476  492  565  998
 301   -14.302   -12.352    12.608 1228 1413 1475 1878
 302   -13.286     8.621     0.380  286  263  658 1016
 303    20.584     0.466    13.288  645 1050  977  784
 304   -16.872   -10.029     8.125 1130 1298 1448 1864
 305    -4.722    13.756     9.084  154  159  326  409
 306    -7.809    -6.901    12.154 1048 1252 1272 1627
 307   -15.822    14.418    13.170  204  150  197  432
 308   -14.531    10.912    -9.595   92   10  713 1128
 309    13.900    -6.158    -6.498  704 1040 1541 1723
 310    -2.276    -5.817     1.088  839 1075 1410 1728
 311    -5.792    -9.203    14.961 1147 1373 1344 1687
 312    14.000    -1.872    -0.240  587  909 1317 1361
 313     4.983    -1.450    14.916  812 1098  983 1103
 314   -17.710    11.261    10.146  295  260  369  708
 315    20.148    -6.367    11.027  924 1308 1358 1303
 316    16.507    18.846    11.791    4   32  165   35
 317     1.121   -11.252     2.784 1075 1337 1572 1856
 318    -3.934    16.425    10.114   79   46  208  256
 319   -14.267    -2.082     2.238  712  843 1180 1633
 320    15.532     1.732    14.417  618  969  848  765
 321     3.870    -8.763    13.322 1092 1375 1373 1610
 322     9.107    -8.364    11.197 1045 1350 1405 1562
 323   -10.550    11.343     5.370  214  208  480  710
 324    -0.964    12.268     2.620  130  144  508  600
 325    17.589   -10.183     0.930  968 1329 1590 1745
 326     7.896    11.186    11.721  249  385  448  365
 327    -8.039    10.706    -9.297   88   40  742 1041
 328    24.074     3.509     2.334  408  687 1021  824
 329    27.280    -2.358    12.986  749 1202 1152  896
 330    16.140     3.518     3.456  440  675  980  897
 331    11.593     8.132    10.291  352  526  604  521
 332    17.952    -9.455     1.377  936 1307 1560 1705
 333    20.222    11.857     5.557  126  288  554  320
 334    17.421    12.084    14.596  231  414  391  165
 335     9.552    -2.661     1.830  671  965 1304 1403
 336    20.985     7.398     1.524  252  493  817  636
 337    17.584     7.970    -1.362  206  386  844  709
 338     7.993    -0.377     3.607  593  878 1143 1229
 339     9.471    -6.978     7.722  939 1257 1407 1546
 340     9.784     1.991     5.997  539  774  985 1009
 341   -13.299     1.828    14.031  700  836  743 1145
 342    -9.495    -3.020    -3.927  663  812 1359 1731
 343    17.405     5.407     4.282  369  589  859  740
 344   -14.646     2.787    -8.650  410  419 1127 1591
 345    -1.546     8.042    -3.526  222  275  810  981
 346    -0.249     5.126    -6.090  309  384 1016 1228
 347    18.790     4.664     7.633  436  685  852  692
 348   -17.827     4.624    15.102  597  651  579  999
 349    15.773    11.764    -2.962   69  152  670  556
 350   -16.185    -2.917     2.861  785  884 1204 1680
 351    28.212     1.754    14.040  579 1026  921  608
 352    -0.685    -0.870    11.820  763 1001  990 1199
 353    -9.822     1.352     8.638  633  779  894 1244
 354     6.449    12.340     6.725  155  231  466  417
 355    24.830     3.266    11.495  523  874  861  615
 356    -9.075     2.430    11.619  621  773  773 1095
 357    -3.554    -6.612     9.891  996 1216 1301 1628
 358    17.529    -4.804     8.646  834 1213 1314 1285
 359    -3.114     3.032     8.682  552  707  824 1053
 360     1.658     7.447    14.133  446  581  540  599
 361    13.347    10.120     2.193  170  305  660  548
 362   -12.599    -2.298     5.199  766  918 1132 1579
 363    18.528    -9.018     4.150  950 1336 1524 1624
 364    26.260     9.874    13.214  274  532  546  195
 365    -9.418    10.998    -2.727  134  107  616  895
 366   -17.351     5.943    -3.373  342  322  846 1315
 367   -10.262     8.350     5.318  331  358  608  900
 368   -10.982    -1.871     6.407  776  913 1093 1513
 369    -6.440     1.198    -8.719  450  515 1240 1596
 370     6.131     9.204    10.816  322  477  533  505
 371    22.248    12.242     2.218   94  230  592  333
 372   -13.022    17.072    10.538   73    1  152  318
 373    -9.326   -11.504     4.062 1115 1324 1548 1894
 374    15.352    11.185     9.087  199  375  518  326
 375   -10.694    14.852     8.083  112   74  271  455
 376   -12.813    15.114     6.711  104   33  283  476
 377    18.836     3.676    13.455  527  867  786  625
 378     3.125     0.267    14.721  737 1000  891 1007
 379     0.506    -3.022    11.963  862 1110 1105 1309
 380     2.880     2.217     8.510  569  772  911 1013
 381    19.437     7.111     0.539  255  474  858  690
 382   -10.763    -3.756     7.377  868 1029 1182 1600
 383    14.201     5.998    -5.280  250  428 1009  963
 384    18.274    13.448    -3.969   28   64  621  434
 385    -2.201    -4.620     0.097  780 1005 1377 1683
 386    22.322    14.273    11.497   98  270  377  103
 387    13.540    15.928    11.317   71  140  264  112
 388    22.742    12.552    11.581  165  353  447  149
 389    -1.456    -0.323     8.536  689  915 1015 1241
 390   -17.498     1.448    13.522  733  807  756 1233
 391    12.748   -10.727     5.448 1055 1380 1553 1737
 392    -8.352    -1.973     7.904  791  956 1080 1469
 393   -16.600     4.568    -3.502  411  395  940 1392
 394     6.155    -1.997    -4.453  572  827 1370 1544
 395     3.300    -2.318     8.844  787 1041 1126 1305
 396    23.795    -7.617     7.391  922 1328 1461 1424
 397     1.813     4.038    -9.779  297  396 1146 1345
 398     5.424    -9.780     5.341 1037 1315 1516 1761
 399     8.584   -11.185     7.718 1102 1404 1536 1746
 400    17.736    -2.729    -7.746  542  852 1457 1528
 401   -17.193     6.019    -1.038  376  351  788 1252
 402    23.631     6.602     1.682  281  519  877  654
 403    20.234     5.735    14.132  473  744  682  468
 404    22.634     7.640     0.500  223  451  830  639
 405   -17.373    13.809    14.264  247  180  198  470
 406     2.079     4.773     9.792  501  633  722  858
 407   -10.832    10.507     0.508  203  168  589  869
 408    17.080    -7.031     7.209  906 1288 1438 1475
 409    15.921    -9.216     8.286 1013 1374 1488 1584
 410   -12.726    -1.975     2.143  723  840 1170 1621
 411   -11.672    -5.337    -0.930  815  992 1401 1794
 412   -11.151   -11.836    -0.448 1094 1282 1604 1928
 413     5.046     7.540    -6.256  198  287  907 1005
 414    -5.997    -3.097    -2.013  694  861 1346 1672
 415   -17.588    -2.870     3.126  783  892 1194 1684
 416    -3.061     0.874     5.411  595  789 1010 1254
 417    -3.593    -1.798    -6.019  561  724 1349 1678
 418    -2.497    10.338     2.862  207  259  578  734
 419    -8.522    12.570     8.203  196  200  399  546
 420    15.909     8.710    -2.263  172  323  799  712
 421    13.650    12.383    14.813  226  380  365  186
 422     7.659    -1.193     9.504  716 1019 1070 1157
 423    21.072     1.714    10.689  568  944  952  769
 424   -11.426     7.068    -2.812  299  286  798 1169
 425    17.117    -7.492    -3.559  798 1160 1552 1703
 426   -13.195    -9.328    -2.724  963 1149 1546 1913
 427     4.318    10.891    10.188  258  354  461  447
 428    24.100     9.311    13.371  316  555  544  246
 429   -18.657    -9.364    13.967 1172 1325 1310 1799
 430   -14.197    -1.497    10.745  820  959  987 1448
 431    -8.464    11.627    -5.197   91   56  642  892
 432    24.385     8.200     2.168  218  452  792  535
 433    19.686    -2.017     0.669  590  958 1335 1251
 434    24.138   -18.008    10.741 1280 1482 1708 1840
 435    18.214    12.581    10.726  159  324  445  191
 436     0.846    -0.111     2.670  586  800 1121 1354
 437    14.263     7.288    -3.147  216  389  890  837
 438    22.787    13.228     5.305   82  227  511  226
 439    13.938    15.330    11.769   90  189  285  118
 440   -10.702    14.266     5.768  118   70  328  532
 441    19.972     0.224     5.192  560  910 1138 1001
 442     8.805     7.852    -3.938  209  302  868  883
 443    10.996    -8.774    13.847 1082 1391 1389 1503
 444    -7.447    12.819     9.547  195  212  349  490
 445     0.803    -9.442     2.197  991 1261 1523 1819
 446    15.718     9.777    13.843  314   -1  494  309
 447     5.452    -1.195    11.579   -1 1038 1031 1149
 448   -11.525     4.354    12.040   -1  644  665  994
 449    16.477    11.236     4.082  147   -1  588  410
 450    -5.190     5.195    -5.559  320  381   -1 1253
 451   -12.089     5.808    14.960  550  603  549   -1
 452    -9.328     4.160     4.822  493  558  812   -1
 453    -4.811    13.281     2.400  102   92   -1  591
 454    22.379    -6.149    14.727  955 1356 1291   -1
 455   -17.143    -6.327     2.047   -1 1057 1380 1829
 456    -6.924    -4.522    14.283  970   -1 1103 1463
 457    -3.415    10.201    -2.683  153  169   -1  868
 458    -1.358     3.087    -1.271  449  554   -1 1247
 459     6.612    -7.879    -8.444   -1 1069 1602 1841
 460    20.762    -7.760    15.024 1029   -1 1361 1283
 461    -6.117    11.944    10.700   -1  271  386  498
 462    23.022    -1.787    14.486  764   -1 1072  885
 463    25.499    -5.008     6.407  795 1218 1382   -1
 464    -5.034     5.606     7.497  460  548   -1  946
 465   -11.962    -8.257    10.124 1080 1265 1354   -1
 466   -16.224    -0.089     3.575  650  734   -1 1536
 467   -15.192     9.638    13.986   -1  402  388  691
 468    16.337     5.929     9.504  420  623   -1  611
 469    24.904    11.700    13.273  213   -1  459  144
 470    -0.720     9.935    12.091  333  418   -1  527
 471   -17.329   -13.040     9.322 1221 1397   -1 1916
 472   -21.320     2.122    12.032   -1  729  730 1259
 473    18.577    -0.278    -2.020  517  806   -1 1230
 474     6.181    -1.638    -0.539  602   -1 1276 1444
 475    24.229    -2.133    14.086   -1 1187 1097  908
 476   -12.862     5.865    -0.390  374  391   -1 1206
 477    25.961    -1.839     3.715  609 1037   -1 1107
 478    20.505     4.215    11.269   -1  794  806  622
 479    24.812     9.448    13.798  306  560  543   -1
 480    -3.471     8.612    11.033  375  462   -1  668
 481    22.975     9.862     9.964   -1  487  586  289
 482    -9.521    12.330    14.305  289  284   -1  448
 483   -18.315    -0.418    10.672   -1  879  925 1415
 484    -2.544    10.117     4.006   -1  276  572  713
 485   -12.041     2.992    14.551   -1  759  684 1034
 486    21.867    -5.295    -2.281   -1 1102 1490 1522
 487   -14.988     0.961     8.893  675  769   -1 1325
 488    -9.253     6.614     4.338  389  443   -1 1000
 489    23.594    12.106    13.183   -1  423  441  137
 490     4.995    13.176    13.801  210   -1  317  248
 491   -19.421    -8.478     6.515   -1 1207 1395 1851
 492    12.952     4.781     3.151  391  586   -1  859
 493    -6.448     5.053     8.139   -1  577  716  971
 494    -3.268     5.247    15.315   -1  682  599  767
 495     7.244    -2.809     2.299  691   -1 1292 1440
 496    16.989    -0.438    -7.325  472  711 1372   -1
 497   -16.976     8.570     3.362  321  290   -1  991
 498   -16.704     8.893     8.299  365  348  510   -1
 499    23.706    -2.978     9.573   -1 1171 1229 1067
 500    16.804    13.373     0.208   -1  122  553  374
 501   -17.537    -7.635    15.237   -1 1285 1212 1715
 502   -14.457     8.858    -7.685   -1  121  783 1205
 503     2.410    -0.999     3.652  636  881 1159   -1
 504    10.381    -3.267     1.427  687 1006 1342   -1
 505    16.584    -4.506     7.717  818 1180 1316   -1
 506   -11.859    -8.371    14.671 1133 1317 1280   -1
 507    16.107    -2.006    -0.377  589  933   -1 1333
 508   -14.783     8.118    13.465  459  482   -1  783
 509     5.526     4.948    14.219  529   -1  668  698
 510    20.046     3.036    -0.752   -1  643 1088  970
 511     0.684    -0.657    10.877   -1  972  995 1197
 512     7.550    14.513    -1.738   -1   20  517  456
 513   -12.697     7.555     2.517   -1  341  675 1023
 514   -13.346     7.724    -3.005   -1  255  757 1158
 515    21.557     3.002    -3.451  367   -1 1149 1006
 516    -7.626    12.756     0.751   -1   75  504  682
 517    10.350    -1.664     8.622   -1 1031 1128 1180
 518     6.382    -5.274    11.061   -1 1219 1259 1398
 519     2.581     8.000    15.193   -1  568  506  531
 520    -9.272    -1.710     5.492  740   -1 1110 1508
 521   -13.556    13.683    15.197   -1  216  211  404
 522    -6.552     7.748    -0.409   -1  310  732 1004
 523    26.629    13.701     7.432   81  252  467   -1
 524    -9.808    13.893    15.302  229  222  214   -1
 525     3.797    -5.276    15.068  981   -1 1176 1343
 526    -6.178    14.896     3.017   68   22   -1  495
 527    10.940     9.070     9.429  304  478   -1  488
 528    15.818     7.156    13.681   -1  638  610  446
 529    -8.005     0.656     3.701  592  741 1032   -1
 530   -12.928     1.334     8.546   -1  754  882 1288
 531   -14.261    10.026    -4.005  168   -1  663 1048
 532   -14.231   -10.443    12.338 1168   -1 1414 1827
 533   -15.583    11.032     4.682  232  193   -1  808
 534    -7.055     0.037     8.624   -1  870  979 1293
 535    -6.673   -10.684     7.110   -1 1340 1497 1838
 536    -6.217    -2.653     2.843  739   -1 1231 1577
 537   -17.213    -3.689    13.783   -1 1097 1039 1540
 538    20.338     9.729    13.732  305  528   -1  262
 539   -16.517    -6.952    -2.541  879 1024   -1 1882
 540    10.784     9.451     8.154   -1  434  582  494
 541     1.443    -4.225     3.777  805   -1 1311 1565
 542    -0.542    -7.075    13.399 1043   -1 1285 1550
 543    21.835    -2.129    12.392  756 1161   -1  969
 544    -0.846    -1.487    13.908  822 1054   -1 1191
 545     1.522     5.050    -4.437  328  432   -1 1165
 546    -6.444    -4.942    -9.767  652  841 1504   -1
 547    -5.536    -9.977     0.746 1012 1248 1542   -1
 548    15.615     9.991     9.733  253   -1  551  376
 549    -3.013   -14.262    11.933 1257   -1 1556 1872
 550    18.559    -2.170     1.472  614  984   -1 1256
 551    21.576    -3.211    -6.002  559   -1 1464 1482
 552   -12.902     8.085    -6.448  217  190   -1 1203
 553    17.236    -2.368    14.520  809 1182   -1  983
 554   -19.545    -8.353     2.639   -1 1147 1444 1890
 555     4.024     6.492     4.476   -1  498  746  852
 556     7.942     0.455    14.189  711   -1  912  943
 557    -2.717    -1.279     0.822  623  831   -1 1504
 558   -13.862    -8.207    10.377 1088 1259   -1 1773
 559   -14.621    11.760    11.849  288  272   -1  593
 560    14.409     5.620     7.396  400  608   -1  703
 561     9.491   -11.832    12.334   -1 1429 1509 1718
 562    14.831    -5.333    12.130  909 1266   -1 1261
 563    28.708    -0.123    14.019  654   -1 1019  715
 564    -4.715    -8.731    -6.065   -1 1106 1580 1899
 565    -0.865     5.184    11.618  510  620   -1  829
 566    25.183    -4.823     3.941  745   -1 1417 1290
 567    -4.335     1.803     9.054   -1  767  884 1144
 568   -20.641     1.081    10.005   -1  764  827 1373
 569    10.731     0.447     5.709   -1  873 1078 1106
 570    23.128    -7.473     7.517  919 1316   -1 1409
 571     5.754    15.251     4.039   50   54   -1  330
 572    -4.276    -6.815    14.534 1063   -1 1238 1553
 573    -2.781    14.495     8.368   -1  114  313  370
 574    18.023    10.192    -5.611   -1  209  800  667
 575   -20.636    -2.402    15.101   -1 1043  937 1479
 576    13.366     4.635    -8.851   -1  424 1131 1156
 577    -6.400    -2.822     7.620   -1 1011 1139 1495
 578     7.051    -9.588     5.875 1035 1320 1505   -1
 579     2.245    -0.277    -1.497  551  743   -1 1428
 580    -9.826    -2.955    12.153  886 1067   -1 1446
 581    -1.355     0.868    11.435   -1  886  910 1109
 582    -9.193    15.890    14.008  132  102   -1  272
 583   -16.514    -2.311     3.289  758  859   -1 1654
 584     4.942     9.500     9.960  310  433  531   -1
 585     6.703    15.119     6.820   76   -1  335  277
 586    -5.415    10.372    13.837  346  403   -1  514
 587     6.892    12.059    12.180  225  325   -1  325
 588    18.789   -14.765     9.614 1195 1456   -1 1790
 589     2.355    13.805    -1.128   -1   37  521  539
 590    -7.360     8.388    -1.237   -1  280  717  979
 591   -17.274    -0.492    13.405  816  932   -1 1351
 592     4.888    15.204     1.128   -1   15  434  387
 593   -20.074    -2.395    12.296  899  993   -1 1532
 594     0.672     9.727    -7.058   -1  139  790  937
 595    27.107    -3.186     9.177  747   -1 1255 1044
 596    -0.444    10.775     2.797  183  236   -1  678
 597     9.423   -12.958    10.775 1176   -1 1550 1775
 598    10.437     1.491     2.856   -1  756 1068 1112
 599    -6.538    -3.586     3.928   -1  989 1258 1611
 600    13.635     5.142     2.717  372  564   -1  851
 601    27.640     3.119    14.892   -1  960  818  508
 602     3.250     7.847    -3.381   -1  301  833  930
 603     5.884    18.045    11.924   -1   30  156   90
 604    -1.916   -12.365     5.619 1141   -1 1573 1875
 605     0.941    -9.289    -0.110  957 1230   -1 1831
 606    -3.351     2.727    -1.205  466  562   -1 1304
 607   -17.449     8.465    14.873   -1  475  421  761
 608    10.585   -15.172    -8.173 1067 1382   -1 1943
 609    -9.957    -2.099    -4.317   -1  740 1313 1713
 610   -18.942   -11.374     8.701 1174 1345   -1 1900
 611   -15.734     1.368    13.838   -1  838  760 1201
 612   -18.187     7.256    10.924   -1  473  534  932
 613     6.254    12.378    -4.172   64   -1  638  655
 614   -13.714    -8.228     6.528 1050 1212   -1 1823
 615    11.596    -4.010     4.448  762 1096 1333   -1
 616   -23.266    -5.271    14.121   -1 1151 1083 1679
 617    12.828    12.461    14.244   -1  366  361  198
 618   -14.458     9.718     8.954   -1  317  470  770
 619    12.448     6.783    10.217  398   -1  671  589
 620   -14.040    -4.229    -3.934   -1  862 1386 1808
 621    27.899     5.231    14.016   -1  824  729  400
 622   -19.593    -2.722     9.969   -1  988 1036 1590
 623   -16.879     2.152    13.685   -1  785  721 1167
 624   -17.971     5.903     1.245   -1  401  749 1223
 625    15.115    -4.041     6.129   -1 1132 1315 1329
 626   -10.768    16.441    14.596  127   82   -1  243
 627    -6.997    -2.837     4.561   -1  952 1200 1566
 628   -15.803    -7.346     8.300 1044 1185   -1 1780
 629   -10.384    13.770    11.607  197  171   -1  439
 630    15.408     9.471     1.335   -1  330  707  582
 631    -8.860    -0.783     1.537  637   -1 1130 1535
 632     3.180    12.335     8.150  177  240   -1  431
 633    26.020    -6.133     7.674  859 1287 1409   -1
 634    10.240    16.692    12.353   -1  103  213   98
 635   -14.473   -11.393    -0.274 1083 1253 1579   -1
 636    -0.534    -9.733    13.304 1132 1388   -1 1690
 637    17.909     7.908    -6.792   -1  296  948  840
 638    18.687    -2.434     9.839  742 1134 1178   -1
 639    -7.424     4.132    -0.998  428  494   -1 1257
 640    17.713    13.975    11.320  119   -1  362  138
 641   -16.809    -9.823     4.357 1087 1243   -1 1892
 642     7.690    13.185    14.065   -1  292  318  224
 643    15.284     8.416     2.957  243   -1  723  617
 644   -20.226     0.847     6.092   -1  703  943 1468
 645    17.635    -8.479    12.524 1027   -1 1419 1442
 646   -18.350     4.699    12.199   -1  607  624 1058
 647    18.950    15.532    13.489   -1  226  275   66
 648   -12.409    -0.355    -5.516  540  610 1254   -1
 649    23.399    13.334    12.232  139  321   -1  111
 650    11.025    11.968     1.821   -1  205  575  482
 651     0.613    10.557     0.662   -1  214  623  721
 652   -10.374     0.251    12.028  738   -1  900 1238
 653     6.675     3.430     3.360  467   -1  954 1020
 654    21.028    -3.342     5.886  727 1122 1300   -1
 655    16.442    14.176    10.299  105   -1  368  156
 656   -15.343     6.487    -2.348  335  315   -1 1235
 657     1.146    -5.838    -3.001  778 1032 1474   -1
 658   -15.908     2.039    11.154   -1  745  768 1220
 659    -0.809    -5.894     7.440   -1 1178 1326 1608
 660   -20.342    -0.511    12.640   -1  904  860 1412
 661     1.661     6.911    -4.433   -1  334  899 1039
 662     4.562    13.468    -4.217   37   21  590   -1
 663    21.192    -5.616     9.324  867 1263   -1 1270
 664    -2.653    -1.125    -0.570   -1  784 1233 1521
 665     5.981     2.049     5.120  535  735   -1 1092
 666    -9.482     6.025     0.811   -1  431  793 1115
 667     2.281    12.123    12.632   -1  313  363  360
 668   -20.082     1.393    10.373  692  750   -1 1335
 669    10.079     4.085    10.860   -1  742  770  766
 670   -14.655    10.751    12.557  341  318   -1  647
 671     3.641     8.735    14.257   -1  521  492  491
 672     6.741    10.844    13.422  292   -1  426  357
 673    -6.082     8.368    -3.047   -1  247  750 1018
 674    -6.071    10.132    -3.233   -1  160  679  915
 675    12.044     9.887    -2.157   -1  256  726  681
 676    27.835    10.488    12.990   -1  504  522  164
 677    -7.601     4.793    14.079   -1  664  625  893
 678    18.379     0.243     1.686  532  845 1185   -1
 679    -9.074   -14.567    -1.900 1151 1370 1679   -1
 680    21.715   -11.254     7.372 1070 1420 1562   -1
 681    10.553     5.504    -6.877   -1  405 1048 1068
 682    -2.581    13.774    11.187   -1  196  309  346
 683    -6.379     8.293    10.942  394  465   -1  725
 684   -19.106    -1.712     3.114   -1  815 1118 1652
 685     4.547    -8.163     2.719  944 1223   -1 1740
 686    23.507   -11.172    13.084 1119   -1 1511 1524
 687    18.354    14.588     6.119   63   -1  428  183
 688    16.211     4.849     3.789   -1  606  917  790
 689    -6.161     4.944    -7.149   -1  357 1018 1334
 690    -3.814    18.071    15.072   72   -1   92  117
 691    20.839    16.689     8.964   -1   96  304   72
 692     9.619     9.388    -0.231   -1  293  712  702
 693    22.986    -8.357     1.522  875   -1 1539 1604
 694    -0.114     7.412    12.064  427  545  574   -1
 695    17.623    -4.204     2.538  724 1111 1387   -1
 696    11.300     3.728     3.317  445  624  963   -1
 697    17.977    12.161    -7.046   33   79   -1  592
 698   -17.056     4.559    -5.754  373  355   -1 1467
 699   -16.735     6.324     6.842  456  459   -1 1073
 700     8.544    -2.371     9.366  767   -1 1144 1221
 701    -9.650    -7.535     4.678  985 1174 1413   -1
 702    -7.864    -6.208    10.440  995 1205   -1 1625
 703    -4.365    -1.643    14.547  849 1065   -1 1224
 704    22.672     7.659    -4.618  163  373  953   -1
 705   -14.709    -5.633     6.603  938   -1 1281 1733
 706    -8.505   -10.215    -2.814  994 1197 1582   -1
 707   -16.306    14.664     5.953   -1   36  307  570
 708    -0.429    -3.314     5.702  792 1023   -1 1501
 709    -4.054    -3.611    11.110  892   -1 1124 1432
 710    -0.534     4.479     7.115   -1  604  791  958
 711   -14.055     0.356     8.133  688  802   -1 1386
 712   -18.452     4.368    14.889   -1  650  595 1019
 713    16.936    13.957     1.429   49  108   -1  316
 714    -7.673    14.587    15.068  192  197  202   -1
 715   -17.058    11.370    -3.768  124   59   -1  988
 716   -10.039   -14.674     8.334 1249   -1 1601 1924
 717   -15.516    14.239     4.270   -1   26  343  635
 718    -7.149    -3.048    -3.468  657  834   -1 1721
 719   -15.181    13.786    12.139   -1  158  244  481
 720    27.437     4.818     7.824  404  731  872   -1
 721    24.354    17.304     6.690   -1   51  315   61
 722   -12.635    17.448     2.549   12   -1  249  449
 723   -10.326    12.652     0.318   -1   73  502  727
 724    18.241     0.999    -5.294  431   -1 1274 1222
 725     3.097    -2.083    12.206  811 1084 1053   -1
 726     0.365    11.741     9.802   -1  282  427  464
 727     0.679   -12.270     5.072 1129 1389   -1 1865
 728    -1.622     6.939    -8.201   -1  274  968 1164
 729    19.142    -0.577    14.269  729 1101   -1  876
 730    17.410     8.214    11.204   -1  553  611  419
 731    14.135    -9.659    10.720 1071   -1 1476 1582
 732     1.175    -3.890    -3.659  662  919 1425   -1
 733    -6.370    -7.364    -6.926   -1 1020 1540 1885
 734   -15.127    -6.007    -1.420  854  995   -1 1836
 735    -3.279    -3.352     5.665  799 1022 1222   -1
 736     0.177    -4.627     8.854  884 1142   -1 1499
 737    -8.513   -10.023    -8.510  905 1116 1633   -1
 738   -19.647    -7.972    14.822 1142 1283   -1 1750
 739     7.512   -18.948     9.652 1331   -1 1709 1930
 740    20.466    -4.359    -1.145  665 1063   -1 1458
 741   -16.384    15.407    14.651   -1  106  146  358
 742    12.177    -2.530     2.711  660  997   -1 1344
 743     9.467    -2.086     3.451   -1  967 1242 1339
 744    14.428    -3.205    -0.878  634  977   -1 1456
 745    -4.470   -13.438     7.777 1191 1417 1578   -1
 746    -6.958     8.025    -9.662   -1  162  908 1209
 747     3.335    11.948    -8.331   47   39  708   -1
 748    15.176   -16.047     3.902 1190 1449 1698   -1
 749    -2.524    -5.762    -6.823  731  954   -1 1817
 750    -4.667   -15.223     8.740 1259 1441 1621   -1
 751    -9.118    -0.741    -1.320  598  715 1187   -1
 752    16.882     9.312     2.090  193   -1  703  563
 753    -5.848   -13.749    -2.298 1114 1348 1670   -1
 754     4.594    -2.420    10.096   -1 1070 1112 1267
 755    17.114     3.193     7.234  489   -1  939  812
 756    11.889    -6.702     3.318  872 1191   -1 1601
 757    10.985     9.875    12.696   -1  491  488  373
 758    24.505     7.801    12.604  355  613  634   -1
 759    21.147     7.195    14.730  419   -1  614  356
 760   -16.907     5.423    -3.624   -1  346  893 1353
 761    18.420     6.823     4.894   -1  529  769  641
 762    11.644   -17.319    12.057 1300 1472 1666   -1
 763    23.063    -0.078    -0.494  511   -1 1265 1118
 764     8.969     2.433    12.471  583   -1  826  857
 765     0.960    17.129    14.064   80   84   -1  122
 766   -16.106    15.926    11.040  123   38   -1  395
 767    16.865     5.079    -7.946  246   -1 1108 1045
 768     0.458    16.192     0.150    8   -1  398  397
 769    10.082    -5.532    11.199   -1 1246 1283 1369
 770    -0.788    -0.554     2.031  604   -1 1147 1406
 771    -2.301     6.438     9.887  453  546   -1  804
 772     6.348    -4.354    -3.166  677  976   -1 1639
 773    -0.301    16.358    12.237   -1   93  192  182
 774     8.736    -3.067    -1.747  635  934   -1 1537
 775    20.013    -3.158    14.510  844 1228 1120   -1
 776    -5.997    15.565     6.380   74   34  294   -1
 777     7.924     5.351     7.421   -1  592  758  803
 778    -9.229    17.276    11.691   -1   17  138  241
 779     2.717     9.653    -4.131   -1  203  745  856
 780    19.696   -10.233    -4.282   -1 1275 1643 1797
 781    21.620     2.134    14.472  582   -1  866  658
 782    19.412     8.705    -8.392  103   -1  947  802
 783    19.850    -9.299     2.201  935 1312   -1 1668
 784     7.096    -9.133    15.024 1109 1402 1379   -1
 785   -20.030     7.024    13.907   -1  518  491  898
 786     0.697    17.169     2.430    2   -1  310  311
 787    19.539     5.140     6.960  409   -1  838  669
 788    -1.885    -1.365     8.341   -1  961 1057 1332
 789     8.606     9.516    14.610   -1  505  472  380
 790     6.840     5.833     4.651   -1  547  789  839
 791   -10.125     6.924     1.870   -1  376  719 1056
 792    25.825     1.536    14.681  607 1034  915   -1
 793    10.772    12.011    13.606   -1  382  389  250
 794    -2.152    -3.609    15.036  931 1169   -1 1319
 795    17.233    -3.471    13.493  845 1224   -1 1089
 796    23.402    12.980    14.934  176   -1  381   88
 797    -8.970    -9.433     5.097 1064 1255 1482   -1
 798     4.269    -9.293    15.007 1123   -1 1376 1588
 799     2.444     0.164    12.600  702   -1  945 1066
 800     7.501    11.519    -5.720   -1   97  700  711
 801     9.753    -2.516    14.660  847 1163 1055   -1
 802    16.878    -9.904    -5.747  865 1239   -1 1820
 803     6.507    17.804     9.590   26   14  194   -1
 804    14.319    -8.483    11.914 1041 1379   -1 1493
 805    22.744     6.849    14.205  418   -1  650  364
 806     4.124    -1.359    -2.747  570  791   -1 1506
 807    22.796    -5.284    -2.276  690 1108 1493   -1
 808     6.172     7.845    13.523  412   -1  550  534
 809     1.146    14.679     1.435   -1   35  439  458
 810     0.457    -7.350    13.669 1059 1310 1298   -1
 811   -19.076     4.576     5.642  502  520   -1 1215
 812    11.427   -15.578     1.483 1163 1437 1704   -1
 813     9.310    17.021    13.596   67  109   -1   79
 814   -17.795     8.564    13.346   -1  447  443  789
 815    26.410    -0.817     5.581  591   -1 1199  977
 816    20.822     6.114    11.465  424   -1  705  489
 817     1.488    -8.390     7.062 1009   -1 1442 1719
 818    24.133    -1.715    11.972  720 1150 1116   -1
 819   -11.878    14.238     0.070   70   -1  430  671
 820   -12.631     5.878     6.920   -1  502  673 1032
 821    14.457    12.736    14.501  205   -1  350  169
 822   -10.776    -8.728     5.892 1051   -1 1443 1822
 823    14.091    17.598    11.216   -1   60  205   68
 824   -14.133    -1.173    -5.567   -1  654 1270 1722
 825   -21.020     9.940    14.520   -1  383  342  723
 826    -1.689     5.451    -2.812  337  429   -1 1143
 827    -1.649     6.076    -5.633  278  347   -1 1159
 828    -0.716    -5.900    -6.585  735  974   -1 1803
 829    22.688    -0.814    13.603  706   -1 1044  838
 830    21.699    -1.407     8.512  667 1064 1154   -1
 831    -0.706     6.343    14.628  498  611  576   -1
 832    22.448    -0.805     3.980  580   -1 1210 1071
 833    14.054    -4.895    13.896  920 1262 1214   -1
 834     8.575    -5.097    11.543  918 1221 1246   -1
 835   -14.897    13.084     8.255   -1  141  333  598
 836    11.451    10.157    -7.084   -1  157  808  777
 837    25.461    -5.299    11.167  874 1289 1319   -1
 838    -6.113   -14.445     8.781 1233 1432 1594   -1
 839    20.847     5.585    12.798  457  736  714   -1
 840    23.370     0.747     7.586   -1  951 1066  877
 841    17.095    16.944    14.823   -1  163  182   45
 842    -2.468    17.227     2.319    5   -1  297  342
 843    15.403    14.798     3.293   45   -1  454  247
 844     6.636     1.271    10.970   -1  896  920  984
 845   -12.029     0.506     3.439  611  714   -1 1457
 846    17.140    -7.460     6.701  927   -1 1454 1512
 847    -2.889    15.452    14.549   -1  154  180  215
 848    17.586     7.151     8.289  351  563   -1  543
 849    21.024     2.924     9.531  518   -1  923  728
 850    24.621    -3.055     3.378  659   -1 1341 1207
 851     1.748   -11.948    -4.605 1003 1286 1662   -1
 852    23.548    14.960    10.694   -1  224  341   84
 853    22.958    -3.236    14.231  821 1242 1162   -1
 854     7.728   -18.949    11.142 1345   -1 1700 1921
 855    -0.665     7.395     9.274  390   -1  619  735
 856    21.336    -7.217     1.197  837 1226 1507   -1
 857   -11.641    -7.559    15.238 1108 1299   -1 1660
 858    22.358   -12.117    10.119 1120   -1 1557 1643
 859   -18.494    -1.812     9.865  826   -1 1013 1527
 860     8.973    12.804    12.173   -1  303  367  258
 861    15.290    -6.258    -2.155  760   -1 1508 1629
 862   -11.046    14.675    11.660   -1  120  219  396
 863    23.971    10.833     8.639  202  409  558   -1
 864   -17.388     8.845    -0.809  264  220   -1 1090
 865    10.125   -12.174    -7.536  961 1278 1687   -1
 866    -0.623    12.693    13.936  235   -1  316  336
 867    23.805   -11.252    10.911 1101   -1 1532 1571
 868    -0.560     1.045    12.023  666  894  887   -1
 869    22.780     4.918    10.584  451   -1  794  558
 870    14.218    13.751     9.338   -1  232  396  209
 871     2.029     5.497    12.535   -1  649  653  743
 872    -2.761    14.088    13.830   -1  217  252  292
 873    18.079    17.827    14.713   -1  111  164   30
 874    -8.320    10.489    12.619   -1  368  413  566
 875    26.603    -9.313    12.525 1047 1422 1467   -1
 876   -19.485     9.501    15.127  432  422   -1  722
 877   -15.411   -11.363     7.164 1153 1342 1501   -1
 878     2.482    -4.509    13.349   -1 1198 1156 1362
 879     4.276    -7.445     7.485  978   -1 1402 1630
 880   -11.288     9.805     3.409   -1  268  563  855
 881   -16.772    15.466     6.763   -1    5  255  517
 882    -0.038    15.852    10.271   -1   88  248  231
 883   -14.003    -2.118     8.476  819   -1 1051 1530
 884    24.844    13.186    -0.883   41  138  603   -1
 885   -15.446     7.262    -5.803  263  233   -1 1268
 886    18.617     4.674     2.654  371   -1  959  805
 887     5.699     5.477     6.823   -1  582  759  826
 888     6.309    -9.994     9.399 1089 1378   -1 1698
 889    11.707    17.443    12.259   -1   78  187   74
 890    27.778   -14.106    14.728 1205   -1 1595 1597
 891    23.665    -9.974    12.542   -1 1426 1485 1461
 892    21.454    10.097    11.206  257  496   -1  278
 893    26.104    -8.875    12.444 1031   -1 1455 1347
 894    -1.638     9.622    -5.358  136  165   -1  948
 895     6.310    -3.702     8.416   -1 1114 1224 1374
 896    17.848     6.017     4.533   -1  571  828  684
 897    -6.207   -13.806     3.033 1170 1392 1630   -1
 898     1.760     9.562    12.406   -1  458  477  506
 899    22.001     1.840     4.480  499   -1 1059  902
 900    -1.418   -13.740    12.688 1237   -1 1534 1847
 901   -10.521    10.823    -1.206   -1  132  605  884
 902    -4.039   -15.501     0.573 1187   -1 1684 1945
 903    15.172     2.947     6.494  495  758  951   -1
 904     7.236     6.714    12.274  444  602   -1  605
 905   -20.469     8.233    10.109   -1  394  490  926
 906    -1.378     9.356     0.745  221  267   -1  827
 907    14.677    -1.130    14.801  768 1118   -1  951
 908     8.201    10.464    13.649   -1  445  444  366
 909    19.775    15.040     4.809   42  110   -1  170
 910   -10.770     5.123     3.909   -1  501  766 1136
 911    -0.967    13.795    12.371   -1  229  287  312
 912   -21.042    -8.806     5.119   -1 1195 1428 1886
 913    -8.731   -10.059     9.866 1124 1341 1449   -1
 914    27.842     6.431     8.309  356  629  771   -1
 915    23.058     3.429    13.855  543   -1  803  575
 916    -6.779     7.541     9.386  406  488   -1  793
 917    24.318    15.075    -1.195    1   53  537   -1
 918   -20.711     6.591    14.422  537   -1  489  927
 919    25.074    17.105    15.030   -1  182  209   21
 920    10.856     2.578    -4.017  407  572   -1 1208
 921    24.019    -6.092     8.621  870   -1 1391 1284
 922    24.609     6.354    11.011  386   -1  715  452
 923    24.135    -7.322    14.455  999   -1 1352 1234
 924   -20.972    -5.944    10.031   -1 1137 1208 1743
 925    -5.488     4.906    -7.714  308   -1 1029 1342
 926     4.785   -13.824     9.049 1192   -1 1597 1848
 927    -5.929    16.419    13.383   -1   87  159  216
 928    -0.048    15.275    12.278  122   -1  228  233
 929    -0.624     5.039     4.745   -1  550  802  980
 930    25.445     3.187    14.821  549  939  825   -1
 931    13.543    -5.493    10.818  902 1250   -1 1337
 932    18.789   -14.548    14.129 1225   -1 1589 1727
 933    14.716     2.040     6.194  526  805 1003   -1
 934    -8.994   -10.316     3.251   -1 1270 1517 1884
 935     5.736     9.517     9.134   -1  426  539  541
 936     4.777   -11.978     8.477 1145 1412   -1 1805
 937    -0.025    19.194    15.153   -1    8   71   65
 938     4.609    18.356    14.992   -1   47  103   67
 939    -1.065     0.083    -0.501  555   -1 1168 1421
 940   -18.192     3.122    10.402   -1  661  725 1194
 941   -12.730    -5.705     7.688  953 1129   -1 1701
 942    16.248    -7.032    14.080 1001 1359 1329   -1
 943   -20.791    -8.346    14.431 1150 1293   -1 1772
 944     5.601     1.378    10.223   -1  880  926 1008
 945    -4.063     8.253     4.449  311   -1  648  833
 946     5.757    -8.066    -4.805  824 1141 1574   -1
 947     8.850     6.015     0.490  324   -1  875  901
 948    -8.589    -7.463    11.099 1062 1249   -1 1702
 949    17.805    11.392    -5.432   65   -1  736  588
 950   -15.237   -19.335     9.827 1382 1461 1680   -1
 951    -3.733   -11.018     9.612 1146 1383   -1 1816
 952   -20.477    -7.060     7.859   -1 1165 1302 1806
 953    24.080     6.423    14.458  443  721  654   -1
 954   -21.339    -3.499    13.803  964 1078   -1 1574
 955     5.850   -15.471     7.895 1231   -1 1645 1897
 956    20.980     2.049    15.005  596   -1  849  665
 957    -0.985     1.835     9.309  599  795   -1 1097
 958   -23.168    -8.409    12.848   -1 1256 1275 1812
 959   -17.464   -11.781     1.874   -1 1290 1563 1932
 960     6.740    15.325     2.448   34   -1  411  344
 961    24.208    -8.722    10.994 1002   -1 1459 1404
 962    -1.038    16.414     7.595   -1   23  261  270
 963    -7.626    -5.880     8.244  949 1164 1282   -1
 964    21.088    -4.091     8.960  797 1201 1284   -1
 965    -9.900    13.693     1.284   -1   45  451  650
 966    12.622    -0.111     2.457  567  850   -1 1185
 967    25.487    -7.245    10.180  933 1354 1426   -1
 968    19.107    16.866     8.481   22   81  289   -1
 969     6.987    -2.525    -0.400  627  928   -1 1492
 970     0.296   -10.273     3.426 1053 1302   -1 1830
 971     8.921    14.822    -1.792   -1   13  514  414
 972    -3.511   -11.710    10.362   -1 1406 1498 1828
 973     2.468    10.595     0.220   -1  215  629  706
 974    10.356    10.336     9.148   -1  399  527  426
 975   -18.164     4.209    11.156   -1  605  659 1130
 976     3.494   -13.917     9.090 1202 1436 1593   -1
 977    -5.099    16.190     4.576   46   -1  298  381
 978    -6.882   -10.330    -5.802  956   -1 1620 1920
 979   -16.135    -0.869    -0.704   -1  692 1160 1653
 980    23.856   -14.339    12.262 1197   -1 1610 1699
 981    10.471     1.120    -2.942  470   -1 1193 1277
 982    22.204    -6.456    -6.380  679   -1 1567 1649
 983    -5.391   -11.279     3.916 1100 1330 1545   -1
 984     2.422     7.847    10.746   -1  513  581  649
 985   -20.036     5.205    13.766   -1  593  562 1021
 986    -1.907     9.304    -9.246  111  126   -1 1051
 987   -13.201    -2.471    -8.445   -1  686 1384 1798
 988    -2.931     9.176    -9.103   -1  128  831 1072
 989    -8.319    16.102     6.780   -1    3  263  377
 990    18.740    11.459     8.831  187  356   -1  288
 991   -15.433    13.624     9.162   -1  119  305  552
 992   -11.032    11.737     8.754   -1  238  401  626
 993    -0.060     1.996     3.355   -1  691 1005 1193
 994    18.424   -13.455    -3.728 1036   -1 1702 1891
 995    -2.978    -0.842    12.868   -1 1008  966 1196
 996    18.174     9.995    11.553   -1  484  532  317
 997     7.132    -8.926     8.484 1046 1333 1453   -1
 998   -11.641     0.907     4.853   -1  737  988 1377
 999    -6.211    -5.947     8.046   -1 1167 1294 1658
1000   -11.643   -17.922    11.211 1355   -1 1654 1946
1001    -8.031    -5.166    -1.876  790  971 1420   -1
1002    19.488     9.089    14.843  343   -1  529  275
1003    12.958    16.115    12.796   85   -1  232   93
1004     3.723   -10.717     7.113 1096 1377 1515   -1
1005    23.370   -12.857    10.077 1148   -1 1585 1674
1006    -7.483    -9.368    13.562 1144 1360 1365   -1
1007     8.398     0.859    -1.919   -1  697 1192 1275
1008   -18.224    11.960    -3.860  107   27   -1  976
1009    10.972    -4.045    14.949   -1 1240 1134 1175
1010    -3.257     6.379     2.761  364  455   -1  968
1011   -10.234     1.144    13.210  718  866   -1 1162
1012    -3.499   -17.437     9.663 1317 1459 1661   -1
1013   -13.638    -5.654    11.290   -1 1168 1203 1644
1014   -21.569    -6.405    13.539   -1 1199 1173 1717
1015   -18.430   -13.555    12.398 1271 1423   -1 1914
1016    -4.902   -13.352    -2.058 1097   -1 1667 1934
1017    13.397     7.385    10.720  377   -1  647  525
1018    25.804    -5.122     9.912  843 1273 1340   -1
1019    27.061    -5.087    13.529  885   -1 1269 1061
1020     1.119     5.324     9.502   -1  595  699  853
1021    26.922    13.223    14.830  161   -1  378   70
1022    15.111    -4.697     7.242   -1 1173 1330 1340
1023    13.616    14.894     3.262   43   77  442   -1
1024    17.480   -16.925    13.959 1295 1478   -1 1821
1025    -7.835    11.073     9.013  270  281   -1  603
1026   -21.526    -1.759     9.192   -1  914 1002 1572
1027    11.191     5.480     9.874   -1  637  731  685
1028    14.791    12.830     4.312   -1  218  516  339
1029    -4.725    14.620    13.307   -1  178  234  294
1030    -0.013     0.069     2.004   -1  770 1125 1348
1031     3.753     9.686    -1.061   -1  254  697  757
1032     5.264   -15.601    10.590 1268 1454   -1 1881
1033    25.446    -7.077     7.213  887   -1 1450 1382
1034    11.219    -8.789     8.249 1011 1344   -1 1619
1035    11.592    -2.226     0.994  628   -1 1295 1380
1036   -11.938   -10.553     8.114 1135 1327 1486   -1
1037    17.676    15.888     1.727   -1   28  446  205
1038   -11.822     9.395    14.425  416  435   -1  651
1039     9.725    -0.021     3.625  571  872   -1 1202
1040    16.253   -17.949     8.499 1283   -1 1706 1902
1041    18.191     3.921    11.682  505   -1  804  662
1042    18.771     1.499     7.109   -1  869 1020  917
1043    -1.156    -2.919    14.006  880 1135   -1 1294
1044    -7.347    -9.932     9.858 1125 1339 1434   -1
1045    21.585   -11.543    10.481 1111 1430   -1 1620
1046     0.297    -6.320     9.892  965 1231 1318   -1
1047   -17.399    10.282    11.657   -1  320  390  732
1048    19.840   -17.129    11.285 1273 1474 1676   -1
1049    27.629     3.740    14.016  524  899  805   -1
1050   -11.323    -4.428    14.479  984 1172   -1 1494
1051     8.967    14.251     4.392   77   -1  429  338
1052    12.406   -12.298    -9.525  930 1268 1710   -1
1053    14.012    -7.058    12.858  997   -1 1348 1371
1054    23.772     8.405    -1.464  173  378  843   -1
1055     1.382   -14.577    -1.732 1126 1395 1686   -1
1056    13.977    14.162    13.651   -1  279  308  132
1057   -10.854     8.496    -7.969  169  156   -1 1182
1058    15.604     8.142     7.633  318   -1  661  523
1059     8.431    -4.190    12.226  877   -1 1195 1272
1060    -3.699    -4.824    12.591  954   -1 1165 1481
1061     5.554   -13.420    14.996 1229   -1 1519 1771
1062     8.914    16.973    12.498   -1   89  201   95
1063   -16.400     9.812    -6.074  156   95   -1 1133
1064   -15.463    -0.599     8.728  751  860   -1 1445
1065    11.487    14.476    14.788  143   -1  267  127
1066     8.769     9.002    -4.338  158  249  796   -1
1067    16.596    -9.568    11.837   -1 1407 1460 1542
1068   -12.961   -18.591    13.796 1392   -1 1648 1952
1069    10.063     4.613    13.544  525  757  706   -1
1070   -18.932     7.032    12.770  496   -1  519  911
1071    26.976    12.202     5.895  106  308  556   -1
1072    -9.143    -5.383    15.256 1024 1225   -1 1515
1073    19.396    12.798     6.491  110  261   -1  252
1074    -1.130     5.798    12.940   -1  630  626  749
1075    27.222     2.730    14.702  554  980  837   -1
1076    -6.235     5.407    13.928   -1  627  613  823
1077    16.370    -3.529    -1.143  644  998   -1 1471
1078     2.248    -6.148     1.088   -1 1117 1446 1691
1079   -17.742    -5.228    10.688  990 1123   -1 1681
1080    -8.570    17.626     8.542   40   -1  168  284
1081    12.664    12.314    11.025  186  327  423   -1
1082   -19.682   -13.227    11.141 1255   -1 1502 1917
1083    15.670   -15.149     3.883 1169 1445   -1 1880
1084    -8.699    13.689     9.576   -1  155  314  457
1085   -15.640   -10.547     8.932 1149 1326 1456   -1
1086     1.543    15.996    13.289  109  117   -1  163
1087     0.432    -4.218     1.104   -1 1017 1363 1615
1088     6.383    -0.437     0.127   -1  810 1207 1346
1089     4.965    15.949    -0.324    7   -1  420  383
1090    -8.087    16.052     1.370   27   -1  345  484
1091   -18.956    20.971    11.805    3   -1   28  174
1092    27.012    -4.073     9.911  806   -1 1287 1087
1093    14.718     8.306     6.722  296  486   -1  538
1094    14.917   -15.854    13.427 1272 1469   -1 1802
1095     4.869     8.754    14.012   -1  527  495  485
1096    -7.362    13.671     5.471   -1   98  394  519
1097   -12.169    12.172     8.760   -1  207  374  621
1098    19.749     8.924     1.117  189  388  741   -1
1099    -5.724     0.659    10.920  681  882   -1 1179
1100   -21.520    -8.068    14.032   -1 1271 1245 1776
1101     4.002    13.012     6.640   -1  191  433  411
1102     0.433     3.152     7.264   -1  676  864 1025
1103    17.417     2.302     3.737  491  751 1034   -1
1104   -11.708    11.424    10.779   -1  278  375  609
1105    10.649     6.388     9.937  414   -1  691  642
1106     7.590     5.452    -9.377   -1  352 1086 1171
1107    -3.075     4.174     1.996   -1  530  898 1148
1108     3.590     5.218    -2.008   -1  464  949 1082
1109    14.395    -2.880     1.960  648   -1 1338 1356
1110   -16.620    17.391    11.285   84   -1  123  322
1111   -11.250    16.799    11.099   -1   29  157  302
1112    22.693     5.447    11.403  447   -1  740  518
1113     2.429    -9.021    -0.366  947 1211   -1 1825
1114   -11.129    18.019    11.386   55   -1  118  228
1115    23.562     9.004    14.095  326  583   -1  261
1116    -4.735    17.477     8.965   39   -1  181  234
1117    24.966    -3.409    11.607   -1 1215 1217 1024
1118    -3.487   -13.639     5.632 1177   -1 1609 1908
1119    -2.139   -15.259     7.949 1240 1443   -1 1915
1120   -13.849    10.745    11.519   -1  300  397  659
1121    27.456     0.410     9.518   -1 1016 1073  795
1122   -19.006     0.196     9.814   -1  835  896 1407
1123    -8.791   -12.945     1.817 1143 1351 1615   -1
1124    18.145     0.800    13.232   -1 1018  950  814
1125   -14.108    -0.780    14.816  835  987  876   -1
1126     4.175    -4.922    10.249  900   -1 1248 1433
1127    -0.039   -11.800    12.069 1181   -1 1489 1788
1128    -1.192     3.409    -5.854  379  485 1095   -1
1129    17.292    -8.272     7.355  960 1338 1473   -1
1130    14.073   -12.224     0.094 1042 1381   -1 1839
1131    11.663    11.172     6.136  175  304   -1  420
1132     2.366     4.577     5.626   -1  585  820  955
1133    22.372    13.146     5.434   95   -1  507  221
1134    28.465     8.734     9.425  280  552  652   -1
1135     5.333   -12.920     2.825 1113   -1 1631 1876
1136     8.420    10.226    10.572  276  430   -1  436
1137    16.598    11.262    -6.416   -1  130  763  628
1138    23.518     1.593    -3.119   -1  694 1220 1075
1139    18.371    -5.276    -4.649  672 1044   -1 1599
1140     9.703   -14.266     1.914 1139   -1 1673 1895
1141     9.468   -18.933    11.719 1341 1483 1692   -1
1142   -12.294     2.129    14.971  696  837   -1 1081
1143    16.369   -15.631    -0.209   -1 1435 1728 1912
1144    15.436    -3.636    -0.412  653   -1 1396 1462
1145    -8.065    -5.748    13.098 1018   -1 1181 1569
1146    18.807     9.851    11.213  283  489   -1  319
1147     3.525   -16.911     0.566 1210 1440 1729   -1
1148     7.117    -4.408    -6.477  641  923   -1 1689
1149     1.803    -2.616    -7.143   -1  798 1421 1664
1150    22.943     2.552    11.115  538   -1  913  697
1151    27.857     5.741    11.133  413   -1  761  430
1152    11.440    11.174    13.445  273  425   -1  286
1153     6.508    14.171    -4.209   16   -1  552  549
1154    18.341   -16.737     3.231 1189   -1 1717 1909
1155     8.482   -12.201     0.704 1068 1366   -1 1867
1156    15.123   -18.048     9.695 1289   -1 1703 1896
1157    17.073    13.534     9.719  128   -1  402  189
1158   -17.348    13.701     9.894  188  125  278   -1
1159   -11.094     2.677    10.306  603  717  774   -1
1160    -0.902    -8.602     5.847 1010   -1 1458 1758
1161    -0.709    -5.105     6.272  871 1127 1320   -1
1162    -1.205   -14.882     5.251 1198   -1 1646 1919
1163    24.560    12.407     1.434   78  223  601   -1
1164   -20.173   -14.818    13.195 1310   -1 1528 1931
1165    -7.929   -11.363     2.129   -1 1306 1564 1905
1166    -3.512    16.526    11.235   -1   65  185  223
1167    20.349     5.530    10.887  437   -1  748  540
1168    10.745     2.817    11.978   -1  846  835  801
1169    19.376    -1.554    12.423  741   -1 1084  962
1170    14.045    15.712     3.195   18   -1  409  229
1171    -6.768     7.414    11.310  439  511   -1  762
1172    -3.679    -5.033    10.033   -1 1154 1228 1549
1173    28.092     7.125    13.240  383   -1  656  328
1174   -13.139    13.586    12.637   -1  198  251  465
1175    21.680    -7.466     8.682  945   -1 1432 1411
1176     2.929   -14.891    11.117 1246 1450 1607   -1
1177    -0.530     0.088    -1.826  544  698   -1 1435
1178     1.423     4.190     1.282   -1  544  930 1104
1179   -12.620     7.963    -3.047   -1  262  754 1116
1180    11.893     3.388    -4.942  358  535   -1 1142
1181    23.946     2.232     8.590  521  889  982   -1
1182    27.198    12.433    10.598   -1  365  468  136
1183    22.563    18.887    14.441   -1   67  143   17
1184    14.390   -12.918    -2.987 1038   -1 1683 1887
1185    -0.578    10.875     0.237   -1  185  612  718
1186     8.667   -14.345    12.526 1227 1451 1584   -1
1187    -5.907   -15.678     5.278 1234 1434 1656   -1
1188     4.294    16.992    10.764   -1   61  206  143
1189     3.507    -6.384    13.986 1017   -1 1252 1447
1190    -2.619    16.651    14.838   -1   99  139  155
1191     1.379    -2.419     8.041   -1 1033 1133 1364
1192    25.011    16.233    11.106   -1  166  293   50
1193   -14.328    -9.748    -2.935  987 1162   -1 1918
1194    19.070   -10.553     6.983 1056 1399 1535   -1
1195     0.556    11.091    -2.254   -1  145  635  755
1196     9.720    17.101    11.620   -1   69  203  104
1197    22.754     6.925    12.176  384   -1  674  402
1198   -17.164    18.701    11.514   53   -1   75  266
1199   -19.839   -13.036     4.890   -1 1355 1566 1936
1200     5.863    10.990    11.828   -1  392  449  389
1201    -3.764    -1.120     9.480   -1  963 1024 1310
1202    19.414    -4.508     0.853  715 1093   -1 1420
1203     5.001   -16.129     6.836 1242 1448 1671   -1
1204    -2.143     7.413     6.554   -1  448  655  822
1205     4.838    14.618     9.287  108  149   -1  259
1206    -2.829     9.097    10.278   -1  420  524  645
1207     2.908   -16.918    15.011 1336 1471   -1 1888
1208     5.272   -16.265     3.021 1212   -1 1688 1933
1209    17.936    -9.360    -4.165  857 1245 1625   -1
1210    21.204    18.610    12.788   -1   55  175   22
1211    20.312   -11.576     5.476 1065 1416 1592   -1
1212    -0.073    -3.783    -2.953  674  929   -1 1669
1213    -3.518     9.334    13.297  378  450   -1  579
1214    -5.088    -8.078    10.231 1066 1280 1368   -1
1215   -12.604    -4.081     4.028  842  979   -1 1693
1216     0.250   -13.868    -5.314 1081 1335 1694   -1
1217    18.344    18.042    11.751   19   57   -1   43
1218   -10.541   -15.522    10.713   -1 1446 1605 1926
1219    14.494    19.165    13.357   11   18   -1   33
1220    -1.508   -23.884     9.359 1448 1495   -1   -1
1221    22.643   -24.323    14.185 1449   -1   -1 1937
1222    26.668    21.721    14.041   -1   -1   78    2
1223    11.203   -28.320    -7.115 1411 1497   -1   -1
1224    -1.589    24.699    12.111   -1   -1    9   19
1225    -1.896   -18.783    14.820 1379   -1 1660   -1
1226    20.719    20.330     6.612   -1   -1  188   31
1227    -8.658   -19.294    13.814 1401   -1   -1 1950
1228    28.965    -0.155    15.094   -1   -1 1006  687
1229    20.059    22.735    10.094   -1   -1   73    9
1230   -17.948   -19.833     8.863 1389   -1 1701   -1
1231    10.040   -26.874    -8.000 1376 1490   -1   -1
1232   -14.675   -18.700    12.502 1385   -1 1655   -1
1233    15.616   -22.745    11.967 1414   -1   -1 1941
1234    28.070   -15.547    13.925 1239   -1   -1 1682
1235    -5.452   -13.177    10.064 1211 1424   -1   -1
1236    14.155   -19.902     6.661 1321   -1   -1 1935
1237    -9.963   -17.407    14.889 1364 1465   -1   -1
1238     4.044   -29.120    -2.661 1460 1500   -1   -1
1239    -5.543   -23.980    -1.564 1383 1477   -1   -1
1240     6.403   -19.727    10.023 1354   -1 1718   -1
1241    -9.914   -18.734    14.939 1397   -1 1644   -1
1242    -6.055   -16.576    15.010 1344   -1 1596   -1
1243    27.050    -8.299    14.893 1033   -1   -1 1239
1244    -7.889   -15.376    14.753 1312 1452   -1   -1
1245    28.454    11.231    13.976   -1   -1  478  119
1246     7.656   -21.446    15.031 1423   -1 1727   -1
1247    -0.607   -24.343     1.551 1409 1488   -1   -1
1248    27.441    14.259    14.849   -1   -1  329   49
1249    28.198   -14.551     9.370 1171   -1 1647   -1
1250   -24.646   -10.843    10.310   -1 1319   -1 1901
1251     4.149   -18.782    13.694 1362   -1 1672   -1
1252    -8.154   -20.180    15.453 1426 1485   -1   -1
1253    24.441    22.009     9.600   -1   -1  112    7
1254   -13.419   -20.546    14.866 1438   -1 1677   -1
1255    16.644   -13.189    15.150 1209 1455   -1   -1
1256     2.946   -15.250     7.446 1223   -1 1640   -1
1257    19.707   -14.980    13.299 1235   -1 1611   -1
1258    24.546   -14.606     9.268 1182 1457   -1   -1
1259    10.866    29.956    -6.669   -1   -1   43   13
1260    25.307    12.236    14.387   -1   -1  425  105
1261   -18.415   -13.168     3.382   -1 1352 1591   -1
1262    -6.740   -22.944     4.291 1407 1481   -1   -1
1263    20.900    20.927    15.295   -1   -1   66    6
1264   -20.753   -10.289     5.837   -1   -1 1478 1904
1265    22.041   -18.314    11.806 1301   -1 1697   -1
1266    17.608   -17.274    12.487 1291   -1 1668   -1
1267    30.814    -2.477    13.418  757   -1 1158   -1
1268   -12.330   -17.500     0.005 1262   -1 1722   -1
1269    18.211   -14.563    15.033 1244   -1   -1 1711
1270    20.205   -16.067    15.237 1279   -1 1626   -1
1271   -19.655     9.829    10.365   -1  314  435   -1
1272    24.992   -14.304    14.655 1218 1467   -1   -1
1273     2.356   -21.277    13.615 1419   -1 1723   -1
1274    11.875    34.391    -9.085   -1   -1    3    1
1275    -6.824   -20.146    14.030 1412   -1 1681   -1
1276    22.794    18.598     6.706   -1   -1  258   48
1277    25.936   -18.310    13.073 1306   -1 1689   -1
1278    -2.124   -19.464    11.074 1366   -1   -1 1948
1279    -6.319    23.689    11.318   -1   -1   13   41
1280    28.760   -10.113    15.425 1098   -1 1463   -1
1281    29.740   -13.845    13.563 1184   -1   -1 1598
1282     4.390   -18.751    11.039 1348   -1   -1 1929
1283   -11.445   -19.370    14.304   -1 1475 1663   -1
1284    11.548   -18.788     8.708 1313   -1 1715   -1
1285    -1.465   -14.264    -4.194 1103   -1 1696   -1
1286   -18.674   -14.967    13.889 1322   -1   -1 1923
1287     0.727    10.728    10.770  285  359  457   -1
1288    -9.307    -1.099     7.930   -1  906   -1 1408
1289    12.900    -8.901    11.775   -1   -1 1430 1544
1290     6.323    12.093    12.743  228   -1   -1  314
1291    11.582    11.592     9.579  208  333  469   -1
1292     8.784    -3.541     1.799  705 1025   -1 1486
1293    21.599    10.587     3.928  157  335   -1   -1
1294    -8.423    13.763    -1.220   -1   -1  480  682
1295   -19.202    -2.797     8.894   -1  970 1067   -1
1296     3.905    -8.667    13.373 1092   -1 1373   -1
1297    19.060     4.883    -6.958  259  476 1109  992
1298     6.251    -0.832     1.239   -1  846   -1 1345
1299   -15.181    13.786    12.139   -1  158  244  481
1300   -13.281    13.055     6.372  164  120  385  621
1301     6.958    13.144    -1.438   66   -1   -1  530
1302    19.716   -10.293    -4.155   -1   -1 1643 1797
1303   -16.789     9.285    -0.725  244  206  637 1052
1304    -3.453     8.670    11.187  375  462   -1   -1
1305   -12.398    -7.331    12.793 1078 1260 1266 1692
1306    18.431    -6.394     2.300  818 1201   -1   -1
1307    13.596    -7.488     4.660  908 1254   -1 1589
1308    -7.732    13.465     5.032  127   98  399   -1
1309    23.819     8.904    13.525  326  580   -1   -1
1310    -7.574    14.583    14.823  192   -1  202   -1
1311    -6.346     0.988    -4.959  493  581   -1   -1
1312    -0.552    -2.880    10.896  840 1088   -1 1352
1313    20.857     6.955     9.344  363  597  702   -1
1314    17.967    -5.264    -9.902   -1  960 1553   -1
1315    18.466    -7.765     6.763  935 1308 1460   -1
1316    -2.506   -11.299     2.049   -1   -1 1578 1885
1317   -13.555    -4.626    13.868  994   -1 1093   -1
1318     4.205     9.944     5.607  245  325  581   -1
1319    27.778   -14.106    14.728 1205   -1 1595 1597
1320   -19.334     6.736     9.830  476   -1  565  998
1321    28.070   -15.547    13.925 1239   -1   -1 1682
1322     6.767   -10.005     1.385   -1 1294 1555 1804
1323    21.552    10.612     4.024  157  335   -1  384
1324    27.778   -14.106    14.728 1205   -1 1595 1597
1325     8.801     9.414    -0.023  182  291   -1   -1
1326     4.582    -6.120    12.649  981 1267 1267 1453
1327     8.239    13.935    -5.749   10   -1   -1  565
1328     0.727    10.728    10.770  285  359  457   -1
1329    -9.307    -1.099     7.930   -1  906   -1 1408
1330    12.900    -8.901    11.775   -1   -1 1430 1544
1331     6.323    12.093    12.743  228   -1   -1  314
1332    11.582    11.592     9.579  208  333  469   -1
1333     8.784    -3.541     1.799  705 1025   -1 1486
1334    21.599    10.587     3.928  157  335   -1   -1
1335    -8.423    13.763    -1.220   -1   -1  480  682
1336   -19.202    -2.797     8.894   -1  970 1067   -1
1337     3.905    -8.667    13.373 1092   -1 1373   -1
1338    19.060     4.883    -6.958  259  476 1109  992
1339     6.251    -0.832     1.239   -1  846   -1 1345
1340   -15.181    13.786    12.139   -1  158  244  481
1341   -13.281    13.055     6.372  164  120  385  621
1342     6.958    13.144    -1.438   66   -1   -1  530
1343    19.716   -10.293    -4.155   -1   -1 1643 1797
1344   -16.789     9.285    -0.725  244  206  637 1052
1345    -3.453     8.670    11.187  375  462   -1   -1
1346   -12.398    -7.331    12.793 1078 1260 1266 1692
1347    18.431    -6.394     2.300  818 1201   -1   -1
1348    13.596    -7.488     4.660  908 1254   -1 1589
1349    -7.732    13.465     5.032  127   98  399   -1
1350    23.819     8.904    13.525  326  580   -1   -1
1351    -7.574    14.583    14.823  192   -1  202   -1
1352    -6.346     0.988    -4.959  493  581   -1   -1
1353    -0.552    -2.880    10.896  840 1088   -1 1352
1354    20.857     6.955     9.344  363  597  702   -1
1355    17.967    -5.264    -9.902   -1  960 1553   -1
1356    18.466    -7.765     6.763  935 1308 1460   -1
1357    -2.506   -11.299     2.049   -1   -1 1578 1885
1358   -13.555    -4.626    13.868  994   -1 1093   -1
1359     4.205     9.944     5.607  245  325  581   -1
1360    27.778   -14.106    14.728 1205   -1 1595 1597
1361   -19.334     6.736     9.830  476   -1  565  998
1362    28.070   -15.547    13.925 1239   -1   -1 1682
1363    21.552    10.612     4.024  157  335   -1  384
1364     8.239    13.935    -5.749   10   -1   -1  565
1365    27.778   -14.106    14.728 1205   -1 1595 1597
1366     6.767   -10.005     1.385   -1 1294 1555 1804
1367    21.552    10.612     4.024  157  335   -1  384
1368    27.778   -14.106    14.728 1205   -1 1595 1597
