1365
   1    15.833     1.920    10.611  549  894  910  826
   2     0.715    10.681    10.641  266  364  434  475
   3    -9.278    -1.512     8.126  742  931 1044 1420
   4    12.804    -8.870    11.903 1050 1389 1414 1518
   5    25.678    -6.692    15.232  962 1391 1311 1150
   6    -6.151    -1.855     8.757  770  965 1061 1391
   7     6.082    11.630    13.075  234  376  372  312
   8   -13.924    -0.906     2.778  660  780 1092 1541
   9    11.492    11.499     9.715  193  344  452  330
  10     0.143    -3.912    14.990  927 1191 1082 1290
  11    21.752    -2.010     8.475  683 1096 1184 1051
  12     8.908     9.514     0.132  177  295  680  661
  13    15.809    -3.297     4.563  703 1075 1298 1283
  14     6.691   -10.073     1.456  988 1303 1542 1791
  15     9.668     3.353     5.624  470  669  906  935
  16    12.299    10.936     2.233  133  269  597  496
  17    17.909     3.011     3.201  429  694 1008  899
  18     9.359     2.637    12.692  564  857  805  806
  19     8.408     1.582    13.896  615  935  834  868
  20     3.334     6.548    13.950  460  616  568  609
  21     0.812    -1.100     9.201  722  961 1038 1252
  22    19.136    13.593     7.977  101  234  427  178
  23    -2.316    -0.186     3.003  589  781 1094 1377
  24    -1.955     9.779     7.302  264  353  515  629
  25     9.065    11.371    -5.497   69  103  693  682
  26   -15.713    -1.469     4.056  708  837 1095 1558
  27     4.793    -6.112    12.303  970 1272 1257 1434
  28     7.261     4.797     9.978  469  660  734  763
  29    18.070     6.289    -2.160  242  459  931  804
  30    19.226    11.860    -4.538   53  129  689  493
  31    -8.566    10.827     1.984  178  191  546  776
  32     8.803    -3.639     1.830  697 1017 1341 1456
  33    13.355     9.592    -7.831   89  178  851  800
  34    23.968     2.800     1.853  403  724 1065  871
  35    -9.582     9.001     7.139  309  363  534  781
  36    -6.800    -0.044     2.938  596  766 1073 1409
  37    20.626     3.788    -2.005  329  580 1079  936
  38   -12.435    12.911    13.569  233  237  254  442
  39   -12.897    -3.040    14.962  928 1102  977 1411
  40    14.802     3.355     9.686  497  784  844  764
  41     6.965    -9.542     6.235 1023 1337 1489 1699
  42    -3.540    -0.113     8.140  668  875  989 1269
  43    -3.610     3.610    10.921  538  719  737  961
  44     7.327    17.879    15.078   55   79  115   57
  45    14.549     5.766    -5.862  228  421 1020  981
  46    -3.799    -0.096     4.246  603  816 1053 1354
  47   -11.878     8.106     4.435  320  345  608  926
  48    24.159    -2.173     7.895  665 1114 1220 1023
  49    21.441    10.644     4.292  152  339  611  362
  50   -13.142    -2.844    -1.879  684  822 1287 1706
  51    18.330    -0.117    14.289  680 1080  960  841
  52    20.511     4.177    -6.129  276  514 1118 1006
  53    -8.824    -4.077     6.385  845 1032 1217 1587
  54    -4.856    13.636     6.422  124  118  353  458
  55    -0.332     9.625     6.894  265  362  537  623
  56   -12.346    14.856    10.781  137   92  216  403
  57   -21.594     0.416    14.101  780  871  768 1320
  58    14.985     3.549     3.947  432  667  939  888
  59     5.267     4.469     3.680  405  581  866  953
  60     4.963     9.225     3.210  221  336  640  653
  61    -1.384    -6.410     6.233  924 1182 1352 1635
  62    -1.919     1.039    12.429  671  884  843 1073
  63   -15.339     0.624     4.811  617  713  970 1436
  64    25.725    -5.478     9.962  850 1288 1335 1200
  65    13.269     3.709    -2.533  343  553 1069 1037
  66     6.994    13.962     9.336  118  192  326  260
  67     0.437    -2.341    11.241  796 1057 1066 1279
  68    14.372    -3.063    -0.582  620  963 1358 1413
  69   -13.092     1.126     4.553  590  691  948 1379
  70    22.534     6.124     5.204  322  571  813  596
  71    -8.504    13.810    -1.259   64    4  466  659
  72    10.088     0.052     0.346  522  788 1187 1258
  73     8.309    13.836    -5.817    9    7  591  538
  74    12.033    -5.546     8.314  866 1226 1326 1396
  75     3.948     3.774    -8.881  298  431 1147 1295
  76   -11.353    -4.292     8.814  892 1078 1177 1580
  77     9.892    -5.033    -7.634  624  941 1502 1705
  78    18.600     5.014     2.489  347  574  908  768
  79   -19.249    -2.958     8.692  855  977 1078 1590
  80   -13.088     8.419     0.290  268  275  656 1016
  81    12.663    11.895    11.063  198  335  424  273
  82   -16.798     9.843    -0.087  211  171  587  992
  83     3.268    10.236     0.941  174  240  621  670
  84   -17.068     1.077    14.676  739  858  741 1218
  85    -0.675    11.572    -8.628   57   28  699  877
  86    20.295     2.622    -4.202  346  603 1175 1064
  87     1.297    -2.614    13.711  840 1122 1037 1234
  88    12.107    -6.569     6.497  886 1249 1384 1511
  89     6.128    11.407     4.067  153  258  529  482
  90     6.963     4.869     8.210  443  632  765  815
  91    -3.683    14.091    13.231  175  203  240  287
  92    14.971    -4.803    10.481  858 1236 1261 1263
  93    10.739    -3.038     3.418  691 1014 1282 1375
  94    16.066     2.696    13.397  552  906  819  696
  95    -1.765     6.246     0.701  323  424  795 1015
  96     3.952    -9.160    13.474 1102 1383 1375 1591
  97    12.300     7.922     5.442  285  476  672  602
  98    26.972    -3.849     9.686  765 1220 1269 1077
  99     1.220     1.463    -5.723  436  564 1198 1405
 100    -2.396     3.896    13.349  551  741  681  876
 101    20.685    -4.309    -0.979  657 1055 1429 1415
 102   -14.329    -0.569    10.246  748  889  934 1386
 103    18.134    -4.783     8.551  821 1209 1307 1273
 104    20.031    10.769     9.996  206  418  513  266
 105    19.067     4.883    -6.974  237  468 1102  991
 106     0.200     5.629    -4.746  280  382  951 1160
 107    -2.005    13.223     7.545  143  166  363  427
 108     6.389    -0.924     1.425  582  856 1197 1338
 109     6.073     7.780    13.718  397  557  528  509
 110   -15.263    13.814    11.805  190  160  232  464
 111    11.994     5.417     6.153  375  597  794  752
 112    -1.245    16.785    11.622   77   56  163  180
 113    20.443     7.509    -7.311  141  331  980  813
 114    -2.042     5.385    14.026  508  653  604  760
 115    12.517     6.016    -9.182  194  341 1062 1076
 116     0.403    -4.378     9.135  865 1140 1207 1463
 117    12.554    11.790     8.078  163  315  474  322
 118   -14.401     5.355    -5.365  312  342  920 1358
 119     8.450     9.153    15.167  351  527  454  372
 120    -9.993     1.955    11.396  636  778  786 1145
 121   -16.042    14.522     6.596  114   50  272  541
 122     5.485     7.397    11.079  373  538  592  598
 123    24.179     1.826     4.326  478  830 1074  862
 124    -4.395     4.507     9.408  493  626  711  954
 125    22.961     8.384     6.807  254  506  673  415
 126    13.432     8.331    -1.443  191  349  792  706
 127    25.383     3.167     8.450  467  828  926  662
 128   -13.325    -3.684    -8.931  609  738 1424 1823
 129     1.119    -2.353     5.425  726  979 1172 1406
 130     9.378    -0.218     4.059  580  877 1122 1199
 131    -9.558    -3.243    -0.042  706  893 1279 1675
 132     7.185     8.203     7.388  302  474  622  584
 133   -15.503    15.482     9.600  115   44  198  419
 134    -4.998    14.852     5.322   80   42  308  428
 135    28.654     0.125    14.356  641 1108  992  664
 136    -5.126    12.361     8.374  195  216  373  485
 137    22.504    -5.827    14.180  932 1345 1280 1154
 138    13.498     1.419    -4.898  414  637 1219 1240
 139   -12.796    -1.070     5.341  702  841 1060 1496
 140     8.488    -2.580    13.262  811 1143 1072 1161
 141    15.757   -10.776     4.353 1020 1387 1551 1714
 142    17.271    -0.186    14.132  687 1081  965  850
 143     7.882    11.215    11.799  227  383  417  343
 144   -12.850    -6.698     5.958  960 1144 1347 1747
 145     3.107     0.054    15.075  738 1006  871  994
 146    25.584     4.743     9.737  420  759  815  533
 147   -13.121    13.032     6.126  157  120  351  594
 148    -7.944    -6.962    12.103 1036 1260 1260 1624
 149   -20.816     2.596     9.690  608  661  746 1271
 150    12.265    14.972     7.513   66  131  324  198
 151    18.048     1.254    -5.176  409  649 1247 1215
 152    14.565    -0.597    -3.259  498  804 1300 1310
 153    -3.394     5.685     2.056  364  477  789 1034
 154    15.172    -1.022    -2.745  523  826 1302 1325
 155    23.738    -0.287     9.478  599 1035 1086  872
 156     6.986    13.164    -1.495   59   72  541  507
 157   -16.224     3.493    -8.233  353  392 1076 1533
 158    -1.530     3.369     9.972  537  703  780  982
 159     7.828    10.188    12.674  289  444  453  369
 160    21.416     0.424     0.074  482  823 1218 1093
 161     1.918     8.529     0.067  224  311  708  829
 162    -9.214     6.083    -6.280  269  312  912 1262
 163   -15.748     7.339    -5.622  243  233  807 1239
 164   -14.070     0.197     3.383  602  739 1034 1473
 165   -10.430    10.096     8.839  290  319  459  681
 166    11.664    11.276    13.666  241  427  393  268
 167     1.705     9.390     4.952  239  350  579  666
 168   -10.846     0.537    10.658  686  846  889 1249
 169   -14.047     0.834    14.483  733  887  782 1193
 170     8.075    10.348    11.275  260  419  470  393
 171    23.057     7.252    -0.604  212  447  865  636
 172   -18.013    10.571    10.653  301  296  377  715
 173    -2.989    -9.656    12.413 1117 1375 1389 1702
 174   -17.701    -1.524    11.905  834  954  930 1444
 175     2.523     9.369    -3.243  155  230  735  848
 176    11.361     0.669    11.953  635  969  927  929
 177    19.689   -10.130    -4.522  869 1276 1619 1782
 178    -0.695     6.337    14.841  483  630  557  638
 179     8.459     0.246     8.494  612  917 1019 1080
 180    11.350     3.986     3.941  419  635  909  905
 181    -3.226    -6.489    14.253 1030 1287 1224 1514
 182    28.243     1.740    14.062  562 1015  905  568
 183    -7.251     2.272     6.343  544  685  881 1201
 184   -16.139    12.683    -4.039   88    2  521  893
 185   -16.800     9.264    -0.767  222  200  617 1049
 186     9.424     4.960     8.488  445  627  772  758
 187     4.688    -1.947    13.945  809 1099 1024 1141
 188    22.034    -0.906     9.327  630 1053 1111  946
 189     3.316    -3.564    11.016  848 1136 1143 1331
 190    -3.485     8.741    11.189  349  456  497  628
 191   -18.227    -7.427    12.581 1087 1251 1241 1732
 192     5.426     1.353    12.035  611  912  876  949
 193    16.247    -8.534    -1.102  860 1238 1539 1700
 194    20.146     2.242     0.411  418  710 1104  987
 195    -3.147    -2.413    -0.602  658  854 1277 1564
 196     7.911     5.240    -2.406  307  470  950 1018
 197    -4.939    -4.186    10.794  890 1138 1152 1474
 198   -12.292    11.989     9.535  230  220  342  577
 199    -4.652    10.899    -5.787   98   85  666  913
 200    -6.640     7.275   -10.057  179  199  932 1246
 201   -17.604    12.968     9.554  204  146  284  585
 202    21.233    10.559    10.238  208  439  520  263
 203   -15.362     5.837     1.190  381  396  757 1206
 204   -16.992     6.535     8.201  438  471  600 1017
 205    17.037    -1.900     9.418  701 1095 1137 1060
 206   -12.463    -7.381    12.796 1072 1274 1256 1673
 207     9.442     0.483    -7.065  442  631 1286 1394
 208    22.886     9.051     9.410  257  510  601  331
 209   -16.332    -1.983    10.864  836  975  997 1470
 210    16.709    -7.941     5.639  917 1309 1464 1550
 211    17.010   -10.538     8.237 1055 1411 1515 1625
 212    19.456    -6.714     2.582  814 1224 1463 1506
 213    18.524    -6.310     2.547  799 1202 1451 1485
 214    -8.284     5.244     2.454  400  494  798 1105
 215   -12.618    -8.097     7.437 1042 1227 1367 1780
 216    13.659    -7.524     4.750  903 1267 1454 1563
 217     2.916    -0.336    -5.190  501  681 1266 1483
 218     4.626     4.026     7.331  462  656  812  917
 219    15.183     4.693    -0.558  332  533  973  915
 220   -11.597    12.464     3.357  146  112  432  685
 221    16.663     0.990    -3.044  449  707 1214 1191
 222    16.182     4.717     3.635  371  605  894  805
 223   -18.958     2.044    13.015  690  750  707 1230
 224    -5.940     0.458     6.353  616  808  982 1291
 225    10.516     1.552     2.889  496  755 1064 1104
 226    22.257     1.125    10.607  565  982  974  783
 227     7.500     7.688     1.668  255  410  749  780
 228    -2.088     0.373     9.835  663  879  940 1183
 229     0.522     5.637    13.139  492  641  607  719
 230    -3.820    -4.814     8.318  889 1134 1230 1544
 231    21.888   -15.187    11.702 1213 1467 1609 1737
 232    -1.713     5.871    14.888  499  645  572  698
 233    14.463     6.303    -1.888  251  453  919  849
 234    10.915     5.163    10.787  451  673  722  677
 235    24.411    11.211     9.643  180  408  509  218
 236    14.406    -8.379    12.067 1026 1384 1391 1454
 237     1.271    11.969     4.406  139  201  485  527
 238     1.239    -5.405     8.984  909 1188 1273 1503
 239    10.277    -5.267    10.241  887 1223 1272 1378
 240    25.090     8.668     5.430  215  486  691  398
 241    -5.488    -1.113    10.286  756  956 1007 1289
 242    22.781     6.655    14.668  408  727  627  344
 243    23.759     3.353     3.178  396  716 1010  794
 244    13.034     6.413    -0.490  273  460  879  831
 245    19.152    -9.083     0.520  899 1298 1543 1677
 246    11.473    16.868     7.627   24   47  261  125
 247     5.555    -8.116    -3.154  852 1154 1531 1786
 248     9.829     6.522     5.916  345  526  725  713
 249   -10.299     5.410     4.985  428  503  731 1066
 250    -7.729    13.487     5.081  122   99  366  528
 251     2.749    -2.186    12.517  801 1086 1042 1213
 252   -14.451    -2.194    -1.673  652  777 1248 1690
 253    22.738     9.367    13.417  293  536  524  248
 254   -16.979    -2.045     5.247  747  880 1100 1592
 255     2.031    -1.219     6.481  673  939 1097 1302
 256   -11.085     2.194    14.290  674  815  723 1071
 257    21.389     5.456     0.669  297  549  942  748
 258     2.618     0.282    12.289  693  943  922 1054
 259   -17.099     1.298     3.461  572  654  956 1431
 260    -9.264     6.520     3.989  368  436  705 1007
 261    17.339    -1.381    -6.030  489  806 1381 1397
 262     6.434     8.534    -2.248  192  292  767  824
 263    21.376     2.464    14.081  557  938  836  626
 264    22.675    13.800    13.658  132  334  315   88
 265    21.614    -6.153    11.666  910 1318 1329 1250
 266    17.558    11.040     4.066  150  305  583  377
 267    18.062     9.958    -7.446   81  186  833  689
 268     9.898     1.970     6.066  521  783  967 1004
 269    15.552    10.692    10.113  217  412  494  317
 270   -14.493    -7.279     3.455  958 1132 1400 1809
 271    -2.612    10.251     3.824  202  280  551  693
 272    14.796    13.014    -7.434   12   34  661  546
 273   -13.047    -2.122     2.588  707  855 1174 1599
 274    15.535    10.235     3.521  167  330  619  465
 275   -12.041    -8.408    12.827 1108 1313 1303 1713
 276     4.642    11.376    12.787  244  379  388  340
 277    -4.121     5.910    -7.986  247  307  985 1241
 278     7.187    -0.583    -2.028  529  776 1249 1383
 279    17.873    13.000     6.468  106  254  465  241
 280   -13.978    -2.170     6.253  758  915 1103 1549
 281    23.176    -5.551     4.271  776 1210 1417 1348
 282     2.600     1.208    14.812  675  942  818  952
 283    13.818     1.501    -0.634  458  702 1149 1133
 284     0.889   -21.243    14.936 1424 1500 1690 1931
 285    -9.040     6.468     5.413  391  452  662  985
 286   -13.745     4.969     1.009  399  457  821 1228
 287    23.796    -2.535    14.806  788 1212 1096  910
 288    22.562    12.319     8.443  127  327  482  194
 289   -15.284     2.582    -3.570  456  502 1028 1488
 290     4.927    12.525     2.369  109  148  508  483
 291     3.377    -6.966    13.321 1024 1311 1267 1490
 292     2.302    -1.023     4.041  629  882 1138 1334
 293    11.114   -13.739     0.155 1100 1410 1644 1880
 294     4.901     0.108    10.683  655  951  975 1087
 295    -7.951    -2.942     8.447  816 1003 1117 1489
 296    19.913    -1.799     6.346  648 1029 1205 1108
 297    -6.904    -9.948    12.418 1134 1379 1387 1744
 298    27.724     4.180    10.005  444  810  838  537
 299   -18.846   -10.165    11.833 1165 1342 1371 1829
 300     9.245    17.055    13.500   62  106  156   80
 301     4.930   -11.719     9.153 1138 1416 1516 1763
 302    11.664    -7.576    -1.240  835 1179 1520 1687
 303    -1.664    11.975     3.302  144  161  503  571
 304    -3.885    16.264    11.507   90   68  172  234
 305    14.476    17.573     9.857   15   49  215   77
 306    17.059    -1.686     7.956  681 1041 1159 1095
 307    18.285    13.245    -6.353   10   40  655  478
 308    -8.872    16.844    13.457  100   55  133  210
 309    25.964    -5.927     9.540  861 1314 1364 1210
 310     5.776     9.276    -5.960  123  206  804  867
 311    26.532     2.305    12.363  534  953  897  603
 312     9.116    -8.342    11.190 1033 1358 1386 1537
 313     4.214    -0.113     4.958  600  864 1077 1233
 314   -18.039     5.221     9.728  514  543  616 1074
 315    22.734    -2.136     7.536  669 1098 1199 1059
 316     4.494    10.757     6.085  200  299  518  504
 317    23.147    -0.940    14.981  715 1149 1021  801
 318    17.087     3.319    10.342  495  825  835  721
 319    -6.039    15.527     6.197   73   24  273  384
 320     7.754     9.124     3.674  226  367  644  617
 321    -0.493     5.585    -4.638  291  395  933 1165
 322     8.060    -2.888    10.840  789 1126 1133 1231
 323    10.196    16.671    12.265   65  102  196   96
 324    23.729     8.907    13.613  304  572  545  249
 325     3.060   -15.490    13.514 1276 1461 1580 1842
 326    18.520    10.569    -4.336   82  207  758  575
 327    18.135     8.905    12.706  315  548  539  320
 328    -0.341     5.265    -1.074  336  446  895 1101
 329     9.079    -4.753     6.662  810 1153 1296 1427
 330   -12.021    -6.358     0.905  888 1045 1392 1795
 331   -13.497     7.238    -0.678  303  304  721 1135
 332    19.796    -1.962     0.288  575  946 1323 1254
 333    -7.629    14.547    14.883  182  189  179  286
 334     3.587     7.934     3.629  277  413  675  766
 335    -2.419     4.755     0.887  378  508  880 1111
 336    12.199    -2.545     2.857  659  990 1268 1336
 337    14.683     5.390     1.624  331  531  901  839
 338    17.177    13.853    -1.192   30   82  536  350
 339    21.597    -3.356     2.777  653 1082 1345 1277
 340    -6.924     7.107    -0.168  299  352  743 1041
 341   -13.082     1.973     7.415  593  692  846 1260
 342     9.621     4.392     3.012  389  587  914  920
 343   -15.504     0.704    -7.193  485  525 1200 1644
 344    -2.352     8.004    10.085  356  487  553  690
 345   -11.946    -5.109     2.580  847 1016 1315 1726
 346     3.541     9.136    14.789  355  518  455  437
 347   -17.939    -7.525    10.156 1070 1214 1283 1757
 348    21.468    -5.671     9.844  872 1279 1337 1261
 349    -9.000    -0.708     3.502  645  811 1083 1472
 350     0.955    13.402     4.029  102  115  423  461
 351    19.866    10.624     1.347  126  300  654  441
 352     3.193    -6.504     1.882  849 1146 1423 1676
 353   -17.411    10.170    11.508  335  329  371  708
 354    18.558     4.766     7.740  422  682  827  652
 355     0.616     2.792     0.654  457  599  996 1197
 356    17.391     2.306     3.747  473  749 1026  942
 357    26.941     6.659    13.812  388  735  657  316
 358    -4.780    -5.581    -6.772  714  932 1476 1810
 359    22.764    11.436    12.507  205  433  451  170
 360    15.831    -0.305    -8.521  437  679 1355 1404
 361   -10.275    -6.798    10.295 1016 1216 1264 1671
 362     7.267    14.336    11.444  120  213  295  200
 363    -0.223     6.658     0.872  305  420  778  957
 364    -1.015     8.232    11.321  370  493  516  625
 365   -18.600    -1.349    10.489  812  918  943 1469
 366     2.729     3.196    12.792  554  805  751  865
 367     4.265    -1.128    -4.270  535  746 1305 1504
 368   -10.243     8.175    -4.432  213  223  759 1118
 369    22.494     0.630    -5.134  413  720 1293 1198
 370    -3.736   -14.619     1.295 1150 1413 1640 1918
 371     8.801    -1.050     1.174  579  869 1215 1317
 372    26.572     2.793    11.075  506  901  898  601
 373    -4.471    -2.379    -0.701  654  849 1270 1581
 374    18.302     9.800    11.968  270  501  511  295
 375    -4.647    -8.072    14.267 1095 1348 1288 1600
 376     5.401    -3.339    10.962  837 1130 1134 1285
 377    -5.463    -1.320     1.172  628  827 1194 1500
 378     7.368    -6.366     4.531  862 1185 1398 1577
 379   -13.298     2.164    12.258  637  774  760 1153
 380     3.152     8.852    -7.721  125  187  857  969
 381     9.068     7.303    -0.030  246  405  800  825
 382    -3.158    -3.279     9.740  828 1083 1135 1414
 383     9.382    -2.394     4.192  677  989 1233 1341
 384    12.765   -10.724     5.451 1047 1382 1540 1717
 385    21.786    10.695     1.570  121  308  650  401
 386    20.045     7.263    14.344  384  663  582  359
 387     0.681    -7.937     6.057  968 1261 1426 1689
 388    21.348    -2.508    11.669  754 1168 1136 1014
 389    10.786    -7.050     4.862  883 1242 1427 1571
 390   -18.601    -4.540     4.687  870  998 1240 1718
 391    14.859     1.817     5.879  512  814 1014  951
 392     0.486     4.406    11.593  507  690  702  840
 393    -0.462    -8.456    -5.830  841 1115 1562 1848
 394    19.075     4.701     7.162  404  662  847  680
 395     3.332    16.528     5.349   35    6  268  246
 396    13.705    16.965     7.100   22   37  262  116
 397    -4.498    -6.976    14.857 1067 1301 1226 1546
 398    29.531    -0.172    14.069  651 1129 1015  672
 399    10.974    -1.984     3.101  625  968 1243 1304
 400    13.761    16.063    14.374   93  183  202   73
 401   -19.010   -12.727    14.624 1264 1426 1436 1869
 402    15.747    -8.771     1.556  916 1284 1525 1660
 403    -2.754   -13.323    13.022 1227 1439 1512 1822
 404     8.460    11.978     0.141   95  158  585  526
 405    24.380     1.510     1.537  454  798 1141  958
 406     4.790    -1.858    -4.604  555  793 1348 1527
 407    21.122     1.465    10.415  556  950  961  775
 408    19.457    -2.255     2.957  622 1009 1278 1225
 409    -7.623    -7.555     0.280  897 1133 1466 1811
 410   -13.845    -7.290    -0.766  896 1070 1452 1841
 411    14.703    12.005    11.230  188  358  420  228
 412    -8.036    -7.047    -3.474  829 1040 1484 1830
 413     0.404    -2.762    -6.301  576  787 1395 1652
 414   -10.646    13.109    -0.657   85   41  480  704
 415    -5.027     6.091     8.711  431  541  636  880
 416    -2.509     1.511     7.544  585  773  913 1166
 417    25.169    -2.208    10.989  712 1155 1163  950
 418    26.244     7.157    12.661  350  658  649  321
 419    16.282    -1.276     7.489  638 1021 1145 1092
 420    18.608    -6.331     0.269  774 1161 1471 1548
 421   -10.401     5.962     8.129   -1  513  646  971
 422   -10.281     3.005    -3.974   -1  497 1032 1412
 423   -14.435   -12.160    12.685 1215   -1 1450 1850
 424    -4.767    13.277     2.494  103   86   -1  558
 425   -12.825     3.313     8.989   -1  642  755 1155
 426   -13.196    13.989    14.423  209  190  189   -1
 427    26.712   -12.527    14.867   -1 1460 1522 1509
 428   -10.252     3.763     8.587  536  615   -1 1100
 429   -16.976     7.598    13.277   -1  496  468  837
 430    11.912     6.574     5.621   -1  539  745  687
 431     5.842    -2.939    -1.147   -1  921 1344 1524
 432    -3.738     5.376     6.198  423  545   -1  965
 433   -13.288    17.613     4.848   17   -1  191  367
 434     0.543     6.878    10.210  401  537   -1  712
 435    -3.057    12.223     6.561   -1  212  428  503
 436   -13.441    10.178     3.105   -1  228  533  854
 437   -10.138   -13.833   -10.280 1037 1258 1704   -1
 438    -2.081    15.559     5.084   56   32   -1  351
 439    -4.390    -3.258     4.882   -1  991 1223 1528
 440    12.268    -3.213     7.377  745   -1 1235 1270
 441    -8.206     2.529     5.024  528  644  888   -1
 442    -8.938     7.882    -0.786  263   -1  712 1029
 443    -5.957    -4.671    11.882   -1 1159 1155 1491
 444     1.893     9.563    12.386   -1  450  463  480
 445    -6.374     0.921    -5.138  477  576 1189   -1
 446    -2.883    14.225     5.955   -1   90  334  411
 447    -2.644    13.688    11.236   -1  197  285  335
 448    27.174    -6.861     8.917  881   -1 1413 1276
 449     5.416     0.514    10.630  639  923  946   -1
 450    20.994    -3.921     5.532  729 1145 1327   -1
 451   -20.118     1.218     7.228   -1  704  868 1403
 452    22.601    17.610    14.773   -1  130  167   20
 453   -11.216     8.012     4.535   -1  365  606  931
 454   -13.122    14.018    10.304   -1  121  253  456
 455   -10.954    -6.242    -6.709   -1  930 1492 1856
 456    12.310    -8.978     4.597  965   -1 1497 1656
 457    -0.924    -3.166    11.469   -1 1104 1101 1342
 458    19.589    13.200     2.014   -1  167  526  297
 459   -12.427     8.139    -9.974  162  126   -1 1256
 460     9.932   -16.885    -1.987 1163 1443   -1 1929
 461     4.001     0.511    15.258   -1  995  849  960
 462   -17.062     1.206     8.611   -1  744  852 1340
 463   -14.848    10.187    12.289  334  346  374   -1
 464     0.868    -1.002    12.619   -1 1005  971 1172
 465    -2.481    -1.498     5.659   -1  914 1114 1392
 466     7.310     8.766    -9.959  110  165   -1  986
 467    -3.665     3.290    15.262  604   -1  671  883
 468    17.660     5.517    -3.169   -1  482  988  903
 469     8.948    -7.259     4.638  901 1241   -1 1601
 470   -19.996     3.227     8.554  567  610  740   -1
 471    24.866    -8.661     5.147  918   -1 1509 1505
 472    16.816     5.043    -7.912  229   -1 1099 1036
 473    -9.182     7.484    -3.262   -1  285  781 1115
 474    -3.983     2.517    -2.834   -1  550 1057 1347
 475     6.505     8.358     8.168  308  465  596   -1
 476   -12.003    -1.649     9.201  783  936 1027   -1
 477    14.570     5.565     7.698   -1  611  766  675
 478    14.922     2.841    12.259   -1  863  830  726
 479    -4.592    -0.833    10.396  732  945   -1 1267
 480   -17.455    -1.485     9.032   -1  913  995 1498
 481    -2.538   -11.916    -4.538 1006 1273   -1 1910
 482   -13.085     0.286     7.102   -1  782  955 1385
 483   -11.903    -8.589     0.716  969 1163   -1 1853
 484   -11.338     9.952     3.164   -1  243  544  844
 485    -8.573     6.668     3.269   -1  422  710  996
 486    13.493    -6.380    -5.741  710 1059   -1 1694
 487   -16.214    15.764    11.004   -1   52  166  375
 488   -15.578     1.441    10.187  664  758   -1 1274
 489    -2.722     1.253     1.147   -1  677 1050 1322
 490   -20.746    -1.760    15.049  902   -1  874 1419
 491    -7.702     5.695     9.974   -1  568  635  901
 492    17.669    -8.680    13.025 1045   -1 1399 1423
 493   -14.726    11.951    -2.564   -1   57  549  874
 494     1.763    11.830     9.922   -1  291  405  407
 495     2.418   -12.822     4.100 1122   -1 1588 1864
 496     6.439     7.789     1.660   -1  402  732  779
 497    24.858    11.690    12.805  196   -1  450  137
 498    12.789     0.169    10.129  627  971   -1  978
 499     6.700    -8.456    10.038 1029 1344 1405   -1
 500    19.014    -8.585    -3.306  827 1218 1577   -1
 501    10.095    -1.911     7.655  699 1019 1151   -1
 502    15.988     0.105    14.214  676 1051   -1  852
 503    18.548    14.143    15.066  148  309  280   -1
 504    -5.364    -2.035    -5.193  577  742 1332   -1
 505   -19.118     4.897     9.259  520  544   -1 1121
 506    -1.275     2.422    -8.393  360  499 1181   -1
 507    -4.174     8.392     1.399  252  320   -1  897
 508     3.158     2.237     3.843   -1  689  979 1125
 509    19.608   -15.473    11.360 1219   -1 1614 1770
 510    12.093     4.377     9.599  472  701   -1  722
 511   -18.965    -1.798     3.342   -1  821 1112 1626
 512     8.674    -5.336    11.801  923 1246 1244   -1
 513     1.260     0.265     3.360  569   -1 1080 1282
 514    -7.814   -12.881     7.918   -1 1407 1533 1878
 515    -9.781     9.236     9.694  328  381   -1  709
 516     2.681     4.844     9.314  464   -1  727  845
 517    13.561    -6.481    11.893  954   -1 1317 1360
 518    12.131    -3.628     0.787  672   -1 1357 1449
 519   -14.446     9.698     8.966   -1  324  457  762
 520    22.140    -0.733     8.208  607 1024   -1  967
 521    21.912    11.227     2.471   -1  290  612  356
 522    20.910     6.876     9.264  338  598  698   -1
 523     7.267    14.194    -1.305   -1   30  501  450
 524   -17.122    11.186    -3.762  128   59   -1  998
 525    18.482    11.862     9.162   -1  333  471  250
 526     6.696    15.096     6.892   76   -1  310  255
 527    -9.649    16.376    15.081  129   84   -1  219
 528    18.406    -4.628     3.888  751   -1 1368 1365
 529   -20.122     6.705     7.724   -1  440  589 1045
 530    -1.410    -1.459    13.374  793   -1  976 1208
 531   -15.835     5.334    -3.578  342  361   -1 1339
 532    -7.435    11.733    14.697  292   -1  294  429
 533    13.088     7.872     4.938  274  472  690   -1
 534    18.313    15.245     3.370   29   -1  418  192
 535    21.016    -4.683    12.497  859 1277   -1 1146
 536     3.549    16.113     2.808   19   -1  329  308
 537     5.841    -5.887     9.859  929   -1 1295 1462
 538   -19.155     2.236     8.605   -1  659  788 1301
 539   -12.016    -6.246    11.623   -1 1201 1229 1634
 540   -20.303     2.798    14.058   -1  731  651 1173
 541    22.417     8.498    -1.505   -1  369  825  591
 542    13.404    12.012    15.349  232   -1  338  187
 543    -1.935   -12.400     5.673 1136   -1 1552 1859
 544    10.527    -2.953     9.811   -1 1110 1170 1227
 545    11.287    12.263    15.001  223  387   -1  193
 546    26.510    -2.682     4.841  644   -1 1294 1114
 547     7.978    -1.438    13.031  766 1067   -1 1097
 548    21.661    13.803    10.068   -1  271  381  130
 549    -8.617    -3.624     2.477  768  952   -1 1632
 550     3.346     1.261    10.392  606  870   -1 1027
 551     2.603     0.836    -3.666  471  647   -1 1387
 552    21.024     2.625     9.171   -1  860  916  741
 553    -6.257    -3.842    -7.235  623  820   -1 1764
 554    22.652    15.631     7.406   37   -1  347  102
 555    -0.933    18.793     7.714    2   -1  145  157
 556     6.870    10.999    14.870  283  435   -1  305
 557   -10.088    13.615     5.724   -1   91  343  536
 558    24.256    -8.024     7.065  925 1353 1468   -1
 559    -7.748    16.584     8.559   -1    5  193  299
 560    -6.267     9.591    -4.351   -1  168  706  963
 561    22.865     3.710     6.894  435   -1  917  692
 562    26.116    -1.200     9.339  631 1092 1130   -1
 563   -18.175    -4.184    13.023   -1 1101 1063 1566
 564   -17.316    11.243    10.046  278  252   -1  686
 565    22.891    12.965    11.100  138  326   -1  135
 566    18.958     9.646     1.802  161  355   -1  491
 567    -0.802    14.818     2.064   -1   26  387  438
 568    -1.727    -0.823    -4.265   -1  699 1265 1538
 569    -2.574    14.749    13.475   -1  176  209  247
 570     5.342   -10.731     4.917 1061 1361   -1 1779
 571     4.971     4.353    -4.800  313  481   -1 1164
 572   -15.001     2.621    -1.070  479  524   -1 1439
 573    19.585    -3.405    -2.119  598   -1 1410 1399
 574    18.032    12.370    -6.662   28   77  700   -1
 575     9.494     1.737    -7.075  379  565   -1 1324
 576    11.650    -7.569    11.035  990 1335   -1 1471
 577    -5.970     5.821     0.139   -1  429  826 1099
 578    27.649     7.299     9.405  314  607  696   -1
 579   -19.620     0.241    10.467   -1  831  855 1390
 580    11.788    13.441    10.251   -1  260  357  220
 581     9.941     2.496     9.415   -1  813  885  892
 582     9.746     0.138    13.488  685 1012  925   -1
 583    11.826     8.836     1.101   -1  354  713  643
 584    -1.089     4.709    -5.106  317  426   -1 1232
 585    15.400     3.614    -1.522  358  575 1048   -1
 586    -1.611    -8.976     5.421 1011   -1 1457 1759
 587     1.585     7.101    -4.742   -1  310  873 1030
 588    -6.001    -9.206    13.260 1118   -1 1353 1692
 589    13.774    14.638    12.160   -1  225  283  136
 590    -9.629    13.855    -0.289   71   16   -1  646
 591    16.867    -9.922    -5.788  854 1245   -1 1803
 592    22.278    -2.901    11.391  760 1184 1185   -1
 593    18.988    15.587    13.369   -1  221  257   61
 594    -7.969    -6.150    10.566  985 1204   -1 1604
 595     0.331     6.390    15.094   -1  628  554  627
 596    -5.996    10.146     0.468  186  211   -1  820
 597    17.284    12.706    11.278  156   -1  396  188
 598    23.640   -14.596    13.042 1206   -1 1591 1679
 599    -2.893    -4.031     7.975   -1 1084 1206 1499
 600    -9.411    -6.523    14.281 1056 1264   -1 1573
 601   -17.608     8.378    14.946   -1  466  398  756
 602    21.771    17.075     2.289   -1    3  362  113
 603   -18.826     3.647    12.996   -1  651  637 1123
 604     0.524    11.045    -2.483   -1  140  631  746
 605    13.114     2.021    11.052  558   -1  887  847
 606     3.504   -13.324    -9.057  993 1295 1694   -1
 607   -17.333    -0.309    12.276  779  891   -1 1361
 608    18.657    15.516     3.534   23   -1  399  179
 609   -11.419    14.083     6.416   -1   73  303  513
 610    18.891     1.096     8.064  545  909   -1  911
 611    12.134     1.625    12.325   -1  920  870  858
 612   -19.100    -1.117     8.536  772  872   -1 1502
 613   -16.300    -6.967    -4.067  853  993 1470   -1
 614   -17.732     4.416    -1.332   -1  432  883 1368
 615     8.305     9.653    -4.884   -1  205  770  791
 616    16.730     5.313    10.361   -1  693  744  579
 617     0.936    -9.289    -0.112  950 1231   -1 1814
 618    -5.798    -9.004     4.409 1010 1259   -1 1798
 619   -20.130    -8.135    13.909 1123 1290   -1 1752
 620    -9.066    10.770    14.269   -1  377  322  514
 621   -15.110    -2.074    -3.183   -1  740 1259 1715
 622   -13.410     6.167     4.749  395  449  685   -1
 623   -21.542    -1.668     9.261   -1  907  994 1536
 624     1.540     7.251    -1.111  262   -1  787  947
 625   -20.126    -0.809     7.906   -1  838  966 1521
 626    -1.270    -6.955    -2.569  823 1076   -1 1787
 627    -3.842     1.675    12.838  649  851  796   -1
 628    19.592     7.820     7.879  295  529   -1  462
 629    -6.047     5.439    11.616   -1  604  626  859
 630    -0.342    -7.424    12.392 1034   -1 1309 1562
 631   -11.991     1.213    14.253  727   -1  763 1158
 632    16.850     7.641    12.680   -1  585  590  410
 633   -13.577     8.792    -5.543  185  163   -1 1138
 634    -0.170    -9.137    11.423 1096 1359   -1 1661
 635   -13.238    -0.852     9.281  744  895  978   -1
 636     1.232     4.425     5.884  453  592   -1  966
 637   -16.478    -3.058     5.682  808  937   -1 1623
 638    15.475    14.330    -3.862   -1   23  560  394
 639   -18.524    -7.945    10.346 1083 1244   -1 1771
 640    -8.581   -15.358    13.874 1305   -1 1545 1888
 641    23.391     4.851     0.278  311   -1  983  782
 642    14.368    14.115    10.005   -1  224  335  176
 643    16.949   -14.100    -2.558 1069 1414 1681   -1
 644    -9.024    10.669     5.540   -1  259  489  701
 645   -12.649     2.477   -10.197   -1  425 1173 1586
 646    20.695    -2.752    11.135  757 1169   -1 1043
 647    10.426    -5.205    -0.833   -1 1064 1438 1574
 648    18.347    10.444    -0.713  119   -1  688  511
 649     6.923    -0.781    14.248  750 1054  954   -1
 650     7.716    14.197    14.257  154  264   -1  166
 651    11.531     5.340    -9.784  207   -1 1107 1139
 652    11.741    -7.026     0.905  832 1189   -1 1627
 653    21.458     6.565    -2.806   -1  448  941  759
 654    15.185    16.716     4.918   -1   33  306  143
 655    -4.248     2.867     9.589   -1  721  793 1055
 656   -16.019    11.790    11.329   -1  241  311  590
 657   -15.926    14.106     8.116  149   87   -1  522
 658    -0.521     3.733     0.885   -1  552  937 1156
 659     6.557    -8.573     3.314  953 1266   -1 1709
 660     0.323    11.723     9.978   -1  287  401  435
 661   -11.955    10.171     0.746   -1  195  573  890
 662     7.116    -0.413     8.130  634  949   -1 1148
 663    14.939   -14.657    15.117 1254 1464   -1 1723
 664    -0.755   -11.703    -1.563 1038 1304 1604   -1
 665     7.843    15.401    10.798   -1  135  256  172
 666    -2.775    -0.859    13.336  773 1002   -1 1194
 667    17.216    11.848     8.995  160   -1  475  261
 668    -3.449     6.020    -5.478  271  338   -1 1189
 669    22.874    -5.630     9.234   -1 1282 1349 1242
 670     8.264     7.542     6.170   -1  490  677  651
 671   -13.368    12.225    12.056   -1  257  289  524
 672   -16.035    10.717     3.272   -1  184  504  851
 673   -10.749     7.980    -0.677   -1  284  695 1050
 674     2.167     6.793     4.465   -1  478  717  838
 675    13.247     3.327    14.471  547   -1  756  665
 676     5.456    -2.504     6.871   -1 1028 1186 1314
 677    -2.776    14.847     7.277   -1   67  291  360
 678    19.580     3.493    13.530   -1  868  785  593
 679    -2.627    15.104     8.574   -1   83  264  318
 680    -5.260    -7.327     3.409  937 1170 1418   -1
 681    18.920    -5.008     8.128  820 1217   -1 1278
 682   -10.953    -1.684     9.425  784   -1 1022 1426
 683    22.582     2.156    -2.892  377   -1 1179 1035
 684     9.945     8.808    -7.979   -1  215  872  900
 685    22.852     3.333    14.727  527   -1  791  530
 686   -10.977   -14.294    -3.242 1129 1349 1656   -1
 687     8.631   -12.048    -5.665  971 1302 1647   -1
 688   -14.293    11.639    12.551   -1  279  300  559
 689   -16.040     3.910     6.255  519   -1  748 1216
 690    18.283    17.384     6.653    4   27   -1   87
 691   -14.277     9.977    13.588   -1  391  367  622
 692    15.090     7.865    -7.200  145  288  936   -1
 693     0.390    11.085     5.249   -1  266  505  561
 694    -8.311    10.125    -7.974   -1   81  736 1044
 695    16.241   -17.942     8.414 1274   -1 1684 1886
 696    -4.027     0.195     7.524   -1  852  986 1257
 697    10.452    -5.218     7.791  851 1192 1322   -1
 698    22.638     6.987    10.859   -1  621  660  418
 699    17.405    12.328     1.706   87   -1  569  355
 700     8.959    14.453     3.881   -1   89  408  314
 701     3.976    -2.769     3.869  709  986 1245   -1
 702   -16.723    15.387     7.188   -1   19  238  477
 703   -20.524     1.962    12.082  679  745   -1 1253
 704     5.078    14.004     7.795   -1  162  348  301
 705    17.870    -5.574    -9.778  594  980 1547   -1
 706     0.104     9.541     0.820   -1  276  642  761
 707    15.685    13.558     3.235   -1  157  481  294
 708   -10.524     6.818    -5.951  245  278  856   -1
 709    18.891    18.439    12.170    7   -1  153   30
 710    27.915     8.299     7.895  253  546  668   -1
 711   -11.354    -4.560    14.296  978 1173   -1 1492
 712     9.402     3.040    13.800   -1  847  771  750
 713    11.147    13.849     5.393   -1  137  425  289
 714    22.509    -2.230    11.735  734   -1 1128  974
 715     5.803    12.783    -2.822   60   63  578   -1
 716    -5.345    10.299    13.926   -1  403  375  500
 717     5.436     4.235     8.533   -1  664  783  863
 718    14.071   -12.469    -6.990  957   -1 1675 1892
 719    19.530    14.326     9.835   94  227   -1  133
 720   -11.974   -11.267     7.679 1140   -1 1488 1862
 721    -3.660    -1.515     7.576  721  948   -1 1371
 722    15.524    -1.361    14.242   -1 1135 1016  956
 723     2.261    -5.292    10.702  920   -1 1238 1461
 724    22.391    10.543    11.374  219   -1  507  226
 725    24.117    13.497     0.442   40  139  563   -1
 726    10.904    -7.106    -5.358  755 1090 1535   -1
 727     6.449     6.074    10.122   -1  595  663  683
 728   -13.327    -3.917    -0.153  749  908 1321   -1
 729     1.449    -2.106    -8.334  531  732   -1 1641
 730    11.326    -4.681    12.147  893   -1 1209 1272
 731   -15.388   -12.632    10.657 1211 1404   -1 1883
 732   -13.737    -0.480    -1.865   -1  678 1169 1597
 733   -12.903    -9.118    12.286 1126 1326   -1 1750
 734    12.013    -2.722    11.416  785 1142 1123   -1
 735     9.468    12.533    11.812   -1  323  361  254
 736    -0.586    14.675    -1.046   34   -1  446  505
 737    -5.488    -0.398     4.276   -1  833 1081 1380
 738   -11.492    -1.020     2.433  650  789 1121   -1
 739    24.362    -4.513     8.420  777 1229 1316   -1
 740     8.311     4.443    11.688   -1  722  726  736
 741    18.442    -7.817     6.886  935 1321 1443   -1
 742    15.431    -1.523     5.429  632   -1 1193 1177
 743    16.262   -13.448     5.505 1120 1437   -1 1796
 744    21.884    -5.429    -6.288  626 1036   -1 1568
 745     5.618    -9.355    11.178 1084 1381   -1 1621
 746    10.118   -18.710     7.939 1302 1478 1698   -1
 747   -11.612    13.028     9.090  183  169  304   -1
 748    -2.611   -11.334     1.938   -1 1320 1561 1870
 749     6.632     0.041    11.434   -1  976  959 1039
 750   -16.154    -8.741    -9.620   -1  996 1582 1920
 751   -20.019    -9.567    11.315 1141   -1 1362 1821
 752    -8.232    10.446     7.288  249  289   -1  667
 753    -7.074    -6.654    -3.829  805 1020   -1 1818
 754    14.969    -6.952     9.367  938 1306 1372   -1
 755    24.347    17.285     6.719   -1   51  292   58
 756   -12.246    -2.569    13.313  882 1048   -1 1402
 757    12.166    13.486    -5.849   -1   20  618  518
 758    16.946    14.770    -4.228   -1   12  559  348
 759    -1.388     6.304     6.199   -1  517  694  864
 760    13.652    -1.798    -6.565   -1  785 1390 1481
 761    -2.260    17.529     9.702   45    0  160   -1
 762   -18.017    -1.731    13.298   -1  987  915 1433
 763    14.065   -18.316    10.014   -1 1484 1678 1889
 764    -2.388    14.685    11.663   -1  153  242  279
 765    27.913    -6.547    11.335  905   -1 1365 1205
 766    15.857     8.502    -2.255   -1  328  809  695
 767    19.173    11.215    -8.402   44   -1  799  616
 768   -15.696   -12.641     3.672 1149 1352 1559   -1
 769   -18.558    -4.848     2.310   -1  985 1291 1762
 770    -8.757    -1.755    13.955   -1 1039  945 1288
 771   -17.891    -8.297    13.613 1121 1297   -1 1743
 772     3.691   -10.392     0.561  998 1291 1555   -1
 773    -3.229    -2.791    12.909   -1 1105 1047 1309
 774    -2.758    -7.742    14.887 1089   -1 1263 1557
 775    -6.711   -10.112     7.351 1097 1324   -1 1812
 776     3.033    -2.495     3.525   -1  959 1237 1418
 777    -5.130     6.184    12.950  476  590   -1  784
 778   -18.664    -7.625     4.333   -1 1152 1380 1828
 779    25.445    -7.133     7.302  875   -1 1440 1362
 780   -21.974    -3.309    12.444   -1 1031 1017 1559
 781    23.016    -7.386    -3.956  741   -1 1549 1622
 782     8.897    -9.735    10.778 1078 1393   -1 1630
 783     3.618    -5.202    15.109  972   -1 1166 1323
 784    -1.034     0.993     9.581  613   -1  918 1128
 785    20.800     3.744     6.220   -1  728  923  728
 786     9.159    -1.338    12.799  752 1066 1023   -1
 787     2.400    -2.707    -6.861   -1  801 1406 1638
 788    -8.324    -8.845     6.750 1053 1268   -1 1777
 789     1.360    16.848    13.937   -1   88  137  134
 790    24.738    -8.658    12.477 1007 1412 1428   -1
 791     7.057   -13.947    10.719 1201   -1 1568 1808
 792     0.786   -12.294     5.326 1125 1394   -1 1846
 793     5.773    15.174     4.170   51   53   -1  309
 794    13.431     4.005     8.722   -1  717  828  765
 795     8.077   -12.911     6.255 1133 1425 1583   -1
 796    12.519    -8.013     7.361  963   -1 1435 1555
 797     6.340     0.581    -1.178   -1  711 1161 1312
 798    -9.473    -4.323    10.119  904   -1 1158 1539
 799     2.494    12.939     6.231  131  174   -1  409
 800    -8.942     2.574    10.413   -1  733  779 1112
 801    10.185     9.729     6.185   -1  380  588  494
 802     8.057     7.649    12.873   -1  554  558  515
 803    -6.281   -13.936     2.784 1155 1397 1610   -1
 804   -21.362    -5.156    13.922 1014 1158   -1 1636
 805    21.893   -11.497     6.237 1060   -1 1573 1651
 806   -21.437    -0.812    10.202   -1  862  921 1479
 807    17.070    -3.194    13.296  826   -1 1124 1078
 808    18.417    -4.520    11.179  846 1239   -1 1195
 809    -4.714    -3.036     3.678   -1  964 1228 1540
 810    -7.247    -3.173    14.574  913 1118   -1 1369
 811    26.251    -5.883    11.259  884   -1 1340 1176
 812    -3.327     3.148    -2.941   -1  520 1039 1293
 813    22.006     0.916     0.463  465   -1 1183 1048
 814   -17.107     2.173    -3.313   -1  505 1040 1529
 815   -13.261    16.494    14.327  116   -1  112  264
 816    19.888   -14.146     2.421 1110   -1 1650 1824
 817    14.061    17.385    11.178   -1   65  190   75
 818    18.485    13.897     1.121   41  109   -1  296
 819    25.808    -1.296    14.993   -1 1172 1043  787
 820    -8.363     1.182    14.058  705  883   -1 1107
 821    -3.969    -1.640     3.980   -1  892 1144 1457
 822    19.895    -1.257    -1.454  533  885 1308   -1
 823    -6.817     2.943    13.006   -1  765  719  999
 824    18.378     7.641    -2.746  189  388   -1  717
 825     1.203    -4.505    15.335  948   -1 1108 1315
 826   -19.342     7.746    11.784   -1  458  477  882
 827    -4.930     5.666    -1.884  324  411   -1 1140
 828   -17.537     0.355     4.110   -1  706  999 1494
 829    -8.743   -10.050     9.928 1116 1350 1431   -1
 830     3.456    12.996     7.362  134  202   -1  373
 831    -6.195    13.789    11.671  171   -1  266  354
 832    -2.405     1.799    -4.324  447  561 1131   -1
 833   -13.637    -4.707    13.873  986   -1 1088 1535
 834    20.477    -5.729     8.814  864 1265 1350   -1
 835     2.705    12.355    -2.479   -1   80  580  624
 836   -14.627    16.643     9.445   -1    1  151  346
 837     4.976   -14.178    14.766 1258   -1 1529 1784
 838    -7.957     0.552    10.932   -1  859  878 1229
 839    -6.969    -4.736    14.875   -1 1200 1093 1438
 840    -6.966     7.212    11.004  421  512   -1  792
 841     6.057     2.919     7.456  510  726  877   -1
 842    22.961     3.095     9.794  486   -1  892  663
 843    -5.821     1.883     9.542   -1  767  845 1137
 844    -8.451    17.895    10.524   48   -1  125  215
 845    25.726     2.556     4.707  448   -1 1033  786
 846     9.145    13.899     3.591   72  114  445   -1
 847    16.507     6.891     4.116  296   -1  775  633
 848    -5.327    -2.715    14.163   -1 1106 1012 1305
 849   -16.791     3.993    10.398  548   -1  683 1119
 850     9.568     3.510    12.135   -1  797  764  773
 851     4.150    -1.075    14.784   -1 1072  949 1061
 852    -3.718    16.920     5.369   32   -1  247  290
 853    21.071    15.056     2.265   18   78   -1  196
 854    19.188     7.068    13.247  383   -1  620  395
 855    17.457    -4.934    14.167  906   -1 1210 1175
 856   -19.619     6.249     7.400  450  464   -1 1082
 857    21.771    -2.060     2.887  597   -1 1281 1184
 858     9.505   -14.051    -5.080 1059   -1 1692 1909
 859    23.087     9.071    -7.629   96  246  903   -1
 860     4.130   -15.184     2.532   -1 1432 1652 1904
 861    22.225     2.021    14.970  584   -1  842  610
 862   -17.423    13.764    14.338  225  181   -1  445
 863    -5.088     5.649     7.744  441  547   -1  922
 864   -12.699    16.952    14.716  111   -1   97  224
 865    25.660    -4.929    10.505  825   -1 1304 1149
 866   -14.638    -9.176    13.843 1142 1340   -1 1754
 867    13.527     5.624    -4.310  250   -1 1001  968
 868    24.516     7.586    12.581  344  622  624   -1
 869   -11.738    16.989    13.478   -1   39  108  242
 870   -16.350    15.115    12.675   -1   94  157  390
 871     5.454   -10.743    10.651 1115 1405   -1 1710
 872    11.135     2.680     0.357  425  646   -1 1072
 873    23.827    -1.821    10.291  695 1120 1146   -1
 874   -19.723   -13.282    11.009 1253   -1 1495 1900
 875   -10.540    -8.993    -0.264  967 1174   -1 1866
 876    25.191     7.603     0.370  201  462  839   -1
 877     7.642    13.148     6.089   -1  188  422  353
 878   -19.920     0.296    11.309   -1  834  848 1366
 879     1.490    -5.330    12.780  947 1234   -1 1428
 880     3.116     2.191     7.443  541  757   -1 1040
 881    21.282    -0.209    15.162  694   -1  958  778
 882    -2.380    -3.592    -3.032   -1  902 1369 1658
 883    17.305    -2.568    -2.888   -1  924 1378 1401
 884   -12.420     6.184     6.294   -1  488  659 1013
 885    12.704    -7.737     1.610  867 1235   -1 1647
 886     1.628    -8.332    -9.469  782 1046 1590   -1
 887   -10.428    -2.312    14.330  877   -1  964 1352
 888    -5.014     7.615    -6.562   -1  239  858 1132
 889    25.417    15.014    10.706   -1  229  331   67
 890     1.887     5.030     6.726  434  579  769   -1
 891    -1.126    -7.738    -1.877   -1 1137 1504 1802
 892   -11.874    15.932     8.920   -1   31  194  370
 893    -2.192   -15.092     8.499 1235 1450   -1 1894
 894     3.577   -16.920     0.738 1205 1447 1702   -1
 895    23.749     8.347    -1.417  168  385  832   -1
 896     0.818    -9.813    -0.661  961   -1 1548 1834
 897    20.199   -12.584     3.244 1064 1422 1612   -1
 898    -3.455    -7.734     8.606 1013   -1 1360 1684
 899    10.374    -1.713    -0.797  568   -1 1292 1388
 900    19.637    10.320    13.163  261  492   -1  236
 901    25.106     0.764    11.717  586   -1 1004  734
 902    -7.929   -11.105    -8.392  945   -1 1630 1927
 903    20.559   -10.245     6.889 1008 1400   -1 1593
 904   -11.224     0.154    -4.535  511  614   -1 1588
 905    16.276    13.598    -6.998   -1   13  641  486
 906    14.672    -1.389    11.781  716 1089 1070   -1
 907    22.343    -8.426    14.946 1043 1420 1373   -1
 908    23.472    -2.971    12.120  775 1198   -1 1001
 909   -17.280   -13.349    10.000 1237   -1 1514 1899
 910    17.878    10.959     6.635  166  360   -1  338
 911    27.903     6.232    13.501  394  747  679   -1
 912    27.681    12.099    11.749  159   -1  460  114
 913    -6.174    14.800     2.612   61   21   -1  487
 914    18.630     3.990    12.752  494   -1  774  588
 915   -12.490     3.123    -4.196  415  480 1031   -1
 916    -4.746    14.623    13.247   -1  173  220  275
 917    26.844    12.235     5.989  107  313  532   -1
 918    19.475    -4.017    12.538  833 1248 1204   -1
 919     2.279    -1.388    12.626  767 1043   -1 1167
 920    20.676    -1.639     6.723  643 1034 1195   -1
 921    18.236    -7.768     8.795  955 1338   -1 1458
 922    24.371     4.667     3.309   -1  643  935  694
 923   -10.301    11.390    14.249  300  325   -1  499
 924    22.209    14.884     8.196   -1  175  365  111
 925     3.181     2.060     8.859   -1  791  899 1012
 926    28.415     2.622    11.995  513  940  900   -1
 927    17.482   -16.937    13.953 1291 1486   -1 1805
 928     7.133    -1.227     9.463  696 1011   -1 1169
 929   -13.782    12.078     5.647   -1  149  403  684
 930    -9.290    -8.049    15.076 1107 1334   -1 1631
 931    -4.577     1.346    12.914   -1  878  814 1075
 932   -16.363     5.253    15.194   -1  625  538  927
 933    14.262    -5.832     6.810   -1 1225 1363 1424
 934    -1.585   -17.825     6.080 1288   -1 1669 1932
 935   -20.620     8.571    13.575   -1  430  404  812
 936   -12.618    -4.833     8.953  934   -1 1192 1617
 937    11.299     1.521     5.024  517  803   -1 1038
 938    25.967    -3.848    11.759   -1 1253 1236 1025
 939    10.711     3.954    -7.586  287  483   -1 1181
 940    27.681    -5.389    12.991  876   -1 1289 1079
 941    12.610   -17.953     7.310 1272 1474 1691   -1
 942   -13.550   -15.885    12.713 1323   -1 1563 1912
 943   -16.308    -8.939     6.238   -1 1243 1415 1833
 944   -17.386     5.485    -2.905   -1  357  840 1333
 945   -16.014    -4.024     8.708   -1 1037 1148 1605
 946    -6.137   -14.522     8.759 1229 1438 1578   -1
 947   -10.487   -10.299     8.968 1127 1330   -1 1820
 948    17.832     4.567    -8.175  236   -1 1126 1069
 949     2.710    10.915    14.105  281   -1  379  361
 950    -6.898   -10.461    -5.623  951   -1 1596 1908
 951    15.917    15.876     8.009   -1   95  299  131
 952    -7.934    12.066     9.373  214  232   -1  517
 953   -19.794   -10.227    11.617 1162 1333   -1 1835
 954     1.890    -9.128     6.889   -1 1312 1456 1720
 955    25.760    -3.129     6.485  689   -1 1285 1116
 956    -1.014     1.965     8.983  571   -1  869 1085
 957   -13.607     7.226     6.596  372   -1  598  973
 958   -21.424     2.196    12.720   -1  730  701 1245
 959   -13.518    -6.817     9.339   -1 1199 1284 1707
 960     7.569    13.052    14.507   -1  314  287  217
 961    -1.580    10.660    10.751   -1  348  429  497
 962   -18.705    11.960     9.009  238   -1  327  674
 963    14.073   -12.229     0.122 1031 1388   -1 1825
 964   -13.352    14.099     2.405   -1   18  370  621
 965    14.791     5.254    13.215  474  729   -1  560
 966    -6.163   -16.172    14.119 1326   -1 1569 1897
 967    19.187     2.274    13.279  563  927  853   -1
 968     4.364     9.892     5.500   -1  340  565  573
 969    22.748    -3.797     4.199  711   -1 1346 1244
 970    -6.853    14.565    11.148  142  127  248   -1
 971    -5.840    -2.941     2.096  720   -1 1251 1575
 972    -2.188     9.737    -7.768  112  123   -1  976
 973   -13.396     4.512    -9.674   -1  316 1051 1487
 974     7.976    12.270     2.339   -1  185  519  463
 975   -18.964    21.000    11.817    3   -1   30  165
 976     5.716     9.684    11.823   -1  455  479  446
 977     3.239   -20.322    14.780 1404   -1 1664 1917
 978   -10.873   -15.225    11.257 1281 1451   -1 1902
 979    16.724     8.367    14.839  357  588   -1  323
 980    19.212    -8.935     7.177   -1 1365 1477 1542
 981    15.042    16.603    10.601   -1   93  239   90
 982    17.175    -7.492     6.750  926   -1 1439 1493
 983    14.286    -9.113   -10.221  771 1139   -1 1836
 984    11.055    14.393     2.907   -1   97  438  311
 985     7.564    -6.625     2.743   -1 1181 1432 1616
 986   -21.832    -5.065    14.663   -1 1162 1052 1619
 987   -16.294    11.398     6.063   -1  194  414  753
 988   -20.446     8.187    10.228   -1  398  476  918
 989    20.351   -12.544     7.404 1104 1436 1586   -1
 990    -4.918    14.336     9.341   -1  119  275  366
 991     4.592    16.598     9.864   -1   58  225  161
 992    20.218    13.946     3.039   52  138   -1  237
 993     1.895   -10.056     2.657 1012 1300 1523   -1
 994    -1.573    16.575    -0.066    5   -1  346  376
 995   -14.799    -2.451    -4.802   -1  725 1320 1742
 996    25.473     3.667     7.856  446   -1  904  640
 997    19.325     5.765    -2.801  259  484   -1  842
 998    13.257    16.103    12.427   68   -1  234   94
 999   -17.178    -9.361     3.459 1052   -1 1460 1876
1000    -6.698    -7.596     7.397  994 1233   -1 1716
1001    -6.029    -5.004    -2.395   -1  957 1407 1748
1002    20.516    -3.010    -7.760  530  873 1461   -1
1003    11.430     9.622    14.769  327   -1  447  327
1004    19.755    -7.713     1.074   -1 1256 1510 1578
1005   -17.452   -11.798     1.885   -1 1296 1546 1914
1006    17.184    15.451     2.615   -1   54  421  204
1007    23.042    -3.020    14.742  807 1247 1113   -1
1008    16.141     8.138    -9.409  113  244   -1  898
1009    23.921    12.350    13.294  170  414  413   -1
1010    19.972   -11.683    -8.119  895 1292 1673   -1
1011    16.636    -6.954    11.232   -1 1332 1356 1364
1012    -1.169    -3.286    -2.933   -1  874 1361 1639
1013    16.081    -4.324    14.339  880 1269 1168   -1
1014     4.856    -8.100    -0.437  879 1190   -1 1755
1015    11.929    12.925    -0.757   -1  108  564  448
1016    27.761   -14.124    14.760 1197   -1 1576 1567
1017   -12.343    11.612     2.116   -1  136  488  770
1018    19.253     8.403     5.918  248  485  676   -1
1019   -19.448     6.572    10.049   -1  495  552 1005
1020    11.888     4.861    14.737  503  769   -1  578
1021   -10.187    19.454    13.433   36   -1   50  129
1022    -2.156    -3.826    12.682   -1 1147 1110 1381
1023     0.449    -5.304    12.323  941 1219   -1 1447
1024     3.458   -14.195     8.426 1198 1440   -1 1852
1025     9.003   -10.484    14.572   -1 1429 1434 1579
1026   -19.068    -6.016    11.661 1028 1167   -1 1691
1027   -15.913    13.393     5.692   -1   98  328  613
1028    20.437     6.807    13.962   -1  675  614  391
1029    22.774    -7.173     4.419  856   -1 1465 1460
1030    14.007   -12.233    -4.024  982 1346   -1 1867
1031    15.067    -6.328    -2.240  743   -1 1496 1613
1032   -20.489    -8.247     3.815   -1 1165 1408 1860
1033    20.348    14.696    11.124   91   -1  320   97
1034    25.054     4.673     5.995  385   -1  891  618
1035    10.156     5.521     5.186   -1  560  811  790
1036    -2.619    -0.622    12.708  753  983   -1 1202
1037     8.176    -7.091    12.218   -1 1325 1324 1452
1038     1.636   -14.190     5.606 1174 1431 1603   -1
1039   -15.746    -0.009    14.824  800  922   -1 1251
1040     0.170    12.264     8.844  184  255   -1  436
1041     5.928    12.499    -8.206   -1   15  684  705
1042    15.700    -2.875     2.629  662 1010   -1 1321
1043     1.920     4.569    10.583   -1  674  709  843
1044   -11.452    11.484     3.177   -1  154  483  744
1045    28.533     6.918    13.687  369   -1  638  307
1046    -9.548    -5.623    13.407 1002 1207   -1 1551
1047    -7.620    -3.241     6.336  794 1000   -1 1526
1048    22.245     7.308     7.703   -1  556  704  466
1049   -19.998     8.707     7.533  352  332   -1  925
1050    28.140    11.300    12.763  199   -1  472  132
1051     5.600     0.073    12.114  688  973  938   -1
1052    10.073     8.916    -4.204  151   -1  803  793
1053    11.386    15.628    13.953  105   -1  213  104
1054    -7.448   -12.287     1.674 1105 1339 1584   -1
1055     0.749    -7.554    12.966 1057 1317 1299   -1
1056    14.114    13.183    -4.131   31   -1  609  470
1057    28.127     1.912    11.688  539   -1  944  606
1058    -4.219     7.533    10.982   -1  515  556  703
1059   -10.365     9.257    12.786  365  423   -1  650
1060    24.107     4.787     7.310  393  688  850   -1
1061    10.050    13.187    -7.653   -1   11  643  605
1062    15.784    15.630     3.624   27   -1  380  199
1063    -9.582    14.572    10.048   -1   96  245  399
1064    -5.702    16.013    14.315   -1  117  142  208
1065    15.703   -15.228     3.944 1158 1453   -1 1863
1066    -4.623    -5.401     3.016  839 1071   -1 1672
1067     8.175     1.912    14.693   -1  925  808  818
1068    11.369    -6.779    14.160 1000   -1 1274 1370
1069    -1.733     2.154    -0.959   -1  582 1056 1297
1070     4.279   -18.553    10.903 1340   -1 1659 1911
1071    19.104     6.945    15.068  412   -1  584  374
1072    13.374    -2.385    13.310  787 1157 1087   -1
1073    -8.089    16.073     1.417   26   -1  316  460
1074    -4.272     7.373    -3.057  240  306   -1 1052
1075    -5.260   -10.517    13.536 1151   -1 1404 1741
1076    -8.248    10.962    12.103   -1  322  359  542
1077    -8.973    -3.056    -5.868   -1  794 1374 1731
1078     2.236    -2.246     7.071   -1  999 1139 1350
1079    18.330     5.286     1.860  325  558  902   -1
1080    13.811    -6.120     9.671  908 1278   -1 1374
1081     4.060    13.967     7.382   -1  150  350  332
1082    -2.144    13.332     6.498   -1  142  368  453
1083    25.352    12.429    12.959  173   -1  415  107
1084    -8.791     2.878     7.370  543  655   -1 1157
1085     5.462    18.695    12.634   25   -1  110   76
1086     6.498    15.041    10.491  104  144  269   -1
1087   -12.121    10.157    14.612   -1  406  344  562
1088    12.861    -5.790     4.522  830 1180   -1 1501
1089     9.049   -18.031     8.380 1287 1476 1676   -1
1090    16.571    -2.577    -2.186  570  933 1359   -1
1091    25.818    16.399    10.568   -1  143  278   50
1092    12.254     9.270     7.617   -1  428  586  473
1093     2.342    11.111    12.221  267  366  400   -1
1094    10.592     4.295    12.464  505  760   -1  679
1095     2.609    15.096     2.170   47   -1  378  385
1096   -11.243   -19.563    14.096 1405 1485 1641   -1
1097     6.364   -12.199    12.226 1160   -1 1506 1730
1098    26.400    -4.837    14.809  873   -1 1232 1020
1099     0.886    13.931    10.460  147  180   -1  306
1100    19.647   -11.147    14.287   -1 1445 1474 1520
1101    23.849    13.300     7.187   99   -1  456  169
1102    15.343    -0.671    -0.721  526   -1 1254 1255
1103    21.651    -8.859     3.481  921 1327   -1 1569
1104    -7.207    -8.911    14.330 1119 1366   -1 1662
1105    26.260    -9.746    11.237 1035 1427 1479   -1
1106    -5.121   -10.895    -9.719  907 1156 1637   -1
1107     9.948     9.485     3.421  203   -1  639  564
1108    -6.629     0.124    11.373  717  899   -1 1222
1109    -0.165     6.084     0.815  321  451  820   -1
1110    16.437     9.786    -0.324  140   -1  714  556
1111    21.163     7.762    14.560  363  639  575   -1
1112     4.676    11.724     5.321   -1  251  492  469
1113   -21.536     6.228    13.481  525  528   -1  972
1114     8.167    -4.295    14.803  915 1240 1116   -1
1115   -20.483   -11.282    14.401 1216 1395   -1 1844
1116    17.945     3.851    -7.382  275  511   -1 1084
1117    16.411   -15.684    -0.121   -1 1442 1703 1896
1118    -7.088     1.739    -4.453   -1  540 1120 1466
1119    20.583    15.101    -2.511   -1   25  517  276
1120     0.257   -13.724     5.439 1153   -1 1599 1881
1121     9.480   -18.940    11.692 1339 1488 1668   -1
1122     0.559     8.249    14.048   -1  535  491  534
1123    -4.252    17.067    14.674   -1   66  118  149
1124    22.216   -10.353     8.086 1041   -1 1519 1561
1125    21.308   -14.828     7.791 1166   -1 1628 1776
1126    17.215    14.603    13.248  117   -1  277  105
1127   -11.261    16.787    11.129   -1   29  140  282
1128    12.993     3.416     3.482  433   -1  952  938
1129     3.319    17.777    10.502   -1   17  162  118
1130    12.087   -12.812    13.040 1184 1454   -1 1697
1131   -10.356    13.236     1.953   -1   61  426  648
1132    24.884     6.118    14.005  416   -1  667  364
1133    -3.185   -17.181     9.811 1304 1463 1634   -1
1134    20.619    10.581     6.500  172  386  574   -1
1135    -9.656   -18.113    13.484 1362   -1 1620 1924
1136    -3.178     9.660    14.112   -1  443  416  502
1137    13.719    11.355    -7.263   -1  107  754  642
1138     6.561     7.696    -3.195   -1  317  837  895
1139    25.721    -2.038    13.199  731   -1 1106  894
1140     5.022    -6.618     6.356  914 1213 1376   -1
1141    19.989     0.618    14.040  633   -1  928  771
1142    21.011   -13.814     1.716 1092   -1 1653 1817
1143    18.156   -12.935    -4.899  983   -1 1674 1873
1144    -7.257     6.621    -4.832  272  297   -1 1182
1145   -18.334     7.422     9.781  426  442   -1  932
1146   -15.608    17.548    10.499   63   -1  119  288
1147    -2.442    16.076    13.777   -1  104  154  184
1148    20.722    -6.831     4.699   -1 1275 1448 1442
1149     8.254     5.653     7.523   -1  589  750  743
1150     7.299    12.945     2.730   -1  141  500  422
1151    22.314    11.646    12.505  197   -1  443  173
1152   -17.186    -1.459     1.691   -1  763 1127 1629
1153    -0.355     1.657     2.330   -1  686 1013 1247
1154   -14.136    -9.654    -2.456   -1 1160 1532 1901
1155    -1.090     9.170     8.120   -1  399  530  635
1156    15.757    18.130    10.324    8   38  180   -1
1157    -4.598     5.313    12.884   -1  623  610  835
1158     0.968    -7.514    -3.458   -1 1091 1518 1801
1159    -1.202    13.963     6.686   -1  125  355  381
1160   -11.308    13.998    13.579   -1  193  208  363
1161     3.098   -11.322     9.586 1132   -1 1503 1751
1162     8.037    -9.026     3.175   -1 1285 1505 1721
1163    25.958     1.801     1.750  440  800 1132   -1
1164    12.838    -1.068     5.337   -1  970 1165 1171
1165   -17.306   -11.968    -0.019   -1 1283 1570 1923
1166    -3.163    13.611     8.832   -1  155  313  400
1167    -1.801    -8.553    13.549   -1 1354 1342 1608
1168    -6.559   -11.234    -5.919  979 1205 1622   -1
1169     8.697   -13.597    -5.002   -1 1364 1682 1905
1170    10.371     3.098     0.262   -1  618 1018 1067
1171    24.952     8.848    13.226  306  569  561   -1
1172    24.890     8.104     7.836  279  532   -1  379
1173    25.682     4.605    14.113  475  848  753   -1
1174    -6.400    12.624     6.067   -1  152  394  550
1175   -16.506    14.111    10.391  164   -1  243  481
1176    22.546    13.877     7.473   84  222  439   -1
1177    19.153    -2.215    14.899  781 1196   -1  930
1178    -3.321    -8.687    -9.106  818 1049 1587   -1
1179    -7.865   -17.140     2.447 1261 1441 1679   -1
1180    -5.494   -13.339     6.640 1180 1415 1560   -1
1181     4.963    -7.706    13.209 1054 1343 1313   -1
1182    19.884    -0.233    11.667  640   -1 1030  879
1183   -12.185   -11.457    13.387 1202 1401   -1 1815
1184   -17.585    -9.053    -8.660   -1 1007 1575 1928
1185    -3.396    -7.906    12.729 1071 1316   -1 1618
1186    -1.925    -4.929     3.474  822   -1 1330 1610
1187    -9.335   -12.056     8.752 1159 1396   -1 1855
1188    22.347     7.235     2.162   -1  509  824  566
1189    16.261    -9.529    11.117   -1 1408 1455 1523
1190    -4.601    17.611     8.652   39   -1  169  213
1191    25.060    23.689     9.709   -1   -1   58    3
1192   -25.869   -10.843    15.209   -1 1377   -1 1849
1193    23.287   -19.175    12.859 1330   -1 1689   -1
1194    29.142     8.951    15.411   -1   -1  535  171
1195    27.362    12.641    14.363   -1   -1  384   82
1196    11.391   -21.431    -9.098 1224 1459   -1   -1
1197   -10.979    -9.993    13.178   -1 1370   -1 1761
1198    29.238   -13.468     6.460 1103   -1 1621   -1
1199    29.240   -11.447    13.518 1111   -1 1513   -1
1200   -12.439   -18.182     9.911 1351   -1 1639   -1
1201    -1.591    24.719    12.060   -1   -1    9   17
1202   -15.600   -13.020    13.752   -1 1430   -1 1871
1203   -24.714   -12.414     7.830   -1 1360   -1 1915
1204   -13.676   -11.766     7.475   -1 1367 1501   -1
1205    29.584   -15.958    15.412 1259   -1   -1 1642
1206    -2.565   -25.242     4.765 1436 1502   -1   -1
1207    28.061   -15.588    13.901 1233   -1   -1 1667
1208    23.598    23.026     7.423   -1   -1   92    9
1209    14.194   -19.947     6.546 1318   -1   -1 1919
1210     2.687   -18.900    14.809 1370   -1   -1 1903
1211    -2.176   -21.588    -0.002 1338 1473   -1   -1
1212    18.565   -18.655    15.320 1347   -1 1651   -1
1213     6.438   -18.548     0.582 1243 1458   -1   -1
1214   -15.315   -21.591    -2.672 1342 1457   -1   -1
1215   -13.675   -12.692    13.200   -1 1423 1467   -1
1216    -7.100   -18.889    14.298 1383   -1 1629   -1
1217    23.081    20.482     9.369   -1   -1  141   15
1218   -17.953   -19.871     8.852 1386   -1 1677   -1
1219    16.926   -19.755     4.149 1283 1482   -1   -1
1220    22.938    23.740     7.837   -1   -1   73    6
1221    10.019   -25.066    -4.291 1359 1493   -1   -1
1222    -9.324   -19.092    14.375 1396   -1 1632   -1
1223    16.565   -23.359     6.635 1384 1505   -1   -1
1224    -4.716   -16.521    14.343 1332   -1   -1 1895
1225     4.048   -29.109    -2.637 1459 1509   -1   -1
1226   -16.263   -10.903    10.529 1161   -1   -1 1845
1227     8.594    28.288    -7.900   -1   -1   76   33
1228    -3.296   -17.011    14.967 1346   -1 1592   -1
1229     5.768   -17.082     8.971 1277   -1 1646   -1
1230     9.873   -27.158    -8.384 1375 1497   -1   -1
1231    26.762     9.035    15.316  318   -1   -1  189
1232    22.237   -18.483    11.264 1300   -1 1683   -1
1233    -6.779   -22.928     4.426 1403 1489   -1   -1
1234    23.508   -17.366     9.269 1255   -1 1671   -1
1235    -5.680   -24.257    -6.061 1357 1477   -1   -1
1236    25.013   -19.054    15.098 1344   -1 1666   -1
1237    20.489   -13.962    14.291 1204   -1 1553   -1
1238    24.698   -18.304    14.671 1322   -1 1655   -1
1239    13.409    32.464    -5.124   -1   -1   12    2
1240    17.632   -17.886    12.255 1303   -1 1654   -1
1241    -0.748   -16.944    10.334 1298   -1 1625   -1
1242    30.789    -2.491    13.369  737   -1 1150   -1
1243   -23.550   -19.248    14.932   -1 1475 1608   -1
1244    -1.137   -23.788    10.173 1449 1503   -1   -1
1245    -3.173   -14.036    12.407 1251 1448   -1   -1
1246    -5.605   -19.917    11.517 1382   -1 1670   -1
1247    -8.072   -20.202    15.304 1420 1491   -1   -1
1248    24.206   -13.969    15.297 1207 1468   -1   -1
1249   -10.866   -18.286    12.818   -1 1470 1624   -1
1250    16.542    17.589    13.403   -1   -1  159   45
1251    -9.914   -22.190     3.998 1387 1481   -1   -1
1252    21.667    16.374    14.687   -1   -1  203   37
1253     9.419   -20.932    14.202 1401   -1 1696   -1
1254   -13.251   -21.582    13.768 1448   -1 1685   -1
1255    11.920    -9.117    14.705 1099 1409   -1   -1
1256    24.928   -17.787    12.426 1284   -1 1660   -1
1257    -3.121    19.831    13.794   -1   -1   51   78
1258    15.500   -18.395     9.446 1297   -1 1687   -1
1259    -2.905    21.173    15.461   -1   -1   33   38
1260     5.719   -20.942    15.183 1412   -1 1686   -1
1261    -9.859   -18.981    12.804 1380   -1 1638   -1
1262     3.652    29.924     0.745   -1   -1    3   10
1263    26.505   -17.228    15.356 1293   -1 1633   -1
1264    21.105    -8.207    10.720  980 1386   -1   -1
1265    10.693   -17.514     8.902 1278   -1 1661   -1
1266     7.014    24.080    11.198   -1   -1   28   14
1267    -6.216   -16.205     8.388 1271 1455   -1   -1
1268   -16.995   -16.435    11.962 1337   -1   -1 1926
1269   -16.191   -16.231     2.071 1236 1424   -1   -1
1270    15.839     1.921    10.686   -1  894  910   -1
1271     6.691   -10.073     1.456  988 1303 1542 1791
1272     6.991    -9.570     6.098 1023 1337 1489   -1
1273    21.452    10.596     4.161   -1   -1  611  362
1274     4.655     0.507    14.065   -1  979  876   -1
1275     1.893     9.563    12.386   -1  450  463  480
1276    -2.005    13.223     7.545  143  166  363  427
1277     6.994    13.962     9.336  118  192  326  260
1278    25.552    -5.056     6.109  775   -1 1373   -1
1279    13.790    14.596    12.263   -1   -1  283  136
1280    12.483    11.691     8.111   -1  315  474   -1
1281    23.817     3.348     3.299   -1  716 1010  794
1282    20.530     6.553     6.868   -1  574   -1  546
1283    10.922    -6.746    11.287   -1   -1 1326 1427
1284     8.052    -1.474    12.892   -1   -1 1020 1097
1285    16.798     0.980    -2.927   -1  707   -1 1191
1286    -3.647    14.037    13.044  175  203   -1   -1
1287    -9.645    13.978     0.041   71   16  426   -1
1288    -4.939    -4.186    10.794  890 1138 1152 1474
1289    14.802     3.355     9.686  497  784  844  764
1290     3.922    -9.206    13.630 1102   -1 1375 1591
1291    -4.311    -2.899     1.330   -1  914 1260   -1
1292     2.322     5.064     4.575  401   -1  804   -1
1293     0.749   -21.203    14.697   -1 1500   -1 1931
1294    25.058    10.861     4.701  138   -1   -1  307
1295    15.591    10.641    10.078  217  412   -1  317
1296     8.548     3.470     3.401  443   -1  938   -1
1297   -16.398    -2.020    10.943  836  975  997   -1
1298   -11.523     4.360    12.042   -1  642  646  992
1299     8.365    13.825    -5.705    9    7   -1  538
1300    -9.582     9.001     7.139  309  363  534  781
1301     1.372    11.063    11.279   -1  362  405  436
1302    19.608   -15.473    11.360 1219   -1 1614 1770
1303    19.310    11.834    -4.412   53  129   -1  493
1304   -17.122    11.186    -3.762  128   59   -1  998
1305    -7.658    -8.336     8.189   -1 1268   -1 1741
1306    17.144    -5.792     2.321  787 1169   -1 1481
1307   -13.311    12.144    12.146   -1  257   -1  524
1308    17.284    12.706    11.278  156   -1  396  188
1309    -2.238    15.475    14.934  139   -1  163   -1
1310   -18.058    11.731     5.601   -1  160  404   -1
1311    -8.743   -10.050     9.928 1116 1350 1431   -1
1312   -14.627    16.643     9.445   -1    1  151  346
1313    19.182    -3.026     4.390  676   -1 1293   -1
1314    27.761   -14.124    14.760 1197   -1 1576 1567
1315    -5.680   -24.257    -6.061 1357 1477   -1   -1
1316    27.362    12.641    14.363   -1   -1  384   82
1317    30.789    -2.491    13.369  737   -1 1150   -1
1318    15.839     1.921    10.686   -1  894  910   -1
1319     6.691   -10.073     1.456  988 1303 1542 1791
1320     6.991    -9.570     6.098 1023 1337 1489   -1
1321    21.452    10.596     4.161   -1   -1  611  362
1322     4.655     0.507    14.065   -1  979  876   -1
1323     1.893     9.563    12.386   -1  450  463  480
1324    -2.005    13.223     7.545  143  166  363  427
1325     6.994    13.962     9.336  118  192  326  260
1326    25.552    -5.056     6.109  775   -1 1373   -1
1327    13.790    14.596    12.263   -1   -1  283  136
1328    12.483    11.691     8.111   -1  315  474   -1
1329    23.817     3.348     3.299   -1  716 1010  794
1330    20.530     6.553     6.868   -1  574   -1  546
1331    10.922    -6.746    11.287   -1   -1 1326 1427
1332     8.052    -1.474    12.892   -1   -1 1020 1097
1333    16.798     0.980    -2.927   -1  707   -1 1191
1334    -3.647    14.037    13.044  175  203   -1   -1
1335    -9.645    13.978     0.041   71   16  426   -1
1336    -4.939    -4.186    10.794  890 1138 1152 1474
1337    14.802     3.355     9.686  497  784  844  764
1338     3.922    -9.206    13.630 1102   -1 1375 1591
1339    -4.311    -2.899     1.330   -1  914 1260   -1
1340     2.322     5.064     4.575  401   -1  804   -1
1341     0.749   -21.203    14.697   -1 1500   -1 1931
1342    25.058    10.861     4.701  138   -1   -1  307
1343    15.591    10.641    10.078  217  412   -1  317
1344     8.548     3.470     3.401  443   -1  938   -1
1345   -16.398    -2.020    10.943  836  975  997   -1
1346   -11.523     4.360    12.042   -1  642  646  992
1347     8.365    13.825    -5.705    9    7   -1  538
1348    -9.582     9.001     7.139  309  363  534  781
1349     1.372    11.063    11.279   -1  362  405  436
1350    19.608   -15.473    11.360 1219   -1 1614 1770
1351    19.310    11.834    -4.412   53  129   -1  493
1352   -17.122    11.186    -3.762  128   59   -1  998
1353    -7.658    -8.336     8.189   -1 1268   -1 1741
1354    17.144    -5.792     2.321  787 1169   -1 1481
1355   -13.311    12.144    12.146   -1  257   -1  524
1356    17.284    12.706    11.278  156   -1  396  188
1357    -2.238    15.475    14.934  139   -1  163   -1
1358   -18.058    11.731     5.601   -1  160  404   -1
1359    -8.743   -10.050     9.928 1116 1350 1431   -1
1360   -14.627    16.643     9.445   -1    1  151  346
1361    19.182    -3.026     4.390  676   -1 1293   -1
1362    27.761   -14.124    14.760 1197   -1 1576 1567
1363    -5.680   -24.257    -6.061 1357 1477   -1   -1
1364    27.362    12.641    14.363   -1   -1  384   82
1365    30.789    -2.491    13.369  737   -1 1150   -1
