1371
   1     0.716    10.679    10.663  281  360  430  480
   2    15.834     1.862    10.551  554  883  904  830
   3    12.788    -8.866    11.978 1042 1382 1408 1507
   4     8.835     9.465     0.014  183  292  666  665
   5    25.683    -6.703    15.236  948 1383 1306 1135
   6     6.238    11.868    12.975  236  355  363  297
   7    -4.747    -0.725     5.366  646  860 1055 1371
   8    10.830     4.499     8.335  458  656  774  772
   9    11.507    11.527     9.636  199  337  441  327
  10   -12.502    10.068     1.941  221  209  551  873
  11     5.281     4.607     3.676  408  571  836  933
  12    -8.327    -2.409    10.425  815 1014 1040 1396
  13   -11.548    -3.817    -8.430  621  752 1428 1802
  14   -14.561    -2.413     4.068  749  875 1144 1599
  15    23.135    -3.423    11.325  775 1212 1210 1038
  16   -15.755    -1.290     3.928  704  801 1067 1556
  17    16.795     4.765     7.266  421  660  795  709
  18    -3.511     2.217    11.794  603  794  766 1022
  19    -5.979    -0.782     4.424  649  826 1064 1406
  20     4.602    -6.065    12.729  957 1266 1247 1416
  21    18.613    -0.810    13.125  692 1092 1008  895
  22    11.720     2.210    13.629  583  897  794  793
  23    13.330     9.636    -7.792   90  182  812  799
  24     6.155    -3.034     4.685  725 1011 1243 1387
  25    20.028     5.218     0.941  321  551  925  786
  26    -1.249    -7.838    14.305 1068 1337 1280 1555
  27   -10.815     9.336     1.929  247  257  592  891
  28   -12.437    12.921    13.554  245  237  248  442
  29    23.947     2.796     1.789  411  704 1049  867
  30   -12.326     1.302     9.085  634  751  835 1253
  31   -16.278     1.997    12.592  661  760  715 1178
  32     3.271    -0.504    10.590  686  973  987 1130
  33    -1.910    15.986     5.272   44   20  282  319
  34    -1.943     9.779     7.315  279  349  505  633
  35    18.669     2.018     5.561  500  810 1000  886
  36    19.993     2.899     6.441  469  773  948  797
  37    -2.119     5.484    13.953  508  642  594  763
  38     6.686   -10.070     1.458  980 1296 1540 1775
  39     6.985    -9.542     6.143 1012 1327 1487 1696
  40     7.339    17.883    15.040   55   81  113   62
  41   -18.194     2.190     6.247  576  639  822 1337
  42    -9.968     1.965    11.580  632  775  757 1129
  43     8.815    -3.601     1.836  690 1022 1333 1450
  44    -9.595     9.013     7.211  320  359  521  774
  45    18.090     1.946    13.248  579  939  844  726
  46    26.625    -3.141    13.728  789 1247 1160  918
  47    19.231    -0.441    -8.365  436  691 1368 1358
  48    -8.589    10.831     2.030  179  196  533  777
  49    20.675    -4.295    -0.952  650 1051 1426 1410
  50   -12.312    15.116    11.362  139   93  188  358
  51    16.592     4.872    14.275  485  776  667  541
  52   -10.045     5.231    -3.770  346  379  887 1266
  53    12.160    -5.389     8.220  847 1213 1318 1386
  54    21.401    10.663     4.154  151  336  600  359
  55     5.469    12.896    -5.662   35   32  607  635
  56     0.261     5.928    14.064  498  633  566  695
  57     9.739     3.256    -4.527  358  533 1088 1163
  58    17.321    -1.977     8.638  698 1069 1152 1085
  59    13.790    -9.725     8.490 1035 1374 1475 1610
  60    12.018    10.957     1.835  130  266  595  502
  61     1.590    -0.382    11.104  701  964  956 1138
  62    -3.023     4.130    -2.382  379  492  965 1201
  63    19.062     4.882    -6.967  251  470 1085  982
  64   -12.823    -1.036     5.151  689  831 1044 1494
  65   -14.033     7.068     3.968  366  395  638 1020
  66    14.822    15.947     9.218   53  107  284  122
  67    -3.270    14.035     9.454  132  153  292  351
  68     2.961     7.043    13.536  437  585  538  597
  69     9.551    -2.413    -7.037  540  797 1400 1561
  70    26.585     1.865    14.925  581 1023  859  563
  71    -5.662    -2.218     9.959  799 1007 1039 1379
  72     1.867    -0.191     6.087  618  850 1042 1227
  73    10.105     0.078     0.309  526  764 1177 1250
  74    17.663    -5.035     7.514  812 1195 1326 1322
  75    13.168     4.306    -2.130  343  529 1001  984
  76    16.278    10.116     7.770  222  402  554  373
  77     7.557    14.414    10.622  116  195  297  205
  78    -6.702   -10.770     7.263 1114 1339 1479 1813
  79    -4.043    -0.594     9.690  717  923  972 1246
  80    10.942     9.100     9.531  299  473  546  465
  81     6.522    -8.384    -8.158  794 1085 1588 1826
  82   -13.133     1.396     4.269  570  661  935 1376
  83    18.617    -1.851   -10.238  474  732 1441 1496
  84     1.124    11.919     0.860  115  148  527  600
  85    18.149     6.304    -1.988  258  463  906  806
  86     7.913     0.531    13.593  668  979  885  930
  87   -14.400     5.407    -5.466  327  328  896 1353
  88    22.590    -1.857    10.870  695 1135 1118  956
  89    -5.397    16.274     6.242   51    7  243  329
  90   -14.367   -12.305    12.742 1219 1405 1450 1842
  91    10.266     7.009    15.120  444  640  550  466
  92    -0.863     3.584     1.529  441  555  919 1140
  93     3.409    -3.958    -6.335  610  876 1438 1681
  94     2.632     3.092    13.372  577  802  724  845
  95    14.997    -4.811    10.451  851 1232 1253 1254
  96    13.976     6.324    -7.360  209  366 1006  957
  97    12.073    -6.518     6.541  878 1238 1378 1493
  98     8.531     3.422     3.494  450  629  922  975
  99     1.833     9.585    12.240  333  450  452  486
 100    14.815    -2.739    -6.545  543  844 1418 1520
 101    -1.175     1.772    10.764  605  817  829 1035
 102   -19.225    -2.884     8.817  848  970 1046 1590
 103   -11.887    15.243     9.830  112   76  214  379
 104    16.707    10.919    -2.774   86  206  681  551
 105   -17.492     5.255    -0.476  398  404  785 1293
 106    -7.966    -6.981    12.117 1024 1251 1252 1628
 107    18.712    -6.136    11.165  894 1302 1332 1277
 108    -3.670    -6.016    12.912  982 1239 1219 1508
 109    -9.562    -3.244    -0.016  707  881 1271 1666
 110   -15.815    -7.365     8.295 1021 1185 1316 1752
 111    -0.262    10.595     7.085  231  304  490  556
 112     5.673     9.628    11.834  314  460  464  448
 113    10.827     2.157    14.732  608  905  767  787
 114     1.861    11.800    10.080  218  287  405  407
 115     4.099    14.372    11.402  126  192  269  236
 116     2.187    11.611    13.106  257  357  359  349
 117     6.680    15.075     6.943   72  102  317  254
 118    11.950     5.414     6.174  389  591  768  758
 119     7.331     3.219     5.312  475  669  898  958
 120   -13.193    13.023     6.250  159  120  351  596
 121    -1.963    11.898    -4.389   79   67  604  765
 122     0.241    -5.322    14.866  975 1249 1150 1384
 123    -1.777     6.328     0.820  335  423  760  994
 124    -7.779    16.620     8.468   60    2  190  296
 125     9.798     4.167    11.431  504  738  722  741
 126    -1.772     2.911     2.220  479  602  936 1170
 127    -8.377     5.859     2.076  380  445  737 1074
 128    11.107    -4.767    13.153  893 1243 1204 1238
 129   -14.923     6.320     4.606  407  431  660 1070
 130    18.601     5.017     2.485  360  572  889  769
 131     6.042     9.873     7.940  259  381  517  516
 132    -6.167    -4.409    11.445  899 1144 1139 1479
 133     0.969    12.298     8.189  178  240  398  436
 134    12.159    -0.348     3.952  567  886 1136 1152
 135     0.357     8.049     2.842  291  374  649  819
 136   -12.406    -7.337    12.779 1060 1262 1246 1669
 137     3.021     2.013    12.682  607  862  782  931
 138    -4.910    13.546     6.496  127  115  357  468
 139    12.521     6.016    -9.146  202  339 1037 1068
 140   -16.051    14.560     6.529  111   47  274  544
 141    11.284    10.573     5.161  184  321  560  462
 142     1.496    -4.365     3.908  790 1059 1297 1540
 143    -4.065     8.105    -5.664  192  234  799 1046
 144     2.979     2.269     2.798  486  664  989 1147
 145    24.093     1.838     4.409  482  812 1045  869
 146   -13.729    -0.243     9.558  724  849  921 1368
 147    15.236     4.663    -0.665  344  526  963  920
 148    21.642    -2.580    15.046  798 1219 1060  929
 149     9.414     3.086     6.703  495  699  881  914
 150   -18.931     1.827    13.222  681  766  704 1220
 151    22.899    11.890    14.819  217  440  395  127
 152    -1.618     2.653    -2.383  432  549 1038 1296
 153    -3.136     6.715    14.801  472  593  522  652
 154    19.663     3.887    -2.327  340  567 1050  940
 155    14.807    -0.548    -2.528  510  790 1264 1308
 156    10.266    -0.694     8.243  648  968 1052 1120
 157    -2.649    -1.010     4.905  656  863 1080 1382
 158     5.349    -1.395    11.857  753 1038 1005 1143
 159   -10.132    11.522    -0.649  140   99  537  811
 160    13.959     4.426    11.710  487  737  719  658
 161   -20.863    -1.922    10.826  845  930  950 1527
 162    24.786     2.978    11.609  515  880  852  602
 163    28.262     1.761    13.940  564 1015  883  576
 164    21.974    -0.922     9.155  628 1050 1100  936
 165   -11.151     8.010     4.773  339  361  591  921
 166    20.534    15.377    -0.063    4   44  462  212
 167     1.237    -5.381     8.892  897 1178 1267 1500
 168     9.442     4.922     8.441  446  617  746  770
 169    -3.144    -2.393     5.781  733  967 1141 1454
 170     8.937    12.179     3.068  113  199  507  443
 171    15.852    -2.437     8.272  712 1080 1173 1156
 172     8.603    -3.926     9.591  829 1145 1208 1319
 173     6.315   -14.776    12.844 1249 1448 1568 1806
 174   -18.018    10.590    10.610  315  293  380  725
 175    -1.369    13.581     5.993  117  129  372  440
 176     5.235     3.275     4.203  465  627  903 1024
 177    18.977    15.353     3.795   23   87  402  182
 178     5.471    16.292     6.070   33   29  283  228
 179   -11.357    -4.270     8.828  888 1063 1167 1574
 180   -11.563    -0.912    -8.044  520  608 1300 1690
 181    14.477     2.421    10.943  552  847  865  791
 182     3.373    -1.245     7.285  682  948 1072 1268
 183     6.184    -4.785     7.253  837 1142 1283 1451
 184     7.324    12.532    -8.634   20   19  672  703
 185   -10.700    13.279    -0.751   85   27  458  712
 186     8.610     9.233    15.115  356  524  442  356
 187   -16.802     9.279    -0.731  233  204  605 1037
 188     6.962    13.126    -1.457   61   78  525  506
 189    20.775    -7.715    14.933 1006 1387 1340 1267
 190    24.870    11.049     4.414  134  329  587  304
 191    -2.589    -6.419    -8.515  720  950 1523 1819
 192     3.935    -8.890    13.398 1087 1373 1361 1583
 193    20.557    -4.294    14.018  853 1277 1189 1056
 194    10.206     7.920     5.609  298  469  654  624
 195    15.078    -4.043     5.989  763 1130 1291 1327
 196   -15.729     3.821    -7.106  365  388 1014 1495
 197    23.320     5.313     3.348  336  600  886  660
 198    -2.056     0.368     9.828  658  868  928 1164
 199    22.567    12.432     8.243  128  303  466  198
 200   -17.596    12.982     9.462  212  147  285  592
 201     7.530     2.451    13.205  591  853  772  837
 202    -9.700     3.491     9.740  544  654  713 1080
 203   -16.418     6.177    -1.124  355  348  747 1223
 204    23.536    12.139    12.943  186  412  412  136
 205     5.301     5.909    -6.095  253  375  961 1090
 206     4.280     9.933     5.510  232  333  556  577
 207    -8.545     9.782     9.165  316  343  454  679
 208    13.167    11.340    14.282  266  429  391  226
 209    11.453    11.657    -3.452   75  128  642  581
 210    -6.481     5.327    -8.443  280  316 1007 1323
 211     5.363     8.013    -8.929  142  227  901 1016
 212    13.257    -6.058     3.825  830 1177 1405 1516
 213    22.270     3.716     8.415  456  759  863  669
 214     3.267    -3.522    11.057  839 1133 1127 1332
 215    22.136     0.328    12.072  613 1028  986  801
 216    14.900     6.243    -0.167  288  481  875  802
 217    25.841    -5.199     9.842  823 1278 1329 1154
 218    -4.702    -3.244     4.145  766  987 1220 1537
 219    19.487     7.498    11.869  359  601  611  389
 220    -7.499     8.614     0.615  255  277  647  925
 221     9.825     8.694     5.736  276  427  620  573
 222     2.836     2.224    -8.816  362  511 1196 1420
 223    10.092    -4.695     9.037  844 1171 1260 1352
 224    -0.733    -3.055    11.174  832 1096 1081 1346
 225   -17.516    -2.870     3.006  770  877 1183 1659
 226    18.300    10.360    -0.187  119  286  665  496
 227   -12.239    -0.226     1.249  596  705 1076 1521
 228    22.448    -6.689     5.699  849 1267 1432 1390
 229    22.775     6.681    14.711  417  708  612  340
 230   -12.947    -0.419    10.009  730  867  913 1365
 231    -0.660     4.121     4.351  452  575  824 1026
 232    21.848     0.759     1.091  494  809 1166 1028
 233     4.160     3.147     4.055  466  643  915 1041
 234    14.376    -8.374    12.005 1016 1375 1385 1452
 235    -8.625    -0.207     1.225  586  720 1107 1474
 236    -2.674    14.938     9.251  107  105  262  312
 237     9.352    -7.268    14.144 1018 1341 1294 1398
 238     2.104    -0.297    -1.408  538  728 1205 1400
 239    19.671   -10.212    -4.336  870 1279 1616 1770
 240     5.452   -10.736    10.592 1113 1394 1468 1703
 241    18.572    -8.766     3.537  912 1311 1511 1602
 242    18.502    -6.328     2.448  797 1198 1443 1487
 243     7.006    13.941     0.175   49   60  481  430
 244     1.053     3.836    13.317  555  739  684  835
 245    14.449     8.595    -3.247  162  301  800  732
 246    -0.641     6.481    14.579  470  609  549  651
 247   -19.371     6.638     9.976  460  490  547  987
 248    -3.474     5.631     2.139  384  477  759 1030
 249     3.502    -6.104     1.359  827 1105 1420 1650
 250    15.362    13.060    12.355  163  310  354  177
 251   -11.989    -6.349    11.779 1013 1203 1222 1631
 252    12.014     5.105    -9.158  230  387 1089 1126
 253    14.529     9.686    -4.218  110  243  756  678
 254    -5.766     5.259    -6.910  303  351  968 1287
 255   -15.565     7.239    -6.001  249  235  802 1257
 256    21.917     1.994    12.628  562  944  869  696
 257    17.127     2.105    -7.169  363  565 1227 1200
 258    -2.716    -3.026    13.853  877 1116 1024 1309
 259    18.400     0.003    12.286  644 1024  984  864
 260   -12.131     7.413    -6.380  227  231  806 1212
 261   -14.497    -7.268     3.284  945 1125 1396 1800
 262    13.668    -7.520     4.730  891 1258 1448 1562
 263    10.298    -1.918     9.095  719 1052 1106 1168
 264    -0.061     5.604    -1.877  323  428  876 1081
 265   -15.867    -0.484     2.259  639  721 1054 1547
 266    25.030     7.363    15.110  393  667  577  285
 267     8.257    -1.511     2.985  614  914 1206 1304
 268    14.525    17.410     9.124   18   43  222   90
 269    -6.384    -9.880    -6.752  910 1136 1596 1890
 270    24.026    -3.854     1.841  660 1100 1373 1274
 271    12.497    13.439    12.633  166  288  313  178
 272     8.320     5.279     2.516  371  519  830  888
 273    -7.233     2.319     6.414  550  676  861 1173
 274    15.459    11.690    -3.676   66  149  653  532
 275    16.757     8.996    -9.199   92  205  895  836
 276    -9.711     6.616    -4.568  284  299  827 1184
 277   -12.137    -9.161     1.982  991 1196 1484 1845
 278   -14.451   -11.125    12.668 1190 1378 1416 1811
 279    -7.617    -2.717     3.161  731  906 1207 1551
 280    21.751    -0.826    -5.167  477  795 1349 1273
 281     2.520    -1.942     2.725  651  910 1197 1417
 282    13.729     1.314    -4.570  429  628 1217 1236
 283   -16.310    11.740    11.199  282  248  311  619
 284    -6.311    -7.110    -2.323  840 1062 1472 1808
 285    10.727    -2.996     3.377  684 1006 1274 1374
 286    -2.392    -8.020    13.633 1074 1332 1298 1596
 287    -0.713     2.446    -3.838  431  539 1077 1330
 288     1.179     8.171     2.074  278  354  662  827
 289    -4.325     0.434     6.496  609  813  991 1251
 290   -17.041    -3.544    10.167  886 1029 1058 1577
 291   -11.558    -8.821    13.766 1122 1333 1313 1707
 292    19.320    15.384     6.330   38  117  360  145
 293   -17.754    -1.448    11.840  828  934  912 1443
 294   -12.826    16.993    10.018   69    9  142  302
 295   -13.491     7.248    -0.675  313  302  695 1124
 296     2.761    -2.090    12.434  795 1071 1032 1199
 297    -2.350    14.634     6.825   87   92  318  365
 298    -2.590    -6.555     5.692  908 1176 1356 1651
 299    20.992    -6.060     0.093  756 1152 1469 1503
 300   -10.728    12.936    14.672  265  260  239  400
 301    -2.704    -3.958    -1.295  710  929 1353 1656
 302    22.801    11.516    12.420  205  430  439  170
 303    20.933     6.275    11.269  394  653  680  469
 304    23.579     4.917    -0.104  325  557  967  785
 305    -0.664    -1.327     5.803  670  915 1102 1347
 306    -6.769    -0.567     8.678  703  882  990 1311
 307    18.644     4.837     7.960  426  674  778  655
 308    21.738     6.936     2.486  283  501  793  616
 309    10.893    16.715     4.975   11   17  290  180
 310     3.437    11.978    -8.299   42   42  678  778
 311     4.907   -11.677     9.030 1134 1404 1513 1753
 312    24.804     0.208    13.783  630 1082  969  729
 313   -14.180    -6.628    -6.606  793  941 1488 1861
 314    14.345     5.319     8.144  425  630  733  681
 315   -16.950    -6.086     8.682  976 1147 1236 1710
 316    -8.022    -7.155     8.434  989 1208 1330 1691
 317     5.617    -8.027    -3.199  835 1150 1529 1771
 318   -16.344    -1.905    10.868  833  959  970 1464
 319    -7.614    14.561    14.878  187  191  180  284
 320    -0.916     8.095    -5.296  200  241  796 1006
 321    12.337     4.436    14.177  512  785  669  618
 322     6.381   -17.892    12.971 1334 1466 1633 1877
 323    11.709     3.487     3.297  440  632  932  947
 324   -14.398    -1.413    11.055  805  933  952 1404
 325    -3.341    14.665    12.109  141  159  235  271
 326   -17.203     4.759    -4.351  364  371  902 1391
 327    12.289    -0.940    -2.265  524  814 1279 1351
 328    21.044     3.486    12.947  522  859  761  590
 329    12.832     5.133     7.031  418  622  771  733
 330    21.460    -4.557    10.364  821 1240 1266 1162
 331    -8.858    16.894    13.363   95   54  129  207
 332   -19.228     4.639     5.294  488  508  708 1196
 333   -18.488    -3.151     2.645  784  869 1190 1699
 334    18.673     0.932    -6.141  416  651 1262 1222
 335    -7.981     7.930    -4.167  235  246  744 1094
 336   -18.452    -0.469    10.719  771  864  871 1397
 337   -12.451    -7.951     7.418 1019 1226 1355 1761
 338     0.778     4.690     7.667  462  610  728  903
 339    17.535    10.257    -7.970   67  164  801  705
 340     1.840    10.175    -8.574   81  104  764  915
 341     6.652    -6.583     7.640  913 1225 1348 1542
 342    -8.526    15.364    11.919  129   96  195  294
 343    -6.085    15.571     6.475   73   28  272  363
 344   -20.586    -1.725    14.582  889  992  853 1425
 345    14.448    -5.232    12.972  900 1282 1231 1224
 346     3.359     2.101     8.015  546  765  880 1036
 347    10.314    11.657    14.301  252  400  361  257
 348    25.837    -1.471    14.221  726 1162 1048  824
 349    15.486    -6.114    11.255  914 1295 1301 1335
 350     2.318     8.211    -3.603  201  281  762  928
 351   -15.629    -0.949    -1.061  611  692 1154 1622
 352    19.439    12.831     6.698  108  261  457  237
 353     7.107     8.358    -3.709  189  279  784  859
 354     5.855    -2.266     7.811  734 1025 1135 1275
 355    23.553     6.688     1.652  277  503  838  623
 356   -13.613    -4.641    13.863  973 1148 1063 1534
 357    23.380     4.164     5.817  419  681  897  683
 358     9.534    -2.209     4.287  669  985 1224 1306
 359    -8.057    -9.202     0.102  965 1188 1503 1846
 360     4.431    10.721     6.013  211  297  509  515
 361   -13.279    -0.323     0.748  601  703 1075 1544
 362     3.401     0.103    11.545  680  935  923 1086
 363    -6.937     7.113    -0.162  311  347  721 1032
 364    13.388    12.009    -8.387   30   66  701  642
 365     9.989    -7.321    13.714 1003 1348 1304 1403
 366    22.581    13.782    13.537  131  330  320   91
 367   -18.892   -11.442     8.764 1170 1350 1456 1873
 368    23.732     8.903    13.559  312  569  540  243
 369     1.764    -1.686     5.800  688  937 1137 1341
 370    -5.028     9.937    14.453  349  437  388  505
 371    25.241    -1.240     1.715  558  957 1269 1089
 372   -13.411     0.974     9.413  645  780  840 1292
 373    -4.527    -2.180    -1.278  626  815 1263 1581
 374    19.871    -1.494    -2.014  536  874 1336 1272
 375   -12.486    13.404     9.255  181  152  289  495
 376     9.273    -2.676     0.999  631  954 1305 1418
 377    -1.715     1.699     0.595  502  631 1036 1286
 378    24.627     9.007     5.886  224  475  644  382
 379    11.756     8.828     0.780  198  350  691  668
 380    21.617    10.631     1.595  120  300  632  427
 381    20.330    14.772    11.063   91  221  325  101
 382    19.092    -6.464     2.348  806 1209 1449 1502
 383    -2.560    -4.262     1.467  759 1004 1324 1608
 384   -17.856    -0.941     7.625  740  828  988 1490
 385     9.624     9.656     7.801  268  403  534  481
 386   -19.706    -6.622    13.609 1078 1215 1172 1682
 387    -9.741     3.584    -5.921  385  433 1019 1411
 388     0.980    -8.197    13.517 1061 1347 1335 1563
 389   -15.669    -3.795    -5.398  674  787 1374 1794
 390    19.694    -3.869     5.558  736 1138 1308 1245
 391    15.476   -11.547    -9.876  873 1246 1676 1871
 392     6.525    -8.759     2.765  940 1257 1499 1721
 393   -12.955    -1.991     2.644  706  838 1161 1578
 394    -7.083    14.145    -1.423   50    0  450  610
 395     1.521   -12.726    -3.732 1037 1319 1641 1893
 396    15.177    15.407     3.447   29   58  393  219
 397    11.884    -2.838    11.440  791 1137 1112 1161
 398   -17.989    -8.291    13.345 1119 1291 1265 1732
 399    23.352    13.060     4.652   78  228  500  218
 400   -14.567    10.114    -3.482  167  113  628 1002
 401    20.110    -8.005     2.750  875 1274 1497 1559
 402    10.884    15.861     9.338   62  111  259  150
 403    23.527    12.869    14.326  172  383  366  102
 404    19.261    -9.714     1.690  927 1324 1549 1674
 405    19.441     3.381    -2.231  357  592 1066  971
 406   -21.683    -1.021    14.824  863  943  803 1389
 407    22.760     7.543     0.563  219  447  804  608
 408    -0.259     4.923    -6.258  304  398 1011 1219
 409    -9.008    -0.712     3.481  640  798 1062 1467
 410    13.540    15.925    11.272   68  135  242  115
 411   -10.790   -10.108    -3.219  962 1170 1570 1887
 412     3.480    -2.605    -6.337  563  800 1384 1606
 413   -19.018    -3.936     8.009  883 1009 1111 1652
 414    24.061    -1.423     9.609  657 1076 1131  948
 415    -4.509    12.584     9.305  208  222  347  451
 416   -11.380     9.459    -7.417  143  108  723 1105
 417    25.730     2.177     9.067  506  887  949  718
 418   -10.302    -6.786    10.224 1005 1211 1258 1668
 419    19.890     0.135     5.453  549  920 1114  989
 420    10.746     8.288     2.376  237  399  694  677
 421     1.040    -7.501    -3.306  831 1086 1514 1789
 422    22.423    -1.241     6.231  604 1026 1168 1031
 423    -5.224   -16.368     3.418 1228 1428 1657 1918
 424   -11.531     4.358    12.060   -1  636  630  980
 425    -5.935     3.745    14.891  593  742   -1  882
 426   -10.153     8.974    -4.617  191  179   -1 1045
 427    16.672    -0.922    12.455   -1 1074 1015  941
 428    11.462     2.282    12.030  568   -1  818  822
 429    -4.756    13.288     2.499  101   88   -1  562
 430    -6.347     0.964    -5.034  480  573 1171   -1
 431    10.561     0.669    10.967  616   -1  939  955
 432     6.725    13.814    -3.856   -1   22  544  528
 433    -4.860     9.157     4.001  274  314   -1  795
 434   -11.134    -2.809     3.787   -1  904 1182 1597
 435     0.531     6.883    10.186  410  531   -1  723
 436    22.882     9.551    13.357  300  527   -1  235
 437   -12.413    10.592     8.745   -1  284  421  685
 438    -3.111    12.305     6.245   -1  193  423  512
 439    15.403    -0.720     3.342   -1  911 1181 1151
 440    -8.308     2.659     4.939  532  615  866   -1
 441   -17.071    -3.821    14.629  952 1114   -1 1514
 442    18.451    -2.330     1.022  599  974   -1 1280
 443     5.568   -11.140     8.496 1105 1390   -1 1739
 444     8.425    13.336    10.530   -1  253  344  252
 445     5.741     7.048     4.207   -1  474  696  780
 446    25.569    -5.048     6.182  777 1222 1362   -1
 447    -3.666     3.719    10.790  541   -1  711  950
 448   -11.938    -8.472     9.639 1069 1271 1357   -1
 449    -9.935     8.862    -2.903   -1  212  674 1021
 450     1.619    -4.680    12.702  919   -1 1164 1372
 451   -12.206     2.093    14.425  676  811  688   -1
 452     3.387     7.197     7.786   -1  500  626  719
 453     9.203    -7.325     3.575  882   -1 1451 1614
 454   -19.225    -1.639     2.977   -1  793 1094 1626
 455    27.064     7.123    10.738  348  623  656   -1
 456   -17.053    11.291    -3.667  125   57   -1  973
 457     3.675    -5.238    14.914  959   -1 1158 1338
 458   -15.211    13.786    12.010   -1  158  224  461
 459    -3.260     5.227    15.374   -1  675  569  759
 460    -1.479     3.559     3.462   -1  583  870 1109
 461     7.522     6.638     9.450  397  560   -1  650
 462    -4.253     0.269    -3.096   -1  644 1186 1478
 463   -16.936    -3.698    13.016  929 1079 1021   -1
 464    17.037     7.672    13.694  377  605   -1  385
 465   -13.997    -8.212     6.351   -1 1216 1381 1792
 466    17.730    11.530     7.811   -1  332  487  292
 467     5.421     0.510    10.628  635  917  933   -1
 468    17.701     5.507    -3.058   -1  482  974  890
 469    12.319    -8.931     4.628  951   -1 1494 1648
 470    -8.055     4.810     0.699   -1  485  826 1165
 471   -15.974    12.265    -4.434   89   18   -1  919
 472   -18.033     2.868    15.145   -1  733  623 1096
 473     4.202    -1.329    -2.593  559  784   -1 1471
 474    25.387    -5.018    13.950  876   -1 1240 1052
 475     9.439     0.354    -7.468   -1  619 1287 1421
 476    12.954     2.250    11.377   -1  858  842  821
 477     1.850    14.165     7.706  106   -1  332  326
 478   -12.475    12.451     7.105   -1  160  368  609
 479    21.805     9.865    11.798  273   -1  514  260
 480     3.423     0.898    -1.205  503  670 1128   -1
 481   -10.169    -2.123    10.033   -1  989 1017 1427
 482    10.053    -5.536     0.019  765 1089 1436   -1
 483     0.023    12.791    15.358   -1  313  266  278
 484    18.564    14.145    15.031  145  305  281   -1
 485    -3.999   -11.825     8.434 1149 1386 1505   -1
 486    16.299    11.148     4.497  144   -1  558  390
 487     4.772     6.250     1.005   -1  465  798  904
 488   -18.489     4.276    14.729   -1  649  571 1014
 489   -13.093    14.055    10.225   -1  122  247  458
 490     1.299    -2.566    13.433  836 1113 1031   -1
 491   -15.782     0.467     4.151   -1  706  975 1461
 492    13.027     3.161    13.470  548  851   -1  716
 493    16.169   -17.875     8.242 1271   -1 1680 1870
 494   -17.214     6.208     6.012  433  453  627   -1
 495    -4.763    -5.682    -2.058   -1 1008 1430 1748
 496    16.144    15.273     0.946   10   -1  436  244
 497   -19.270    -6.634    10.522 1032 1173   -1 1723
 498   -21.480    -3.203     9.190   -1  986 1056 1607
 499   -16.511     2.395    14.875   -1  777  652 1110
 500    15.957   -11.607     5.188 1051 1402 1573   -1
 501    24.521     7.789    12.826  350  612   -1  309
 502    13.518     5.531    -3.889   -1  455  982  949
 503   -10.006    -4.929    11.875  942   -1 1145 1543
 504   -20.040     6.550     8.106  451  454   -1 1044
 505    21.204    -2.471    11.906  755 1161 1125   -1
 506    15.710   -10.814     4.336 1008 1377 1554   -1
 507   -13.482     8.724     9.809   -1  397  469  798
 508   -11.214    -5.325     9.826  939 1141   -1 1613
 509   -17.365    11.591     9.541   -1  230  336  676
 510   -10.455     3.613    12.676  582  685  648   -1
 511    20.273     2.277    12.732  556  919  849   -1
 512     9.222     1.501    -7.713   -1  563 1242 1357
 513     1.687    -0.248     0.075  553  749   -1 1381
 514    24.926    11.711    13.305  206   -1  431  138
 515    -9.682    -3.195    11.637  867   -1 1053 1445
 516    23.654     5.545    13.599  447   -1  676  422
 517   -13.977    10.718    -3.399   -1   95  597  961
 518    10.853    -7.170     8.777   -1 1289 1371 1505
 519    -4.142   -10.169     0.596  996   -1 1537 1847
 520     4.861     8.677    -3.236   -1  265  743  862
 521    -8.436    13.773    -1.241   65   -1  453  657
 522    16.997    -0.445    -7.361  453  700 1345   -1
 523    16.575    -1.116     8.223   -1 1021 1103 1053
 524    10.052    13.256     9.420  133   -1  371  266
 525   -16.154    -5.538     4.625   -1 1045 1277 1741
 526    -2.341    10.411     7.108   -1  298  479  605
 527     1.388    -9.781     3.846 1001 1298   -1 1773
 528    10.257    -3.772    13.599  858   -1 1113 1185
 529    22.988   -13.094    11.437 1154   -1 1567 1634
 530     2.733     9.532    -3.886   -1  213  709  844
 531   -13.312    17.842     4.847   15   -1  184  346
 532    -8.330     3.100    12.806   -1  724  685 1008
 533    14.875     3.555     5.873  454  687   -1  839
 534    15.773     0.316    -1.165  490  772 1202   -1
 535    27.174    -3.369    11.018   -1 1221 1218  992
 536    24.922    -8.699     5.201  911   -1 1504 1501
 537    18.667    -0.939    -2.556  516   -1 1311 1252
 538   -19.250     0.959    14.929  768  845   -1 1228
 539     6.997     0.159    -3.191   -1  688 1225 1366
 540     2.243    19.356    12.763    9   -1   90   80
 541    22.481    -5.733    14.293  915 1336   -1 1136
 542    -5.114    -7.156     3.109  905 1156 1412   -1
 543   -17.253    -0.248    12.247  776  879   -1 1349
 544    -0.530     4.489     7.138   -1  598  750  942
 545     0.428    -3.467    13.438  871   -1 1065 1300
 546   -15.674     2.674     1.894  514   -1  892 1375
 547    -0.763    -2.038    14.879   -1 1084  966 1186
 548    -9.342     8.771    -4.862   -1  202  717 1065
 549    -3.903    14.238    13.680  177   -1  219  282
 550    25.878    -6.001     9.533  854 1304 1358   -1
 551   -18.415     3.977    12.510   -1  635  619 1084
 552     8.109    -8.588    13.825 1072 1376 1346   -1
 553    19.315    10.070     6.652   -1  416  581  350
 554     7.973    -1.437    13.033  769 1065   -1 1087
 555     2.485    -1.295    -5.346  535  722   -1 1539
 556    24.136     9.929     3.061   -1  368  645  395
 557   -14.559    -8.844    11.497 1110 1297 1338   -1
 558    22.727    -8.958    13.940 1034   -1 1410 1354
 559   -10.698    -4.483    -1.683  747   -1 1360 1737
 560    -4.593    11.148    15.029  317  380   -1  417
 561    10.957    -2.650     5.031  694   -1 1232 1302
 562    17.204     8.092    -2.730  182  352   -1  728
 563    22.505     3.528    11.189  491   -1  814  607
 564    -0.400     0.359    11.091   -1  900  907 1111
 565   -13.273     0.594    -4.150   -1  570 1147 1580
 566    20.620    13.298    -3.200   27   -1  596  378
 567   -20.386    -9.477     5.891   -1 1234 1424 1858
 568    12.259    -4.859    13.831  898   -1 1195 1213
 569    -0.032   -10.280    -0.028   -1 1263 1551 1832
 570    -9.735    -4.354     0.172  774  945   -1 1708
 571   -12.412    -2.164     0.001   -1  807 1212 1640
 572    -6.073    14.352    12.170  161  165  230   -1
 573     4.454    16.837     9.658   -1   51  198  165
 574    -8.286    -6.857    -3.646  822   -1 1473 1817
 575    -4.120    -3.435    10.765   -1 1091 1101 1407
 576     6.303    -0.868     1.328   -1  837 1188 1340
 577     1.285     6.647    10.273   -1  544  608  730
 578    18.966    15.558    13.442   -1  220  252   67
 579   -10.123     6.315    -7.491  256  280   -1 1279
 580    12.409     6.783    10.244  386  576  637   -1
 581   -16.567     0.870     5.029   -1  682  934 1424
 582    11.087    12.020    12.074   -1  362  387  261
 583    17.965   -13.869    12.202 1189   -1 1572 1702
 584    14.920   -10.558     0.100  949 1323   -1 1758
 585    21.662    13.807    10.077   -1  272  382  134
 586    12.384    10.214    10.601  267   -1  484  354
 587    -7.895    -6.183    10.440  974 1199   -1 1603
 588   -14.918    11.590    -1.909   -1   77  536  887
 589    13.339    12.807    13.009  188  331  337   -1
 590    11.460    14.363    -1.916   22   -1  501  391
 591    -9.423    -6.511    14.264 1044 1253   -1 1573
 592    25.934     1.287     6.636   -1  895 1047  815
 593    -1.087     8.408     0.137  238  317  682   -1
 594     2.249     1.973    11.489  595  833   -1  964
 595     8.458    -1.854    11.371   -1 1067 1051 1141
 596    -0.009     7.704     9.552   -1  496  565  693
 597    16.532    -2.217     6.337   -1 1034 1215 1166
 598    17.893    -5.431    -9.849  598  955 1542   -1
 599    12.480    -0.764    12.050  697   -1  996  995
 600    21.462    -5.828    -7.705  623 1031   -1 1621
 601    -3.495    16.162     8.906   -1   45  215  277
 602    24.135    -2.133     7.989  662 1108   -1 1011
 603    -9.983     5.593     5.680   -1  498  686 1033
 604   -14.701     8.269     4.058   -1  324  579  960
 605   -15.598    -0.906    15.072   -1  975  821 1307
 606   -12.293    12.016     9.426   -1  215  348  580
 607    10.090     5.547    -2.965   -1  461  937  974
 608     2.447    13.008     6.111  124  178   -1  409
 609    11.028    13.519    -4.516   24   -1  585  497
 610    27.336     0.219    10.653  592   -1 1029  779
 611    20.649   -12.210     2.308 1038 1398 1607   -1
 612    21.575    10.814    14.510  264   -1  434  179
 613     5.570    12.290    10.222   -1  290  386  335
 614    -9.748     9.273     9.651  341  373   -1  715
 615    17.937    10.942     6.800   -1  356  528  336
 616     6.286     3.642     5.459  464  645  851   -1
 617    11.311     0.660    12.058  633  963  908   -1
 618     3.129    13.841     5.164   -1  126  392  375
 619    21.098     6.079     7.030   -1  604  749  566
 620    -9.815    13.940     5.012  109   -1  346  531
 621    -7.328    12.814     0.109   -1   70  475  662
 622    12.488     0.332    12.784  655   -1  918  912
 623    -0.012    15.795    10.246   -1   89  225  221
 624     7.701     5.173     6.499  422  586   -1  814
 625   -12.063    -1.744     8.898  783  932   -1 1457
 626    -8.659    11.963    15.178   -1  322  276  418
 627   -12.599    13.886    -4.215   48   -1  474  782
 628    -2.949    -3.307     5.116  778  995 1216   -1
 629     4.020    -5.107    14.000   -1 1241 1169 1348
 630    16.272   -13.432     5.480 1125 1424   -1 1783
 631    -7.874     0.654    11.036   -1  843  857 1191
 632     1.143    17.026    13.826   77   -1  139  128
 633     2.346    -9.023     0.715  933   -1 1520 1776
 634    -0.413    -6.856    -4.020   -1 1048 1500 1777
 635    -4.044    11.391    -4.093  102   83   -1  823
 636    -6.638   -10.355    10.889 1136 1363   -1 1764
 637    12.130    -4.747    11.286  857   -1 1237 1271
 638    19.914   -16.994     6.784 1227 1454 1679   -1
 639    20.881     6.906     9.304  352  589  673   -1
 640    23.260     7.157     5.725  301  545   -1  498
 641    25.472     8.623     9.944   -1  528  613  313
 642   -10.964    -0.451     0.470  597  714 1109   -1
 643    -6.260    13.030     6.601  147  151   -1  504
 644    -3.244   -10.714    -6.233  928   -1 1610 1892
 645    16.448    14.169    10.260  103   -1  339  157
 646     5.480    -3.169    11.085  811 1126 1119   -1
 647    15.986     0.202    14.214  673 1041   -1  838
 648    14.908    10.296    11.542  263  458  477   -1
 649    -2.233     4.533     4.276   -1  548  797 1025
 650    10.646    10.604    12.430   -1  432  437  320
 651     2.452    13.233     1.381   -1   94  471  492
 652    13.256    -3.100    -3.391   -1  918 1390 1485
 653    22.231     5.126     2.062   -1  579  909  735
 654    19.671    -7.408    14.393   -1 1379 1325 1284
 655   -14.471     9.714     8.961   -1  320  445  764
 656    -7.453    -9.736    -3.638  937 1164   -1 1878
 657     1.014    -9.811    -6.702  881 1157 1602   -1
 658    -3.790    18.037    15.180   71   -1   88  117
 659    -7.892    -1.193    14.540  819 1018   -1 1215
 660     9.451    -4.098    -3.098  643   -1 1414 1572
 661    -5.754    13.428    10.336  174  185   -1  405
 662    21.311    -2.138    -9.481  481  788 1454   -1
 663     2.472    -7.607    -2.408   -1 1123 1507 1768
 664    21.639    11.124    13.105  228  459  443   -1
 665   -13.507   -15.808    12.601 1319   -1 1563 1899
 666    10.891    -1.239    11.425  718   -1 1034 1061
 667    -4.582     8.756    -0.655  225  278   -1  898
 668     9.156    16.317    13.869   -1  138  182   99
 669   -20.124   -11.861    13.075 1215   -1 1419 1857
 670    10.197     9.096    14.723   -1  530  459  360
 671     1.533    -5.139    -4.549   -1  956 1447 1713
 672     8.750    -6.093     9.664  918 1245 1309   -1
 673    18.376    13.249    -3.980   26   -1  609  419
 674    -5.456     1.949     3.795   -1  657  947 1232
 675   -20.020    -9.522    11.318 1143   -1 1350 1810
 676    18.448    -7.799     6.824  920 1312 1439   -1
 677    22.396    -6.198    14.743  935 1355 1275   -1
 678    19.916    -1.910     6.602  642   -1 1199 1098
 679     4.755   -15.268    -3.130 1127 1399 1691   -1
 680    16.137   -15.743     2.750 1162   -1 1674 1864
 681     0.668     8.946     5.510  287  370   -1  682
 682     0.762   -12.262     5.247 1123 1385   -1 1836
 683     0.852   -21.271    15.024 1433   -1 1683 1916
 684     3.687   -10.386     0.556  985 1288 1557   -1
 685     0.188    17.061    10.342   -1   41  177  173
 686     1.154    -3.921    -3.548  647  912 1401   -1
 687    13.439    -6.559     8.788  906 1270 1352   -1
 688    -2.694    11.766   -10.236   37   11   -1  908
 689    18.523     0.425    13.772  638   -1  930  804
 690    22.532     8.783     8.293  270  504   -1  362
 691    17.492   -10.282     0.475  936 1330   -1 1725
 692   -14.466   -11.380    -0.123 1075 1256 1558   -1
 693     3.147     7.990    12.817  390   -1  515  554
 694   -13.009    11.697    12.833   -1  295  306  530
 695   -12.536    -3.564    -3.118  699  827   -1 1731
 696   -16.018    15.788    11.280   -1   49  156  374
 697    14.755    -0.815    -8.421  459  684 1376   -1
 698   -13.383     1.711    14.600   -1  821  705 1118
 699     1.603    11.396    -1.583   -1  142  593  686
 700    18.862   -12.687    13.265 1166   -1 1524 1623
 701     9.008    -4.877    14.340  923   -1 1163 1261
 702     5.039     6.584     6.527   -1  512  671  768
 703   -16.014    10.700     3.364   -1  188  485  847
 704    13.662     5.158     4.724   -1  578  807  792
 705   -19.579    -2.729     9.938   -1  977 1010 1567
 706    -4.852     1.029     2.145   -1  686 1025 1339
 707    26.714     9.057    15.259  331   -1  506  193
 708    -6.762    -3.695    -2.535  679  878   -1 1695
 709    20.809    -2.736     6.070  677 1087 1249   -1
 710     9.499    -0.050     3.659  566   -1 1110 1179
 711    -9.851    14.451    -8.986    6   -1  543  813
 712     0.296   -10.281     3.211 1030 1303   -1 1805
 713    10.376    10.319    10.770  271  422   -1  366
 714    12.088     3.016     6.385   -1  712  905  896
 715    23.224    -5.531     4.113  773 1204 1411   -1
 716     1.597     7.447     4.910  324  446  663   -1
 717     4.777   -11.311    13.288 1160 1419   -1 1687
 718    -7.302    13.935     0.164   -1   23  428  613
 719    22.601    10.462    -2.645   98  250  718   -1
 720    15.618    -5.003     2.355  754 1128   -1 1447
 721    17.850    12.170     9.483  156  327   -1  234
 722   -22.024    -0.251    12.001   -1  857  810 1409
 723     4.602    18.329    14.976   -1   50   96   69
 724    -7.343    11.632    14.870  305  344   -1  429
 725   -15.505    14.347     4.520   -1   39  309  587
 726    -9.121     7.506     2.194  322  363   -1  966
 727   -11.902    -7.600    -3.273   -1 1055 1485 1853
 728    -0.921    13.930    12.067   -1  207  264  288
 729    12.730     1.036    13.460  624   -1  872  854
 730   -23.210    -8.372    12.819   -1 1261 1250 1785
 731    -1.296    10.961    10.394   -1  338  418  485
 732   -21.803     6.476    15.017  534   -1  461  910
 733   -10.124    -2.606    -7.552   -1  696 1366 1747
 734   -13.422     1.947    -0.847   -1  566 1009 1438
 735     9.401    10.824    10.216  241  378   -1  353
 736   -14.286    -1.643    -2.239   -1  716 1229 1663
 737   -21.678     5.165    14.389  571  588   -1 1010
 738    24.349    17.277     6.723   -1   52  294   63
 739    17.761    13.817    -8.004   -1    1  635  482
 740     9.299     9.576    -3.791   -1  239  729  756
 741    23.201     3.352     5.813  439   -1  945  743
 742    -2.872     1.722     8.888  588  779  856   -1
 743    22.424     8.424    -5.700  123  312  882   -1
 744    -6.580   -10.702    14.628 1182   -1 1387 1726
 745    -3.597     8.840     0.652  242  283   -1  860
 746     7.555    11.374    10.065  220  335   -1  367
 747    22.518    17.783    14.536   -1  118  161   22
 748    16.205     0.709     4.814   -1  848 1069 1015
 749    11.049    13.087    13.819  193   -1  310  191
 750    25.501     0.204    14.523   -1 1095  959  702
 751   -14.204    17.235    12.698   93   14   -1  264
 752   -17.542    -0.464    13.233  804  901   -1 1350
 753    -6.465    -2.698     7.400   -1  984 1117 1469
 754    23.223    14.801     9.370   -1  218  352  106
 755    25.393     3.274    15.195  537  938  763   -1
 756     3.791    -1.486    14.199   -1 1073  957 1115
 757    23.430    13.289    12.173  138  326   -1  116
 758   -14.485     1.520    13.556   -1  806  726 1174
 759    14.978   -11.021     7.022 1064   -1 1533 1685
 760    -9.157     9.433    14.976   -1  451  389  569
 761   -11.193    -7.936    14.484 1104 1309   -1 1655
 762    17.447    -3.576    14.030  843 1227   -1 1071
 763   -10.577     2.930    12.172   -1  715  698 1055
 764    12.838    11.844    11.074  204   -1  424  262
 765    -9.063     6.302     4.282   -1  457  687  991
 766    -9.052   -14.582    -1.989 1142 1365 1654   -1
 767    -3.198    10.287     3.478   -1  258  542  711
 768   -16.337     5.895    -4.800   -1  319  855 1326
 769   -13.206    -9.452    -2.275   -1 1154 1532 1884
 770    -5.857    -8.939     4.254 1000 1236   -1 1787
 771    -4.632    17.904     8.677   32   -1  145  210
 772    15.246    16.885     8.114   -1   64  258  109
 773     9.951     3.951    13.315  527  786  697   -1
 774   -16.070     9.091    13.398  406  413  403   -1
 775    -6.143     3.644    -9.842  332  384   -1 1455
 776    22.803   -10.290    13.767 1093 1425   -1 1439
 777   -10.970    -1.683     9.419  786   -1 1003 1422
 778   -15.355     2.755    15.157   -1  753  640 1063
 779   -11.374    -4.553    14.268  964 1163   -1 1486
 780   -19.837     2.710     7.609   -1  613  752 1299
 781   -14.921    -8.958    -4.066   -1 1098 1528 1889
 782     2.425    10.987    12.666   -1  385  397  381
 783   -20.483    -6.915    11.000   -1 1190 1230 1733
 784    -5.276    -9.839   -10.157  850 1090 1618   -1
 785    -4.069   -12.585     5.008 1140 1384 1564   -1
 786    15.296    15.998    14.147   84   -1  216   76
 787     7.422    10.764    13.243   -1  421  417  332
 788    10.958    -1.244     9.178  678 1016 1083   -1
 789    -7.040    11.113     7.861  239  273   -1  598
 790   -17.113   -11.398     9.920 1181   -1 1445 1856
 791    -4.748    15.183     7.765   -1   75  268  337
 792   -16.360     6.899    14.404  499   -1  472  840
 793    14.274    -2.094     8.289  702 1056   -1 1157
 794    14.839    13.315    14.920  190  334   -1  139
 795    19.173    -9.069     0.425  890   -1 1544 1671
 796     0.817    14.079    10.946  146  183  280   -1
 797    14.960    -8.248    10.814  990 1357 1406   -1
 798     9.281    -3.148     2.778  691   -1 1286 1399
 799    16.405    -0.750    -1.004  529   -1 1255 1241
 800    11.315     5.119     8.136  430   -1  741  737
 801     3.203   -11.050     9.219 1111   -1 1496 1742
 802   -13.365     7.585    -2.764   -1  270  725 1145
 803    24.398    -3.189    13.759   -1 1237 1151  945
 804     6.468     7.263    14.718  438  596   -1  510
 805   -21.400     9.853    14.823  399   -1  322  720
 806   -10.296   -12.847     6.980 1180 1388 1535   -1
 807    -3.063     5.582    -6.681  286  345   -1 1221
 808    14.805    15.293     5.309   41   97   -1  187
 809    15.954    15.642     8.599   58   -1  304  132
 810   -18.153     5.568    11.406   -1  536  570 1003
 811   -18.892     4.604     6.295  496  518   -1 1181
 812    18.197    -4.365     4.822  752 1139   -1 1325
 813     3.201     3.325     7.478   -1  680  811  959
 814    25.180     4.345     5.278  395  678   -1  661
 815     3.245     0.001     6.345   -1  865 1028 1193
 816    23.703     1.571    12.943  580   -1  900  673
 817    25.288    -1.208     4.182  575 1002   -1 1027
 818    -1.199    -0.472     7.131   -1  885 1033 1255
 819     4.822   -11.603    -4.282  971   -1 1626 1876
 820   -17.554    13.367    12.484   -1  175  226  503
 821    22.407    -0.877     4.059  569   -1 1193 1067
 822     7.734     8.854     7.446  292  436  584   -1
 823   -10.345     0.858    14.856   -1  896  748 1133
 824    -1.272    16.753    11.652   76   56  164   -1
 825    -3.893     9.309     9.691   -1  390  486  634
 826    18.178     5.047     8.287  424  659   -1  630
 827    -4.459    -3.063     4.495   -1  961 1214 1529
 828    18.649    18.816    10.521    1   21  165   -1
 829    18.729   -13.359    -6.876  968 1359 1698   -1
 830   -12.259   -13.262    15.219 1266   -1 1461 1834
 831     9.870   -12.633    -2.881   -1 1351 1647 1863
 832     7.549     8.792     4.486  260  392  624   -1
 833    13.480     9.994     7.725  234   -1  545  426
 834     4.675     3.521    10.760  523  740  758   -1
 835    -4.167     3.747     1.938  448  547   -1 1150
 836    -0.095     2.043     3.285   -1  672  978 1175
 837    22.169   -13.945    15.092 1208   -1 1550 1612
 838    16.675     0.464    13.138   -1 1012  927  848
 839    -9.937    -7.945     0.135  921 1134 1465   -1
 840    -8.554   -10.079    -8.462  895 1111 1606   -1
 841    21.866   -11.444     6.515 1056   -1 1566 1646
 842     9.172   -13.873    -4.170 1048   -1 1678 1894
 843    -2.887    -5.248    -7.917  664  890   -1 1786
 844    -8.744    -9.427     8.366 1085 1300   -1 1781
 845     1.369    -2.565     2.089  667  936 1244   -1
 846    -4.632    -7.859    13.805 1073   -1 1282 1600
 847    29.195     6.425    12.402  381  709  670   -1
 848    -6.959     7.217    11.005  427  505   -1  790
 849     6.274    12.666     8.043  150  242   -1  338
 850     9.412    -5.481     1.846   -1 1115 1399 1557
 851    17.045    -6.710    12.276  944 1326   -1 1328
 852    -0.573    12.829     6.032   -1  162  410  470
 853    17.475     7.224    -6.658  170  340   -1  861
 854    19.341     5.902     3.622   -1  553  809  690
 855    13.132     9.813    -2.706   -1  244  707  666
 856    21.761     6.543    15.209   -1  719  602  347
 857    17.524    -1.457   -10.007   -1  717 1431 1480
 858     3.477     6.598    13.055  449   -1  576  620
 859   -16.440     0.727    13.209  738   -1  770 1237
 860    -3.654     2.219    -4.730   -1  525 1104 1388
 861    -1.599   -17.825     6.111 1288   -1 1669 1917
 862     3.417    12.947     7.422  136  208   -1  372
 863    23.021   -15.160    14.590 1240   -1 1590 1679
 864    15.878     2.063    15.106  600  962   -1  692
 865    14.913     7.688    -7.226  154  289  920   -1
 866   -12.796     0.555    -7.624  484  535   -1 1630
 867     6.200     3.965    10.666  511  707  732   -1
 868    20.275    -7.278    -0.190   -1 1220 1508 1571
 869   -14.738     4.208     0.636  442  488   -1 1303
 870    -7.932   -11.115    -8.443  932   -1 1631 1912
 871    -2.130     4.800    10.432  501  624   -1  870
 872    -3.563    -4.275     5.174  816 1037   -1 1558
 873    -9.657    -9.944    -3.418  954 1165 1559   -1
 874   -17.422    11.784    12.319   -1  254  303  585
 875   -10.970     1.998    14.919  685  825   -1 1064
 876   -21.707    -6.522    13.373   -1 1191 1157 1706
 877    13.073   -11.202    -3.613  934   -1 1620 1825
 878    -6.112   -14.456     8.752 1222 1427 1575   -1
 879   -18.498    -6.371     7.988   -1 1140 1251 1745
 880    -1.105     9.915     1.783   -1  267  588  750
 881   -14.313   -12.026    -2.564 1066 1254 1598   -1
 882    28.726    -0.180    13.958  636   -1 1004  701
 883    21.655    15.764    11.000   -1  173  287   74
 884     6.933    14.106     9.317   -1  172  329  250
 885     1.936    -2.518     5.780  721 1001 1184   -1
 886    -9.168    11.668     9.950   -1  268  369  548
 887    16.513    -0.529     9.136  625 1005 1059   -1
 888   -14.970    -8.507    13.358 1121 1307 1276   -1
 889   -17.792     8.466    13.241   -1  439  425  788
 890   -20.485    -7.069     7.855   -1 1158 1284 1778
 891    19.437    12.288    12.316  185   -1  404  167
 892    11.374    -0.180    14.202   -1 1042  917  924
 893    21.315    -7.250     1.250  824 1228 1490   -1
 894    20.581    -5.645     9.048  855 1252 1339   -1
 895     4.696    -2.672    -5.706  565  822   -1 1592
 896    -6.717   -10.114     7.346 1091 1318   -1 1803
 897    -3.393    -2.877    14.625   -1 1124  995 1285
 898    10.143   -18.718     7.924 1301 1464 1699   -1
 899    14.596     9.244     2.827  210   -1  655  546
 900   -10.859   -11.679     5.040 1128 1343 1522   -1
 901   -16.161    -8.743    -9.570   -1  997 1579 1907
 902    -3.499   -17.434     9.679 1314 1451 1632   -1
 903    -9.883    10.788     3.748  214  210   -1  752
 904    25.537    -8.194    14.635 1007   -1 1367 1235
 905    -0.831     5.192    -2.974   -1  441  916 1134
 906    27.766   -14.114    14.750 1199   -1 1576 1568
 907    13.127    -9.091    14.885 1089   -1 1365 1466
 908    -2.560   -11.333     1.971   -1 1314 1562 1855
 909   -12.920     3.201    11.124  584   -1  689 1104
 910    17.401     9.959    14.594  308  513   -1  253
 911   -15.790   -10.676     8.754 1148 1328 1437   -1
 912    -6.589    12.147    14.600   -1  311  277  401
 913     8.515    17.464    11.289   -1   53  172   98
 914    -3.776    -4.908    13.047  941 1186 1140   -1
 915   -18.546    -0.305     8.584   -1  818  924 1437
 916   -17.440   -11.848     1.988   -1 1294 1546 1903
 917    12.650    15.440    10.705   -1  157  279  131
 918     9.075    11.144    12.524   -1  410  416  305
 919    -1.497    -4.435     2.254   -1 1017 1322 1605
 920    -9.313    -4.384    11.014  916 1119   -1 1523
 921    23.250     6.639    10.666  375   -1  664  433
 922    19.992    15.519    13.322   83  226  255   -1
 923    17.481   -16.936    13.954 1290 1470   -1 1795
 924    17.661    15.929     1.604   -1   25  415  196
 925   -15.163    14.190    15.012   -1  170  170  371
 926    15.936    -8.858     0.403   -1 1269 1534 1694
 927    -2.061   -10.892    13.409 1161 1403 1422   -1
 928   -16.392     4.945    -7.001  334  323   -1 1435
 929    11.420    -6.214     5.334  860   -1 1382 1511
 930     2.905    -7.543     4.935  925 1230 1417   -1
 931    -2.449    -2.396     7.653  764  996 1122   -1
 932   -10.359    15.917    13.133  121   91   -1  280
 933   -15.580     8.258    -9.875  164  121   -1 1283
 934     1.456     3.284    11.845   -1  743  735  885
 935    14.027    12.319    -0.758   -1  156  582  456
 936     7.383   -10.677     5.389 1041   -1 1530 1750
 937     9.636    13.487    15.047   -1  309  267  172
 938    -5.339     4.764    13.227  530  663   -1  856
 939    14.125    11.644    -5.778   -1  109  675  614
 940    -3.963    -0.143    11.943   -1  942  893 1171
 941    16.607    16.302    15.179   82  201   -1   56
 942   -15.159    13.745     9.892   -1  114  254  513
 943    12.952    16.109    12.779   80   -1  213   96
 944     3.648   -12.039    -8.643  938 1235 1662   -1
 945    -5.628   -12.689    -3.043   -1 1305 1622 1905
 946    -3.831     4.915    11.339  509  620   -1  866
 947    23.410    -3.566    13.332  807 1250 1170   -1
 948    -0.095   -12.522     6.630 1146   -1 1552 1823
 949    17.786    12.864     6.765   -1  262  455  241
 950     2.947    10.779     7.147   -1  308  488  507
 951    20.318    13.877     3.881   57  166   -1  233
 952     6.629     8.354    10.137  345  493   -1  558
 953    27.752    12.141    11.794  158   -1  447  118
 954    10.250     7.515     2.928   -1  448  712  722
 955    27.118     4.370     8.259  423  745  839   -1
 956    -5.748     2.047     9.509   -1  746  820 1106
 957     9.527     2.112    -5.494  388   -1 1175 1263
 958   -13.376    -1.038     9.700   -1  899  962 1393
 959   -16.886   -12.689     8.622 1203 1381 1510   -1
 960    -9.108     2.558     6.095   -1  648  833 1198
 961    -5.948     6.835     5.328  369  456   -1  913
 962    24.038    10.848     8.762  195  408  523   -1
 963    20.337    14.801     4.457   39   -1  422  181
 964    17.271    14.188    10.636   -1  252  335  143
 965    -8.110    10.154    -7.709   -1   82  716 1017
 966     9.223    17.709    10.372   28   36   -1  100
 967   -12.334    12.638    -5.341   -1    3  555  874
 968    15.396     7.574     4.750  293  495   -1  594
 969    15.763     9.570    -8.550   -1  180  862  776
 970    13.915     7.659     4.414  289  480   -1  617
 971     3.626    15.005    14.413   -1  200  205  168
 972    17.941   -12.997    -5.152  981   -1 1677 1859
 973     4.151     0.623    -9.644   -1  552 1296 1518
 974    21.375     5.396     9.242  409  662  755   -1
 975   -18.339    -8.280    13.613 1130 1286   -1 1738
 976   -17.027    -7.584     5.658  988   -1 1363 1797
 977     5.467    -2.212    14.626   -1 1132  997 1127
 978    20.628   -13.920    13.876 1201   -1 1553 1660
 979    12.609   -17.948     7.282 1270 1461 1687   -1
 980    -6.355    -4.776    -3.443  722  928   -1 1735
 981    21.930    10.368     6.720   -1  386  574  321
 982     8.453    -4.266    12.082  859   -1 1179 1278
 983     5.835   -15.513     7.848 1224   -1 1617 1867
 984    21.457   -11.163    12.636 1112 1430   -1 1525
 985    19.509    -1.607     1.488  578  946 1261   -1
 986   -16.177     3.408    12.478   -1  673  641 1108
 987    11.069    -9.060    13.062 1071   -1 1395 1517
 988     9.473    -6.700     8.654  922   -1 1347 1497
 989    -8.933    -5.086    14.621  983 1200 1093   -1
 990     1.351   -11.646     1.169 1046   -1 1585 1852
 991    18.538    15.302     7.828   52   -1  349  129
 992    -9.754    -7.350    13.821   -1 1284 1238 1629
 993    11.545    11.397    11.274   -1  367  426  306
 994     1.214    10.988     4.848   -1  264  503  572
 995     7.269    12.843     2.748   -1  144  483  437
 996     6.205     1.961    10.013  572   -1  864  953
 997    15.459    -6.634     3.936  838 1223   -1 1515
 998     4.862    14.349     7.262   99  125   -1  299
 999    12.397    17.335     9.718   31   48  220   -1
1000     4.401   -10.381     8.095 1084 1370   -1 1722
1001    21.021     0.221    13.573  641 1044  958   -1
1002     2.769     7.934    11.827   -1  514  535  578
1003   -19.388    -0.155    14.236  809  892   -1 1324
1004    19.969   -10.815     5.291 1004 1392 1548   -1
1005   -16.292    -3.343     7.773   -1  978 1098 1604
1006    19.625    -4.737     0.376  700 1097 1415   -1
1007   -19.564     9.436    15.178  414  419   -1  717
1008   -17.455    10.715     4.725  250  194  460   -1
1009    18.181    10.531    12.114   -1  464  468  259
1010    19.973   -12.868     8.322 1131   -1 1583 1697
1011    26.649     8.222    12.646  326   -1  589  272
1012    16.115     4.226     0.395   -1  568  981  900
1013   -11.166     8.510     0.894   -1  282  625  972
1014    10.592    -0.046     3.382  561   -1 1124 1167
1015    21.353   -14.947     8.098 1183   -1 1629 1765
1016    -4.183    16.957    14.820   -1   85  117  151
1017     6.244    -1.940    15.134  814 1131   -1 1078
1018    -7.354     4.092    -2.008   -1  484  938 1262
1019     6.805   -10.281    13.410 1126   -1 1427 1617
1020    28.352    -4.196    12.890  808 1287 1239   -1
1021    -4.604     1.593    12.396   -1  830  788 1062
1022   -10.738   -10.175     8.360 1106 1325   -1 1812
1023     6.300     1.114    -6.176   -1  597 1228 1378
1024     4.339   -18.459    10.676 1332   -1 1658 1900
1025    24.600    -2.997     5.191  672 1099 1292   -1
1026    25.147     7.630     0.558  213  472  808   -1
1027     1.995     5.263     2.258  383  509   -1  968
1028    21.367     7.461     1.958  243  483  779   -1
1029    22.562     7.616    -4.061  173  376  890   -1
1030    16.351     4.718    11.498   -1  727  727  604
1031    -2.035    16.117    15.058   -1  130  141  164
1032    17.391     6.127     2.189  309  521  823   -1
1033   -11.141   -11.857    -0.506   -1 1290 1582 1901
1034   -21.483     2.242    12.626   -1  713  679 1229
1035   -14.120    -7.316     8.828 1027 1192 1299   -1
1036    -9.079    14.476     5.319   -1   62  321  477
1037   -18.004    -1.403     1.959   -1  754 1105 1620
1038     8.173   -12.845     6.287 1135 1412 1581   -1
1039   -18.261    11.969    13.109   -1  263  261  584
1040     0.739    -5.589     0.760  803 1060 1402   -1
1041   -18.624     9.996     3.409  261  216  511   -1
1042     4.569    12.092     4.833   -1  211  467  473
1043    11.983   -11.298     9.147 1101 1409 1512   -1
1044    22.335     5.277    -0.968  295   -1  971  794
1045    27.133    -4.608     9.610  796   -1 1310 1107
1046     9.390   -11.280    -7.278  907   -1 1650 1868
1047    23.199    16.346     6.188   12   80  353   -1
1048     3.505    -2.135     9.083   -1 1032 1090 1269
1049    27.475    -5.368    13.534  868   -1 1278 1051
1050    -7.333    15.523     5.163   -1   16  291  404
1051    18.675    17.339    13.396   47   -1  173   42
1052     5.803    -0.014     7.284  617   -1 1027 1144
1053    17.459     2.326     3.831  476  734 1002   -1
1054     8.582     3.426    12.672   -1  791  739  766
1055    -6.718    -9.467    12.064 1124 1344 1369   -1
1056    22.722   -10.978    14.924 1129   -1 1463 1460
1057   -15.166   -11.238     7.978 1150 1340   -1 1860
1058    10.899     3.731     2.434  420   -1  942  946
1059    21.422     9.712     6.796  215   -1  606  344
1060     5.013     5.482    13.322   -1  668  617  672
1061    17.657    -1.135    -5.101  497  789 1354   -1
1062    20.793   -16.241    14.413 1272 1467 1605   -1
1063    21.040     2.606     7.108  489   -1  954  781
1064     3.934    13.261    10.286  153  238   -1  308
1065   -11.420    -1.333     8.648  761  908   -1 1401
1066    -5.653    -1.310    -0.555   -1  763 1213 1536
1067    16.027    -8.497     2.503  896   -1 1506 1638
1068     4.358   -13.318    10.890 1195 1431   -1 1790
1069     3.732    -4.415     1.197   -1 1010 1344 1584
1070    20.153   -11.881    14.423 1155   -1 1493 1549
1071    28.464     8.751     9.435  272  540  616   -1
1072    -7.749    11.052     8.772  254  285   -1  575
1073    17.396    12.084    14.703  223  411  365   -1
1074    -3.093     4.171     1.974   -1  522  858 1132
1075   -17.047    12.756     9.434   -1  174  305  582
1076   -18.156   -12.713    11.703 1231   -1 1470 1872
1077   -18.962    20.975    11.828    3   -1   32  171
1078    -6.826    10.412    13.493  330   -1  379  517
1079   -11.837    -6.567     0.542  872 1057 1403   -1
1080    19.364    16.608     2.698   -1   13  374  146
1081   -20.051    -8.014    14.096 1118 1285   -1 1736
1082    -0.946    15.480     1.809   -1   10  364  392
1083     0.507    -3.840    -4.265   -1  884 1398 1672
1084    22.663     4.350    -8.130  248  491 1149   -1
1085    -9.813    -8.563    14.008 1117 1331   -1 1673
1086    20.249    11.393     6.257  157   -1  524  293
1087    22.431    10.867    -9.900   34  112  819   -1
1088    -5.385   -13.153     6.398 1172 1401 1560   -1
1089     3.897     8.327     8.844   -1  479  568  601
1090    -0.800    15.699    14.376  118  155  166   -1
1091    18.189     8.916    13.050  328  542  518   -1
1092    14.409     9.495     0.641   -1  307  668  593
1093    17.332     9.069    13.958  329   -1  499  300
1094   -10.632     5.994     1.021   -1  414  751 1114
1095    18.425     0.272     6.161  557  921 1086   -1
1096     0.549    11.065    -2.283   -1  145  610  748
1097    20.994   -13.680     1.980 1088   -1 1644 1807
1098     7.158    16.598    10.714   63   73  203   -1
1099    23.553     3.833     8.638  455   -1  847  644
1100   -16.067    -0.343     7.059   -1  796  960 1458
1101    12.132   -10.812    10.380 1097   -1 1489 1647
1102   -18.529    12.078     8.227   -1  184  333  691
1103    13.451   -11.551    -1.835  972 1338   -1 1814
1104   -10.932    14.684    11.639   -1  124  206  368
1105   -21.711   -11.909     6.833   -1 1329 1491 1898
1106   -16.450    16.536     7.063   64   -1  193  420
1107    16.695    -9.275     9.968 1017   -1 1455 1526
1108     4.758     7.919    13.614  402  543   -1  534
1109    14.386   -12.778    -3.310  993   -1 1656 1854
1110    18.236     5.557     2.158   -1  550  874  747
1111     5.067    -8.881    12.440 1079   -1 1370 1591
1112    -2.284    11.143    15.242   -1  393  323  386
1113    28.080    11.412    12.439  207  449   -1  135
1114     6.473     0.109    11.159   -1  969  951 1029
1115    23.247   -16.937    10.110 1251   -1 1659 1793
1116    16.250    17.675     8.249    8   26  229   -1
1117     0.539     0.531     4.100  574  770   -1 1231
1118    -3.861   -11.940    13.443 1194 1417   -1 1769
1119   -16.266    14.567    12.442   -1  123  189  415
1120    -3.124    -8.247    10.941 1054 1301 1341   -1
1121     6.340    -0.990    -3.128  533  768 1285   -1
1122    10.826    17.224    11.047   40   -1  191   93
1123    20.803    -3.445     6.674  715   -1 1281 1177
1124    -3.461    -7.572    13.743 1062   -1 1259 1589
1125   -22.039    -1.697    12.211   -1  925  899 1504
1126    22.771    14.546     4.364   45  132   -1  169
1127    11.620    -9.071     9.846 1036 1362 1429   -1
1128    24.254    13.925    13.076  122   -1  327   87
1129    13.787    -5.602     4.991   -1 1183 1375 1448
1130   -10.588    12.327     9.803   -1  236  334  519
1131   -14.495     0.247    14.678  785   -1  775 1209
1132    18.548    10.880     5.071  165  325  559   -1
1133    22.053   -10.291     8.498 1020   -1 1517 1548
1134     9.460   -18.941    11.755 1338 1473 1667   -1
1135    13.783    16.062    14.300   94   -1  197   79
1136   -16.255   -12.985     2.496 1152 1342   -1 1909
1137    25.684    11.923    11.588  175   -1  440  149
1138    26.203     4.647     2.669  353  616  946   -1
1139   -14.111    -9.784    14.929 1176 1361   -1 1746
1140    -9.554    18.899    14.243   46   -1   72  133
1141   -16.387    15.380    14.476   -1  106  133  339
1142    -1.453     0.058     9.343   -1  889  943 1190
1143   -17.172    -4.176     6.947   -1 1019 1180 1649
1144   -13.010    14.725    13.333   -1  137  183  343
1145    -5.209   -15.584    10.679 1274 1442 1591   -1
1146    -2.618    16.646    14.849   -1  100  127  155
1147   -17.522    -9.955    10.049 1145 1308 1386   -1
1148     4.457   -13.108    -9.826  970 1265 1694   -1
1149    16.091    -3.015    13.946  817 1187   -1 1060
1150    -8.509   -21.352    13.072 1436 1478 1688   -1
1151   -12.061     9.852     0.729   -1  197  578  906
1152     2.380     0.661    12.218  659   -1  868 1039
1153     2.495    10.160    14.579   -1  438  399  403
1154    -8.345   -11.128     1.691   -1 1292 1545 1874
1155    20.169     0.270    14.674  665   -1  914  775
1156    18.545     5.736    -4.325  246   -1  992  878
1157    -3.012    12.456     9.996   -1  249  356  428
1158    -9.930    -9.197     2.701   -1 1217 1478 1824
1159    -4.431    -1.094     1.284  615  792 1165   -1
1160    25.761     9.776    10.483   -1  502  548  246
1161    14.574    -8.109    -8.427  751 1104 1595   -1
1162    12.215    14.565    -3.596   -1    4  529  408
1163     7.888   -12.489    -2.209 1026   -1 1634 1862
1164   -15.565    -4.463    12.671  947 1121   -1 1570
1165    -9.630    19.592     6.955    0   -1  109  206
1166    17.353     0.262    -4.469  457   -1 1273 1234
1167    13.499   -15.494    11.211 1232 1452 1612   -1
1168    29.246     0.358    14.076  612 1103  976   -1
1169     8.960     1.314    -8.478   -1  561 1254 1385
1170     8.246   -10.413     5.126 1031 1354 1525   -1
1171     1.510    -1.993     3.287  653   -1 1200 1412
1172   -12.299     4.998    -0.987   -1  426  832 1248
1173    24.696     6.754    11.195   -1  637  659  406
1174   -10.686   -15.424    10.476   -1 1439 1580 1897
1175    -7.468    13.092     6.058   -1  140  373  533
1176    19.139    -2.157    14.722  780 1182   -1  922
1177    -2.591    15.980    14.093   -1  116  158  184
1178    -9.401   -15.442     9.986 1276   -1 1586 1895
1179     3.575    12.663    14.936  226   -1  295  256
1180    17.999    -8.528     0.482  861 1268 1538   -1
1181    -1.425    -9.375     4.635 1002   -1 1480 1767
1182    13.684   -11.227     9.610 1096 1413   -1 1664
1183     3.373    -2.600     9.071   -1 1066 1120 1290
1184    -8.383   -13.152     6.176   -1 1397 1561 1881
1185    -9.854   -18.926    12.959 1378   -1 1639 1920
1186     0.999     5.952     3.672  382   -1  731  917
1187     0.244   -16.987    12.322 1317   -1 1613   -1
1188    18.879   -15.757    12.412 1246   -1 1608   -1
1189    25.050    23.698     9.701   -1   -1   65    2
1190    23.259   -19.134    12.968 1328   -1 1682   -1
1191   -13.296   -12.261    14.117 1229 1410   -1   -1
1192     3.311   -16.932    13.019   -1 1460   -1 1866
1193   -12.919   -19.607    14.159 1413   -1 1636   -1
1194    29.202    -8.136    14.778   -1   -1 1379 1183
1195    17.826   -13.283     9.136 1151 1441   -1   -1
1196    15.198   -14.928    14.775 1253 1455   -1   -1
1197    17.752   -15.729     7.063   -1 1449 1649   -1
1198    17.839    17.370    15.276   -1   -1  150   32
1199   -22.929   -12.556    12.987   -1 1395   -1 1882
1200    22.640    18.024    11.467   -1   -1  192   29
1201    25.021   -19.077    15.159 1344   -1 1663   -1
1202    18.917   -16.216    13.497 1264   -1 1614   -1
1203    28.662    -5.797    13.829   -1   -1 1289 1069
1204    -2.547   -25.093     4.772 1445 1487   -1   -1
1205    13.813   -19.564     5.732 1298   -1   -1 1906
1206     3.095   -13.361    11.732   -1 1433   -1 1791
1207    25.612    -5.291    13.925  884 1321   -1   -1
1208    -4.609   -21.898    15.401   -1 1486 1686   -1
1209    11.195   -28.324    -7.108 1411 1491   -1   -1
1210    28.067   -15.571    13.919 1235   -1   -1 1658
1211    27.522   -14.244    13.479 1192   -1   -1 1609
1212    18.568   -18.659    15.302 1347   -1 1651   -1
1213     4.044   -29.115    -2.651 1466 1496   -1   -1
1214   -25.815   -10.799    15.270   -1 1364   -1 1838
1215     6.389   -19.775     9.870 1354   -1 1696   -1
1216    -2.069   -24.514     7.970 1459 1488   -1   -1
1217    28.101    12.517    15.246   -1   -1  381   82
1218     6.438   -18.521     0.577 1241 1446   -1   -1
1219    24.319    14.565    13.292  104   -1   -1   68
1220    10.042   -26.892    -7.997 1369 1482   -1   -1
1221   -15.191   -19.325    10.270 1377   -1 1655   -1
1222    27.187    14.645    14.229   -1   -1  300   51
1223     0.375   -15.698     6.955 1233   -1 1624   -1
1224     5.040   -19.323    15.342   -1 1479 1648   -1
1225    26.083    12.130    13.742   -1   -1  406  114
1226    27.169   -15.428    15.210 1244   -1 1597   -1
1227    24.560   -14.600     9.311 1178 1450   -1   -1
1228    -0.527   -19.812     6.429 1340 1463   -1   -1
1229     6.953   -19.747    13.062 1368   -1 1671   -1
1230   -14.930   -15.481    14.917 1331   -1   -1 1886
1231    26.806   -16.013    13.195 1242   -1 1619   -1
1232    11.876    34.335    -9.008   -1   -1    8    1
1233    -1.109   -23.795     4.494 1415 1481   -1   -1
1234    22.120    21.579     6.907   -1   -1  137   18
1235    -1.209    23.994    15.414   -1   -1    5   17
1236    -6.489   -25.117   -10.175 1350 1459   -1   -1
1237    -3.173   -14.037    12.405 1250 1435   -1   -1
1238   -24.657   -10.865    10.299   -1 1322   -1 1869
1239    -7.891   -15.355    14.786 1309 1445   -1   -1
1240    11.370   -13.206    10.867 1174 1440   -1   -1
1241    23.010   -17.533     9.091 1257   -1 1675   -1
1242    30.796    -2.489    13.361  737   -1 1138   -1
1243    15.692   -22.773    12.089 1417   -1   -1 1914
1244    -6.857   -18.893    14.402 1386   -1 1628   -1
1245    27.668   -11.810     8.454   -1   -1 1569 1569
1246   -15.401   -17.673    15.190 1381   -1   -1 1910
1247    17.125   -21.495    13.460 1393   -1   -1 1896
1248    24.448    21.922     9.605   -1   -1  107    9
1249    13.804   -17.783    13.142 1313   -1   -1 1843
1250    -2.146   -18.877    15.452 1380 1472   -1   -1
1251   -20.909     5.207    14.307   -1  582  532   -1
1252    22.588   -21.370    13.994 1384   -1   -1 1879
1253    -0.338   -22.268    -9.469 1265 1447   -1   -1
1254    26.313   -14.584     1.843   -1   -1 1670 1796
1255    24.258    -7.686    14.757  992   -1   -1 1216
1256   -14.663   -13.330     7.931 1210 1393   -1   -1
1257    -0.557    27.627     2.679   -1   -1   18   20
1258    11.202   -21.825    15.148 1428   -1   -1 1904
1259    11.340   -19.141     9.341 1326   -1 1692   -1
1260   -19.527   -21.570    13.525 1462   -1 1672   -1
1261    21.247    21.291    14.285   -1   -1   70    6
1262    19.867   -14.942    13.013 1221   -1 1593   -1
1263    15.501   -18.433     9.330 1296   -1 1684   -1
1264   -24.704    -6.390    11.613   -1 1159   -1 1740
1265   -25.693   -13.250     5.374   -1 1352   -1 1921
1266   -18.732   -13.895    11.446   -1 1415   -1 1891
1267    23.950    -9.103    13.080 1029 1411   -1   -1
1268   -19.334   -13.025    14.347   -1 1414   -1 1865
1269     5.958   -20.753    14.673 1409   -1 1681   -1
1270   -19.768   -11.692    14.504 1237   -1   -1 1835
1271   -15.480   -11.995     7.700 1168   -1   -1 1880
1272    20.271   -15.797    14.460 1259   -1 1600   -1
1273    24.990   -17.785    12.437 1284   -1 1660   -1
1274    15.832     1.897    10.511  554   -1   -1  830
1275     0.757    10.701    10.712  281  360   -1   -1
1276    12.821    -8.889    11.840 1042 1382 1408 1518
1277     6.727   -10.026     1.441   -1 1296 1540 1775
1278    -9.255    -1.301     8.038   -1  904   -1 1396
1279     5.083     4.622     3.551   -1  560  836   -1
1280     6.210    11.868    12.926  236  355   -1  297
1281     4.691    -6.133    12.507  957   -1 1247   -1
1282     4.713     0.503    14.053  690  973  864   -1
1283    19.334    11.827    -4.322   53  132   -1  498
1284     7.015    -9.587     5.963 1012 1327 1487   -1
1285    18.615     5.088     2.196   -1  572  889   -1
1286    13.297     9.588    -7.714   -1   -1  812  799
1287   -12.502    12.842    13.740   -1   -1  248  442
1288    21.525    10.596     4.127  151   -1   -1  359
1289   -14.410     5.398    -5.411  327   -1  896 1353
1290   -15.983    14.610     6.481  111   47  274   -1
1291    -9.699    14.022     0.183   69   -1  421   -1
1292    22.144    -0.899     9.563   -1 1050   -1  936
1293    12.525     6.088    -9.129   -1  339 1037   -1
1294   -12.069    -8.396    12.950 1106   -1   -1 1707
1295    -7.728    13.479     5.037  121   99  369  533
1296    -4.890    -4.152    10.822   -1 1124 1141   -1
1297    23.837     3.411     3.269   -1  691   -1  794
1298    -4.346    -2.882     1.323   -1  900 1252   -1
1299    28.676     0.234    14.107   -1 1100   -1  661
1300    -3.436     8.714    11.216  362  456   -1   -1
1301    28.096    11.331    12.604  207   -1   -1  135
1302    -4.756    13.288     2.499  101   88   -1  562
1303     8.310    13.901    -5.687    9   -1   -1  541
1304    16.035     2.706    13.360   -1  886   -1  703
1305    21.639    13.781    10.021   -1  272   -1  134
1306    -3.094    12.186     6.745   -1  207   -1  512
1307   -13.127    14.052    10.361   -1  122  247   -1
1308    25.460    -5.004     6.422  777 1221 1362   -1
1309   -11.211     7.990     4.595  339  361   -1  921
1310   -11.327    -4.310     8.833  888   -1 1167 1574
1311     3.587    16.123     2.701   20   -1  332   -1
1312   -10.246     3.092    -4.207   -1  485 1019 1407
1313     6.561    -8.602     3.232  940 1257   -1   -1
1314   -17.111    11.276    -3.789   -1   57   -1  973
1315    17.481   -16.936    13.954 1290 1470   -1 1795
1316    -8.758    -9.998    10.077 1117 1343   -1   -1
1317     0.400     5.536    13.308  498   -1  608   -1
1318    -2.300    17.548     9.778   42    0   -1   -1
1319    25.050    23.698     9.701   -1   -1   65    2
1320    23.259   -19.134    12.968 1328   -1 1682   -1
1321     4.044   -29.115    -2.651 1466 1496   -1   -1
1322    20.519     6.548     6.846   -1  572   -1  551
1323    15.832     1.897    10.511  554   -1   -1  830
1324     0.757    10.701    10.712  281  360   -1   -1
1325    12.821    -8.889    11.840 1042 1382 1408 1518
1326     6.727   -10.026     1.441   -1 1296 1540 1775
1327    -9.255    -1.301     8.038   -1  904   -1 1396
1328     5.083     4.622     3.551   -1  560  836   -1
1329     6.210    11.868    12.926  236  355   -1  297
1330     4.691    -6.133    12.507  957   -1 1247   -1
1331     4.713     0.503    14.053  690  973  864   -1
1332    19.334    11.827    -4.322   53  132   -1  498
1333     7.015    -9.587     5.963 1012 1327 1487   -1
1334    18.615     5.088     2.196   -1  572  889   -1
1335    13.297     9.588    -7.714   -1   -1  812  799
1336   -12.502    12.842    13.740   -1   -1  248  442
1337    21.525    10.596     4.127  151   -1   -1  359
1338   -14.410     5.398    -5.411  327   -1  896 1353
1339   -15.983    14.610     6.481  111   47  274   -1
1340    -9.699    14.022     0.183   69   -1  421   -1
1341    22.144    -0.899     9.563   -1 1050   -1  936
1342    12.525     6.088    -9.129   -1  339 1037   -1
1343   -12.069    -8.396    12.950 1106   -1   -1 1707
1344    -7.728    13.479     5.037  121   99  369  533
1345    -4.890    -4.152    10.822   -1 1124 1141   -1
1346    23.837     3.411     3.269   -1  691   -1  794
1347    -4.346    -2.882     1.323   -1  900 1252   -1
1348    28.676     0.234    14.107   -1 1100   -1  661
1349    -3.436     8.714    11.216  362  456   -1   -1
1350    28.096    11.331    12.604  207   -1   -1  135
1351    -4.756    13.288     2.499  101   88   -1  562
1352     8.310    13.901    -5.687    9   -1   -1  541
1353    16.035     2.706    13.360   -1  886   -1  703
1354    21.639    13.781    10.021   -1  272   -1  134
1355    -3.094    12.186     6.745   -1  207   -1  512
1356   -13.127    14.052    10.361   -1  122  247   -1
1357    25.460    -5.004     6.422  777 1221 1362   -1
1358   -11.211     7.990     4.595  339  361   -1  921
1359   -11.327    -4.310     8.833  888   -1 1167 1574
1360     3.587    16.123     2.701   20   -1  332   -1
1361   -10.246     3.092    -4.207   -1  485 1019 1407
1362     6.561    -8.602     3.232  940 1257   -1   -1
1363   -17.111    11.276    -3.789   -1   57   -1  973
1364    17.481   -16.936    13.954 1290 1470   -1 1795
1365    -8.758    -9.998    10.077 1117 1343   -1   -1
1366     0.400     5.536    13.308  498   -1  608   -1
1367    -2.300    17.548     9.778   42    0   -1   -1
1368    25.050    23.698     9.701   -1   -1   65    2
1369    23.259   -19.134    12.968 1328   -1 1682   -1
1370     4.044   -29.115    -2.651 1466 1496   -1   -1
1371    20.519     6.548     6.846   -1  572   -1  551
